1.000000000000000000e+00 4.758958875016372936e+00
1.049049049049048943e+00 4.386913811360003912e+00
1.098098098098098108e+00 4.059027712913957586e+00
1.147147147147147050e+00 3.768421165261440109e+00
1.196196196196196215e+00 3.509521008098661188e+00
1.245245245245245158e+00 3.277771238851685975e+00
1.294294294294294323e+00 3.069416306362675595e+00
1.343343343343343266e+00 2.881336714651627773e+00
1.392392392392392431e+00 2.710922930783281615e+00
1.441441441441441373e+00 2.555977685326006110e+00
1.490490490490490538e+00 2.414639557269456560e+00
1.539539539539539481e+00 2.285322682483580614e+00
1.588588588588588646e+00 2.166668795466251574e+00
1.637637637637637589e+00 2.057508790963649581e+00
1.686686686686686532e+00 1.956831696282152810e+00
1.735735735735735696e+00 1.863759458309472539e+00
1.784784784784784861e+00 1.777526327032523445e+00
1.833833833833833804e+00 1.697461898057605501e+00
1.882882882882882747e+00 1.622977087097847493e+00
1.931931931931931912e+00 1.553552468502273909e+00
1.980980980980981077e+00 1.488728531141226830e+00
2.030030030030030019e+00 1.428097498038038538e+00
2.079079079079078962e+00 1.371296428095339692e+00
2.128128128128127905e+00 1.318001374270037607e+00
2.177177177177177292e+00 1.267922416417854636e+00
2.226226226226226235e+00 1.220799421595035072e+00
2.275275275275275177e+00 1.176398411999842519e+00
2.324324324324324564e+00 1.134508442566714237e+00
2.373373373373373063e+00 1.094938907712679876e+00
2.422422422422422450e+00 1.057517210813048170e+00
2.471471471471471393e+00 1.022086741370199281e+00
2.520520520520520336e+00 9.885051140918118540e-01
2.569569569569569722e+00 9.566426316460228119e-01
2.618618618618618221e+00 9.263809390494420759e-01
2.667667667667667608e+00 8.976118427359850438e-01
2.716716716716716551e+00 8.702362715605845844e-01
2.765765765765765494e+00 8.441633604789733347e-01
2.814814814814814881e+00 8.193096405461809395e-01
2.863863863863863823e+00 7.955983212987650655e-01
2.912912912912912766e+00 7.729586536149130049e-01
2.961961961961962153e+00 7.513253628516983751e-01
3.011011011011011096e+00 7.306381434960381727e-01
3.060060060060060039e+00 7.108412077810012386e-01
3.109109109109108982e+00 6.918828817493403172e-01
3.158158158158157924e+00 6.737152431219847193e-01
3.207207207207207311e+00 6.562937960759125389e-01
3.256256256256256254e+00 6.395771786739717912e-01
3.305305305305305197e+00 6.235268992360204487e-01
3.354354354354354140e+00 6.081070984104157695e-01
3.403403403403403082e+00 5.932843341092183254e-01
3.452452452452452469e+00 5.790273868193938078e-01
3.501501501501501412e+00 5.653070831040514221e-01
3.550550550550550355e+00 5.520961353692724893e-01
3.599599599599599298e+00 5.393689961992327309e-01
3.648648648648648685e+00 5.271017257599809325e-01
3.697697697697697627e+00 5.152718709446217904e-01
3.746746746746746570e+00 5.038583550832415048e-01
3.795795795795795513e+00 4.928413771727435111e-01
3.844844844844844900e+00 4.822023196973677095e-01
3.893893893893893843e+00 4.719236642122259240e-01
3.942942942942942786e+00 4.619889139515661047e-01
3.991991991991991728e+00 4.523825228022778089e-01
4.041041041041040671e+00 4.430898300527365552e-01
4.090090090090090058e+00 4.340970003886316375e-01
4.139139139139139445e+00 4.253909686619654629e-01
4.188188188188187944e+00 4.169593890078049925e-01
4.237237237237236442e+00 4.087905879263919462e-01
4.286286286286285829e+00 4.008735209865263438e-01
4.335335335335335216e+00 3.931977328402923022e-01
4.384384384384384603e+00 3.857533202697221997e-01
4.433433433433433102e+00 3.785308980132909284e-01
4.482482482482482489e+00 3.715215671446184253e-01
4.531531531531530987e+00 3.647168857977297063e-01
4.580580580580580374e+00 3.581088420530001981e-01
4.629629629629629761e+00 3.516898288157376262e-01
4.678678678678679148e+00 3.454526205354509494e-01
4.727727727727727647e+00 3.393903516284409450e-01
4.776776776776776146e+00 3.334964964795739673e-01
4.825825825825825532e+00 3.277648509111453223e-01
4.874874874874874919e+00 3.221895150177349065e-01
4.923923923923924306e+00 3.167648772760162101e-01
4.972972972972972805e+00 3.114855998477452093e-01
5.022022022022022192e+00 3.063466050026888987e-01
5.071071071071070691e+00 3.013430625961789344e-01
5.120120120120120077e+00 2.964703785433534522e-01
5.169169169169168576e+00 2.917241842390719819e-01
5.218218218218217963e+00 2.871003268790129348e-01
5.267267267267267350e+00 2.825948606436611277e-01
5.316316316316315849e+00 2.782040387128206782e-01
5.365365365365365236e+00 2.739243060840129695e-01
5.414414414414414622e+00 2.697522931736761054e-01
5.463463463463463121e+00 2.656848101855492916e-01
5.512512512512512508e+00 2.617188422360293698e-01
5.561561561561561007e+00 2.578515452316955114e-01
5.610610610610610394e+00 2.540802424996526088e-01
5.659659659659659781e+00 2.504024221769007297e-01
5.708708708708708279e+00 2.468157353706403878e-01
5.757757757757757666e+00 2.433179951073374536e-01
5.806806806806806165e+00 2.399071760945373499e-01
5.855855855855855552e+00 2.365814153259054864e-01
5.904904904904904939e+00 2.333390135668352849e-01
5.953953953953953437e+00 2.301784377652706381e-01
6.003003003003002824e+00 2.270983244402063617e-01
6.052052052052052211e+00 2.240974841087390868e-01
6.101101101101100710e+00 2.211749068216049274e-01
6.150150150150150097e+00 2.183297688869707820e-01
6.199199199199198596e+00 2.155614408729154552e-01
6.248248248248247982e+00 2.128694969906596568e-01
6.297297297297297369e+00 2.102537259732940866e-01
6.346346346346345868e+00 2.077141435786281354e-01
6.395395395395395255e+00 2.052510068599796844e-01
6.444444444444444642e+00 2.028648303653962648e-01
6.493493493493493141e+00 2.005564044440990290e-01
6.542542542542542527e+00 1.983268158590600627e-01
6.591591591591591026e+00 1.961774709267515571e-01
6.640640640640640413e+00 1.941101214294614630e-01
6.689689689689689800e+00 1.921268935723999260e-01
6.738738738738738299e+00 1.902303202873777688e-01
6.787787787787787686e+00 1.884233772174261079e-01
6.836836836836836184e+00 1.867095227526576195e-01
6.885885885885885571e+00 1.850927425273042048e-01
6.934934934934934958e+00 1.835775988315946627e-01
6.983983983983983457e+00 1.821692854403897388e-01
7.033033033033032844e+00 1.808736884137523704e-01
7.082082082082082231e+00 1.796974534834191450e-01
7.131131131131130729e+00 1.786480607040434043e-01
7.180180180180180116e+00 1.777339071197402975e-01
7.229229229229228615e+00 1.769643982755904621e-01
7.278278278278278002e+00 1.763500494911352245e-01
7.327327327327327389e+00 1.759025979093901404e-01
7.376376376376375887e+00 1.756351264414705293e-01
7.425425425425425274e+00 1.755622008446185434e-01
7.474474474474473773e+00 1.757000213014149881e-01
7.523523523523523160e+00 1.760665900115376270e-01
7.572572572572572547e+00 1.766818964660174518e-01
7.621621621621621046e+00 1.775681222491151678e-01
7.670670670670670432e+00 1.787498674064327553e-01
7.719719719719719819e+00 1.802544006316055270e-01
7.768768768768768318e+00 1.821119357600115007e-01
7.817817817817817705e+00 1.843559373187282913e-01
7.866866866866866204e+00 1.870234581700468968e-01
7.915915915915915591e+00 1.901555126040825605e-01
7.964964964964964977e+00 1.937974885875532738e-01
8.014014014014012588e+00 1.942379478087980782e-01
8.063063063063061975e+00 1.994319250940487787e-01
8.112112112112111362e+00 2.046491596580634065e-01
8.161161161161160749e+00 2.098891354145288601e-01
8.210210210210210136e+00 2.169891885754986482e-01
8.259259259259259522e+00 2.311019846403964961e-01
8.308308308308308909e+00 2.452360584673657362e-01
8.357357357357358296e+00 2.593909489576233796e-01
8.406406406406405907e+00 2.748635049285709231e-01
8.455455455455455294e+00 2.989911279406481937e-01
8.504504504504502904e+00 3.231382583834795375e-01
8.553553553553552291e+00 3.473044831990030890e-01
8.602602602602601678e+00 3.717821931688147785e-01
8.651651651651651065e+00 4.015034294047488128e-01
8.700700700700700452e+00 4.312425857087393566e-01
8.749749749749749839e+00 4.609992911257143056e-01
8.798798798798799226e+00 4.907731844006816835e-01
8.847847847847848612e+00 5.248702199791251966e-01
8.896896896896896223e+00 5.590918569015564943e-01
8.945945945945945610e+00 5.933296531142845387e-01
8.994994994994994997e+00 6.275832832139441875e-01
9.044044044044044384e+00 6.658163940397935354e-01
9.093093093093091994e+00 7.045151629782142599e-01
9.142142142142141381e+00 7.432288382583155384e-01
9.191191191191190768e+00 7.819571261031154075e-01
9.240240240240240155e+00 8.134564968080360003e-01
9.289289289289289542e+00 8.433843286652776827e-01
9.338338338338337152e+00 8.733259347787930560e-01
9.387387387387386539e+00 9.032810493461378432e-01
9.436436436436435926e+00 9.242313950285042656e-01
9.485485485485485313e+00 9.420731151924609525e-01
9.534534534534534700e+00 9.599275845366284088e-01
9.583583583583584087e+00 9.777945620669996618e-01
9.632632632632631697e+00 9.861287675017387233e-01
9.681681681681681084e+00 9.896732144385607111e-01
9.730730730730730471e+00 9.959952462304029197e-01
9.779779779779779858e+00 9.932568061007156501e-01
9.828828828828829245e+00 9.822955180747315884e-01
9.877877877877876855e+00 9.704354976454445669e-01
9.926926926926926242e+00 9.585864507326585793e-01
9.975975975975975629e+00 9.467481780520515811e-01
1.002502502502502502e+01 9.281637281373179560e-01
1.007407407407407440e+01 9.031031809972085433e-01
1.012312312312312201e+01 8.780528371820847111e-01
1.017217217217217140e+01 8.530125149625309433e-01
1.022122122122122079e+01 8.303694240883625621e-01
1.027027027027027017e+01 8.108666341458887761e-01
1.031931931931931956e+01 7.913733447205160143e-01
1.036836836836836717e+01 7.718893897969951734e-01
1.041741741741741656e+01 7.520227151359180073e-01
1.046646646646646595e+01 7.314533421398756730e-01
1.051551551551551533e+01 7.108928272181557206e-01
1.056456456456456472e+01 6.903410184516829418e-01
1.061361361361361233e+01 6.707166861346723907e-01
1.066266266266266172e+01 6.534926578235222827e-01
1.071171171171171110e+01 6.362768993342990953e-01
1.076076076076076049e+01 6.190692714184431455e-01
1.080980980980980988e+01 6.027525206751701559e-01
1.085885885885885926e+01 5.899751623581391824e-01
1.090790790790790687e+01 5.772055343555843043e-01
1.095695695695695626e+01 5.644435088303159098e-01
1.100600600600600565e+01 5.506078795375400903e-01
1.105505505505505504e+01 5.290318572528450725e-01
1.110410410410410442e+01 5.074630697066919716e-01
1.115315315315315203e+01 4.859013993586676627e-01
1.120220220220220142e+01 4.644953797321575983e-01
1.125125125125125081e+01 4.462584115706443311e-01
1.130030030030030019e+01 4.280282222389823477e-01
1.134934934934934958e+01 4.098047035047372444e-01
1.139839839839839719e+01 3.915877493211512572e-01
1.144744744744744658e+01 3.733772557738398445e-01
1.149649649649649596e+01 3.551731210290178797e-01
1.154554554554554535e+01 3.369752452831888956e-01
1.159459459459459474e+01 3.187835307142623531e-01
1.164364364364364235e+01 3.025618453980127298e-01
1.169269269269269174e+01 2.865893746132553987e-01
1.174174174174174112e+01 2.706227829591301703e-01
1.179079079079079051e+01 2.546619800772318420e-01
1.183983983983983990e+01 2.387068773659433707e-01
1.188888888888888928e+01 2.227573879391833711e-01
1.193793793793793689e+01 2.068134265862875409e-01
1.198698698698698628e+01 1.908749097329858757e-01
1.203603603603603567e+01 1.798066202683140657e-01
1.208508508508508505e+01 1.705003696698478288e-01
1.213413413413413444e+01 1.611993222920997670e-01
1.218318318318318205e+01 1.519034007369658990e-01
1.223223223223223144e+01 1.440629795133963886e-01
1.228128128128128083e+01 1.369842904096897906e-01
1.233033033033033021e+01 1.299105035423417931e-01
1.237937937937937960e+01 1.228415471444883889e-01
1.242842842842842721e+01 1.176962696975197287e-01
1.247747747747747660e+01 1.139475750364697254e-01
1.252652652652652598e+01 1.102035034021323079e-01
1.257557557557557537e+01 1.064639881696078233e-01
1.262462462462462476e+01 1.039789098748808011e-01
1.267367367367367237e+01 1.027380421340008954e-01
1.272272272272272176e+01 1.021200396701214680e-01
1.277177177177177114e+01 1.025235536221107135e-01
1.282082082082082053e+01 1.029516164955222302e-01
1.286986986986986992e+01 1.034047776295758947e-01
1.291891891891891753e+01 1.038836079049754862e-01
1.296796796796796691e+01 1.043887004162598331e-01
1.301701701701701630e+01 1.049206711628533351e-01
1.306606606606606569e+01 1.054801597584329592e-01
1.311511511511511507e+01 1.060678301580883776e-01
1.316416416416416446e+01 1.066843714025955819e-01
1.321321321321321207e+01 1.073304983789461486e-01
1.326226226226226146e+01 1.080069525960697940e-01
1.331131131131131085e+01 1.087145029744617658e-01
1.336036036036036023e+01 1.094539466481668361e-01
1.340940940940940962e+01 1.102261097772829213e-01
1.345845845845845723e+01 1.110318483688197411e-01
1.350750750750750662e+01 1.118720491033849684e-01
1.355655655655655600e+01 1.127476301647579865e-01
1.360560560560560539e+01 1.136595420689568980e-01
1.365465465465465478e+01 1.146087684888917879e-01
1.370370370370370239e+01 1.155963270701285683e-01
1.375275275275275177e+01 1.166232702326551879e-01
1.380180180180180116e+01 1.176906859528361465e-01
1.385085085085085055e+01 1.187996985189614246e-01
1.389989989989989994e+01 1.199514692529295712e-01
1.394894894894894755e+01 1.211471971896444233e-01
1.399799799799799693e+01 1.223881197046497726e-01
1.404704704704704632e+01 1.236755130793517621e-01
1.409609609609609571e+01 1.250106929918980980e-01
1.414514514514514509e+01 1.263950149203608708e-01
1.419419419419419448e+01 1.278298744433197798e-01
1.424324324324324209e+01 1.293167074212354106e-01
1.429229229229229148e+01 1.308569900401410913e-01
1.434134134134134086e+01 1.324522386971443144e-01
1.439039039039039025e+01 1.341040097050164026e-01
1.443943943943943964e+01 1.358138987907382966e-01
1.448848848848848725e+01 1.375835403602637119e-01
1.453753753753753664e+01 1.394146064989403022e-01
1.458658658658658602e+01 1.413088056739910114e-01
1.463563563563563541e+01 1.432678811022023713e-01
1.468468468468468480e+01 1.452936087424740452e-01
1.473373373373373241e+01 1.473877948691770245e-01
1.478278278278278179e+01 1.495522731783326120e-01
1.483183183183183118e+01 1.517889013744821158e-01
1.488088088088088057e+01 1.540995571817800891e-01
1.492992992992992995e+01 1.564861337183343082e-01
1.497897897897897757e+01 1.589505341681780037e-01
1.502802802802802695e+01 1.614946656805251735e-01
1.507707707707707634e+01 1.641204324211998078e-01
1.512612612612612573e+01 1.668297276964191556e-01
1.517517517517517511e+01 1.696244250645360663e-01
1.522422422422422272e+01 1.725063683470347276e-01
1.527327327327327211e+01 1.754773604461603576e-01
1.532232232232232150e+01 1.785391508732244448e-01
1.537137137137137088e+01 1.816934218890561004e-01
1.542042042042042027e+01 1.849417731565188294e-01
1.546946946946946966e+01 1.882857048047401061e-01
1.551851851851851727e+01 1.917265988060439241e-01
1.556756756756756666e+01 1.952656985698906777e-01
1.561661661661661604e+01 1.989040866638158156e-01
1.566566566566566543e+01 2.026426605799056535e-01
1.571471471471471482e+01 2.064821064772185688e-01
1.576376376376376243e+01 2.104228708463373732e-01
1.581281281281281181e+01 2.144651300624927093e-01
1.586186186186186120e+01 2.186087578190298586e-01
1.591091091091091059e+01 2.228532904640608825e-01
1.595995995995995997e+01 2.271978903005293371e-01
1.600900900900900581e+01 2.316413069542497538e-01
1.605805805805805875e+01 2.361818369662614936e-01
1.610710710710710458e+01 2.408172818255039371e-01
1.615615615615615752e+01 2.455449047256627604e-01
1.620520520520520336e+01 2.503613864060702521e-01
1.625425425425425274e+01 2.552627805206730827e-01
1.630330330330330213e+01 2.602444690706243180e-01
1.635235235235235152e+01 2.653011185342083467e-01
1.640140140140140090e+01 2.704266374309630683e-01
1.645045045045045029e+01 2.756141361631077036e-01
1.649949949949949968e+01 2.808558900839686623e-01
1.654854854854854551e+01 2.861433068466586183e-01
1.659759759759759845e+01 2.914668991827252253e-01
1.664664664664664429e+01 2.968162643449302474e-01
1.669569569569569722e+01 3.021800715153203365e-01
1.674474474474474306e+01 3.075460585230468946e-01
1.679379379379379245e+01 3.129010392296021070e-01
1.684284284284284183e+01 3.182309229153395536e-01
1.689189189189189122e+01 3.235207469339303477e-01
1.694094094094094061e+01 3.287547237844986037e-01
1.698998998998998999e+01 3.339163035796287593e-01
1.703903903903903938e+01 3.389882526575735411e-01
1.708808808808808877e+01 3.439527487972890984e-01
1.713713713713713815e+01 3.487914931464677903e-01
1.718618618618618399e+01 3.534858385696302285e-01
1.723523523523523338e+01 3.580169336731990337e-01
1.728428428428428276e+01 3.623658812785607308e-01
1.733333333333333215e+01 3.665139096074182534e-01
1.738238238238238154e+01 3.704425539345269081e-01
1.743143143143143092e+01 3.741338459724530274e-01
1.748048048048048031e+01 3.775705078043738450e-01
1.752952952952952970e+01 3.807361467981052461e-01
1.757857857857857908e+01 3.836154476407894753e-01
1.762762762762762847e+01 3.861943574501147669e-01
1.767667667667667430e+01 3.884602598619313341e-01
1.772572572572572369e+01 3.904021340777342752e-01
1.777477477477477308e+01 3.920106950842500715e-01
1.782382382382382247e+01 3.932785116294630345e-01
1.787287287287287185e+01 3.942000990451845488e-01
1.792192192192192124e+01 3.947719846285093204e-01
1.797097097097097063e+01 3.949927440091538511e-01
1.802002002002002001e+01 3.948630077071710875e-01
1.806906906906906940e+01 3.943854378925912285e-01
1.811811811811811879e+01 3.935646761601827581e-01
1.816716716716716817e+01 3.924072638943559288e-01
1.821621621621621401e+01 3.909215374895176343e-01
1.826526526526526339e+01 3.891175012828316238e-01
1.831431431431431278e+01 3.870066815283241812e-01
1.836336336336336217e+01 3.846019650797204981e-01
1.841241241241241156e+01 3.819174266479350432e-01
1.846146146146146094e+01 3.789681485588337617e-01
1.851051051051051033e+01 3.757700368655648160e-01
1.855955955955955972e+01 3.723396374809556097e-01
1.860860860860860910e+01 3.686939557071579054e-01
1.865765765765765849e+01 3.648502821726957168e-01
1.870670670670670432e+01 3.608260277635989555e-01
1.875575575575575371e+01 3.566385696775783987e-01
1.880480480480480310e+01 3.523051102592864026e-01
1.885385385385385248e+01 3.478425498093818957e-01
1.890290290290290187e+01 3.432673741164511960e-01
1.895195195195195126e+01 3.385955570515103985e-01
1.900100100100100065e+01 3.338424781992547774e-01
1.905005005005005003e+01 3.290228551844920357e-01
1.909909909909909942e+01 3.241506900893796894e-01
1.914814814814814881e+01 3.192392291476243149e-01
1.919719719719719464e+01 3.143009347439431056e-01
1.924624624624624403e+01 3.093474686374262927e-01
1.929529529529529341e+01 3.043896852613293680e-01
1.934434434434434280e+01 2.994376339238715157e-01
1.939339339339339219e+01 2.945005687390466198e-01
1.944244244244244157e+01 2.895869651474424211e-01
1.949149149149149096e+01 2.847045419389591658e-01
1.954054054054054035e+01 2.798602877569189018e-01
1.958958958958958974e+01 2.750604911416012488e-01
1.963863863863863912e+01 2.703107732566140120e-01
1.968768768768768851e+01 2.656161225302057227e-01
1.973673673673673434e+01 2.609809305327214224e-01
1.978578578578578373e+01 2.564090284986201285e-01
1.983483483483483312e+01 2.519037239850092647e-01
1.988388388388388250e+01 2.474678372372233204e-01
1.993293293293293189e+01 2.431037369047057140e-01
1.998198198198198128e+01 2.388133748168107806e-01
2.003103103103103066e+01 2.345983195878709737e-01
2.008008008008008005e+01 2.304597888739928213e-01
2.012912912912912944e+01 2.263986801506768232e-01
2.017817817817817883e+01 2.224155999208286827e-01
2.022722722722722466e+01 2.185108912974146889e-01
2.027627627627627405e+01 2.146846599343496809e-01
2.032532532532532343e+01 2.109367983037021832e-01
2.037437437437437282e+01 2.072670083373922001e-01
2.042342342342342221e+01 2.036748224677990271e-01
2.047247247247247159e+01 2.001596231144874283e-01
2.052152152152152098e+01 1.967206606740981856e-01
2.057057057057057037e+01 1.933570700777086926e-01
2.061961961961961975e+01 1.900678859850547520e-01
2.066866866866866914e+01 1.868520566882415912e-01
2.071771771771771853e+01 1.837084567992705586e-01
2.076676676676676436e+01 1.806358987961553808e-01
2.081581581581581375e+01 1.776331435018016491e-01
2.086486486486486314e+01 1.746989095684370052e-01
2.091391391391391252e+01 1.718318820383164247e-01
2.096296296296296191e+01 1.690307200489194750e-01
2.101201201201201130e+01 1.662940637479581596e-01
2.106106106106106068e+01 1.636205404803974528e-01
2.111011011011011007e+01 1.610087703063969033e-01
2.115915915915915946e+01 1.584573709057221780e-01
2.120820820820820884e+01 1.559649619207862103e-01
2.125725725725725468e+01 1.535301687871213627e-01
2.130630630630630407e+01 1.511516260967912251e-01
2.135535535535535345e+01 1.488279805370539555e-01
2.140440440440440284e+01 1.465578934435055880e-01
2.145345345345345223e+01 1.443400430039860627e-01
2.150250250250250161e+01 1.421731261467284457e-01
2.155155155155155100e+01 1.400558601435717976e-01
2.160060060060060039e+01 1.379869839565669720e-01
2.164964964964964977e+01 1.359652593539488197e-01
2.169869869869869916e+01 1.339894718192609357e-01
2.174774774774774855e+01 1.320584312753701473e-01
2.179679679679679438e+01 1.301709726432062897e-01
2.184584584584584377e+01 1.283259562533012876e-01
2.189489489489489316e+01 1.265222681265698590e-01
2.194394394394394254e+01 1.247588201392681173e-01
2.199299299299299193e+01 1.230345500856799557e-01
2.204204204204204132e+01 1.213484216508071006e-01
2.209109109109109070e+01 1.196994243041654971e-01
2.214014014014014009e+01 1.180865731247205536e-01
2.218918918918918948e+01 1.165089085660086926e-01
2.223823823823823886e+01 1.149654961695976696e-01
2.228728728728728470e+01 1.134554262342179903e-01
2.233633633633633409e+01 1.119778134471484943e-01
2.238538538538538347e+01 1.105317964837650851e-01
2.243443443443443286e+01 1.091165375805345367e-01
2.248348348348348225e+01 1.077312220861813968e-01
2.253253253253253163e+01 1.063750579952398856e-01
2.258158158158158102e+01 1.050472754677446441e-01
2.263063063063063041e+01 1.037471263383912407e-01
2.267967967967967979e+01 1.024738836181224577e-01
2.272872872872872918e+01 1.012268409907498973e-01
2.277777777777777857e+01 1.000053123069144095e-01
2.282682682682682440e+01 9.880863107740828211e-02
2.287587587587587379e+01 9.763614996762898235e-02
2.292492492492492318e+01 9.648724029471367203e-02
2.297397397397397256e+01 9.536129152869203540e-02
2.302302302302302195e+01 9.425771079882000469e-02
2.307207207207207134e+01 9.317592240608774112e-02
2.312112112112112072e+01 9.211536734275160843e-02
2.317017017017017011e+01 9.107550281960616334e-02
2.321921921921921950e+01 9.005580180159719617e-02
2.326826826826826888e+01 8.905575255226977349e-02
2.331731731731731472e+01 8.807485818745436346e-02
2.336636636636636410e+01 8.711263623850939997e-02
2.341541541541541349e+01 8.616861822536657500e-02
2.346446446446446288e+01 8.524234923955911758e-02
2.351351351351351227e+01 8.433338753735625248e-02
2.356256256256256165e+01 8.344130414307698862e-02
2.361161161161161104e+01 8.256568246261086763e-02
2.366066066066066043e+01 8.170611790713541711e-02
2.370970970970970981e+01 8.086221752698563581e-02
2.375875875875875920e+01 8.003359965560188916e-02
2.380780780780780503e+01 7.921989356345601752e-02
2.385685685685685442e+01 7.842073912183562812e-02
2.390590590590590381e+01 7.763578647634616914e-02
2.395495495495495319e+01 7.686469572997511879e-02
2.400400400400400258e+01 7.610713663555004893e-02
2.405305305305305197e+01 7.536278829741061003e-02
2.410210210210210136e+01 7.463133888210632394e-02
2.415115115115115074e+01 7.391248533792410536e-02
2.420020020020020013e+01 7.320593312304543576e-02
2.424924924924924952e+01 7.251139594212677175e-02
2.429829829829829890e+01 7.182859549109699149e-02
2.434734734734734474e+01 7.115726120996052062e-02
2.439639639639639412e+01 7.049713004339722144e-02
2.444544544544544351e+01 6.984794620894813066e-02
2.449449449449449290e+01 6.920946097257758833e-02
2.454354354354354228e+01 6.858143243140407685e-02
2.459259259259259167e+01 6.796362530339340735e-02
2.464164164164164106e+01 6.735581072381134626e-02
2.469069069069069045e+01 6.675776604823441263e-02
2.473973973973973983e+01 6.616927466192207286e-02
2.478878878878878922e+01 6.559012579535601628e-02
2.483783783783783505e+01 6.502011434575689919e-02
2.488688688688688444e+01 6.445904070439149869e-02
2.493593593593593383e+01 6.390671058948953209e-02
2.498498498498498321e+01 6.336293488459089629e-02
2.503403403403403260e+01 6.282752948215057642e-02
2.508308308308308199e+01 6.230031513223180384e-02
2.513213213213213137e+01 6.178111729612258823e-02
2.518118118118118076e+01 6.126976600471526618e-02
2.523023023023023015e+01 6.076609572149296867e-02
2.527927927927927954e+01 6.026994520997164262e-02
2.532832832832832892e+01 5.978115740545006385e-02
2.537737737737737476e+01 5.929957929092535829e-02
2.542642642642642414e+01 5.882506177703469841e-02
2.547547547547547353e+01 5.835745958588980237e-02
2.552452452452452292e+01 5.789663113867266064e-02
2.557357357357357230e+01 5.744243844686741651e-02
2.562262262262262169e+01 5.699474700700547097e-02
2.567167167167167108e+01 5.655342569880550396e-02
2.572072072072072046e+01 5.611834668659435726e-02
2.576976976976976985e+01 5.568938532389734741e-02
2.581881881881881924e+01 5.526642006109139249e-02
2.586786786786786507e+01 5.484933235601692492e-02
2.591691691691691446e+01 5.443800658744849669e-02
2.596596596596596385e+01 5.403232997132755011e-02
2.601501501501501323e+01 5.363219247966337366e-02
2.606406406406406262e+01 5.323748676201189856e-02
2.611311311311311201e+01 5.284810806944532230e-02
2.616216216216216139e+01 5.246395418092789087e-02
2.621121121121121078e+01 5.208492533201633523e-02
2.626026026026026017e+01 5.171092414580671232e-02
2.630930930930930955e+01 5.134185556605110057e-02
2.635835835835835894e+01 5.097762679237136108e-02
2.640740740740740478e+01 5.061814721749886142e-02
2.645645645645645416e+01 5.026332836647186275e-02
2.650550550550550355e+01 4.991308383772477542e-02
2.655455455455455294e+01 4.956732924600561196e-02
2.660360360360360232e+01 4.922598216705978413e-02
2.665265265265265171e+01 4.888896208402170040e-02
2.670170170170170110e+01 4.855619033545630070e-02
2.675075075075075048e+01 4.822759006499562073e-02
2.679979979979979987e+01 4.790308617251715084e-02
2.684884884884884926e+01 4.758260526681228758e-02
2.689789789789789509e+01 4.726607561969571603e-02
2.694694694694694448e+01 4.695342712150722686e-02
2.699599599599599387e+01 4.664459123796071971e-02
2.704504504504504325e+01 4.633950096829457521e-02
2.709409409409409264e+01 4.603809080468161674e-02
2.714314314314314203e+01 4.574029669285620270e-02
2.719219219219219141e+01 4.544605599391897399e-02
2.724124124124124080e+01 4.515530744728046136e-02
2.729029029029029019e+01 4.486799113470595068e-02
2.733933933933933957e+01 4.458404844542608603e-02
2.738838838838838896e+01 4.430342204227812053e-02
2.743743743743743480e+01 4.402605582884441815e-02
2.748648648648648418e+01 4.375189491755572535e-02
2.753553553553553357e+01 4.348088559872822362e-02
2.758458458458458296e+01 4.321297531050381086e-02
2.763363363363363234e+01 4.294811260966495403e-02
2.768268268268268173e+01 4.268624714329549708e-02
2.773173173173173112e+01 4.242732962126084112e-02
2.778078078078078050e+01 4.217131178948085174e-02
2.782982982982982989e+01 4.191814640397037439e-02
2.787887887887887928e+01 4.166778720562307886e-02
2.792792792792792511e+01 4.142018889571465190e-02
2.797697697697697450e+01 4.117530711210305727e-02
2.802602602602602389e+01 4.093309840610345057e-02
2.807507507507507327e+01 4.069352022001674479e-02
2.812412412412412266e+01 4.045653086529119036e-02
2.817317317317317205e+01 4.022208950129725624e-02
2.822222222222222143e+01 3.999015611469640408e-02
2.827127127127127082e+01 3.976069149938572106e-02
2.832032032032032021e+01 3.953365723700000278e-02
2.836936936936936959e+01 3.930901567795437590e-02
2.841841841841841898e+01 3.908672992301070320e-02
2.846746746746746481e+01 3.886676380535145081e-02
2.851651651651651420e+01 3.864908187314572419e-02
2.856556556556556359e+01 3.843364937259213798e-02
2.861461461461461298e+01 3.822043223142422563e-02
2.866366366366366236e+01 3.800939704286393495e-02
2.871271271271271175e+01 3.780051105001000500e-02
2.876176176176176114e+01 3.759374213064780451e-02
2.881081081081081052e+01 3.738905878246794046e-02
2.885985985985985991e+01 3.718643010868150078e-02
2.890890890890890930e+01 3.698582580401968412e-02
2.895795795795795513e+01 3.678721614110677662e-02
2.900700700700700452e+01 3.659057195719481181e-02
2.905605605605605390e+01 3.639586464124972692e-02
2.910510510510510329e+01 3.620306612137798308e-02
2.915415415415415268e+01 3.601214885258413601e-02
2.920320320320320207e+01 3.582308580484910854e-02
2.925225225225225145e+01 3.563585045152023456e-02
2.930130130130130084e+01 3.545041675800336689e-02
2.935035035035035023e+01 3.526675917074882649e-02
2.939939939939939961e+01 3.508485260652203369e-02
2.944844844844844545e+01 3.490467244195107066e-02
2.949749749749749483e+01 3.472619450334277214e-02
2.954654654654654422e+01 3.454939505675978795e-02
2.959559559559559361e+01 3.437425079835108865e-02
2.964464464464464299e+01 3.420073884492846883e-02
2.969369369369369238e+01 3.402883672478228261e-02
2.974274274274274177e+01 3.385852236872928522e-02
2.979179179179179116e+01 3.368977410138626616e-02
2.984084084084084054e+01 3.352257063266277093e-02
2.988988988988988993e+01 3.335689104946699263e-02
2.993893893893893932e+01 3.319271480761860904e-02
2.998798798798798515e+01 3.303002172396288239e-02
3.003703703703703454e+01 3.286879196868021380e-02
3.008608608608608392e+01 3.270900605778597620e-02
3.013513513513513331e+01 3.255064484581501882e-02
3.018418418418418270e+01 3.239368951868577817e-02
3.023323323323323208e+01 3.223812158673932532e-02
3.028228228228228147e+01 3.208392287794792352e-02
3.033133133133133086e+01 3.193107553128909926e-02
3.038038038038038025e+01 3.177956199028015433e-02
3.042942942942942963e+01 3.162936499666896967e-02
3.047847847847847547e+01 3.148046758427688885e-02
3.052752752752752485e+01 3.133285307298924044e-02
3.057657657657657424e+01 3.118650506288998814e-02
3.062562562562562363e+01 3.104140742853601920e-02
3.067467467467467301e+01 3.089754431336788273e-02
3.072372372372372240e+01 3.075490012425276948e-02
3.077277277277277179e+01 3.061345952615671107e-02
3.082182182182182117e+01 3.047320743694204026e-02
3.087087087087087056e+01 3.033412902228723243e-02
3.091991991991991995e+01 3.019620969072548539e-02
3.096896896896896934e+01 3.005943508879917875e-02
3.101801801801801517e+01 2.992379109632703135e-02
3.106706706706706456e+01 2.978926382178088278e-02
3.111611611611611394e+01 2.965583959776951772e-02
3.116516516516516333e+01 2.952350497662640377e-02
3.121421421421421272e+01 2.939224672609879255e-02
3.126326326326326210e+01 2.926205182513560293e-02
3.131231231231231149e+01 2.913290745977136637e-02
3.136136136136136088e+01 2.900480101910385411e-02
3.141041041041041026e+01 2.887772009136295448e-02
3.145945945945945965e+01 2.875165246006840258e-02
3.150850850850850549e+01 2.862658610027418379e-02
3.155755755755755487e+01 2.850250917489725172e-02
3.160660660660660426e+01 2.837941003112858657e-02
3.165565565565565365e+01 2.825727719692431444e-02
3.170470470470470303e+01 2.813609937757498292e-02
3.175375375375375242e+01 2.801586545235102560e-02
3.180280280280280181e+01 2.789656447122234456e-02
3.185185185185185119e+01 2.777818565165039721e-02
3.190090090090090058e+01 2.766071837545067136e-02
3.194994994994994997e+01 2.754415218572411200e-02
3.199899899899899935e+01 2.742847678385545301e-02
3.204804804804804519e+01 2.731368202657710742e-02
3.209709709709709102e+01 2.719975792309668738e-02
3.214614614614614396e+01 2.708669463228690483e-02
3.219519519519519690e+01 2.697448245993598615e-02
3.224424424424424274e+01 2.686311185605740753e-02
3.229329329329328857e+01 2.675257341225725782e-02
3.234234234234234151e+01 2.664285785915795207e-02
3.239139139139139445e+01 2.653395606387705732e-02
3.244044044044044028e+01 2.642585902755947500e-02
3.248948948948948612e+01 2.631855788296214374e-02
3.253853853853853195e+01 2.621204389208972585e-02
3.258758758758758489e+01 2.610630844388015306e-02
3.263663663663663783e+01 2.600134305193881751e-02
3.268568568568568367e+01 2.589713935232018649e-02
3.273473473473472950e+01 2.579368910135578299e-02
3.278378378378378244e+01 2.569098417352739389e-02
3.283283283283283538e+01 2.558901655938452396e-02
3.288188188188188121e+01 2.548777836350481218e-02
3.293093093093092705e+01 2.538726180249665371e-02
3.297997997997997999e+01 2.528745920304290018e-02
3.302902902902902582e+01 2.518836299998477440e-02
3.307807807807807876e+01 2.508996573444480238e-02
3.312712712712712460e+01 2.499226005198829786e-02
3.317617617617617753e+01 2.489523870082200122e-02
3.322522522522522337e+01 2.479889453002943542e-02
3.327427427427427631e+01 2.470322048784179617e-02
3.332332332332332214e+01 2.460820961994385214e-02
3.337237237237236798e+01 2.451385506781377649e-02
3.342142142142142092e+01 2.442015006709630925e-02
3.347047047047046675e+01 2.432708794600851182e-02
3.351951951951951969e+01 2.423466212377711412e-02
3.356856856856856552e+01 2.414286610910713893e-02
3.361761761761761846e+01 2.405169349868064091e-02
3.366666666666666430e+01 2.396113797568533502e-02
3.371571571571571724e+01 2.387119330837200737e-02
3.376476476476476307e+01 2.378185334864043460e-02
3.381381381381380891e+01 2.369311203065287141e-02
3.386286286286286185e+01 2.360496336947469354e-02
3.391191191191190768e+01 2.351740145974156107e-02
3.396096096096096062e+01 2.343042047435230091e-02
3.401001001001000645e+01 2.334401466318733812e-02
3.405905905905905939e+01 2.325817835185161470e-02
3.410810810810810523e+01 2.317290594044200958e-02
3.415715715715715817e+01 2.308819190233810797e-02
3.420620620620620400e+01 2.300403078301643464e-02
3.425525525525525694e+01 2.292041719888707543e-02
3.430430430430430278e+01 2.283734583615263519e-02
3.435335335335334861e+01 2.275481144968876518e-02
3.440240240240240155e+01 2.267280886194585066e-02
3.445145145145144738e+01 2.259133296187162271e-02
3.450050050050050032e+01 2.251037870385380960e-02
3.454954954954954616e+01 2.242994110668282415e-02
3.459859859859859910e+01 2.235001525253378640e-02
3.464764764764764493e+01 2.227059628596764207e-02
3.469669669669669787e+01 2.219167941295071417e-02
3.474574574574574370e+01 2.211325989989268090e-02
3.479479479479479664e+01 2.203533307270216790e-02
3.484384384384384248e+01 2.195789431585995141e-02
3.489289289289288831e+01 2.188093907150909928e-02
3.494194194194194125e+01 2.180446283856184858e-02
3.499099099099098709e+01 2.172846117182298392e-02
3.504004004004004003e+01 2.165292968112895663e-02
3.508908908908908586e+01 2.157786403050300159e-02
3.513813813813813880e+01 2.150325993732528362e-02
3.518718718718718463e+01 2.142911317151841022e-02
3.523623623623623757e+01 2.135541955474733189e-02
3.528528528528528341e+01 2.128217495963393574e-02
3.533433433433433635e+01 2.120937530898557577e-02
3.538338338338338218e+01 2.113701657503753301e-02
3.543243243243242802e+01 2.106509477870893016e-02
3.548148148148148096e+01 2.099360598887198975e-02
3.553053053053052679e+01 2.092254632163426803e-02
3.557957957957957973e+01 2.085191193963352452e-02
3.562862862862862556e+01 2.078169905134524473e-02
3.567767767767767850e+01 2.071190391040214629e-02
3.572672672672672434e+01 2.064252281492590102e-02
3.577577577577577728e+01 2.057355210687033392e-02
3.582482482482482311e+01 2.050498817137634544e-02
3.587387387387386894e+01 2.043682743613790126e-02
3.592292292292292188e+01 2.036906637077915208e-02
3.597197197197196772e+01 2.030170148624240584e-02
3.602102102102102066e+01 2.023472933418656722e-02
3.607007007007006649e+01 2.016814650639609657e-02
3.611911911911911943e+01 2.010194963420002673e-02
3.616816816816816527e+01 2.003613538790110365e-02
3.621721721721721821e+01 1.997070047621454097e-02
3.626626626626626404e+01 1.990564164571653055e-02
3.631531531531531698e+01 1.984095568030198875e-02
3.636436436436436281e+01 1.977663940065168408e-02
3.641341341341340865e+01 1.971268966370826048e-02
3.646246246246246159e+01 1.964910336216121184e-02
3.651151151151150742e+01 1.958587742394049536e-02
3.656056056056056036e+01 1.952300881171867980e-02
3.660960960960960620e+01 1.946049452242149674e-02
3.665865865865865914e+01 1.939833158674644786e-02
3.670770770770770497e+01 1.933651706868962095e-02
3.675675675675675791e+01 1.927504806508024277e-02
3.680580580580580374e+01 1.921392170512308331e-02
3.685485485485485668e+01 1.915313514994831240e-02
3.690390390390390252e+01 1.909268559216890926e-02
3.695295295295294835e+01 1.903257025544529898e-02
3.700200200200200129e+01 1.897278639405718809e-02
3.705105105105104712e+01 1.891333129248237363e-02
3.710010010010010006e+01 1.885420226498249474e-02
3.714914914914914590e+01 1.879539665519552177e-02
3.719819819819819884e+01 1.873691183573484437e-02
3.724724724724724467e+01 1.867874520779493758e-02
3.729629629629629761e+01 1.862089420076332852e-02
3.734534534534534345e+01 1.856335627183895720e-02
3.739439439439438928e+01 1.850612890565651522e-02
3.744344344344344222e+01 1.844920961391696007e-02
3.749249249249248805e+01 1.839259593502393791e-02
3.754154154154154099e+01 1.833628543372593789e-02
3.759059059059058683e+01 1.828027570076422997e-02
3.763963963963963977e+01 1.822456435252638174e-02
3.768868868868868560e+01 1.816914903070531925e-02
3.773773773773773854e+01 1.811402740196366157e-02
3.778678678678678438e+01 1.805919715760351957e-02
3.783583583583583732e+01 1.800465601324137410e-02
3.788488488488488315e+01 1.795040170848814787e-02
3.793393393393392898e+01 1.789643200663421779e-02
3.798298298298298192e+01 1.784274469433940608e-02
3.803203203203202776e+01 1.778933758132782844e-02
3.808108108108108070e+01 1.773620850008740535e-02
3.813013013013012653e+01 1.768335530557414020e-02
3.817917917917917947e+01 1.763077587492089399e-02
3.822822822822822530e+01 1.757846810715074648e-02
3.827727727727727824e+01 1.752642992289466656e-02
3.832632632632632408e+01 1.747465926411363377e-02
3.837537537537537702e+01 1.742315409382493366e-02
3.842442442442442285e+01 1.737191239583274829e-02
3.847347347347346869e+01 1.732093217446271233e-02
3.852252252252252163e+01 1.727021145430062202e-02
3.857157157157156746e+01 1.721974827993515145e-02
3.862062062062062040e+01 1.716954071570428106e-02
3.866966966966966623e+01 1.711958684544579584e-02
3.871871871871871917e+01 1.706988477225135012e-02
3.876776776776776501e+01 1.702043261822438688e-02
3.881681681681681795e+01 1.697122852424155781e-02
3.886586586586586378e+01 1.692227064971784170e-02
3.891491491491491672e+01 1.687355717237504563e-02
3.896396396396396256e+01 1.682508628801390044e-02
3.901301301301300839e+01 1.677685621028940366e-02
3.906206206206206133e+01 1.672886517048958327e-02
3.911111111111110716e+01 1.668111141731754704e-02
3.916016016016016010e+01 1.663359321667665786e-02
3.920920920920920594e+01 1.658630885145898418e-02
3.925825825825825888e+01 1.653925662133677241e-02
3.930730730730730471e+01 1.649243484255706951e-02
3.935635635635635765e+01 1.644584184773921487e-02
3.940540540540540349e+01 1.639947598567544421e-02
3.945445445445444932e+01 1.635333562113428646e-02
3.950350350350350226e+01 1.630741913466684026e-02
3.955255255255254809e+01 1.626172492241592660e-02
3.960160160160160103e+01 1.621625139592785397e-02
3.965065065065064687e+01 1.617099698196710136e-02
3.969969969969969981e+01 1.612596012233346102e-02
3.974874874874874564e+01 1.608113927368197069e-02
3.979779779779779858e+01 1.603653290734531958e-02
3.984684684684684441e+01 1.599213950915887028e-02
3.989589589589589735e+01 1.594795757928810231e-02
3.994494494494494319e+01 1.590398563205859539e-02
3.999399399399398902e+01 1.586022219578832326e-02
4.004304304304304196e+01 1.581666581262243521e-02
4.009209209209208780e+01 1.577331503837030302e-02
4.014114114114114074e+01 1.573016844234484402e-02
4.019019019019018657e+01 1.568722460720422054e-02
4.023923923923923951e+01 1.564448212879560041e-02
4.028828828828828534e+01 1.560193961600124697e-02
4.033733733733733828e+01 1.555959569058667190e-02
4.038638638638638412e+01 1.551744898705096319e-02
4.043543543543543706e+01 1.547549815247913768e-02
4.048448448448448289e+01 1.543374184639659599e-02
4.053353353353352873e+01 1.539217874062556723e-02
4.058258258258258167e+01 1.535080751914353128e-02
4.063163163163162750e+01 1.530962687794363078e-02
4.068068068068068044e+01 1.526863552489692716e-02
4.072972972972972627e+01 1.522783217961666546e-02
4.077877877877877921e+01 1.518721557332426177e-02
4.082782782782782505e+01 1.514678444871724906e-02
4.087687687687687799e+01 1.510653755983890935e-02
4.092592592592592382e+01 1.506647367194979478e-02
4.097497497497497676e+01 1.502659156140088645e-02
4.102402402402402259e+01 1.498689001550854681e-02
4.107307307307306843e+01 1.494736783243112016e-02
4.112212212212212137e+01 1.490802382104721574e-02
4.117117117117116720e+01 1.486885680083564754e-02
4.122022022022022014e+01 1.482986560175691623e-02
4.126926926926926598e+01 1.479104906413637906e-02
4.131831831831831892e+01 1.475240603854890108e-02
4.136736736736736475e+01 1.471393538570508336e-02
4.141641641641641769e+01 1.467563597633898473e-02
4.146546546546546352e+01 1.463750669109737529e-02
4.151451451451450936e+01 1.459954642043040200e-02
4.156356356356356230e+01 1.456175406448372532e-02
4.161261261261260813e+01 1.452412853299212686e-02
4.166166166166166107e+01 1.448666874517441291e-02
4.171071071071070691e+01 1.444937362962981850e-02
4.175975975975975985e+01 1.441224212423564827e-02
4.180880880880880568e+01 1.437527317604639365e-02
4.185785785785785862e+01 1.433846574119401751e-02
4.190690690690690445e+01 1.430181878478967855e-02
4.195595595595595739e+01 1.426533128082662499e-02
4.200500500500500323e+01 1.422900221208442048e-02
4.205405405405404906e+01 1.419283057003436696e-02
4.210310310310310200e+01 1.415681535474615400e-02
4.215215215215214783e+01 1.412095557479576408e-02
4.220120120120120077e+01 1.408525024717446200e-02
4.225025025025024661e+01 1.404969839719905945e-02
4.229929929929929955e+01 1.401429905842324804e-02
4.234834834834834538e+01 1.397905127255013452e-02
4.239739739739739832e+01 1.394395408934580478e-02
4.244644644644644416e+01 1.390900656655409337e-02
4.249549549549549710e+01 1.387420776981233145e-02
4.254454454454454293e+01 1.383955677256826743e-02
4.259359359359358876e+01 1.380505265599793474e-02
4.264264264264264170e+01 1.377069450892461772e-02
4.269169169169168754e+01 1.373648142773886000e-02
4.274074074074074048e+01 1.370241251631939411e-02
4.278978978978978631e+01 1.366848688595516392e-02
4.283883883883883925e+01 1.363470365526822312e-02
4.288788788788788509e+01 1.360106195013769878e-02
4.293693693693693803e+01 1.356756090362460504e-02
4.298598598598598386e+01 1.353419965589767668e-02
4.303503503503502969e+01 1.350097735416005973e-02
4.308408408408408263e+01 1.346789315257694401e-02
4.313313313313312847e+01 1.343494621220410468e-02
4.318218218218218141e+01 1.340213570091725905e-02
4.323123123123122724e+01 1.336946079334238625e-02
4.328028028028028018e+01 1.333692067078682056e-02
4.332932932932932601e+01 1.330451452117125885e-02
4.337837837837837895e+01 1.327224153896252104e-02
4.342742742742742479e+01 1.324010092510722811e-02
4.347647647647647773e+01 1.320809188696620007e-02
4.352552552552552356e+01 1.317621363824970915e-02
4.357457457457456940e+01 1.314446539895349278e-02
4.362362362362362234e+01 1.311284639529555068e-02
4.367267267267266817e+01 1.308135585965372258e-02
4.372172172172172111e+01 1.304999303050396499e-02
4.377077077077076694e+01 1.301875715235943989e-02
4.381981981981981988e+01 1.298764747571028860e-02
4.386886886886886572e+01 1.295666325696416543e-02
4.391791791791791866e+01 1.292580375838741844e-02
4.396696696696696449e+01 1.289506824804706464e-02
4.401601601601601743e+01 1.286445599975337591e-02
4.406506506506506327e+01 1.283396629300319683e-02
4.411411411411410910e+01 1.280359841292391665e-02
4.416316316316316204e+01 1.277335165021810034e-02
4.421221221221220787e+01 1.274322530110879974e-02
4.426126126126126081e+01 1.271321866728547696e-02
4.431031031031030665e+01 1.268333105585060100e-02
4.435935935935935959e+01 1.265356177926682882e-02
4.440840840840840542e+01 1.262391015530486479e-02
4.445745745745745836e+01 1.259437550699185615e-02
4.450650650650650419e+01 1.256495716256047536e-02
4.455555555555555713e+01 1.253565445539851775e-02
4.460460460460460297e+01 1.250646672399915657e-02
4.465365365365364880e+01 1.247739331191170808e-02
4.470270270270270174e+01 1.244843356769302981e-02
4.475175175175174758e+01 1.241958684485945652e-02
4.480080080080080052e+01 1.239085250183925152e-02
4.484984984984984635e+01 1.236222990192569621e-02
4.489889889889889929e+01 1.233371841323062379e-02
4.494794794794794512e+01 1.230531740863856534e-02
4.499699699699699806e+01 1.227702626576135381e-02
4.504604604604604390e+01 1.224884436689331960e-02
4.509509509509508973e+01 1.222077109896691632e-02
4.514414414414414267e+01 1.219280585350893641e-02
4.519319319319318851e+01 1.216494802659715338e-02
4.524224224224224145e+01 1.213719701881751066e-02
4.529129129129128728e+01 1.210955223522175786e-02
4.534034034034034022e+01 1.208201308528557630e-02
4.538938938938938605e+01 1.205457898286721452e-02
4.543843843843843899e+01 1.202724934616650546e-02
4.548748748748748483e+01 1.200002359768445256e-02
4.553653653653653777e+01 1.197290116418316813e-02
4.558558558558558360e+01 1.194588147664634413e-02
4.563463463463462944e+01 1.191896397024009950e-02
4.568368368368368237e+01 1.189214808427430450e-02
4.573273273273272821e+01 1.186543326216433873e-02
4.578178178178178115e+01 1.183881895139322037e-02
4.583083083083082698e+01 1.181230460347425584e-02
4.587987987987987992e+01 1.178588967391397749e-02
4.592892892892892576e+01 1.175957362217561891e-02
4.597797797797797870e+01 1.173335591164288358e-02
4.602702702702702453e+01 1.170723600958419042e-02
4.607607607607607747e+01 1.168121338711727505e-02
4.612512512512512330e+01 1.165528751917417963e-02
4.617417417417416914e+01 1.162945788446665893e-02
4.622322322322322208e+01 1.160372396545190053e-02
4.627227227227226791e+01 1.157808524829871330e-02
4.632132132132132085e+01 1.155254122285397436e-02
4.637037037037036669e+01 1.152709138260955835e-02
4.641941941941941963e+01 1.150173522466948865e-02
4.646846846846846546e+01 1.147647224971760048e-02
4.651751751751751840e+01 1.145130196198542068e-02
4.656656656656656423e+01 1.142622386922047609e-02
4.661561561561561007e+01 1.140123748265488637e-02
4.666466466466466301e+01 1.137634231697436105e-02
4.671371371371370884e+01 1.135153789028746189e-02
4.676276276276276178e+01 1.132682372409524532e-02
4.681181181181180762e+01 1.130219934326119439e-02
4.686086086086086056e+01 1.127766427598149435e-02
4.690990990990990639e+01 1.125321805375562381e-02
4.695895895895895933e+01 1.122886021135723403e-02
4.700800800800800516e+01 1.120459028680539058e-02
4.705705705705705810e+01 1.118040782133604069e-02
4.710610610610610394e+01 1.115631235937387250e-02
4.715515515515514977e+01 1.113230344850438952e-02
4.720420420420420271e+01 1.110838063944634760e-02
4.725325325325324854e+01 1.108454348602443476e-02
4.730230230230230148e+01 1.106079154514225983e-02
4.735135135135134732e+01 1.103712437675561514e-02
4.740040040040040026e+01 1.101354154384602893e-02
4.744944944944944609e+01 1.099004261239459358e-02
4.749849849849849903e+01 1.096662715135604885e-02
4.754754754754754487e+01 1.094329473263315998e-02
4.759659659659659781e+01 1.092004493105135088e-02
4.764564564564564364e+01 1.089687732433359743e-02
4.769469469469468947e+01 1.087379149307557760e-02
4.774374374374374241e+01 1.085078702072109560e-02
4.779279279279278825e+01 1.082786349353774893e-02
4.784184184184184119e+01 1.080502050059284520e-02
4.789089089089088702e+01 1.078225763372955663e-02
4.793993993993993996e+01 1.075957448754334689e-02
4.798898898898898580e+01 1.073697065935862345e-02
4.803803803803803874e+01 1.071444574920560854e-02
4.808708708708708457e+01 1.069199935979750146e-02
4.813613613613613751e+01 1.066963109650780062e-02
4.818518518518518334e+01 1.064734056734793245e-02
4.823423423423422918e+01 1.062512738294503663e-02
4.828328328328328212e+01 1.060299115652003216e-02
4.833233233233232795e+01 1.058093150386588480e-02
4.838138138138138089e+01 1.055894804332608433e-02
4.843043043043042672e+01 1.053704039577334044e-02
4.847947947947947966e+01 1.051520818458851966e-02
4.852852852852852550e+01 1.049345103563977671e-02
4.857757757757757844e+01 1.047176857726185920e-02
4.862662662662662427e+01 1.045016044023570727e-02
4.867567567567567011e+01 1.042862625776815738e-02
4.872472472472472305e+01 1.040716566547192704e-02
4.877377377377376888e+01 1.038577830134575393e-02
4.882282282282282182e+01 1.036446380575474849e-02
4.887187187187186765e+01 1.034322182141095454e-02
4.892092092092092059e+01 1.032205199335405749e-02
4.896996996996996643e+01 1.030095396893235607e-02
4.901901901901901937e+01 1.027992739778383832e-02
4.906806806806806520e+01 1.025897193181752980e-02
4.911711711711711814e+01 1.023808722519493723e-02
4.916616616616616398e+01 1.021727293431176631e-02
4.921521521521520981e+01 1.019652871777974000e-02
4.926426426426426275e+01 1.017585423640863379e-02
4.931331331331330858e+01 1.015524915318849822e-02
4.936236236236236152e+01 1.013471313327201848e-02
4.941141141141140736e+01 1.011424584395707697e-02
4.946046046046046030e+01 1.009384695466946508e-02
4.950950950950950613e+01 1.007351613694578915e-02
4.955855855855855907e+01 1.005325306441649802e-02
4.960760760760760490e+01 1.003305741278914115e-02
4.965665665665665784e+01 1.001292885983170143e-02
4.970570570570570368e+01 9.992867085356188159e-03
4.975475475475474951e+01 9.972871771202297675e-03
4.980380380380380245e+01 9.952942601221292582e-03
4.985285285285284829e+01 9.933079261260014531e-03
4.990190190190190123e+01 9.913281439145034055e-03
4.995095095095094706e+01 9.893548824666991218e-03
5.000000000000000000e+01 9.873881109565045555e-03
