5.000000000000000000e+00 1.564596928469293158e-02
5.010010010010010006e+00 1.579922811911319003e-02
5.020020020020020013e+00 1.595248695353345195e-02
5.030030030030030019e+00 1.610574578795371040e-02
5.040040040040040026e+00 1.625900462237396885e-02
5.050050050050050032e+00 1.641226345679422730e-02
5.060060060060060039e+00 1.656552229121448575e-02
5.070070070070070045e+00 1.671878112563474766e-02
5.080080080080080052e+00 1.687203996005500264e-02
5.090090090090090058e+00 1.702529879447526456e-02
5.100100100100100065e+00 1.717855762889552648e-02
5.110110110110110071e+00 1.733181646331578146e-02
5.120120120120120077e+00 1.748672073643276967e-02
5.130130130130130084e+00 1.764164786518206823e-02
5.140140140140140090e+00 1.779657499393136333e-02
5.150150150150150097e+00 1.795290338490465945e-02
5.160160160160160103e+00 1.810945103201176340e-02
5.170170170170170110e+00 1.826599867911886735e-02
5.180180180180180116e+00 1.842371479836490272e-02
5.190190190190190123e+00 1.858183487467255854e-02
5.200200200200200129e+00 1.873995495098021088e-02
5.210210210210210136e+00 1.889902224855472684e-02
5.220220220220220142e+00 1.905866641378733267e-02
5.230230230230230148e+00 1.921831057901993503e-02
5.240240240240240155e+00 1.937869237553440163e-02
5.250250250250250161e+00 1.953981209844225450e-02
5.260260260260260168e+00 1.970093182135010737e-02
5.270270270270270174e+00 1.986259133812304234e-02
5.280280280280280181e+00 2.002513795467373084e-02
5.290290290290290187e+00 2.018768457122441934e-02
5.300300300300300194e+00 2.035058495966152181e-02
5.310310310310310200e+00 2.051450972925630140e-02
5.320320320320320207e+00 2.067843449885108098e-02
5.330330330330330213e+00 2.084253886904900363e-02
5.340340340340340219e+00 2.100779302874847612e-02
5.350350350350350226e+00 2.117304718844794861e-02
5.360360360360360232e+00 2.133831863701761075e-02
5.370370370370370239e+00 2.150485345376801014e-02
5.380380380380380245e+00 2.167138827051840952e-02
5.390390390390390252e+00 2.183792308726881237e-02
5.400400400400400258e+00 2.200555672848150332e-02
5.410410410410410265e+00 2.217332354933806982e-02
5.420420420420420271e+00 2.234109037019463631e-02
5.430430430430430278e+00 2.250976882530472331e-02
5.440440440440440284e+00 2.267871912565437229e-02
5.450450450450450290e+00 2.284766942600402126e-02
5.460460460460460297e+00 2.301735608482222833e-02
5.470470470470470303e+00 2.318744151461315725e-02
5.480480480480480310e+00 2.335752694440408964e-02
5.490490490490490316e+00 2.352818533094567718e-02
5.500500500500500323e+00 2.369935775893553670e-02
5.510510510510510329e+00 2.387053018692539968e-02
5.520520520520520336e+00 2.404212398133922374e-02
5.530530530530530342e+00 2.421433553737830854e-02
5.540540540540540349e+00 2.438654709341739682e-02
5.550550550550550355e+00 2.455904015315039934e-02
5.560560560560560361e+00 2.473224326851993990e-02
5.570570570570570368e+00 2.490544638388948392e-02
5.580580580580580374e+00 2.507880276409266487e-02
5.590590590590590381e+00 2.525295020992206554e-02
5.600600600600600387e+00 2.542709765575146968e-02
5.610610610610610394e+00 2.560128162893387377e-02
5.620620620620620400e+00 2.577632655272400763e-02
5.630630630630630407e+00 2.595137147651414150e-02
5.640640640640640413e+00 2.612641640030427537e-02
5.650650650650650419e+00 2.630224351173419961e-02
5.660660660660660426e+00 2.647813947201631962e-02
5.670670670670670432e+00 2.665403543229844310e-02
5.680680680680680439e+00 2.683057341108835425e-02
5.690690690690690445e+00 2.700727441025171580e-02
5.700700700700700452e+00 2.718397540941507734e-02
5.710710710710710458e+00 2.736118976555060311e-02
5.720720720720720465e+00 2.753865028087339531e-02
5.730730730730730471e+00 2.771611079619619444e-02
5.740740740740740478e+00 2.789396735753744971e-02
5.750750750750750484e+00 2.807214237045804056e-02
5.760760760760760490e+00 2.825031738337863141e-02
5.770770770770770497e+00 2.842878230994933322e-02
5.780780780780780503e+00 2.860762733361665172e-02
5.790790790790790510e+00 2.878647235728396675e-02
5.800800800800800516e+00 2.896551215489858236e-02
5.810810810810810523e+00 2.914498326004226481e-02
5.820820820820820529e+00 2.932445436518594725e-02
5.830830830830830536e+00 2.950403589842602939e-02
5.840840840840840542e+00 2.968408973758766833e-02
5.850850850850850549e+00 2.986414357674930381e-02
5.860860860860860555e+00 3.004423408130032364e-02
5.870870870870870561e+00 3.022482791146911818e-02
5.880880880880880568e+00 3.040542174163791619e-02
5.890890890890890574e+00 3.058601557180671421e-02
5.900900900900900581e+00 3.076708053969443718e-02
5.910910910910910587e+00 3.094817224339057801e-02
5.920920920920920594e+00 3.112926394708671884e-02
5.930930930930930600e+00 3.131073204481521488e-02
5.940940940940940607e+00 3.149228014966615891e-02
5.950950950950950613e+00 3.167382825451708905e-02
5.960960960960960620e+00 3.185566856210552550e-02
5.970970970970970626e+00 3.203763225895973898e-02
5.980980980980980632e+00 3.221959595581396635e-02
5.990990990990990639e+00 3.240177798426895767e-02
6.001001001001000645e+00 3.258411714389321256e-02
6.011011011011010652e+00 3.276645630351746746e-02
6.021021021021020658e+00 3.294895000277827529e-02
6.031031031031030665e+00 3.313162519118390686e-02
6.041041041041040671e+00 3.331430037958953844e-02
6.051051051051050678e+00 3.349707614595146682e-02
6.061061061061060684e+00 3.368004863839582641e-02
6.071071071071070691e+00 3.386302113084018600e-02
6.081081081081080697e+00 3.404604981386857160e-02
6.091091091091090703e+00 3.422928160757748167e-02
6.101101101101100710e+00 3.441251340128637787e-02
6.111111111111110716e+00 3.459576631023357496e-02
6.121121121121120723e+00 3.477922013589079125e-02
6.131131131131130729e+00 3.496267396154802143e-02
6.141141141141140736e+00 3.514612778720524466e-02
6.151151151151150742e+00 3.532976220333509942e-02
6.161161161161160749e+00 3.551340153538435490e-02
6.171171171171170755e+00 3.569704086743359650e-02
6.181181181181180762e+00 3.588080775766904623e-02
6.191191191191190768e+00 3.606459682347366164e-02
6.201201201201200774e+00 3.624838588927827704e-02
6.211211211211210781e+00 3.643225873663323566e-02
6.221221221221220787e+00 3.661616252453882975e-02
6.231231231231230794e+00 3.680006631244443077e-02
6.241241241241240800e+00 3.698401908757541906e-02
6.251251251251250807e+00 3.716800335391931553e-02
6.261261261261260813e+00 3.735198762026320507e-02
6.271271271271270820e+00 3.753599478457792654e-02
6.281281281281280826e+00 3.772002605968966665e-02
6.291291291291290833e+00 3.790405733480141370e-02
6.301301301301300839e+00 3.808809384318746771e-02
6.311311311311310845e+00 3.827213943642318594e-02
6.321321321321320852e+00 3.845618502965890417e-02
6.331331331331330858e+00 3.864022633284429353e-02
6.341341341341340865e+00 3.882425433669776244e-02
6.351351351351350871e+00 3.900828234055123134e-02
6.361361361361360878e+00 3.919230438710785691e-02
6.371371371371370884e+00 3.937628368043932098e-02
6.381381381381380891e+00 3.956026297377079198e-02
6.391391391391390897e+00 3.974424221177221689e-02
6.401401401401400904e+00 3.992814246219665575e-02
6.411411411411410910e+00 4.011204271262109461e-02
6.421421421421420916e+00 4.029594296304552653e-02
6.431431431431430923e+00 4.047974775644013617e-02
6.441441441441440929e+00 4.066353942191425208e-02
6.451451451451450936e+00 4.084733108738836105e-02
6.461461461461460942e+00 4.103101872097391495e-02
6.471471471471470949e+00 4.121467305062153502e-02
6.481481481481480955e+00 4.139832738026916203e-02
6.491491491491490962e+00 4.158187659855037965e-02
6.501501501501500968e+00 4.176536563276411068e-02
6.511511511511510975e+00 4.194885466697785559e-02
6.521521521521520981e+00 4.213224471677280702e-02
6.531531531531530987e+00 4.231554128662958630e-02
6.541541541541540994e+00 4.249883785648635864e-02
6.551551551551551000e+00 4.268204848637092291e-02
6.561561561561561007e+00 4.286512621239726289e-02
6.571571571571571013e+00 4.304820393842360288e-02
6.581581581581581020e+00 4.323121539793078200e-02
6.591591591591591026e+00 4.341404868825382568e-02
6.601601601601601033e+00 4.359688197857686937e-02
6.611611611611611927e+00 4.377967501716033272e-02
6.621621621621621934e+00 4.396223906507808199e-02
6.631631631631631940e+00 4.414480311299583126e-02
6.641641641641641947e+00 4.432735897876671077e-02
6.651651651651651953e+00 4.450962975977163644e-02
6.661661661661661959e+00 4.469190054077656904e-02
6.671671671671671966e+00 4.487417132178150164e-02
6.681681681681681972e+00 4.505615524731090143e-02
6.691691691691691979e+00 4.523810951559870119e-02
6.701701701701701985e+00 4.542006378388650095e-02
6.711711711711711992e+00 4.560175205159196915e-02
6.721721721721721998e+00 4.578336733608680958e-02
6.731731731731732005e+00 4.596498262058165002e-02
6.741741741741742011e+00 4.614635873513941305e-02
6.751751751751752018e+00 4.632761333506617979e-02
6.761761761761762024e+00 4.650886793499296040e-02
6.771771771771772030e+00 4.668991588774699941e-02
6.781781781781782037e+00 4.687078886777952536e-02
6.791791791791792043e+00 4.705166184781205130e-02
6.801801801801802050e+00 4.723236611411608943e-02
6.811811811811812056e+00 4.741283729912960931e-02
6.821821821821822063e+00 4.759330848414312226e-02
6.831831831831832069e+00 4.777365402055556293e-02
6.841841841841842076e+00 4.795370399001067097e-02
6.851851851851852082e+00 4.813375395946576513e-02
6.861861861861862089e+00 4.831372620080480462e-02
6.871871871871872095e+00 4.849333628278928304e-02
6.881881881881882101e+00 4.867294636477375452e-02
6.891891891891892108e+00 4.885253122103980911e-02
6.901901901901902114e+00 4.903168348599286352e-02
6.911911911911912121e+00 4.921083575094591794e-02
6.921921921921922127e+00 4.938998801589897930e-02
6.931931931931932134e+00 4.956869685826194305e-02
6.941941941941942140e+00 4.974737411240610918e-02
6.951951951951952147e+00 4.992605136655028225e-02
6.961961961961962153e+00 5.010432959162123417e-02
6.971971971971972160e+00 5.028251537012404238e-02
6.981981981981982166e+00 5.046070114862685752e-02
6.991991991991992172e+00 5.063853679412029518e-02
7.002002002002002179e+00 5.081621535400892425e-02
7.012012012012012185e+00 5.099389391389756027e-02
7.022022022022022192e+00 5.117127547189514319e-02
7.032032032032032198e+00 5.134843178474483155e-02
7.042042042042042205e+00 5.152558809759451991e-02
7.052052052052052211e+00 5.170250451069786923e-02
7.062062062062062218e+00 5.187912425511468500e-02
7.072072072072072224e+00 5.205574399953150772e-02
7.082082082082082231e+00 5.223218465694083601e-02
7.092092092092092237e+00 5.240825421085847091e-02
7.102102102102102243e+00 5.258432376477609888e-02
7.112112112112112250e+00 5.276027849829962452e-02
7.122122122122122256e+00 5.293578493110837752e-02
7.132132132132132263e+00 5.311129136391712358e-02
7.142142142142142269e+00 5.328675044391622401e-02
7.152152152152152276e+00 5.346168150844247957e-02
7.162162162162162282e+00 5.363661257296872820e-02
7.172172172172172289e+00 5.381154363749498376e-02
7.182182182182182295e+00 5.398591082859643953e-02
7.192192192192192302e+00 5.416025495294907871e-02
7.202202202202202308e+00 5.433459907730171790e-02
7.212212212212212314e+00 5.450844154987067453e-02
7.222222222222222321e+00 5.468218782917065590e-02
7.232232232232232327e+00 5.485593410847063728e-02
7.242242242242242334e+00 5.502924408226898823e-02
7.252252252252252340e+00 5.520238227027749606e-02
7.262262262262262347e+00 5.537552045828600389e-02
7.272272272272272353e+00 5.554829056640316065e-02
7.282282282282282360e+00 5.572081106706253811e-02
7.292292292292292366e+00 5.589333156772191558e-02
7.302302302302302373e+00 5.606555485219538726e-02
7.312312312312312379e+00 5.623744871109658677e-02
7.322322322322322385e+00 5.640934256999778629e-02
7.332332332332332392e+00 5.658101247740954243e-02
7.342342342342342398e+00 5.675227137319922149e-02
7.352352352352352405e+00 5.692353026898890056e-02
7.362362362362362411e+00 5.709464064604095890e-02
7.372372372372372418e+00 5.726525688178036450e-02
7.382382382382382424e+00 5.743587311751978397e-02
7.392392392392392431e+00 5.760641820659206241e-02
7.402402402402402437e+00 5.777638470107908375e-02
7.412412412412412444e+00 5.794635119556610509e-02
7.422422422422422450e+00 5.811631769005312642e-02
7.432432432432432456e+00 5.828563590932512445e-02
7.442442442442442463e+00 5.845494618839051915e-02
7.452452452452452469e+00 5.862425646745591384e-02
7.462462462462462476e+00 5.879299317684783671e-02
7.472472472472472482e+00 5.896164136463599020e-02
7.482482482482482489e+00 5.913028955242415063e-02
7.492492492492492495e+00 5.929844074415464156e-02
7.502502502502502502e+00 5.946642155439793576e-02
7.512512512512512508e+00 5.963440236464121608e-02
7.522522522522522515e+00 5.980196440000017100e-02
7.532532532532532521e+00 5.996927312729636445e-02
7.542542542542542527e+00 6.013658185459255096e-02
7.552552552552552534e+00 6.030355145946672546e-02
7.562562562562562540e+00 6.047018397056747041e-02
7.572572572572572547e+00 6.063681648166821536e-02
7.582582582582582553e+00 6.080319074207432561e-02
7.592592592592592560e+00 6.096914346719288502e-02
7.602602602602602566e+00 6.113509619231144443e-02
7.612612612612612573e+00 6.130087254993848989e-02
7.622622622622622579e+00 6.146614247408330872e-02
7.632632632632632586e+00 6.163141239822812756e-02
7.642642642642642592e+00 6.179658864599086449e-02
7.652652652652652598e+00 6.196117330033255877e-02
7.662662662662662605e+00 6.212575795467425999e-02
7.672672672672672611e+00 6.229033223227987970e-02
7.682682682682682618e+00 6.245422968555700005e-02
7.692692692692692624e+00 6.261812713883413428e-02
7.702702702702702631e+00 6.278202459211125464e-02
7.712712712712712637e+00 6.294530677833351517e-02
7.722722722722722644e+00 6.310851562830357975e-02
7.732732732732732650e+00 6.327172447827364432e-02
7.742742742742742657e+00 6.343440111474923926e-02
7.752752752752752663e+00 6.359692047968953932e-02
7.762762762762762669e+00 6.375943984462983938e-02
7.772772772772772676e+00 6.392151059707409932e-02
7.782782782782782682e+00 6.408334010733802988e-02
7.792792792792792689e+00 6.424516961760196043e-02
7.802802802802802695e+00 6.440663447256793350e-02
7.812812812812812702e+00 6.456777426220020044e-02
7.822822822822822708e+00 6.472891405183248126e-02
7.832832832832832715e+00 6.488977331243052371e-02
7.842842842842842721e+00 6.505022401084627204e-02
7.852852852852852727e+00 6.521067470926200649e-02
7.862862862862862734e+00 6.537092899090513054e-02
7.872872872872872740e+00 6.553069171463568598e-02
7.882882882882882747e+00 6.569045443836625531e-02
7.892892892892892753e+00 6.585010466454244149e-02
7.902902902902902760e+00 6.600918100905166230e-02
7.912912912912912766e+00 6.616825735356088312e-02
7.922922922922922773e+00 6.632730475163292616e-02
7.932932932932932779e+00 6.648569678320656595e-02
7.942942942942942786e+00 6.664408881478020574e-02
7.952952952952952792e+00 6.680248084635384553e-02
7.962962962962962798e+00 6.696024515952503364e-02
7.972972972972972805e+00 6.711795540723590470e-02
7.982982982982982811e+00 6.727566565494676187e-02
7.992992992992992818e+00 6.743283347360992663e-02
8.003003003003001936e+00 6.758986492136119517e-02
8.013013013013011943e+00 6.774689636911246371e-02
8.023023023023021949e+00 6.790347025429652184e-02
8.033033033033031955e+00 6.805982633294489770e-02
8.043043043043041962e+00 6.821618241159327356e-02
8.053053053053051968e+00 6.837216520389879926e-02
8.063063063063061975e+00 6.852784978345947964e-02
8.073073073073071981e+00 6.868353436302014614e-02
8.083083083083081988e+00 6.883892917865182259e-02
8.093093093093091994e+00 6.899394656058648045e-02
8.103103103103102001e+00 6.914896394252112444e-02
8.113113113113112007e+00 6.930377416935333545e-02
8.123123123123122014e+00 6.945812907894247101e-02
8.133133133133132020e+00 6.961248398853162045e-02
8.143143143143142026e+00 6.976671328220704349e-02
8.153153153153152033e+00 6.992041086100753144e-02
8.163163163163162039e+00 7.007410843980803328e-02
8.173173173173172046e+00 7.022776071986988611e-02
8.183183183183182052e+00 7.038080651825852352e-02
8.193193193193192059e+00 7.053385231664713317e-02
8.203203203203202065e+00 7.068689811503575671e-02
8.213213213213213848e+00 7.083933173250846205e-02
8.223223223223223854e+00 7.099173170231184993e-02
8.233233233233233861e+00 7.114413167211523781e-02
8.243243243243243867e+00 7.129600323745285961e-02
8.253253253253253874e+00 7.144776372466427050e-02
8.263263263263263880e+00 7.159952421187568139e-02
8.273273273273273887e+00 7.175083880042407158e-02
8.283283283283283893e+00 7.190196653800726145e-02
8.293293293293293900e+00 7.205309427559045132e-02
8.303303303303303906e+00 7.220385720435350263e-02
8.313313313313313913e+00 7.235435930513314795e-02
8.323323323323323919e+00 7.250486140591280715e-02
8.333333333333333925e+00 7.265507822994120291e-02
8.343343343343343932e+00 7.280496217958057348e-02
8.353353353353353938e+00 7.295484612921993017e-02
8.363363363363363945e+00 7.310452263803389472e-02
8.373373373373373951e+00 7.325379628809862431e-02
8.383383383383383958e+00 7.340306993816336778e-02
8.393393393393393964e+00 7.355221215220884845e-02
8.403403403403403971e+00 7.370088371331680321e-02
8.413413413413413977e+00 7.384955527442475798e-02
8.423423423423423984e+00 7.399816944156355214e-02
8.433433433433433990e+00 7.414624747662020010e-02
8.443443443443443996e+00 7.429432551167683418e-02
8.453453453453454003e+00 7.444240354673346827e-02
8.463463463463464009e+00 7.458991152122870782e-02
8.473473473473474016e+00 7.473740493874724000e-02
8.483483483483484022e+00 7.488489835626577218e-02
8.493493493493494029e+00 7.503190069547803487e-02
8.503503503503504035e+00 7.517881874298337763e-02
8.513513513513514042e+00 7.532573679048870652e-02
8.523523523523524048e+00 7.547224073630093288e-02
8.533533533533534055e+00 7.561859299381705479e-02
8.543543543543544061e+00 7.576494525133319058e-02
8.553553553553554067e+00 7.591095825290704313e-02
8.563563563563564074e+00 7.605675462652629337e-02
8.573573573573574080e+00 7.620255100014555749e-02
8.583583583583584087e+00 7.634808071065840585e-02
8.593593593593594093e+00 7.649333142619210713e-02
8.603603603603604100e+00 7.663858214172580841e-02
8.613613613613614106e+00 7.678363641513898108e-02
8.623623623623624113e+00 7.692835201184805571e-02
8.633633633633634119e+00 7.707306760855714423e-02
8.643643643643644126e+00 7.721765449641543322e-02
8.653653653653654132e+00 7.736184582081984118e-02
8.663663663663664138e+00 7.750603714522424914e-02
8.673673673673674145e+00 7.765016489348600115e-02
8.683683683683684151e+00 7.779384309325226843e-02
8.693693693693694158e+00 7.793752129301853571e-02
8.703703703703704164e+00 7.808119833891653816e-02
8.713713713713714171e+00 7.822437485682129377e-02
8.723723723723724177e+00 7.836755137472604937e-02
8.733733733733734184e+00 7.851072789263081886e-02
8.743743743743744190e+00 7.865347291162728960e-02
8.753753753753754197e+00 7.879615947959645039e-02
8.763763763763764203e+00 7.893884604756562506e-02
8.773773773773774209e+00 7.908116981526784606e-02
8.783783783783784216e+00 7.922337844848938160e-02
8.793793793793794222e+00 7.936558708171090326e-02
8.803803803803804229e+00 7.950749886808605726e-02
8.813813813813814235e+00 7.964924185919562694e-02
8.823823823823824242e+00 7.979098485030516885e-02
8.833833833833834248e+00 7.993249409859219667e-02
8.843843843843844255e+00 8.007378401192984108e-02
8.853853853853854261e+00 8.021507392526749936e-02
8.863863863863864268e+00 8.035619024905496510e-02
8.873873873873874274e+00 8.049703991499172762e-02
8.883883883883884280e+00 8.063788958092847625e-02
8.893893893893894287e+00 8.077862276125936936e-02
8.903903903903904293e+00 8.091904527059233521e-02
8.913913913913914300e+00 8.105946777992528718e-02
8.923923923923924306e+00 8.119982776242849754e-02
8.933933933933934313e+00 8.133983646084311236e-02
8.943943943943944319e+00 8.147984515925774107e-02
8.953953953953954326e+00 8.161984205130579095e-02
8.963963963963964332e+00 8.175945053390386297e-02
8.973973973973974338e+00 8.189905901650194886e-02
8.983983983983984345e+00 8.203866749910002087e-02
8.993993993993994351e+00 8.217792519028660481e-02
9.004004004004004358e+00 8.231714729617856108e-02
9.014014014014014364e+00 8.245636940207050347e-02
9.024024024024024371e+00 8.259529876931240300e-02
9.034034034034034377e+00 8.273414857627260643e-02
9.044044044044044384e+00 8.287299838323280987e-02
9.054054054054054390e+00 8.301161023571808351e-02
9.064064064064064397e+00 8.315010205490197537e-02
9.074074074074074403e+00 8.328859387408585335e-02
9.084084084084084409e+00 8.342689916640966263e-02
9.094094094094094416e+00 8.356504753713084321e-02
9.104104104104104422e+00 8.370319590785205155e-02
9.114114114114114429e+00 8.384120573735914794e-02
9.124124124124124435e+00 8.397902542192589581e-02
9.134134134134134442e+00 8.411684510649264368e-02
9.144144144144144448e+00 8.425457071064261505e-02
9.154154154154154455e+00 8.439207668925143013e-02
9.164164164164164461e+00 8.452958266786023134e-02
9.174174174174174468e+00 8.466703542161495288e-02
9.184184184184184474e+00 8.480424288730116500e-02
9.194194194194194480e+00 8.494145035298739099e-02
9.204204204204204487e+00 8.507864176622073615e-02
9.214214214214214493e+00 8.521556611986372265e-02
9.224224224224224500e+00 8.535249047350670915e-02
9.234234234234234506e+00 8.548941482714969564e-02
9.244244244244244513e+00 8.562608903381828396e-02
9.254254254254254519e+00 8.576274587920078296e-02
9.264264264264264526e+00 8.589940272458326809e-02
9.274274274274274532e+00 8.603585480675852992e-02
9.284284284284284539e+00 8.617225994567852265e-02
9.294294294294294545e+00 8.630866508459852926e-02
9.304304304304304551e+00 8.644490713474145549e-02
9.314314314314314558e+00 8.658107656217557679e-02
9.324324324324324564e+00 8.671724598960969810e-02
9.334334334334334571e+00 8.685329022015876588e-02
9.344344344344344577e+00 8.698924011947599400e-02
9.354354354354354584e+00 8.712519001879322211e-02
9.364364364364364590e+00 8.726104875972816310e-02
9.374374374374374597e+00 8.739679549795267843e-02
9.384384384384384603e+00 8.753254223617719376e-02
9.394394394394394610e+00 8.766822793260174718e-02
9.404404404404404616e+00 8.780378805572398859e-02
9.414414414414414622e+00 8.793934817884623001e-02
9.424424424424424629e+00 8.807487338858960291e-02
9.434434434434434635e+00 8.821026361692423101e-02
9.444444444444444642e+00 8.834565384525884524e-02
9.454454454454454648e+00 8.848103123649539437e-02
9.464464464464464655e+00 8.861626846008545388e-02
9.474474474474474661e+00 8.875150568367552728e-02
9.484484484484484668e+00 8.888674290726558680e-02
9.494494494494494674e+00 8.902184930662851436e-02
9.504504504504504681e+00 8.915695058069440793e-02
9.514514514514514687e+00 8.929205185476030149e-02
9.524524524524524693e+00 8.942705330946083830e-02
9.534534534534534700e+00 8.956203584989362587e-02
9.544544544544544706e+00 8.969701839032641344e-02
9.554554554554554713e+00 8.983192804167920709e-02
9.564564564564564719e+00 8.996680922057673224e-02
9.574574574574574726e+00 9.010169039947428515e-02
9.584584584584584732e+00 9.023652148537492090e-02
9.594594594594594739e+00 9.037131882662075011e-02
9.604604604604604745e+00 9.050611616786657931e-02
9.614614614614614752e+00 9.064088202054031151e-02
9.624624624624624758e+00 9.077561319542326590e-02
9.634634634634634764e+00 9.091034437030622029e-02
9.644644644644644771e+00 9.104505841407281586e-02
9.654654654654654777e+00 9.117974123694799760e-02
9.664664664664664784e+00 9.131442405982316546e-02
9.674674674674674790e+00 9.144909980887752643e-02
9.684684684684684797e+00 9.158375223286649436e-02
9.694694694694694803e+00 9.171840465685544841e-02
9.704704704704704810e+00 9.185305571306359718e-02
9.714714714714714816e+00 9.198769582579402471e-02
9.724724724724724823e+00 9.212233593852442448e-02
9.734734734734734829e+00 9.225697605125485201e-02
9.744744744744744835e+00 9.239162200861840424e-02
9.754754754754754842e+00 9.252626802800180406e-02
9.764764764764764848e+00 9.266091404738520387e-02
9.774774774774774855e+00 9.279558111391994490e-02
9.784784784784784861e+00 9.293025138396739104e-02
9.794794794794794868e+00 9.306492165401483718e-02
9.804804804804804874e+00 9.319962380348112418e-02
9.814814814814814881e+00 9.333433679015572249e-02
9.824824824824824887e+00 9.346904977683030691e-02
9.834834834834834894e+00 9.360380105788433658e-02
9.844844844844844900e+00 9.373857534499023536e-02
9.854854854854854906e+00 9.387334963209612027e-02
9.864864864864864913e+00 9.400816416619657556e-02
9.874874874874874919e+00 9.414301845130398916e-02
9.884884884884884926e+00 9.427787273641140275e-02
9.894894894894894932e+00 9.441276471573990803e-02
9.904904904904904939e+00 9.454771780614507071e-02
9.914914914914914945e+00 9.468267089655024726e-02
9.924924924924924952e+00 9.481765458194554852e-02
9.934934934934934958e+00 9.495272539066600126e-02
9.944944944944944965e+00 9.508779619938646788e-02
9.954954954954954971e+00 9.522288591829229654e-02
9.964964964964964977e+00 9.535809346009577192e-02
9.974974974974974984e+00 9.549330100189924730e-02
9.984984984984984990e+00 9.562851114632532623e-02
9.994994994994994997e+00 9.576387453379313353e-02
1.000500500500500500e+01 9.589923792126094082e-02
1.001501501501501501e+01 9.603460130872873424e-02
1.002502502502502502e+01 9.617012138538112709e-02
1.003503503503503502e+01 9.630565982500466360e-02
1.004504504504504503e+01 9.644119826462820011e-02
1.005505505505505504e+01 9.657688703296082866e-02
1.006506506506506504e+01 9.671261982127098145e-02
1.007507507507507505e+01 9.684835260958116199e-02
1.008508508508508505e+01 9.698422472940354533e-02
1.009509509509509506e+01 9.712017124913302490e-02
1.010510510510510507e+01 9.725611776886249060e-02
1.011511511511511507e+01 9.739218795272153173e-02
1.012512512512512508e+01 9.752836766899933285e-02
1.013513513513513509e+01 9.766454738527714785e-02
1.014514514514514509e+01 9.780083039651558952e-02
1.015515515515515510e+01 9.793726285309344026e-02
1.016516516516516511e+01 9.807369530967129101e-02
1.017517517517517511e+01 9.821020596049871709e-02
1.018518518518518512e+01 9.834691077600926645e-02
1.019519519519519513e+01 9.848361559151981581e-02
1.020520520520520513e+01 9.862036874109615658e-02
1.021521521521521514e+01 9.875736560534249808e-02
1.022522522522522515e+01 9.889436246958883958e-02
1.023523523523523515e+01 9.903137302211992288e-02
1.024524524524524516e+01 9.916868169239644037e-02
1.025525525525525516e+01 9.930599036267294399e-02
1.026526526526526517e+01 9.944329903294946149e-02
1.027527527527527518e+01 9.958091356296235042e-02
1.028528528528528518e+01 9.971855386040612279e-02
1.029529529529529519e+01 9.985619415784990904e-02
1.030530530530530520e+01 9.999411590817337825e-02
1.031531531531531520e+01 1.001321077141468230e-01
1.032532532532532521e+01 1.002700995201202538e-01
1.033533533533533522e+01 1.004083435754323517e-01
1.034534534534534522e+01 1.005467068279360249e-01
1.035535535535535523e+01 1.006850700804396703e-01
1.036536536536536524e+01 1.008236515594120031e-01
1.037537537537537524e+01 1.009624062495276253e-01
1.038538538538538525e+01 1.011011609396432476e-01
1.039539539539539525e+01 1.012400949931275412e-01
1.040540540540540526e+01 1.013792611614919709e-01
1.041541541541541527e+01 1.015184273298564144e-01
1.042542542542542527e+01 1.016577291390827198e-01
1.043543543543543528e+01 1.017973268723910280e-01
1.044544544544544529e+01 1.019369246056993639e-01
1.045545545545545529e+01 1.020766093804859748e-01
1.046546546546546530e+01 1.022166588080252320e-01
1.047547547547547531e+01 1.023567082355644614e-01
1.048548548548548531e+01 1.024967912125397673e-01
1.049549549549549532e+01 1.026373125027521954e-01
1.050550550550550533e+01 1.027778337929646235e-01
1.051551551551551533e+01 1.029183550831770377e-01
1.052552552552552534e+01 1.030593435908765815e-01
1.053553553553553535e+01 1.032003569479527511e-01
1.054554554554554535e+01 1.033413703050289068e-01
1.055555555555555536e+01 1.034828077981110733e-01
1.056556556556556536e+01 1.036243334586127718e-01
1.057557557557557537e+01 1.037658591191144702e-01
1.058558558558558538e+01 1.039077609331084118e-01
1.059559559559559538e+01 1.040498191626208213e-01
1.060560560560560539e+01 1.041918773921332170e-01
1.061561561561561540e+01 1.043342588790639042e-01
1.062562562562562540e+01 1.044768699688777835e-01
1.063563563563563541e+01 1.046194810586916768e-01
1.064564564564564542e+01 1.047623575853892375e-01
1.065565565565565542e+01 1.049055418492123304e-01
1.066566566566566543e+01 1.050487261130354233e-01
1.067567567567567544e+01 1.051921130594563047e-01
1.068568568568568544e+01 1.053358908301543218e-01
1.069569569569569545e+01 1.054796686008523388e-01
1.070570570570570545e+01 1.056235813584119609e-01
1.071571571571571546e+01 1.057679729847789268e-01
1.072572572572572547e+01 1.059123646111459066e-01
1.073573573573573547e+01 1.060568185810627784e-01
1.074574574574574548e+01 1.062018444246210502e-01
1.075575575575575549e+01 1.063468702681793221e-01
1.076576576576576549e+01 1.064918961117375940e-01
1.077577577577577550e+01 1.066375612916605209e-01
1.078578578578578551e+01 1.067832417234901576e-01
1.079579579579579551e+01 1.069289221553197944e-01
1.080580580580580552e+01 1.070751797503774333e-01
1.081581581581581553e+01 1.072215351479748197e-01
1.082582582582582553e+01 1.073678905455721921e-01
1.083583583583583554e+01 1.075147559798777935e-01
1.084584584584584555e+01 1.076618067240439902e-01
1.085585585585585555e+01 1.078088574682101730e-01
1.086586586586586556e+01 1.079563461660900392e-01
1.087587587587587556e+01 1.081041126378484291e-01
1.088588588588588557e+01 1.082518791096068189e-01
1.089589589589589558e+01 1.084000064940316560e-01
1.090590590590590558e+01 1.085485090715751638e-01
1.091591591591591559e+01 1.086970116491186716e-01
1.092592592592592560e+01 1.088457931401465295e-01
1.093593593593593560e+01 1.089950521958141239e-01
1.094594594594594561e+01 1.091443112514817321e-01
1.095595595595595562e+01 1.092937622647125601e-01
1.096596596596596562e+01 1.094437981619958145e-01
1.097597597597597563e+01 1.095938340592790688e-01
1.098598598598598564e+01 1.097439700043208732e-01
1.099599599599599564e+01 1.098948030948992405e-01
1.100600600600600565e+01 1.100456361854775938e-01
1.101601601601601566e+01 1.101964724644238502e-01
1.102602602602602566e+01 1.103481230852304124e-01
1.103603603603603567e+01 1.104997737060370022e-01
1.104604604604604567e+01 1.106514243268435782e-01
1.105605605605605568e+01 1.108038141822723227e-01
1.106606606606606569e+01 1.109563026525883372e-01
1.107607607607607569e+01 1.111087911229043657e-01
1.108608608608608570e+01 1.112619323866047838e-01
1.109609609609609571e+01 1.114152790051847475e-01
1.110610610610610571e+01 1.115686256237647250e-01
1.111611611611611572e+01 1.117225336428964988e-01
1.112612612612612573e+01 1.118767586851219104e-01
1.113613613613613573e+01 1.120309837273473219e-01
1.114614614614614574e+01 1.121856738327664943e-01
1.115615615615615575e+01 1.123407975478301207e-01
1.116616616616616575e+01 1.124959212628937472e-01
1.117617617617617576e+01 1.126514087677182169e-01
1.118618618618618576e+01 1.128074513758378361e-01
1.119619619619619577e+01 1.129634939839574415e-01
1.120620620620620578e+01 1.131197941821440733e-01
1.121621621621621578e+01 1.132767758718058598e-01
1.122622622622622579e+01 1.134337575614676463e-01
1.123623623623623580e+01 1.135908857264010113e-01
1.124624624624624580e+01 1.137488266516330643e-01
1.125625625625625581e+01 1.139067675768651172e-01
1.126626626626626582e+01 1.140647389599581535e-01
1.127627627627627582e+01 1.142236592376333904e-01
1.128628628628628583e+01 1.143825795153086411e-01
1.129629629629629584e+01 1.145414997929838918e-01
1.130630630630630584e+01 1.147013290517843315e-01
1.131631631631631585e+01 1.148612487589539960e-01
1.132632632632632586e+01 1.150211684661236883e-01
1.133633633633633586e+01 1.151818914090472629e-01
1.134634634634634587e+01 1.153428305803036180e-01
1.135635635635635587e+01 1.155037697515599593e-01
1.136636636636636588e+01 1.156654015107586170e-01
1.137637637637637589e+01 1.158273801356278915e-01
1.138638638638638589e+01 1.159893587604971799e-01
1.139639639639639590e+01 1.161519144380932372e-01
1.140640640640640591e+01 1.163149524584587285e-01
1.141641641641641769e+01 1.164779904788242337e-01
1.142642642642642770e+01 1.166414851455995494e-01
1.143643643643643770e+01 1.168056024531544390e-01
1.144644644644644771e+01 1.169697197607093286e-01
1.145645645645645772e+01 1.171341684548060647e-01
1.146646646646646772e+01 1.172993848885362372e-01
1.147647647647647773e+01 1.174646013222664098e-01
1.148648648648648773e+01 1.176300190478996449e-01
1.149649649649649774e+01 1.177963543915968303e-01
1.150650650650650775e+01 1.179626897352940157e-01
1.151651651651651775e+01 1.181290914614762794e-01
1.152652652652652776e+01 1.182965654412809903e-01
1.153653653653653777e+01 1.184640394210857012e-01
1.154654654654654777e+01 1.186315134008904260e-01
1.155655655655655778e+01 1.188000723623376664e-01
1.156656656656656779e+01 1.189687046443122787e-01
1.157657657657657779e+01 1.191373369262868770e-01
1.158658658658658780e+01 1.193069293192441371e-01
1.159659659659659781e+01 1.194767395069759042e-01
1.160660660660660781e+01 1.196465496947076573e-01
1.161661661661661782e+01 1.198171903102020763e-01
1.162662662662662783e+01 1.199881979424365641e-01
1.163663663663663783e+01 1.201592055746710519e-01
1.164664664664664784e+01 1.203309091612058124e-01
1.165665665665665784e+01 1.205031337095100047e-01
1.166666666666666785e+01 1.206753582578142248e-01
1.167667667667667786e+01 1.208481395201820019e-01
1.168668668668668786e+01 1.210216003866375623e-01
1.169669669669669787e+01 1.211950612530931504e-01
1.170670670670670788e+01 1.213689348512012878e-01
1.171671671671671788e+01 1.215436513661283663e-01
1.172672672672672789e+01 1.217183678810554309e-01
1.173673673673673790e+01 1.218933484287630653e-01
1.174674674674674790e+01 1.220693398484731657e-01
1.175675675675675791e+01 1.222453312681832660e-01
1.176676676676676792e+01 1.224214333321497344e-01
1.177677677677677792e+01 1.225987188367296810e-01
1.178678678678678793e+01 1.227760043413096275e-01
1.179679679679679793e+01 1.229532898458895601e-01
1.180680680680680794e+01 1.231318411309804406e-01
1.181681681681681795e+01 1.233104398221055997e-01
1.182682682682682795e+01 1.234890385132307727e-01
1.183683683683683796e+01 1.236687593228618515e-01
1.184684684684684797e+01 1.238486902216397734e-01
1.185685685685685797e+01 1.240286211204176953e-01
1.186686686686686798e+01 1.242095257901651983e-01
1.187687687687687799e+01 1.243908078350088736e-01
1.188688688688688799e+01 1.245720898798525489e-01
1.189689689689689800e+01 1.247541926915091831e-01
1.190690690690690801e+01 1.249368447360406503e-01
1.191691691691691801e+01 1.251194967805721037e-01
1.192692692692692802e+01 1.253028119610843649e-01
1.193693693693693803e+01 1.254868527720678362e-01
1.194694694694694803e+01 1.256708935830512797e-01
1.195695695695695804e+01 1.258554353034687101e-01
1.196696696696696804e+01 1.260408835587734921e-01
1.197697697697697805e+01 1.262263318140782742e-01
1.198698698698698806e+01 1.264121141885140576e-01
1.199699699699699806e+01 1.265989884751078376e-01
1.200700700700700807e+01 1.267858627617015899e-01
1.201701701701701808e+01 1.269728998463054148e-01
1.202702702702702808e+01 1.271612186582766202e-01
1.203703703703703809e+01 1.273495374702478533e-01
1.204704704704704810e+01 1.275378562822190587e-01
1.205705705705705810e+01 1.277276249988001100e-01
1.206706706706706811e+01 1.279174067354104383e-01
1.207707707707707812e+01 1.281071884720207665e-01
1.208708708708708812e+01 1.282982581356431895e-01
1.209709709709709813e+01 1.284895210994094761e-01
1.210710710710710813e+01 1.286807840631757349e-01
1.211711711711711814e+01 1.288731684514165254e-01
1.212712712712712815e+01 1.290659308462223931e-01
1.213713713713713815e+01 1.292586932410282885e-01
1.214714714714714816e+01 1.294524060676482957e-01
1.215715715715715817e+01 1.296466859968852248e-01
1.216716716716716817e+01 1.298409659261221261e-01
1.217717717717717818e+01 1.300360208401263873e-01
1.218718718718718819e+01 1.302318363048642902e-01
1.219719719719719819e+01 1.304276517696021931e-01
1.220720720720720820e+01 1.306240623543113155e-01
1.221721721721721821e+01 1.308214312514982824e-01
1.222722722722722821e+01 1.310188001486852494e-01
1.223723723723723822e+01 1.312165799208186989e-01
1.224724724724724823e+01 1.314155200415104141e-01
1.225725725725725823e+01 1.316144601622021293e-01
1.226726726726726824e+01 1.318136225709728160e-01
1.227727727727727824e+01 1.320141515985907565e-01
1.228728728728728825e+01 1.322146806262087249e-01
1.229729729729729826e+01 1.324152390524289402e-01
1.230730730730730826e+01 1.326173745610480792e-01
1.231731731731731827e+01 1.328195100696672182e-01
1.232732732732732828e+01 1.330216455782863572e-01
1.233733733733733828e+01 1.332252372775314386e-01
1.234734734734734829e+01 1.334289967301964530e-01
1.235735735735735830e+01 1.336327561828614396e-01
1.236736736736736830e+01 1.338377878028207679e-01
1.237737737737737831e+01 1.340431885498920561e-01
1.238738738738738832e+01 1.342485892969633721e-01
1.239739739739739832e+01 1.344550738936878265e-01
1.240740740740740833e+01 1.346621331712154201e-01
1.241741741741741833e+01 1.348691924487430138e-01
1.242742742742742834e+01 1.350771430048242627e-01
1.243743743743743835e+01 1.352858779329509653e-01
1.244744744744744835e+01 1.354946128610776679e-01
1.245745745745745836e+01 1.357040422848397043e-01
1.246746746746746837e+01 1.359144698662331785e-01
1.247747747747747837e+01 1.361248974476266804e-01
1.248748748748748838e+01 1.363358185723287097e-01
1.249749749749749839e+01 1.365479556906413483e-01
1.250750750750750839e+01 1.367600928089539591e-01
1.251751751751751840e+01 1.369725183920040834e-01
1.252752752752752841e+01 1.371863818103617461e-01
1.253753753753753841e+01 1.374002452287193532e-01
1.254754754754754842e+01 1.376141879508998855e-01
1.255755755755755843e+01 1.378297943104193624e-01
1.256756756756756843e+01 1.380454006699388669e-01
1.257757757757757844e+01 1.382610070294583993e-01
1.258758758758758844e+01 1.384782389529764235e-01
1.259759759759759845e+01 1.386956047713102380e-01
1.260760760760760846e+01 1.389129705896440248e-01
1.261761761761761846e+01 1.391317611736972437e-01
1.262762762762762847e+01 1.393509028436070163e-01
1.263763763763763848e+01 1.395700445135167611e-01
1.264764764764764848e+01 1.397904060781820779e-01
1.265765765765765849e+01 1.400113398661402275e-01
1.266766766766766850e+01 1.402322736540983494e-01
1.267767767767767850e+01 1.404542184384670600e-01
1.268768768768768851e+01 1.406769604832854015e-01
1.269769769769769852e+01 1.408997025281037985e-01
1.270770770770770852e+01 1.411232426895898118e-01
1.271771771771771853e+01 1.413478090010770738e-01
1.272772772772772854e+01 1.415723753125643913e-01
1.273773773773773854e+01 1.417975229262231907e-01
1.274774774774774855e+01 1.420239293838691519e-01
1.275775775775775855e+01 1.422503358415151409e-01
1.276776776776776856e+01 1.424771028993733757e-01
1.277777777777777857e+01 1.427053652510607840e-01
1.278778778778778857e+01 1.429336276027482200e-01
1.279779779779779858e+01 1.431620260131440947e-01
1.280780780780780859e+01 1.433921598738884529e-01
1.281781781781781859e+01 1.436222937346328110e-01
1.282782782782782860e+01 1.438524275953771692e-01
1.283783783783783861e+01 1.440843561722831567e-01
1.284784784784784861e+01 1.443163770229987375e-01
1.285785785785785862e+01 1.445483978737143460e-01
1.286786786786786863e+01 1.447819967117922602e-01
1.287787787787787863e+01 1.450159198980863484e-01
1.288788788788788864e+01 1.452498430843804089e-01
1.289789789789789864e+01 1.454851237005667375e-01
1.290790790790790865e+01 1.457209644315595465e-01
1.291791791791791866e+01 1.459568051625523832e-01
1.292792792792792866e+01 1.461937789864117265e-01
1.293793793793793867e+01 1.464315523335849023e-01
1.294794794794794868e+01 1.466693256807580503e-01
1.295795795795795868e+01 1.469080040539033627e-01
1.296796796796796869e+01 1.471477249499728857e-01
1.297797797797797870e+01 1.473874458460424364e-01
1.298798798798798870e+01 1.476278400215657594e-01
1.299799799799799871e+01 1.478695232593834619e-01
1.300800800800800872e+01 1.481112064972011921e-01
1.301801801801801872e+01 1.483533276391152400e-01
1.302802802802802873e+01 1.485969878705958314e-01
1.303803803803803874e+01 1.488406481020764227e-01
1.304804804804804874e+01 1.490845072847659936e-01
1.305805805805805875e+01 1.493301590198400364e-01
1.306806806806806875e+01 1.495758107549140792e-01
1.307807807807807876e+01 1.498214624899880942e-01
1.308808808808808877e+01 1.500690765681916838e-01
1.309809809809809877e+01 1.503167341737855489e-01
1.310810810810810878e+01 1.505643917793794140e-01
1.311811811811811879e+01 1.508137799990293126e-01
1.312812812812812879e+01 1.510634576980701693e-01
1.313813813813813880e+01 1.513131353971109982e-01
1.314814814814814881e+01 1.515643084155531839e-01
1.315815815815815881e+01 1.518160202860011077e-01
1.316816816816816882e+01 1.520677321564490314e-01
1.317817817817817883e+01 1.523207005383674095e-01
1.318818818818818883e+01 1.525744605122716369e-01
1.319819819819819884e+01 1.528282204861758919e-01
1.320820820820820884e+01 1.530829947031207561e-01
1.321821821821821885e+01 1.533388165657028346e-01
1.322822822822822886e+01 1.535946384282849131e-01
1.323823823823823886e+01 1.538512288582112586e-01
1.324824824824824887e+01 1.541091262469728995e-01
1.325825825825825888e+01 1.543670236357345127e-01
1.326826826826826888e+01 1.546254405625502315e-01
1.327827827827827889e+01 1.548854269664066974e-01
1.328828828828828890e+01 1.551454133702631355e-01
1.329829829829829890e+01 1.554056669833869808e-01
1.330830830830830891e+01 1.556677557418255364e-01
1.331831831831831892e+01 1.559298445002640643e-01
1.332832832832832892e+01 1.561919448941936628e-01
1.333833833833833893e+01 1.564561491964570894e-01
1.334834834834834894e+01 1.567203534987205160e-01
1.335835835835835894e+01 1.569845578009839426e-01
1.336836836836836895e+01 1.572506435569050731e-01
1.337837837837837895e+01 1.575169764412000517e-01
1.338838838838838896e+01 1.577833093254950303e-01
1.339839839839839897e+01 1.580512746511779643e-01
1.340840840840840897e+01 1.583197490039078281e-01
1.341841841841841898e+01 1.585882233566377197e-01
1.342842842842842899e+01 1.588580779067765292e-01
1.343843843843843899e+01 1.591287064617991631e-01
1.344844844844844900e+01 1.593993350168217693e-01
1.345845845845845901e+01 1.596710883488410559e-01
1.346846846846846901e+01 1.599438836867507763e-01
1.347847847847847902e+01 1.602166790246604411e-01
1.348848848848848903e+01 1.604903405983560127e-01
1.349849849849849903e+01 1.607653151457899277e-01
1.350850850850850904e+01 1.610402896932238148e-01
1.351851851851851904e+01 1.613158688704130483e-01
1.352852852852852905e+01 1.615930348993812604e-01
1.353853853853853906e+01 1.618702009283495002e-01
1.354854854854854906e+01 1.621477069725311415e-01
1.355855855855855907e+01 1.624270765997717358e-01
1.356856856856856908e+01 1.627064462270123302e-01
1.357857857857857908e+01 1.629858883030360639e-01
1.358858858858858909e+01 1.632674734893927171e-01
1.359859859859859910e+01 1.635490586757493703e-01
1.360860860860860910e+01 1.638306438621060235e-01
1.361861861861861911e+01 1.641142583993180082e-01
1.362862862862862912e+01 1.643980709491422443e-01
1.363863863863863912e+01 1.646818834989665359e-01
1.364864864864864913e+01 1.649674637477800965e-01
1.365865865865865914e+01 1.652535153083571351e-01
1.366866866866866914e+01 1.655395668689341737e-01
1.367867867867867915e+01 1.658271215387419617e-01
1.368868868868868915e+01 1.661154235997393813e-01
1.369869869869869916e+01 1.664037256607367732e-01
1.370870870870870917e+01 1.666932633605243130e-01
1.371871871871871917e+01 1.669838272534640844e-01
1.372872872872872918e+01 1.672743911464039113e-01
1.373873873873873919e+01 1.675659203844886147e-01
1.374874874874874919e+01 1.678587572822434482e-01
1.375875875875875920e+01 1.681515941799982261e-01
1.376876876876876921e+01 1.684451233637772882e-01
1.377877877877877921e+01 1.687402442800879365e-01
1.378878878878878922e+01 1.690353651963985848e-01
1.379879879879879923e+01 1.693309026321054844e-01
1.380880880880880923e+01 1.696283184211227202e-01
1.381881881881881924e+01 1.699257342101399837e-01
1.382882882882882924e+01 1.702232881026104483e-01
1.383883883883883925e+01 1.705230094584593015e-01
1.384884884884884926e+01 1.708227308143081269e-01
1.385885885885885926e+01 1.711224521701569801e-01
1.386886886886886927e+01 1.714243467231207629e-01
1.387887887887887928e+01 1.717263841794864077e-01
1.388888888888888928e+01 1.720284216358520524e-01
1.389889889889889929e+01 1.723323591230207230e-01
1.390890890890890930e+01 1.726367230527584840e-01
1.391891891891891930e+01 1.729410869824962727e-01
1.392892892892892931e+01 1.732470751419971922e-01
1.393893893893893932e+01 1.735537757567632566e-01
1.394894894894894932e+01 1.738604763715293211e-01
1.395895895895895933e+01 1.741685228388979434e-01
1.396896896896896934e+01 1.744775701888036101e-01
1.397897897897897934e+01 1.747866175387092491e-01
1.398898898898898935e+01 1.750967298467208666e-01
1.399899899899899935e+01 1.754081338200076667e-01
1.400900900900900936e+01 1.757195377932944669e-01
1.401901901901901937e+01 1.760317233718048935e-01
1.402902902902902937e+01 1.763454936945425544e-01
1.403903903903903938e+01 1.766592640172801876e-01
1.404904904904904939e+01 1.769735301930752402e-01
1.405905905905905939e+01 1.772896764288813820e-01
1.406906906906906940e+01 1.776058226646875238e-01
1.407907907907907941e+01 1.779221766613408307e-01
1.408908908908908941e+01 1.782407082111214236e-01
1.409909909909909942e+01 1.785592397609019888e-01
1.410910910910910943e+01 1.788777713106825817e-01
1.411911911911911943e+01 1.791986148003534285e-01
1.412912912912912944e+01 1.795195409020659272e-01
1.413913913913913944e+01 1.798404670037783981e-01
1.414914914914914945e+01 1.801634215260838889e-01
1.415915915915915946e+01 1.804867512545210995e-01
1.416916916916916946e+01 1.808100809829583100e-01
1.417917917917917947e+01 1.811351532877073789e-01
1.418918918918918948e+01 1.814608955543030588e-01
1.419919919919919948e+01 1.817866378208987665e-01
1.420920920920920949e+01 1.821138345540301295e-01
1.421921921921921950e+01 1.824419981066849328e-01
1.422922922922922950e+01 1.827701616593397360e-01
1.423923923923923951e+01 1.830994893628430653e-01
1.424924924924924952e+01 1.834300827857723304e-01
1.425925925925925952e+01 1.837606762087016510e-01
1.426926926926926953e+01 1.840921413205466872e-01
1.427927927927927954e+01 1.844251730341493478e-01
1.428928928928928954e+01 1.847582047477520639e-01
1.429929929929929955e+01 1.850918136018260551e-01
1.430930930930930955e+01 1.854272918625728961e-01
1.431931931931931956e+01 1.857627701233197925e-01
1.432932932932932957e+01 1.860985289493726214e-01
1.433933933933933957e+01 1.864364618497167669e-01
1.434934934934934958e+01 1.867743947500608848e-01
1.435935935935935959e+01 1.871123276504050026e-01
1.436936936936936959e+01 1.874527051419660750e-01
1.437937937937937960e+01 1.877931006102732669e-01
1.438938938938938961e+01 1.881334960785804866e-01
1.439939939939939961e+01 1.884760434532599671e-01
1.440940940940940962e+01 1.888189092537589098e-01
1.441941941941941963e+01 1.891617750542579079e-01
1.442942942942942963e+01 1.895064980649822650e-01
1.443943943943943964e+01 1.898518417977365647e-01
1.444944944944944965e+01 1.901971855304908643e-01
1.445945945945945965e+01 1.905440898259028737e-01
1.446946946946946966e+01 1.908919189268013794e-01
1.447947947947947966e+01 1.912397480276998296e-01
1.448948948948948967e+01 1.915888391521643752e-01
1.449949949949949968e+01 1.919391608929326698e-01
1.450950950950950968e+01 1.922894826337009644e-01
1.451951951951951969e+01 1.926407660273185551e-01
1.452952952952952970e+01 1.929935875155506242e-01
1.453953953953953970e+01 1.933464090037826655e-01
1.454954954954954971e+01 1.936998900024106962e-01
1.455955955955955972e+01 1.940552181816194988e-01
1.456956956956956972e+01 1.944105463608282458e-01
1.457957957957957973e+01 1.947662301961098630e-01
1.458958958958958974e+01 1.951240718457977752e-01
1.459959959959959974e+01 1.954819134954856874e-01
1.460960960960960975e+01 1.958398052948862322e-01
1.461961961961961975e+01 1.962001670306360301e-01
1.462962962962962976e+01 1.965605287663858003e-01
1.463963963963963977e+01 1.969208905021355704e-01
1.464964964964964977e+01 1.972835218268216839e-01
1.465965965965965978e+01 1.976464101004055396e-01
1.466966966966966979e+01 1.980092983739893675e-01
1.467967967967967979e+01 1.983741538934692683e-01
1.468968968968968980e+01 1.987395749929782574e-01
1.469969969969969981e+01 1.991049960924872464e-01
1.470970970970970981e+01 1.994720804584577678e-01
1.471971971971971982e+01 1.998400405084499454e-01
1.472972972972972983e+01 2.002080005584420674e-01
1.473973973973973983e+01 2.005773183188131192e-01
1.474974974974974984e+01 2.009478232804807474e-01
1.475975975975975985e+01 2.013183282421483755e-01
1.476976976976976985e+01 2.016898838411367301e-01
1.477977977977977986e+01 2.020629395124929062e-01
1.478978978978978986e+01 2.024359951838490546e-01
1.479979979979979987e+01 2.028097929620796547e-01
1.480980980980980988e+01 2.031854049781632865e-01
1.481981981981981988e+01 2.035610169942469461e-01
1.482982982982982989e+01 2.039370611888612905e-01
1.483983983983983990e+01 2.043152350219614999e-01
1.484984984984984990e+01 2.046934088550616815e-01
1.485985985985985991e+01 2.050717035998340376e-01
1.486986986986986992e+01 2.054524445597322446e-01
1.487987987987987992e+01 2.058331855196304516e-01
1.488988988988988993e+01 2.062139264795286586e-01
1.489989989989989994e+01 2.065970480793221375e-01
1.490990990990990994e+01 2.069803613135534348e-01
1.491991991991991995e+01 2.073636745477847598e-01
1.492992992992992995e+01 2.077490596412510382e-01
1.493993993993993996e+01 2.081349501353840226e-01
1.494994994994994997e+01 2.085208406295170624e-01
1.495995995995995997e+01 2.089084928794277540e-01
1.496996996996996998e+01 2.092969654573621496e-01
1.497997997997997999e+01 2.096854380352965730e-01
1.498998998998998999e+01 2.100753610019086004e-01
1.500000000000000000e+01 2.104664203261915889e-01
