5.000000000000000000e+00 1.088623398177502623e-02
5.010010010010010006e+00 1.099265019021192225e-02
5.020020020020020013e+00 1.109906639864882000e-02
5.030030030030030019e+00 1.120548260708571602e-02
5.040040040040040026e+00 1.131189881552261377e-02
5.050050050050050032e+00 1.141831502395951152e-02
5.060060060060060039e+00 1.152473123239640927e-02
5.070070070070070045e+00 1.163114744083330529e-02
5.080080080080080052e+00 1.173756364927020131e-02
5.090090090090090058e+00 1.184397985770709906e-02
5.100100100100100065e+00 1.195039606614399508e-02
5.110110110110110071e+00 1.205681227458089283e-02
5.120120120120120077e+00 1.216322848301779058e-02
5.130130130130130084e+00 1.227093983568605662e-02
5.140140140140140090e+00 1.237901605980017486e-02
5.150150150150150097e+00 1.248709228391429484e-02
5.160160160160160103e+00 1.259623802890929602e-02
5.170170170170170110e+00 1.270595638549828349e-02
5.180180180180180116e+00 1.281567474208727270e-02
5.190190190190190123e+00 1.292624137392517185e-02
5.200200200200200129e+00 1.303758353458941456e-02
5.210210210210210136e+00 1.314892569525365554e-02
5.220220220220220142e+00 1.326089944394084376e-02
5.230230230230230148e+00 1.337384665675997626e-02
5.240240240240240155e+00 1.348679386957910530e-02
5.250250250250250161e+00 1.360016071096471421e-02
5.260260260260260168e+00 1.371469382161634443e-02
5.270270270270270174e+00 1.382922693226797464e-02
5.280280280280280181e+00 1.394397259819887651e-02
5.290290290290290187e+00 1.406007207052530419e-02
5.300300300300300194e+00 1.417617154285173188e-02
5.310310310310310200e+00 1.429228153113134940e-02
5.320320320320320207e+00 1.440992746716245228e-02
5.330330330330330213e+00 1.452757340319355515e-02
5.340340340340340219e+00 1.464521933922465803e-02
5.350350350350350226e+00 1.476420514678806854e-02
5.360360360360360232e+00 1.488337730622993176e-02
5.370370370370370239e+00 1.500254946567179497e-02
5.380380380380380245e+00 1.512284936427308116e-02
5.390390390390390252e+00 1.524352718347385394e-02
5.400400400400400258e+00 1.536420500267462672e-02
5.410410410410410265e+00 1.548580354090143413e-02
5.420420420420420271e+00 1.560796615130691234e-02
5.430430430430430278e+00 1.573012876171239055e-02
5.440440440440440284e+00 1.585301030997735700e-02
5.450450450450450290e+00 1.597663655609027344e-02
5.460460460460460297e+00 1.610026280220318295e-02
5.470470470470470303e+00 1.622441156126889009e-02
5.480480480480480310e+00 1.634948001812645824e-02
5.490490490490490316e+00 1.647454847498403332e-02
5.500500500500500323e+00 1.659994848432031628e-02
5.510510510510510329e+00 1.672643747450570234e-02
5.520520520520520336e+00 1.685292646469108493e-02
5.530530530530530342e+00 1.697956161066837763e-02
5.540540540540540349e+00 1.710744922087203967e-02
5.550550550550550355e+00 1.723533683107570172e-02
5.560560560560560361e+00 1.736322444127936376e-02
5.570570570570570368e+00 1.749245495214554746e-02
5.580580580580580374e+00 1.762171904929316080e-02
5.590590590590590381e+00 1.775098314644077413e-02
5.600600600600600387e+00 1.788139380223759123e-02
5.610610610610610394e+00 1.801201204920119953e-02
5.620620620620620400e+00 1.814263029616480782e-02
5.630630630630630407e+00 1.827420438279683118e-02
5.640640640640640413e+00 1.840615425370640754e-02
5.650650650650650419e+00 1.853810412461598389e-02
5.660660660660660426e+00 1.867082482102394927e-02
5.670670670670670432e+00 1.880408361619637439e-02
5.680680680680680439e+00 1.893734241136880297e-02
5.690690690690690445e+00 1.907119279659308039e-02
5.700700700700700452e+00 1.920573765709561800e-02
5.710710710710710458e+00 1.934028251759816255e-02
5.720720720720720465e+00 1.947524557771784098e-02
5.730730730730730471e+00 1.961105349958291652e-02
5.740740740740740478e+00 1.974686142144799900e-02
5.750750750750750484e+00 1.988292005639941476e-02
5.760760760760760490e+00 2.001996790450753100e-02
5.770770770770770497e+00 2.015701575261564377e-02
5.780780780780780503e+00 2.029415278289415162e-02
5.790790790790790510e+00 2.043241730454103955e-02
5.800800800800800516e+00 2.057068182618793095e-02
5.810810810810810523e+00 2.070894634783481889e-02
5.820820820820820529e+00 2.084833783760083048e-02
5.830830830830830536e+00 2.098779567576521121e-02
5.840840840840840542e+00 2.112725351392959541e-02
5.850850850850850549e+00 2.126766537958076769e-02
5.860860860860860555e+00 2.140829308590797703e-02
5.870870870870870561e+00 2.154892079223518983e-02
5.880880880880880568e+00 2.169033557642313648e-02
5.890890890890890574e+00 2.183210962393988472e-02
5.900900900900900581e+00 2.197388367145662949e-02
5.910910910910910587e+00 2.211628387556536721e-02
5.920920920920920594e+00 2.225918067114019544e-02
5.930930930930930600e+00 2.240207746671502367e-02
5.940940940940940607e+00 2.254544555679377851e-02
5.950950950950950613e+00 2.268944145335725221e-02
5.960960960960960620e+00 2.283343734992071897e-02
5.970970970970970626e+00 2.297775576253536720e-02
5.980980980980980632e+00 2.312282707107340615e-02
5.990990990990990639e+00 2.326789837961145205e-02
6.001001001001000645e+00 2.341314952761749599e-02
6.011011011011010652e+00 2.355927252895087531e-02
6.021021021021020658e+00 2.370539553028425117e-02
6.031031031031030665e+00 2.385156180852432764e-02
6.041041041041040671e+00 2.399871276488620489e-02
6.051051051051050678e+00 2.414586372124807867e-02
6.061061061061060684e+00 2.429301467760995592e-02
6.071071071071070691e+00 2.444108267860010258e-02
6.081081081081080697e+00 2.458923784502359614e-02
6.091091091091090703e+00 2.473739301144709662e-02
6.101101101101100710e+00 2.488631715978805586e-02
6.111111111111110716e+00 2.503545279531452575e-02
6.121121121121120723e+00 2.518458843084099563e-02
6.131131131131130729e+00 2.533435111585539967e-02
6.141141141141140736e+00 2.548444349457371777e-02
6.151151151151150742e+00 2.563453587329203240e-02
6.161161161161160749e+00 2.578511949925953173e-02
6.171171171171170755e+00 2.593614492118617373e-02
6.181181181181180762e+00 2.608717034311281574e-02
6.191191191191190768e+00 2.623855733448055352e-02
6.201201201201200774e+00 2.639049213628923141e-02
6.211211211211210781e+00 2.654242693809790929e-02
6.221221221221220787e+00 2.669459974463981103e-02
6.231231231231230794e+00 2.684742031024909409e-02
6.241241241241240800e+00 2.700024087585838409e-02
6.251251251251250807e+00 2.715318197778503195e-02
6.261261261261260813e+00 2.730686474881179396e-02
6.271271271271270820e+00 2.746054751983855596e-02
6.281281281281280826e+00 2.761423943285945537e-02
6.291291291291290833e+00 2.776876091894477441e-02
6.301301301301300839e+00 2.792328240503008999e-02
6.311311311311310845e+00 2.807780389111540556e-02
6.321321321321320852e+00 2.823304447438415923e-02
6.331331331331330858e+00 2.838838126339854329e-02
6.341341341341340865e+00 2.854371805241292387e-02
6.351351351351350871e+00 2.869965128090198186e-02
6.361361361361360878e+00 2.885578004903557175e-02
6.371371371371370884e+00 2.901190881716915818e-02
6.381381381381380891e+00 2.916851744130566013e-02
6.391391391391390897e+00 2.932541496304852391e-02
6.401401401401400904e+00 2.948231248479138769e-02
6.411411411411410910e+00 2.963957932018097124e-02
6.421421421421420916e+00 2.979722247819825004e-02
6.431431431431430923e+00 2.995486563621552537e-02
6.441441441441440929e+00 3.011277356838890085e-02
6.451451451451450936e+00 3.027113936329507704e-02
6.461461461461460942e+00 3.042950515820125323e-02
6.471471471471470949e+00 3.058803714732566403e-02
6.481481481481480955e+00 3.074710270736123047e-02
6.491491491491490962e+00 3.090616826739679690e-02
6.501501501501500968e+00 3.106530735295312887e-02
6.511511511511510975e+00 3.122504994356664620e-02
6.521521521521520981e+00 3.138479253418016701e-02
6.531531531531530987e+00 3.154453512479368088e-02
6.541541541541540994e+00 3.170491887294503430e-02
6.551551551551551000e+00 3.186531590628371297e-02
6.561561561561561007e+00 3.202571293962238469e-02
6.571571571571571013e+00 3.218664768789544078e-02
6.581581581581581020e+00 3.234767673220542011e-02
6.591591591591591026e+00 3.250870577651539250e-02
6.601601601601601033e+00 3.267017499547285320e-02
6.611611611611611927e+00 3.283181378441155790e-02
6.621621621621621934e+00 3.299345257335025566e-02
6.631631631631631940e+00 3.315543984047202020e-02
6.641641641641641947e+00 3.331766628233327060e-02
6.651651651651651953e+00 3.347989272419452100e-02
6.661661661661661959e+00 3.364238172830644191e-02
6.671671671671671966e+00 3.380517391515944214e-02
6.681681681681681972e+00 3.396796610201244238e-02
6.691691691691691979e+00 3.413094064768428665e-02
6.701701701701701985e+00 3.429427686442641787e-02
6.711711711711711992e+00 3.445761308116854910e-02
6.721721721721721998e+00 3.462105709308149065e-02
6.731731731731732005e+00 3.478491582640535346e-02
6.741741741741742011e+00 3.494877455972921626e-02
6.751751751751752018e+00 3.511267208701281811e-02
6.761761761761762024e+00 3.527703203428674689e-02
6.771771771771772030e+00 3.544139198156066872e-02
6.781781781781782037e+00 3.560575192883459750e-02
6.791791791791792043e+00 3.577056728016079351e-02
6.801801801801802050e+00 3.593540735822256527e-02
6.811811811811812056e+00 3.610024743628433702e-02
6.821821821821822063e+00 3.626546393679220409e-02
6.831831831831832069e+00 3.643076329065447760e-02
6.841841841841842076e+00 3.659606264451675806e-02
6.851851851851852082e+00 3.676166497918631482e-02
6.861861861861862089e+00 3.692740299065289111e-02
6.871871871871872095e+00 3.709314100211946047e-02
6.881881881881882101e+00 3.725911400594431044e-02
6.891891891891892108e+00 3.742527030213548683e-02
6.901901901901902114e+00 3.759142659832665628e-02
6.911911911911912121e+00 3.775775526040345970e-02
6.921921921921922127e+00 3.792430972218858304e-02
6.931931931931932134e+00 3.809086418397372026e-02
6.941941941941942140e+00 3.825753365155812324e-02
6.951951951951952147e+00 3.842446642189350364e-02
6.961961961961962153e+00 3.859139919222889098e-02
6.971971971971972160e+00 3.875839477475747502e-02
6.981981981981982166e+00 3.892568626692727990e-02
6.991991991991992172e+00 3.909297775909709172e-02
7.002002002002002179e+00 3.926028493217464943e-02
7.012012012012012185e+00 3.942791583793227306e-02
7.022022022022022192e+00 3.959554674368988975e-02
7.032032032032032198e+00 3.976317764944751337e-02
7.042042042042042205e+00 3.993110245064896563e-02
7.052052052052052211e+00 4.009905374825638302e-02
7.062062062062062218e+00 4.026700504586380736e-02
7.072072072072072224e+00 4.043519417580638403e-02
7.082082082082082231e+00 4.060344713796878308e-02
7.092092092092092237e+00 4.077170010013119600e-02
7.102102102102102243e+00 4.094013985876363004e-02
7.112112112112112250e+00 4.110867606045603279e-02
7.122122122122122256e+00 4.127721226214843553e-02
7.132132132132132263e+00 4.144588913889570708e-02
7.142142142142142269e+00 4.161469046507901282e-02
7.152152152152152276e+00 4.178349179126231855e-02
7.162162162162162282e+00 4.195239246871750732e-02
7.172172172172172289e+00 4.212144112194059209e-02
7.182182182182182295e+00 4.229048977516367686e-02
7.192192192192192302e+00 4.245960113273837544e-02
7.202202202202202308e+00 4.262887964062282015e-02
7.212212212212212314e+00 4.279815814850726485e-02
7.222222222222222321e+00 4.296746726603993538e-02
7.232232232232232327e+00 4.313695848864453758e-02
7.242242242242242334e+00 4.330644971124913978e-02
7.252252252252252340e+00 4.347594387257058823e-02
7.262262262262262347e+00 4.364563100963176484e-02
7.272272272272272353e+00 4.381531814669293451e-02
7.282282282282282360e+00 4.398500528375411806e-02
7.292292292292292366e+00 4.415485144119320193e-02
7.302302302302302373e+00 4.432471803923836162e-02
7.312312312312312379e+00 4.449458463728352131e-02
7.322322322322322385e+00 4.466457493249356703e-02
7.332332332332332392e+00 4.483460489182356651e-02
7.342342342342342398e+00 4.500463485115357293e-02
7.352352352352352405e+00 4.517475756151646121e-02
7.362362362362362411e+00 4.534493514305382167e-02
7.372372372372372418e+00 4.551511272459119600e-02
7.382382382382382424e+00 4.568535635200939721e-02
7.392392392392392431e+00 4.585566618400898492e-02
7.402402402402402437e+00 4.602597601600858651e-02
7.412412412412412444e+00 4.619632929010347028e-02
7.422422422422422450e+00 4.636675637472192912e-02
7.432432432432432456e+00 4.653718345934038103e-02
7.442442442442442463e+00 4.670763534059946265e-02
7.452452452452452469e+00 4.687816506031982494e-02
7.462462462462462476e+00 4.704869478004019417e-02
7.472472472472472482e+00 4.721923446291254739e-02
7.482482482482482489e+00 4.738985258682096302e-02
7.492492492492492495e+00 4.756047071072937865e-02
7.502502502502502502e+00 4.773108883463779428e-02
7.512512512512512508e+00 4.790178031657942731e-02
7.522522522522522515e+00 4.807247300649029886e-02
7.532532532532532521e+00 4.824316569640117042e-02
7.542542542542542527e+00 4.841391064336992428e-02
7.552552552552552534e+00 4.858466445979602727e-02
7.562562562562562540e+00 4.875541827622213720e-02
7.572572572572572547e+00 4.892620700710521159e-02
7.582582582582582553e+00 4.909700891506983689e-02
7.592592592592592560e+00 4.926781082303444831e-02
7.602602602602602566e+00 4.943863390817923587e-02
7.612612612612612573e+00 4.960947128286662122e-02
7.622622622622622579e+00 4.978030865755400658e-02
7.632632632632632586e+00 4.995115692142818031e-02
7.642642642642642592e+00 5.012201755366958722e-02
7.652652652652652598e+00 5.029287818591100107e-02
7.662662662662662605e+00 5.046374270970300363e-02
7.672672672672672611e+00 5.063461481129484520e-02
7.682682682682682618e+00 5.080548691288668678e-02
7.692692692692692624e+00 5.097635903704589994e-02
7.702702702702702631e+00 5.114723124589713732e-02
7.712712712712712637e+00 5.131810345474837470e-02
7.722722722722722644e+00 5.148897478146437223e-02
7.732732732732732650e+00 5.165983616657037619e-02
7.742742742742742657e+00 5.183069755167636627e-02
7.752752752752752663e+00 5.200155893678236330e-02
7.762762762762762669e+00 5.217240001353631862e-02
7.772772772772772676e+00 5.234324007977599752e-02
7.782782782782782682e+00 5.251408014601568336e-02
7.792792792792792689e+00 5.268489436991527497e-02
7.802802802802802695e+00 5.285570306266935275e-02
7.812812812812812702e+00 5.302651175542342360e-02
7.822822822822822708e+00 5.319729197307300483e-02
7.832832832832832715e+00 5.336805968265999345e-02
7.842842842842842721e+00 5.353882739224697512e-02
7.852852852852852727e+00 5.370956672553749839e-02
7.862862862862862734e+00 5.388028429146577564e-02
7.872872872872872740e+00 5.405100185739405982e-02
7.882882882882882747e+00 5.422169370548109851e-02
7.892892892892892753e+00 5.439235242051410069e-02
7.902902902902902760e+00 5.456301113554710286e-02
7.912912912912912766e+00 5.473364917676189212e-02
7.922922922922922773e+00 5.490424079079453401e-02
7.932932932932932779e+00 5.507483240482716896e-02
7.942942942942942786e+00 5.524541059852004776e-02
7.952952952952952792e+00 5.541592732226386514e-02
7.962962962962962798e+00 5.558644404600767558e-02
7.972972972972972805e+00 5.575695663432350679e-02
7.982982982982982811e+00 5.592739114279913354e-02
7.992992992992992818e+00 5.609782565127476028e-02
8.003003003003001936e+00 5.626826015975037315e-02
8.013013013013011943e+00 5.643861259669444297e-02
8.023023023023021949e+00 5.660895803252892489e-02
8.033033033033031955e+00 5.677930346836340680e-02
8.043043043043041962e+00 5.694957325269735943e-02
8.053053053053051968e+00 5.711982322922518063e-02
8.063063063063061975e+00 5.729007320575300183e-02
8.073073073073071981e+00 5.746025591158142320e-02
8.083083083083081988e+00 5.763040451574728135e-02
8.093093093093091994e+00 5.780055311991314643e-02
8.103103103103102001e+00 5.797064461325124318e-02
8.113113113113112007e+00 5.814068640831339396e-02
8.123123123123122014e+00 5.831072820337554474e-02
8.133133133133132020e+00 5.848072464337718268e-02
8.143143143143142026e+00 5.865065467140997968e-02
8.153153153153152033e+00 5.882058469944277668e-02
8.163163163163162039e+00 5.899048253955677112e-02
8.173173173173172046e+00 5.916029632375138098e-02
8.183183183183182052e+00 5.933011010794598389e-02
8.193193193193192059e+00 5.949990609700060024e-02
8.203203203203202065e+00 5.966959964376279679e-02
8.213213213213213848e+00 5.983929319052502110e-02
8.223223223223223854e+00 6.000898437374018596e-02
8.233233233233233861e+00 6.017855417458449485e-02
8.243243243243243867e+00 6.034812397542878987e-02
8.253253253253253874e+00 6.051769377627308488e-02
8.263263263263263880e+00 6.068715072859572068e-02
8.273273273273273887e+00 6.085659376183536612e-02
8.283283283283283893e+00 6.102603679507500462e-02
8.293293293293293900e+00 6.119538139145739436e-02
8.303303303303303906e+00 6.136469512368922241e-02
8.313313313313313913e+00 6.153400885592105046e-02
8.323323323323323919e+00 6.170323952567136755e-02
8.333333333333333925e+00 6.187242191305578065e-02
8.343343343343343932e+00 6.204160430044019375e-02
8.353353353353353938e+00 6.221071977365689315e-02
8.363363363363363945e+00 6.237976926299224761e-02
8.373373373373373951e+00 6.254881875232758126e-02
8.383383383383383958e+00 6.271781806034297524e-02
8.393393393393393964e+00 6.288673358993472629e-02
8.403403403403403971e+00 6.305564911952647733e-02
8.413413413413413977e+00 6.322453159527717526e-02
8.423423423423423984e+00 6.339331259560136711e-02
8.433433433433433990e+00 6.356209359592554509e-02
8.443443443443443996e+00 6.373085887424997931e-02
8.453453453453454003e+00 6.389950526841203793e-02
8.463463463463464009e+00 6.406815166257409655e-02
8.473473473473474016e+00 6.423679805673615517e-02
8.483483483483484022e+00 6.440531188442585875e-02
8.493493493493494029e+00 6.457382408841447208e-02
8.503503503503504035e+00 6.474233629240308541e-02
8.513513513513514042e+00 6.491073400779645564e-02
8.523523523523524048e+00 6.507911293053331159e-02
8.533533533533534055e+00 6.524749185327018142e-02
8.543543543543544061e+00 6.541577449074711947e-02
8.553553553553554067e+00 6.558402153393333434e-02
8.563563563563564074e+00 6.575226857711954920e-02
8.573573573573574080e+00 6.592043747306747248e-02
8.583583583583584087e+00 6.608855453082738973e-02
8.593593593593594093e+00 6.625667158858730699e-02
8.603603603603604100e+00 6.642472838113323841e-02
8.613613613613614106e+00 6.659271783945638901e-02
8.623623623623624113e+00 6.676070729777953960e-02
8.633633633633634119e+00 6.692865392645105937e-02
8.643643643643644126e+00 6.709651866243404594e-02
8.653653653653654132e+00 6.726438339841703251e-02
8.663663663663664138e+00 6.743222210373230052e-02
8.673673673673674145e+00 6.759996548462104959e-02
8.683683683683684151e+00 6.776770886550979867e-02
8.693693693693694158e+00 6.793544218849664751e-02
8.703703703703704164e+00 6.810306807053120859e-02
8.713713713713714171e+00 6.827069395256576967e-02
8.723723723723724177e+00 6.843831983460033075e-02
8.733733733733734184e+00 6.860583746127334182e-02
8.743743743743744190e+00 6.877335018833605207e-02
8.753753753753754197e+00 6.894086291539876232e-02
8.763763763763764203e+00 6.910828597103187143e-02
8.773773773773774209e+00 6.927569037310109257e-02
8.783783783783784216e+00 6.944309477517032758e-02
8.793793793793794222e+00 6.961042718309055910e-02
8.803803803803804229e+00 6.977772857450162403e-02
8.813813813813814235e+00 6.994502996591268895e-02
8.823823823823824242e+00 7.011227594540296593e-02
8.833833833833834248e+00 7.027948012291797275e-02
8.843843843843844255e+00 7.044668430043297958e-02
8.853853853853854261e+00 7.061384836571399370e-02
8.863863863863864268e+00 7.078096160640295897e-02
8.873873873873874274e+00 7.094807484709189649e-02
8.883883883883884280e+00 7.111516180623736472e-02
8.893893893893894287e+00 7.128219086517259551e-02
8.903903903903904293e+00 7.144921992410785405e-02
8.913913913913914300e+00 7.161623487789377240e-02
8.923923923923924306e+00 7.178318698565974709e-02
8.933933933933934313e+00 7.195013909342570790e-02
8.943943943943944319e+00 7.211708743411435196e-02
8.953953953953954326e+00 7.228397029413548280e-02
8.963963963963964332e+00 7.245085315415662752e-02
8.973973973973974338e+00 7.261773601417775836e-02
8.983983983983984345e+00 7.278456234990449136e-02
8.993993993993994351e+00 7.295138413559348889e-02
9.004004004004004358e+00 7.311820592128248641e-02
9.014014014014014364e+00 7.328498593807906969e-02
9.024024024024024371e+00 7.345175528980818491e-02
9.034034034034034377e+00 7.361852464153731401e-02
9.044044044044044384e+00 7.378526506193829049e-02
9.054054054054054390e+00 7.395199108383640474e-02
9.064064064064064397e+00 7.411871710573451899e-02
9.074074074074074403e+00 7.428542493487817755e-02
9.084084084084084409e+00 7.445211719145623797e-02
9.094094094094094416e+00 7.461880944803429838e-02
9.104104104104104422e+00 7.478549197195905052e-02
9.114114114114114429e+00 7.495216048456708469e-02
9.124124124124124435e+00 7.511882899717513273e-02
9.134134134134134442e+00 7.528549378105660328e-02
9.144144144144144448e+00 7.545214902417507474e-02
9.154154154154154455e+00 7.561880426729356008e-02
9.164164164164164461e+00 7.578545915362347452e-02
9.174174174174174468e+00 7.595211205099204610e-02
9.184184184184184474e+00 7.611876494836061768e-02
9.194194194194194480e+00 7.628541805506787454e-02
9.204204204204204487e+00 7.645207997565484082e-02
9.214214214214214493e+00 7.661874189624180709e-02
9.224224224224224500e+00 7.678540381682877336e-02
9.234234234234234506e+00 7.695208436857185752e-02
9.244244244244244513e+00 7.711876712238717457e-02
9.254254254254254519e+00 7.728544987620251938e-02
9.264264264264264526e+00 7.745215794940442378e-02
9.274274274274274532e+00 7.761887378316038866e-02
9.284284284284284539e+00 7.778558961691636742e-02
9.294294294294294545e+00 7.795233457619028805e-02
9.304304304304304551e+00 7.811909616881185237e-02
9.314314314314314558e+00 7.828585776143340280e-02
9.324324324324324564e+00 7.845264923411596203e-02
9.334334334334334571e+00 7.861946969210593938e-02
9.344344344344344577e+00 7.878629015009591674e-02
9.354354354354354584e+00 7.895313802394765546e-02
9.364364364364364590e+00 7.912003087660830769e-02
9.374374374374374597e+00 7.928692372926895993e-02
9.384384384384384603e+00 7.945383815012521667e-02
9.394394394394394610e+00 7.962081734464175609e-02
9.404404404404404616e+00 7.978779653915829551e-02
9.414414414414414622e+00 7.995478790853106921e-02
9.424424424424424629e+00 8.012186780491900584e-02
9.434434434434434635e+00 8.028894770130691472e-02
9.444444444444444642e+00 8.045602759769482359e-02
9.454454454454454648e+00 8.062322203985955449e-02
9.464464464464464655e+00 8.079041740578053743e-02
9.474474474474474661e+00 8.095761277170152037e-02
9.484484484484484668e+00 8.112492089259962236e-02
9.494494494494494674e+00 8.129224689804920301e-02
9.504504504504504681e+00 8.145957290349875590e-02
9.514514514514514687e+00 8.162700625370289398e-02
9.524524524524524693e+00 8.179447846557381940e-02
9.534534534534534700e+00 8.196195067744475871e-02
9.544544544544544706e+00 8.212952104758078353e-02
9.554554554554554713e+00 8.229715542410578899e-02
9.564564564564564719e+00 8.246478980063078057e-02
9.574574574574574726e+00 8.263250921863027343e-02
9.584584584584584732e+00 8.280032210370794066e-02
9.594594594594594739e+00 8.296813498878559401e-02
9.604604604604604745e+00 8.313601571709806903e-02
9.614614614614614752e+00 8.330402383450613568e-02
9.624624624624624758e+00 8.347203195191418845e-02
9.634634634634634764e+00 8.364008648468010398e-02
9.644644644644644771e+00 8.380830693217905525e-02
9.654654654654654777e+00 8.397652737967799264e-02
9.664664664664664784e+00 8.414476843986315457e-02
9.674674674674674790e+00 8.431321868319538448e-02
9.684684684684684797e+00 8.448166892652761439e-02
9.694694694694694803e+00 8.465011916985984430e-02
9.704704704704704810e+00 8.481880732980737192e-02
9.714714714714714816e+00 8.498750519659434288e-02
9.724724724724724823e+00 8.515620306338129997e-02
9.734734734734734829e+00 8.532512205480830003e-02
9.744744744744744835e+00 8.549408572835094644e-02
9.754754754754754842e+00 8.566304940189357897e-02
9.764764764764764848e+00 8.583221296606446948e-02
9.774774774774774855e+00 8.600146097904985687e-02
9.784784784784784861e+00 8.617070899203524426e-02
9.794794794794794868e+00 8.634013108082852495e-02
9.804804804804804874e+00 8.650968230894699740e-02
9.814814814814814881e+00 8.667923353706544209e-02
9.824824824824824887e+00 8.684892830984386469e-02
9.834834834834834894e+00 8.701880196532070511e-02
9.844844844844844900e+00 8.718867562079754552e-02
9.854854854854854906e+00 8.735865744124900190e-02
9.864864864864864913e+00 8.752887306629467123e-02
9.874874874874874919e+00 8.769908869134031282e-02
9.884884884884884926e+00 8.786937212429060673e-02
9.894894894894894932e+00 8.803994958447303176e-02
9.904904904904904939e+00 8.821052704465545680e-02
9.914914914914914945e+00 8.838112685285350045e-02
9.924924924924924952e+00 8.855208633039694799e-02
9.934934934934934958e+00 8.872304580794038165e-02
9.944944944944944965e+00 8.889400528548380143e-02
9.954954954954954971e+00 8.906533893583079564e-02
9.964964964964964977e+00 8.923670092284448352e-02
9.974974974974974984e+00 8.940806290985818527e-02
9.984984984984984990e+00 8.957976383688737165e-02
9.994994994994994997e+00 8.975154912852889577e-02
1.000500500500500500e+01 8.992333442017040601e-02
1.001501501501501501e+01 9.009541825700084772e-02
1.002502502502502502e+01 9.026764794457703411e-02
1.003503503503503502e+01 9.043987763215322051e-02
1.004504504504504503e+01 9.061236018975521445e-02
1.005505505505505504e+01 9.078505565376503161e-02
1.006506506506506504e+01 9.095775111777484878e-02
1.007507507507507505e+01 9.113064838157773628e-02
1.008508508508508505e+01 9.130383128470126453e-02
1.009509509509509506e+01 9.147701418782480665e-02
1.010510510510510507e+01 9.165034231430628509e-02
1.011511511511511507e+01 9.182403459434299031e-02
1.012512512512512508e+01 9.199772687437969554e-02
1.013513513513513509e+01 9.217150218763782432e-02
1.014514514514514509e+01 9.234572605039821636e-02
1.015515515515515510e+01 9.251994991315859451e-02
1.016516516516516511e+01 9.269418890146745305e-02
1.017517517517517511e+01 9.286896681362238892e-02
1.018518518518518512e+01 9.304374472577735256e-02
1.019519519519519513e+01 9.321852263793228843e-02
1.020520520520520513e+01 9.339381872001754903e-02
1.021521521521521514e+01 9.356917340190791521e-02
1.022522522522522515e+01 9.374452808379828139e-02
1.023523523523523515e+01 9.392034426294176841e-02
1.024524524524524516e+01 9.409629868135341302e-02
1.025525525525525516e+01 9.427225309976504375e-02
1.026526526526526517e+01 9.444860657513895474e-02
1.027527527527527518e+01 9.462518393604554823e-02
1.028528528528528518e+01 9.480176129695215559e-02
1.029529529529529519e+01 9.497866941069493807e-02
1.030530530530530520e+01 9.515589315197320319e-02
1.031531531531531520e+01 9.533311689325146832e-02
1.032532532532532521e+01 9.551059712692963610e-02
1.033533533533533522e+01 9.568849091104990323e-02
1.034534534534534522e+01 9.586638469517015648e-02
1.035535535535535523e+01 9.604445466623243166e-02
1.036536536536536524e+01 9.622304237292861329e-02
1.037537537537537524e+01 9.640163007962479491e-02
1.038538538538538525e+01 9.658030753784924149e-02
1.039539539539539525e+01 9.675961325677158442e-02
1.040540540540540526e+01 9.693891897569394123e-02
1.041541541541541527e+01 9.711822469461628415e-02
1.042542542542542527e+01 9.729826982298275806e-02
1.043543543543543528e+01 9.747831784633652352e-02
1.044544544544544529e+01 9.765836586969028899e-02
1.045545545545545529e+01 9.783907885491054113e-02
1.046546546546546530e+01 9.801989367008454024e-02
1.047547547547547531e+01 9.820070848525851159e-02
1.048548548548548531e+01 9.838210764052898738e-02
1.049549549549549532e+01 9.856371392271702503e-02
1.050550550550550533e+01 9.874532020490507656e-02
1.051551551551551533e+01 9.892742395410432377e-02
1.052552552552552534e+01 9.910984655892313144e-02
1.053553553553553535e+01 9.929226916374196688e-02
1.054554554554554535e+01 9.947509603785449628e-02
1.055555555555555536e+01 9.965835999396095712e-02
1.056556556556556536e+01 9.984162395006741797e-02
1.057557557557557537e+01 1.000251925836086880e-01
1.058558558558558538e+01 1.002093230853203787e-01
1.059559559559559538e+01 1.003934535870320832e-01
1.060560560560560539e+01 1.005777827144750391e-01
1.061561561561561540e+01 1.007628051143961700e-01
1.062562562562562540e+01 1.009478275143173287e-01
1.063563563563563541e+01 1.011329359665213146e-01
1.064564564564564542e+01 1.013188757681786206e-01
1.065565565565565542e+01 1.015048155698359267e-01
1.066566566566566543e+01 1.016907553714932466e-01
1.067567567567567544e+01 1.018776051209692168e-01
1.068568568568568544e+01 1.020644879714592140e-01
1.069569569569569545e+01 1.022513708219492112e-01
1.070570570570570545e+01 1.024390636161264384e-01
1.071571571571571546e+01 1.026269152987781957e-01
1.072572572572572547e+01 1.028147669814299392e-01
1.073573573573573547e+01 1.030033220478501488e-01
1.074574574574574548e+01 1.031921684749064344e-01
1.075575575575575549e+01 1.033810149019627339e-01
1.076576576576576549e+01 1.035704515430104916e-01
1.077577577577577550e+01 1.037603187483294859e-01
1.078578578578578551e+01 1.039501859536484663e-01
1.079579579579579551e+01 1.041405235430269000e-01
1.080580580580580552e+01 1.043314376748080557e-01
1.081581581581581553e+01 1.045223518065891977e-01
1.082582582582582553e+01 1.047136097858046566e-01
1.083583583583583554e+01 1.049055970993408027e-01
1.084584584584584555e+01 1.050975844128769487e-01
1.085585585585585555e+01 1.052897822877338491e-01
1.086586586586586556e+01 1.054828691381930056e-01
1.087587587587587556e+01 1.056759559886521482e-01
1.088588588588588557e+01 1.058691133257585043e-01
1.089589589589589558e+01 1.060633261609971317e-01
1.090590590590590558e+01 1.062575389962357592e-01
1.091591591591591559e+01 1.064517518314743866e-01
1.092592592592592560e+01 1.066470407729306485e-01
1.093593593593593560e+01 1.068424061263417296e-01
1.094594594594594561e+01 1.070377714797528107e-01
1.095595595595595562e+01 1.072340857969773104e-01
1.096596596596596562e+01 1.074306302803752500e-01
1.097597597597597563e+01 1.076271747637731618e-01
1.098598598598598564e+01 1.078245342562771242e-01
1.099599599599599564e+01 1.080222845528220066e-01
1.100600600600600565e+01 1.082200348493668890e-01
1.101601601601601566e+01 1.084184593565702681e-01
1.102602602602602566e+01 1.086174422137339834e-01
1.103603603603603567e+01 1.088164250708977127e-01
1.104604604604604567e+01 1.090159344687405552e-01
1.105605605605605568e+01 1.092161766913171267e-01
1.106606606606606569e+01 1.094164189138937260e-01
1.107607607607607569e+01 1.096170331114636326e-01
1.108608608608608570e+01 1.098185615546256461e-01
1.109609609609609571e+01 1.100200899977876734e-01
1.110610610610610571e+01 1.102218289339641777e-01
1.111611611611611572e+01 1.104246704963680742e-01
1.112612612612612573e+01 1.106275120587719846e-01
1.113613613613613573e+01 1.108303956988883621e-01
1.114614614614614574e+01 1.110345773158298160e-01
1.115615615615615575e+01 1.112387589327712561e-01
1.116616616616616575e+01 1.114429405497127240e-01
1.117617617617617576e+01 1.116483559019166988e-01
1.118618618618618576e+01 1.118539045385396197e-01
1.119619619619619577e+01 1.120594531751625544e-01
1.120620620620620578e+01 1.122660802163249205e-01
1.121621621621621578e+01 1.124730228608840366e-01
1.122622622622622579e+01 1.126799655054431526e-01
1.123623623623623580e+01 1.128878242768395074e-01
1.124624624624624580e+01 1.130961879340203896e-01
1.125625625625625581e+01 1.133045515912012441e-01
1.126626626626626582e+01 1.135136621407687452e-01
1.127627627627627582e+01 1.137234738250660071e-01
1.128628628628628583e+01 1.139332855093632552e-01
1.129629629629629584e+01 1.141436678885162231e-01
1.130630630630630584e+01 1.143549546176718806e-01
1.131631631631631585e+01 1.145662413468275381e-01
1.132632632632632586e+01 1.147779156072950835e-01
1.133633633633633586e+01 1.149907043957991426e-01
1.134634634634634587e+01 1.152034931843032156e-01
1.135635635635635587e+01 1.154164793749890977e-01
1.136636636636636588e+01 1.156307972276435503e-01
1.137637637637637589e+01 1.158451150802980167e-01
1.138638638638638589e+01 1.160594332441630544e-01
1.139639639639639590e+01 1.162753071497112101e-01
1.140640640640640591e+01 1.164911810552593657e-01
1.141641641641641769e+01 1.167070549608075630e-01
1.142642642642642770e+01 1.169243081510497745e-01
1.143643643643643770e+01 1.171417650758726364e-01
1.144644644644644771e+01 1.173592220006954984e-01
1.145645645645645772e+01 1.175778741576378461e-01
1.146646646646646772e+01 1.177969410395181965e-01
1.147647647647647773e+01 1.180160079213985608e-01
1.148648648648648773e+01 1.182360790169358078e-01
1.149649649649649774e+01 1.184567827588926120e-01
1.150650650650650775e+01 1.186774865008494162e-01
1.151651651651651775e+01 1.188989964826021595e-01
1.152652652652652776e+01 1.191213639467957053e-01
1.153653653653653777e+01 1.193437314109892511e-01
1.154654654654654777e+01 1.195667001993771378e-01
1.155655655655655778e+01 1.197907582010863531e-01
1.156656656656656779e+01 1.200148162027955823e-01
1.157657657657657779e+01 1.202392636881367272e-01
1.158658658658658780e+01 1.204650389898102858e-01
1.159659659659659781e+01 1.206908142914838306e-01
1.160660660660660781e+01 1.209167603311204764e-01
1.161661661661661782e+01 1.211442796365027885e-01
1.162662662662662783e+01 1.213717989418850868e-01
1.163663663663663783e+01 1.215993182472674128e-01
1.164664664664664784e+01 1.218285533056685382e-01
1.165665665665665784e+01 1.220578432540011110e-01
1.166666666666666785e+01 1.222871332023337115e-01
1.167667667667667786e+01 1.225179329884403256e-01
1.168668668668668786e+01 1.227490201487405758e-01
1.169669669669669787e+01 1.229801073090408398e-01
1.170670670670670788e+01 1.232124914884205613e-01
1.171671671671671788e+01 1.234454023538381767e-01
1.172672672672672789e+01 1.236783132192557921e-01
1.173673673673673790e+01 1.239123014077061213e-01
1.174674674674674790e+01 1.241470623899582210e-01
1.175675675675675791e+01 1.243818233722103206e-01
1.176676676676676792e+01 1.246174351330994745e-01
1.177677677677677792e+01 1.248540725569860232e-01
1.178678678678678793e+01 1.250907099808725720e-01
1.179679679679679793e+01 1.253279648225086862e-01
1.180680680680680794e+01 1.255665049205077488e-01
1.181681681681681795e+01 1.258050450185068669e-01
1.182682682682682795e+01 1.260439623915357577e-01
1.183683683683683796e+01 1.262844312984806872e-01
1.184684684684684797e+01 1.265249002054255889e-01
1.185685685685685797e+01 1.267654995002581442e-01
1.186686686686686798e+01 1.270079232480965381e-01
1.187687687687687799e+01 1.272503469959349320e-01
1.188688688688688799e+01 1.274927707437733537e-01
1.189689689689689800e+01 1.277370520528383901e-01
1.190690690690690801e+01 1.279814565654738279e-01
1.191691691691691801e+01 1.282258610781092656e-01
1.192692692692692802e+01 1.284718887097328066e-01
1.193693693693693803e+01 1.287182997979500476e-01
1.194694694694694803e+01 1.289647108861672886e-01
1.195695695695695804e+01 1.292125039167990597e-01
1.196696696696696804e+01 1.294609472732729250e-01
1.197697697697697805e+01 1.297093906297467625e-01
1.198698698698698806e+01 1.299589680606957898e-01
1.199699699699699806e+01 1.302094692550849475e-01
1.200700700700700807e+01 1.304599704494741608e-01
1.201701701701701808e+01 1.307113512045677828e-01
1.202702702702702808e+01 1.309639356786927722e-01
1.203703703703703809e+01 1.312165201528177616e-01
1.204704704704704810e+01 1.314697230760912550e-01
1.205705705705705810e+01 1.317244161391986634e-01
1.206706706706706811e+01 1.319791092023060441e-01
1.207707707707707812e+01 1.322341530557224754e-01
1.208708708708708812e+01 1.324909798798337979e-01
1.209709709709709813e+01 1.327478067039451204e-01
1.210710710710710813e+01 1.330047101651453123e-01
1.211711711711711814e+01 1.332636957804929911e-01
1.212712712712712815e+01 1.335226813958406977e-01
1.213713713713713815e+01 1.337816670111884043e-01
1.214714714714714816e+01 1.340426323464735114e-01
1.215715715715715817e+01 1.343038016370224352e-01
1.216716716716716817e+01 1.345649709275713590e-01
1.217717717717717818e+01 1.348278576974162035e-01
1.218718718718718819e+01 1.350912353964721924e-01
1.219719719719719819e+01 1.353546130955281812e-01
1.220720720720720820e+01 1.356194395564516153e-01
1.221721721721721821e+01 1.358850502423563922e-01
1.222722722722722821e+01 1.361506609282611413e-01
1.223723723723723822e+01 1.364174452395498505e-01
1.224724724724724823e+01 1.366853133314633872e-01
1.225725725725725823e+01 1.369531814233768963e-01
1.226726726726726824e+01 1.372219416450759510e-01
1.227727727727727824e+01 1.374920913988450233e-01
1.228728728728728825e+01 1.377622411526141233e-01
1.229729729729729826e+01 1.380329952435487839e-01
1.230730730730730826e+01 1.383054507476634831e-01
1.231731731731731827e+01 1.385779062517781268e-01
1.232732732732732828e+01 1.388506720676068174e-01
1.233733733733733828e+01 1.391254572392439381e-01
1.234734734734734829e+01 1.394002424108810589e-01
1.235735735735735830e+01 1.396750377021791223e-01
1.236736736736736830e+01 1.399521762833319527e-01
1.237737737737737831e+01 1.402293148644848386e-01
1.238738738738738832e+01 1.405064534456377245e-01
1.239739739739739832e+01 1.407856728285553916e-01
1.240740740740740833e+01 1.410651883822520714e-01
1.241741741741741833e+01 1.413447039359487234e-01
1.242742742742742834e+01 1.416260113530931342e-01
1.243743743743743835e+01 1.419079272597003893e-01
1.244744744744744835e+01 1.421898431663076445e-01
1.245745745745745836e+01 1.424732558555468764e-01
1.246746746746746837e+01 1.427575953091618499e-01
1.247747747747747837e+01 1.430419347627767679e-01
1.248748748748748838e+01 1.433274698460184349e-01
1.249749749749749839e+01 1.436142558509465317e-01
1.250750750750750839e+01 1.439010418558746285e-01
1.251751751751751840e+01 1.441887163373912484e-01
1.252752752752752841e+01 1.444779717047111056e-01
1.253753753753753841e+01 1.447672270720309629e-01
1.254754754754754842e+01 1.450570578368157448e-01
1.255755755755755843e+01 1.453488051810300219e-01
1.256756756756756843e+01 1.456405525252442990e-01
1.257757757757757844e+01 1.459325563373975454e-01
1.258758758758758844e+01 1.462268180731702838e-01
1.259759759759759845e+01 1.465210798089429944e-01
1.260760760760760846e+01 1.468153415447157328e-01
1.261761761761761846e+01 1.471120716490689484e-01
1.262762762762762847e+01 1.474088699880484188e-01
1.263763763763763848e+01 1.477056683270279169e-01
1.264764764764764848e+01 1.480046266435123548e-01
1.265765765765765849e+01 1.483039835912396687e-01
1.266766766766766850e+01 1.486033405389670103e-01
1.267767767767767850e+01 1.489045432505162192e-01
1.268768768768768851e+01 1.492064806034188174e-01
1.269769769769769852e+01 1.495084179563214433e-01
1.270770770770770852e+01 1.498118811159066255e-01
1.271771771771771853e+01 1.501164204583770867e-01
1.272772772772772854e+01 1.504209598008475479e-01
1.273773773773773854e+01 1.507266993301009383e-01
1.274774774774774855e+01 1.510338620316597213e-01
1.275775775775775855e+01 1.513410247332185321e-01
1.276776776776776856e+01 1.516490564210866698e-01
1.277777777777777857e+01 1.519588636336293985e-01
1.278778778778778857e+01 1.522686708461721550e-01
1.279779779779779858e+01 1.525790103475991311e-01
1.280780780780780859e+01 1.528914830027270355e-01
1.281781781781781859e+01 1.532039556578549400e-01
1.282782782782782860e+01 1.535166184924952604e-01
1.283783783783783861e+01 1.538317772989287180e-01
1.284784784784784861e+01 1.541469361053621479e-01
1.285785785785785862e+01 1.544620949117955777e-01
1.286786786786786863e+01 1.547798030973983052e-01
1.287787787787787863e+01 1.550976685384737319e-01
1.288788788788788864e+01 1.554155339795491864e-01
1.289789789789789864e+01 1.557356163823347961e-01
1.290790790790790865e+01 1.560562087135826670e-01
1.291791791791791866e+01 1.563768010448305379e-01
1.292792792792792866e+01 1.566992725410113751e-01
1.293793793793793867e+01 1.570226117878169014e-01
1.294794794794794868e+01 1.573459510346224000e-01
1.295795795795795868e+01 1.576708263580083869e-01
1.296796796796796869e+01 1.579969323133522674e-01
1.297797797797797870e+01 1.583230382686960924e-01
1.298798798798798870e+01 1.586503320096348812e-01
1.299799799799799871e+01 1.589792242319150173e-01
1.300800800800800872e+01 1.593081164541951533e-01
1.301801801801801872e+01 1.596378430585408958e-01
1.302802802802802873e+01 1.599695408694747356e-01
1.303803803803803874e+01 1.603012386804085476e-01
1.304804804804804874e+01 1.606334124485188364e-01
1.305805805805805875e+01 1.609679349311232133e-01
1.306806806806806875e+01 1.613024574137275347e-01
1.307807807807807876e+01 1.616370924994881553e-01
1.308808808808808877e+01 1.619744584961397282e-01
1.309809809809809877e+01 1.623118244927912734e-01
1.310810810810810878e+01 1.626491904894428187e-01
1.311811811811811879e+01 1.629891630132423996e-01
1.312812812812812879e+01 1.633293911238151708e-01
1.313813813813813880e+01 1.636696192343879142e-01
1.314814814814814881e+01 1.640120992960215074e-01
1.315815815815815881e+01 1.643552078761016111e-01
1.316816816816816882e+01 1.646983164561816870e-01
1.317817817817817883e+01 1.650433175185544998e-01
1.318818818818818883e+01 1.653893246777320136e-01
1.319819819819819884e+01 1.657353318369095274e-01
1.320820820820820884e+01 1.660828672112023285e-01
1.321821821821821885e+01 1.664317908114394395e-01
1.322822822822822886e+01 1.667807144116765783e-01
1.323823823823823886e+01 1.671307972565845568e-01
1.324824824824824887e+01 1.674826549106582518e-01
1.325825825825825888e+01 1.678345125647319747e-01
1.326826826826826888e+01 1.681871558857306881e-01
1.327827827827827889e+01 1.685419649557510224e-01
1.328828828828828890e+01 1.688967740257713568e-01
1.329829829829829890e+01 1.692519906744088809e-01
1.330830830830830891e+01 1.696097682704102438e-01
1.331831831831831892e+01 1.699675458664116068e-01
1.332832832832832892e+01 1.703253485396268307e-01
1.333833833833833893e+01 1.706861115182327360e-01
1.334834834834834894e+01 1.710468744968386690e-01
1.335835835835835894e+01 1.714076374754445742e-01
1.336836836836836895e+01 1.717710406994668870e-01
1.337837837837837895e+01 1.721348056626281486e-01
1.338838838838838896e+01 1.724985706257893547e-01
1.339839839839839897e+01 1.728646011479299804e-01
1.340840840840840897e+01 1.732313844417324999e-01
1.341841841841841898e+01 1.735981677355350472e-01
1.342842842842842899e+01 1.739668375280917778e-01
1.343843843843843899e+01 1.743366552416371895e-01
1.344844844844844900e+01 1.747064729551826012e-01
1.345845845845845901e+01 1.750777938323274108e-01
1.346846846846846901e+01 1.754506617966832271e-01
1.347847847847847902e+01 1.758235297610390435e-01
1.348848848848848903e+01 1.761975133783346692e-01
1.349849849849849903e+01 1.765734471655533988e-01
1.350850850850850904e+01 1.769493809527721007e-01
1.351851851851851904e+01 1.773260388067130489e-01
1.352852852852852905e+01 1.777050537289199816e-01
1.353853853853853906e+01 1.780840686511268867e-01
1.354854854854854906e+01 1.784634120787047529e-01
1.355855855855855907e+01 1.788455231872542739e-01
1.356856856856856908e+01 1.792276342958037672e-01
1.357857857857857908e+01 1.796097454043532327e-01
1.358858858858858909e+01 1.799948965587952476e-01
1.359859859859859910e+01 1.803801186434934312e-01
1.360860860860860910e+01 1.807653407281916147e-01
1.361861861861861911e+01 1.811532141776744931e-01
1.362862862862862912e+01 1.815415617660679493e-01
1.363863863863863912e+01 1.819299093544613777e-01
1.364864864864864913e+01 1.823205156921963999e-01
1.365865865865865914e+01 1.827120030489266800e-01
1.366866866866866914e+01 1.831034904056569601e-01
1.367867867867867915e+01 1.834968400632723540e-01
1.368868868868868915e+01 1.838914811894947487e-01
1.369869869869869916e+01 1.842861223157171713e-01
1.370870870870870917e+01 1.846822255630064524e-01
1.371871871871871917e+01 1.850800341958728779e-01
1.372872872872872918e+01 1.854778428287393033e-01
1.373873873873873919e+01 1.858767097734314866e-01
1.374874874874874919e+01 1.862776993856359309e-01
1.375875875875875920e+01 1.866786889978403752e-01
1.376876876876876921e+01 1.870803295853923909e-01
1.377877877877877921e+01 1.874845133847781453e-01
1.378878878878878922e+01 1.878886971841639275e-01
1.379879879879879923e+01 1.882931211975749641e-01
1.380880880880880923e+01 1.887005121268037766e-01
1.381881881881881924e+01 1.891079030560326169e-01
1.382882882882882924e+01 1.895152939852614848e-01
1.383883883883883925e+01 1.899257308519624043e-01
1.384884884884884926e+01 1.903363415882441678e-01
1.385885885885885926e+01 1.907469523245259591e-01
1.386886886886886927e+01 1.911602041066252089e-01
1.387887887887887928e+01 1.915740470615062696e-01
1.388888888888888928e+01 1.919878900163873303e-01
1.389889889889889929e+01 1.924039657428001093e-01
1.390890890890890930e+01 1.928210530620109442e-01
1.391891891891891930e+01 1.932381403812217791e-01
1.392892892892892931e+01 1.936570489177859011e-01
1.393893893893893932e+01 1.940773924811471096e-01
1.394894894894894932e+01 1.944977360445083181e-01
1.395895895895895933e+01 1.949194860939626739e-01
1.396896896896896934e+01 1.953430975153470361e-01
1.397897897897897934e+01 1.957667089367313706e-01
1.398898898898898935e+01 1.961913090387149006e-01
1.399899899899899935e+01 1.966181996660667786e-01
1.400900900900900936e+01 1.970450902934186288e-01
1.401901901901901937e+01 1.974725488244891691e-01
1.402902902902902937e+01 1.979027297398982532e-01
1.403903903903903938e+01 1.983329106553073096e-01
1.404904904904904939e+01 1.987632358289796175e-01
1.405905905905905939e+01 1.991967178488102952e-01
1.406906906906906940e+01 1.996301998686409729e-01
1.407907907907907941e+01 2.000636818884716506e-01
1.408908908908908941e+01 2.005001934105186401e-01
1.409909909909909942e+01 2.009369870855923224e-01
1.410910910910910943e+01 2.013737807606660324e-01
1.411911911911911943e+01 2.018131851489805562e-01
1.412912912912912944e+01 2.022533007648111281e-01
1.413913913913913944e+01 2.026934163806416722e-01
1.414914914914914945e+01 2.031357210950140435e-01
1.415915915915915946e+01 2.035791686720953841e-01
1.416916916916916946e+01 2.040226162491767248e-01
1.417917917917917947e+01 2.044678285870394074e-01
1.418918918918918948e+01 2.049146178811845076e-01
1.419919919919919948e+01 2.053614071753296078e-01
1.420920920920920949e+01 2.058095342719415966e-01
1.421921921921921950e+01 2.062596747746711645e-01
1.422922922922922950e+01 2.067098152774007325e-01
1.423923923923923951e+01 2.071608641060492251e-01
1.424924924924924952e+01 2.076143650450309186e-01
1.425925925925925952e+01 2.080678659840126399e-01
1.426926926926926953e+01 2.085218433562326945e-01
1.427927927927927954e+01 2.089787136957687586e-01
1.428928928928928954e+01 2.094355840353047671e-01
1.429929929929929955e+01 2.098924966011161408e-01
1.430930930930930955e+01 2.103527450426781187e-01
1.431931931931931956e+01 2.108129934842400965e-01
1.432932932932932957e+01 2.112732419258020744e-01
1.433933933933933957e+01 2.117364827152129758e-01
1.434934934934934958e+01 2.122001176980254367e-01
1.435935935935935959e+01 2.126637526808378698e-01
1.436936936936936959e+01 2.131299496579707187e-01
1.437937937937937960e+01 2.135969793596388666e-01
1.438938938938938961e+01 2.140640090613070146e-01
1.439939939939939961e+01 2.145331681322818762e-01
1.440940940940940962e+01 2.150036004694673153e-01
1.441941941941941963e+01 2.154740328066527266e-01
1.442942942942942963e+01 2.159461597179095638e-01
1.443943943943943964e+01 2.164200023470479184e-01
1.444944944944944965e+01 2.168938449761862453e-01
1.445945945945945965e+01 2.173689453148495709e-01
1.446946946946946966e+01 2.178462056329144581e-01
1.447947947947947966e+01 2.183234659509793452e-01
1.448948948948948967e+01 2.188015451452383353e-01
1.449949949949949968e+01 2.192822302905474974e-01
1.450950950950950968e+01 2.197629154358566872e-01
1.451951951951951969e+01 2.202439787553603090e-01
1.452952952952952970e+01 2.207280956084230195e-01
1.453953953953953970e+01 2.212122124614857022e-01
1.454954954954954971e+01 2.216963293145484404e-01
1.455955955955955972e+01 2.221838202021600983e-01
1.456956956956956972e+01 2.226713753865678935e-01
1.457957957957957973e+01 2.231589305709757443e-01
1.458958958958958974e+01 2.236494220167680735e-01
1.459959959959959974e+01 2.241404219001253140e-01
1.460960960960960975e+01 2.246314217834825822e-01
1.461961961961961975e+01 2.251249183289862343e-01
1.462962962962962976e+01 2.256193690238796901e-01
1.463963963963963977e+01 2.261138197187731180e-01
1.464964964964964977e+01 2.266103257497176782e-01
1.465965965965965978e+01 2.271082331147273869e-01
1.466966966966966979e+01 2.276061404797370680e-01
1.467967967967967979e+01 2.281056602265575661e-01
1.468968968968968980e+01 2.286070298673044399e-01
1.469969969969969981e+01 2.291083995080513414e-01
1.470970970970970981e+01 2.296109370464086419e-01
1.471971971971971982e+01 2.301157743166401815e-01
1.472972972972972983e+01 2.306206115868716933e-01
1.473973973973973983e+01 2.311261708381860680e-01
1.474974974974974984e+01 2.316344808408987987e-01
1.475975975975975985e+01 2.321427908436115572e-01
1.476976976976976985e+01 2.326513755756093593e-01
1.477977977977977986e+01 2.331631631642086810e-01
1.478978978978978986e+01 2.336749507528080028e-01
1.479979979979979987e+01 2.341867383414073522e-01
1.480980980980980988e+01 2.347018343595744239e-01
1.481981981981981988e+01 2.352171041390670181e-01
1.482982982982982989e+01 2.357323739185596401e-01
1.483983983983983990e+01 2.362505068518707119e-01
1.484984984984984990e+01 2.367692631800950021e-01
1.485985985985985991e+01 2.372880195083192922e-01
1.486986986986986992e+01 2.378091924209211894e-01
1.487987987987987992e+01 2.383314394098093869e-01
1.488988988988988993e+01 2.388536863986975844e-01
1.489989989989989994e+01 2.393779022046529925e-01
1.490990990990990994e+01 2.399036437215270323e-01
1.491991991991991995e+01 2.404293852384010721e-01
1.492992992992992995e+01 2.409566467023303293e-01
1.493993993993993996e+01 2.414858863712302239e-01
1.494994994994994997e+01 2.420151260401301185e-01
1.495995995995995997e+01 2.425454357778646375e-01
1.496996996996996998e+01 2.430781769809091386e-01
1.497997997997997999e+01 2.436109181839536397e-01
1.498998998998998999e+01 2.441442786632001538e-01
1.500000000000000000e+01 2.446805245419775843e-01
