5.000000000000000000e+00 1.212228166035317183e-02
5.010010010010010006e+00 1.224663344378325476e-02
5.020020020020020013e+00 1.237098522721333596e-02
5.030030030030030019e+00 1.249620623516493369e-02
5.040040040040040026e+00 1.262257900097472733e-02
5.050050050050050032e+00 1.274895176678452272e-02
5.060060060060060039e+00 1.287604753922287799e-02
5.070070070070070045e+00 1.300442475922884700e-02
5.080080080080080052e+00 1.313280197923481427e-02
5.090090090090090058e+00 1.326175808435078700e-02
5.100100100100100065e+00 1.339212255155896453e-02
5.110110110110110071e+00 1.352248701876714206e-02
5.120120120120120077e+00 1.365328849217350635e-02
5.130130130130130084e+00 1.378562234287958668e-02
5.140140140140140090e+00 1.391795619358566702e-02
5.150150150150150097e+00 1.405058755420367581e-02
5.160160160160160103e+00 1.418487228957812304e-02
5.170170170170170110e+00 1.431915702495257202e-02
5.180180180180180116e+00 1.445360229056265669e-02
5.190190190190190123e+00 1.458981879772574750e-02
5.200200200200200129e+00 1.472603530488884004e-02
5.210210210210210136e+00 1.486227800734833682e-02
5.220220220220220142e+00 1.500040657994261908e-02
5.230230230230230148e+00 1.513853515253689962e-02
5.240240240240240155e+00 1.527666372513118362e-02
5.250250250250250161e+00 1.541657871093888785e-02
5.260260260260260168e+00 1.555659906920872117e-02
5.270270270270270174e+00 1.569661942747855449e-02
5.280280280280280181e+00 1.583827668175805808e-02
5.290290290290290187e+00 1.598016799214775630e-02
5.300300300300300194e+00 1.612205930253745798e-02
5.310310310310310200e+00 1.626544045275410064e-02
5.320320320320320207e+00 1.640918134703819864e-02
5.330330330330330213e+00 1.655292224132229664e-02
5.340340340340340219e+00 1.669800850533796274e-02
5.350350350350350226e+00 1.684357709929814803e-02
5.360360360360360232e+00 1.698914569325832985e-02
5.370370370370370239e+00 1.713591789253208347e-02
5.380380380380380245e+00 1.728329180419672928e-02
5.390390390390390252e+00 1.743066571586138203e-02
5.400400400400400258e+00 1.757910428837458974e-02
5.410410410410410265e+00 1.772826065583792826e-02
5.420420420420420271e+00 1.787741702330127372e-02
5.430430430430430278e+00 1.802750203621740835e-02
5.440440440440440284e+00 1.817841753505562707e-02
5.450450450450450290e+00 1.832933303389384233e-02
5.460460460460460297e+00 1.848104419596358072e-02
5.470470470470470303e+00 1.863369505626640346e-02
5.480480480480480310e+00 1.878634591656922273e-02
5.490490490490490316e+00 1.893966259029148530e-02
5.500500500500500323e+00 1.909402461332738304e-02
5.510510510510510329e+00 1.924838663636327732e-02
5.520520520520520336e+00 1.940328784991315544e-02
5.530530530530530342e+00 1.955933642444727602e-02
5.540540540540540349e+00 1.971538499898139660e-02
5.550550550550550355e+00 1.987184945791594867e-02
5.560560560560560361e+00 2.002955957619927119e-02
5.570570570570570368e+00 2.018726969448259370e-02
5.580580580580580374e+00 2.034527579323534494e-02
5.590590590590590381e+00 2.050462206668409934e-02
5.600600600600600387e+00 2.066396834013285375e-02
5.610610610610610394e+00 2.082349417330813315e-02
5.620620620620620400e+00 2.098445084789162321e-02
5.630630630630630407e+00 2.114540752247511327e-02
5.640640640640640413e+00 2.130643089595270559e-02
5.650650650650650419e+00 2.146897186730819043e-02
5.660660660660660426e+00 2.163151283866367527e-02
5.670670670670670432e+00 2.179405381001916359e-02
5.680680680680680439e+00 2.195811010881685774e-02
5.690690690690690445e+00 2.212220893710892256e-02
5.700700700700700452e+00 2.228630776540098737e-02
5.710710710710710458e+00 2.245178963293565158e-02
5.720720720720720465e+00 2.261741955747768873e-02
5.730730730730730471e+00 2.278304948201972241e-02
5.740740740740740478e+00 2.294993361643856908e-02
5.750750750750750484e+00 2.311706757009297439e-02
5.760760760760760490e+00 2.328420152374738664e-02
5.770770770770770497e+00 2.345246439140176442e-02
5.780780780780780503e+00 2.362107501477490532e-02
5.790790790790790510e+00 2.378968563814804621e-02
5.800800800800800516e+00 2.395930348371610313e-02
5.810810810810810523e+00 2.412936313916363984e-02
5.820820820820820529e+00 2.429942279461117655e-02
5.830830830830830536e+00 2.447037165110587525e-02
5.840840840840840542e+00 2.464185243656326005e-02
5.850850850850850549e+00 2.481333322202064137e-02
5.860860860860860555e+00 2.498558892069115481e-02
5.870870870870870561e+00 2.515846268334273605e-02
5.880880880880880568e+00 2.533133644599431730e-02
5.890890890890890574e+00 2.550487462612873943e-02
5.900900900900900581e+00 2.567911297592931005e-02
5.910910910910910587e+00 2.585335132572988068e-02
5.920920920920920594e+00 2.602814744436644789e-02
5.930930930930930600e+00 2.620372176742688519e-02
5.940940940940940607e+00 2.637929609048732596e-02
5.950950950950950613e+00 2.655532543204107074e-02
5.960960960960960620e+00 2.673220690389009960e-02
5.970970970970970626e+00 2.690908837573912152e-02
5.980980980980980632e+00 2.708632606155052594e-02
5.990990990990990639e+00 2.726448566028285420e-02
6.001001001001000645e+00 2.744264525901518592e-02
6.011011011011010652e+00 2.762106625682668112e-02
6.021021021021020658e+00 2.780047477614748172e-02
6.031031031031030665e+00 2.797988329546828232e-02
6.041041041041040671e+00 2.815946242883432191e-02
6.051051051051050678e+00 2.834009049100890201e-02
6.061061061061060684e+00 2.852071855318347865e-02
6.071071071071070691e+00 2.870143051081928964e-02
6.081081081081080697e+00 2.888324857953615196e-02
6.091091091091090703e+00 2.906506664825301081e-02
6.101101101101100710e+00 2.924688599332675443e-02
6.111111111111110716e+00 2.942986438648114572e-02
6.121121121121120723e+00 2.961284277963553702e-02
6.131131131131130729e+00 2.979582117278993178e-02
6.141141141141140736e+00 2.997985286141273409e-02
6.151151151151150742e+00 3.016396176381732491e-02
6.161161161161160749e+00 3.034807066622191574e-02
6.171171171171170755e+00 3.053312859326204678e-02
6.181181181181180762e+00 3.071833806929013394e-02
6.191191191191190768e+00 3.090354754531822457e-02
6.201201201201200774e+00 3.108960584469295033e-02
6.211211211211210781e+00 3.127588585085931683e-02
6.221221221221220787e+00 3.146216585702567986e-02
6.231231231231230794e+00 3.164919858630983046e-02
6.241241241241240800e+00 3.183651898379310369e-02
6.251251251251250807e+00 3.202383938127638385e-02
6.261261261261260813e+00 3.221182053071251078e-02
6.271271271271270820e+00 3.240015109782253683e-02
6.281281281281280826e+00 3.258848166493256981e-02
6.291291291291290833e+00 3.277738516640681804e-02
6.301301301301300839e+00 3.296669561099968560e-02
6.311311311311310845e+00 3.315600605559256009e-02
6.321321321321320852e+00 3.334580579157724739e-02
6.331331331331330858e+00 3.353606576341990747e-02
6.341341341341340865e+00 3.372632573526257449e-02
6.351351351351350871e+00 3.391699554772657083e-02
6.361361361361360878e+00 3.410817465081240202e-02
6.371371371371370884e+00 3.429935375389824015e-02
6.381381381381380891e+00 3.449086745318546282e-02
6.391391391391390897e+00 3.468293525800145161e-02
6.401401401401400904e+00 3.487500306281743345e-02
6.411411411411410910e+00 3.506733443649391602e-02
6.421421421421420916e+00 3.526026049223955627e-02
6.431431431431430923e+00 3.545318654798519653e-02
6.441441441441440929e+00 3.564630936965439145e-02
6.451451451451450936e+00 3.584006321641206028e-02
6.461461461461460942e+00 3.603381706316972910e-02
6.471471471471470949e+00 3.622770510125607191e-02
6.481481481481480955e+00 3.642225628211161886e-02
6.491491491491490962e+00 3.661680746296716582e-02
6.501501501501500968e+00 3.681143448946690849e-02
6.511511511511510975e+00 3.700675256257923013e-02
6.521521521521520981e+00 3.720207063569155870e-02
6.531531531531530987e+00 3.739741043489028249e-02
6.541541541541540994e+00 3.759346498550773796e-02
6.551551551551551000e+00 3.778951953612519343e-02
6.561561561561561007e+00 3.798557408674265584e-02
6.571571571571571013e+00 3.818230656570239384e-02
6.581581581581581020e+00 3.837906721812412575e-02
6.591591591591591026e+00 3.857582787054585072e-02
6.601601601601601033e+00 3.877319043759244743e-02
6.611611611611611927e+00 3.897062686707140899e-02
6.621621621621621934e+00 3.916806329655034280e-02
6.631631631631631940e+00 3.936602988758569621e-02
6.641641641641641947e+00 3.956411183217046351e-02
6.651651651651651953e+00 3.976219377675521693e-02
6.661661661661661959e+00 3.996073838625815305e-02
6.671671671671671966e+00 4.015943565857024028e-02
6.681681681681681972e+00 4.035813293088231363e-02
6.691691691691691979e+00 4.055722962036982515e-02
6.701701701701701985e+00 4.075651211931256845e-02
6.711711711711711992e+00 4.095579461825530482e-02
6.721721721721721998e+00 4.115541752469660530e-02
6.731731731731732005e+00 4.135525524709157685e-02
6.741741741741742011e+00 4.155509296948654147e-02
6.751751751751752018e+00 4.175521631366754804e-02
6.761761761761762024e+00 4.195557936581430919e-02
6.771771771771772030e+00 4.215594241796105646e-02
6.781781781781782037e+00 4.235654051279678922e-02
6.791791791791792043e+00 4.255739912195170144e-02
6.801801801801802050e+00 4.275825773110660671e-02
6.811811811811812056e+00 4.295930498989854879e-02
6.821821821821822063e+00 4.316062951566750072e-02
6.831831831831832069e+00 4.336195404143644572e-02
6.841841841841842076e+00 4.356342498607237296e-02
6.851851851851852082e+00 4.376518593171307980e-02
6.861861861861862089e+00 4.396694687735377971e-02
6.871871871871872095e+00 4.416881614644706938e-02
6.881881881881882101e+00 4.437098417007569184e-02
6.891891891891892108e+00 4.457315219370431431e-02
6.901901901901902114e+00 4.477539455066976287e-02
6.911911911911912121e+00 4.497794047636664849e-02
6.921921921921922127e+00 4.518048640206354105e-02
6.931931931931932134e+00 4.538307674312672124e-02
6.941941941941942140e+00 4.558597157193662597e-02
6.951951951951952147e+00 4.578886640074653069e-02
6.961961961961962153e+00 4.599177976288388453e-02
6.971971971971972160e+00 4.619499468370486667e-02
6.981981981981982166e+00 4.639820960452584880e-02
6.991991991991992172e+00 4.660142452534683094e-02
7.002002002002002179e+00 4.680492757368795442e-02
7.012012012012012185e+00 4.700843397404371599e-02
7.022022022022022192e+00 4.721194037439948449e-02
7.032032032032032198e+00 4.741568856821470196e-02
7.042042042042042205e+00 4.761945804490542999e-02
7.052052052052052211e+00 4.782322752159614415e-02
7.062062062062062218e+00 4.802719658681403603e-02
7.072072072072072224e+00 4.823120095644010258e-02
7.082082082082082231e+00 4.843520532606616219e-02
7.092092092092092237e+00 4.863937117076125305e-02
7.102102102102102243e+00 4.884358248011438919e-02
7.112112112112112250e+00 4.904779378946751145e-02
7.122122122122122256e+00 4.925213251126927400e-02
7.132132132132132263e+00 4.945652304758630519e-02
7.142142142142142269e+00 4.966091358390333638e-02
7.152152152152152276e+00 4.986540147731159667e-02
7.162162162162162282e+00 5.006994377838501487e-02
7.172172172172172289e+00 5.027448607945844000e-02
7.182182182182182295e+00 5.047909964306257491e-02
7.192192192192192302e+00 5.068376650720313181e-02
7.202202202202202308e+00 5.088843337134369565e-02
7.212212212212212314e+00 5.109314931494259721e-02
7.222222222222222321e+00 5.129791381078863122e-02
7.232232232232232327e+00 5.150267830663466523e-02
7.242242242242242334e+00 5.170747355825439096e-02
7.252252252252252340e+00 5.191230903442280858e-02
7.262262262262262347e+00 5.211714451059122621e-02
7.272272272272272353e+00 5.232199622339751832e-02
7.282282282282282360e+00 5.252687631797175322e-02
7.292292292292292366e+00 5.273175641254598117e-02
7.302302302302302373e+00 5.293664197164880958e-02
7.312312312312312379e+00 5.314154062149842317e-02
7.322322322322322385e+00 5.334643927134802288e-02
7.332332332332332392e+00 5.355133630049528637e-02
7.342342342342342398e+00 5.375622775042329660e-02
7.352352352352352405e+00 5.396111920035131376e-02
7.362362362362362411e+00 5.416600556850919429e-02
7.372372372372372418e+00 5.437086438022183804e-02
7.382382382382382424e+00 5.457572319193448179e-02
7.392392392392392431e+00 5.478057701975153071e-02
7.402402402402402437e+00 5.498537808064618559e-02
7.412412412412412444e+00 5.519017914154084048e-02
7.422422422422422450e+00 5.539497880769323618e-02
7.432432432432432456e+00 5.559969733946069914e-02
7.442442442442442463e+00 5.580441587122816210e-02
7.452452452452452469e+00 5.600913440299561813e-02
7.462462462462462476e+00 5.621375158568035768e-02
7.472472472472472482e+00 5.641836315271672730e-02
7.482482482482482489e+00 5.662297471975308305e-02
7.492492492492492495e+00 5.682747121230093124e-02
7.502502502502502502e+00 5.703195172992548551e-02
7.512512512512512508e+00 5.723643224755003284e-02
7.522522522522522515e+00 5.744078759851119209e-02
7.532532532532532521e+00 5.764511334098626483e-02
7.542542542542542527e+00 5.784943908346133756e-02
7.552552552552552534e+00 5.805363313137747172e-02
7.562562562562562540e+00 5.825778073972711496e-02
7.572572572572572547e+00 5.846192834807675126e-02
7.582582582582582553e+00 5.866594122699170244e-02
7.592592592592592560e+00 5.886988771661513103e-02
7.602602602602602566e+00 5.907383420623855269e-02
7.612612612612612573e+00 5.927764635107327790e-02
7.622622622622622579e+00 5.948136911915014730e-02
7.632632632632632586e+00 5.968509188722702363e-02
7.642642642642642592e+00 5.988868403901701637e-02
7.652652652652652598e+00 6.009216087170152903e-02
7.662662662662662605e+00 6.029563770438604864e-02
7.672672672672672611e+00 6.049899091537942059e-02
7.682682682682682618e+00 6.070219999478011774e-02
7.692692692692692624e+00 6.090540907418081490e-02
7.702702702702702631e+00 6.110850471279553886e-02
7.712712712712712637e+00 6.131142462373848079e-02
7.722722722722722644e+00 6.151434453468142965e-02
7.732732732732732650e+00 6.171716429032009232e-02
7.742742742742742657e+00 6.191977402689237409e-02
7.752752752752752663e+00 6.212238376346466279e-02
7.762762762762762669e+00 6.232490965118536036e-02
7.772772772772772676e+00 6.252718862305707559e-02
7.782782782782782682e+00 6.272946759492879776e-02
7.792792792792792689e+00 6.293168195997095316e-02
7.802802802802802695e+00 6.313360999849361443e-02
7.812812812812812702e+00 6.333553803701627571e-02
7.822822822822822708e+00 6.353742355918021167e-02
7.832832832832832715e+00 6.373898092325899767e-02
7.842842842842842721e+00 6.394053828733778366e-02
7.852852852852852727e+00 6.414207798521659454e-02
7.862862862862862734e+00 6.434324536695580632e-02
7.872872872872872740e+00 6.454441274869500422e-02
7.882882882882882747e+00 6.474558013043421600e-02
7.892892892892892753e+00 6.494634851387719177e-02
7.902902902902902760e+00 6.514710704399610808e-02
7.912912912912912766e+00 6.534786557411503827e-02
7.922922922922922773e+00 6.554823677754301192e-02
7.932932932932932779e+00 6.574856803056214338e-02
7.942942942942942786e+00 6.594889928358127484e-02
7.952952952952952792e+00 6.614885781462460923e-02
7.962962962962962798e+00 6.634874381382004083e-02
7.972972972972972805e+00 6.654862981301548630e-02
7.982982982982982811e+00 6.674816053825453899e-02
7.992992992992992818e+00 6.694758376038030534e-02
8.003003003003001936e+00 6.714700698250604394e-02
8.013013013013011943e+00 6.734609513071973530e-02
8.023023023023021949e+00 6.754503851049679930e-02
8.033033033033031955e+00 6.774398189027387718e-02
8.043043043043041962e+00 6.794261305553569996e-02
8.053053053053051968e+00 6.814105998990771518e-02
8.063063063063061975e+00 6.833950692427970264e-02
8.073073073073071981e+00 6.853766706890102034e-02
8.083083083083081988e+00 6.873560142105555881e-02
8.093093093093091994e+00 6.893353577321009729e-02
8.103103103103102001e+00 6.913121123053043993e-02
8.113113113113112007e+00 6.932861733368646251e-02
8.123123123123122014e+00 6.952602343684245734e-02
8.133133133133132020e+00 6.972320091386696728e-02
8.143143143143142026e+00 6.992006357482784262e-02
8.153153153153152033e+00 7.011692623578870409e-02
8.163163163163162039e+00 7.031359281567267638e-02
8.173173173173172046e+00 7.050989731814533146e-02
8.183183183183182052e+00 7.070620182061801429e-02
8.193193193193192059e+00 7.090234496499867034e-02
8.203203203203202065e+00 7.109807707267884469e-02
8.213213213213213848e+00 7.129380918035901904e-02
8.223223223223223854e+00 7.148941673153481891e-02
8.233233233233233861e+00 7.168456269095911659e-02
8.243243243243243867e+00 7.187970865038342816e-02
8.253253253253253874e+00 7.207476883334114348e-02
8.263263263263263880e+00 7.226931537650706228e-02
8.273273273273273887e+00 7.246386191967296719e-02
8.283283283283283893e+00 7.265836334396329199e-02
8.293293293293293900e+00 7.285229769071686901e-02
8.303303303303303906e+00 7.304623203747043214e-02
8.313313313313313913e+00 7.324016369893179834e-02
8.323323323323323919e+00 7.343347355912528684e-02
8.333333333333333925e+00 7.362678341931876147e-02
8.343343343343343932e+00 7.382009327951224997e-02
8.353353353353353938e+00 7.401280827707083787e-02
8.363363363363363945e+00 7.420548185249065121e-02
8.373373373373373951e+00 7.439815542791046454e-02
8.383383383383383958e+00 7.459026851474478970e-02
8.393393393393393964e+00 7.478229450081105845e-02
8.403403403403403971e+00 7.497432048687734107e-02
8.413413413413413977e+00 7.516582232163804278e-02
8.423423423423423984e+00 7.535718990887808888e-02
8.433433433433433990e+00 7.554855749611812110e-02
8.443443443443443996e+00 7.573943913038860831e-02
8.453453453453454003e+00 7.593013800568484961e-02
8.463463463463464009e+00 7.612083688098109091e-02
8.473473473473474016e+00 7.631108976003227184e-02
8.483483483483484022e+00 7.650111010764699959e-02
8.493493493493494029e+00 7.669113045526174122e-02
8.503503503503504035e+00 7.688074641866235459e-02
8.513513513513514042e+00 7.707007892104129898e-02
8.523523523523524048e+00 7.725941142342025725e-02
8.533533533533534055e+00 7.744838270550340187e-02
8.543543543543544061e+00 7.763701854385961221e-02
8.553553553553554067e+00 7.782565438221580867e-02
8.563563563563564074e+00 7.801397361240332284e-02
8.573573573573574080e+00 7.820190446708397136e-02
8.583583583583584087e+00 7.838983532176461988e-02
8.593593593593594093e+00 7.857749552475037924e-02
8.603603603603604100e+00 7.876471357538865348e-02
8.613613613613614106e+00 7.895193162602692771e-02
8.623623623623624113e+00 7.913892622182065739e-02
8.633633633633634119e+00 7.932542414727505875e-02
8.643643643643644126e+00 7.951192207272947399e-02
8.653653653653654132e+00 7.969824487656222700e-02
8.663663663663664138e+00 7.988401585464573185e-02
8.673673673673674145e+00 8.006978683272925057e-02
8.683683683683684151e+00 8.025543205482228715e-02
8.693693693693694158e+00 8.044046976182432640e-02
8.703703703703704164e+00 8.062550746882633790e-02
8.713713713713714171e+00 8.081046971402477963e-02
8.723723723723724177e+00 8.099476832402797977e-02
8.733733733733734184e+00 8.117906693403119378e-02
8.743743743743744190e+00 8.136334120130393754e-02
8.753753753753754197e+00 8.154689538529963366e-02
8.763763763763764203e+00 8.173044956929534366e-02
8.773773773773774209e+00 8.191400375329103978e-02
8.783783783783784216e+00 8.209683617590768367e-02
8.793793793793794222e+00 8.227964110071202264e-02
8.803803803803804229e+00 8.246244602551634773e-02
8.813813813813814235e+00 8.264457730922013246e-02
8.823823823823824242e+00 8.282662863619413840e-02
8.833833833833834248e+00 8.300867996316813047e-02
8.843843843843844255e+00 8.319010677806136511e-02
8.853853853853854261e+00 8.337140066163843677e-02
8.863863863863864268e+00 8.355269454521549455e-02
8.873873873873874274e+00 8.373341395055987346e-02
8.883883883883884280e+00 8.391394703658340559e-02
8.893893893893894287e+00 8.409448012260692384e-02
8.903903903903904293e+00 8.427448956549474235e-02
8.913913913913914300e+00 8.445425898936903542e-02
8.923923923923924306e+00 8.463402841324335624e-02
8.933933933933934313e+00 8.481332572714908591e-02
8.943943943943944319e+00 8.499232911180780448e-02
8.953953953953954326e+00 8.517133249646652304e-02
8.963963963963964332e+00 8.534991589968059233e-02
8.973973973973974338e+00 8.552815135337449304e-02
8.983983983983984345e+00 8.570638680706840762e-02
8.993993993993994351e+00 8.588425490101515847e-02
9.004004004004004358e+00 8.606172101492448601e-02
9.014014014014014364e+00 8.623918712883379967e-02
9.024024024024024371e+00 8.641633889627600706e-02
9.034034034034034377e+00 8.659303474194934847e-02
9.044044044044044384e+00 8.676973058762268987e-02
9.054054054054054390e+00 8.694616539075418482e-02
9.064064064064064397e+00 8.712209051737870857e-02
9.074074074074074403e+00 8.729801564400324621e-02
9.084084084084084409e+00 8.747373322243220950e-02
9.094094094094094416e+00 8.764888765393770431e-02
9.104104104104104422e+00 8.782404208544319912e-02
9.114114114114114429e+00 8.799904255406788833e-02
9.124124124124124435e+00 8.817342678606956974e-02
9.134134134134134442e+00 8.834781101807126502e-02
9.144144144144144448e+00 8.852209486485075607e-02
9.154154154154154455e+00 8.869570986143325564e-02
9.164164164164164461e+00 8.886932485801575521e-02
9.174174174174174468e+00 8.904289294163729440e-02
9.184184184184184474e+00 8.921574013198446673e-02
9.194194194194194480e+00 8.938858732233162518e-02
9.204204204204204487e+00 8.956143451267881139e-02
9.214214214214214493e+00 8.973352214465124543e-02
9.224224224224224500e+00 8.990560341952523460e-02
9.234234234234234506e+00 9.007768469439925152e-02
9.244244244244244513e+00 9.024906173161317824e-02
9.254254254254254519e+00 9.042037943968669889e-02
9.264264264264264526e+00 9.059169714776023341e-02
9.274274274274274532e+00 9.076236600019414735e-02
9.284284284284284539e+00 9.093292294423953315e-02
9.294294294294294545e+00 9.110347988828491894e-02
9.304304304304304551e+00 9.127344332237870284e-02
9.314314314314314558e+00 9.144324275531801050e-02
9.324324324324324564e+00 9.161304218825733203e-02
9.334334334334334571e+00 9.178230332396196400e-02
9.344344344344344577e+00 9.195134894478157461e-02
9.354354354354354584e+00 9.212039456560118522e-02
9.364364364364364590e+00 9.228895687334311149e-02
9.374374374374374597e+00 9.245725282287735325e-02
9.384384384384384603e+00 9.262554877241159501e-02
9.394394394394394610e+00 9.279341606997305869e-02
9.404404404404404616e+00 9.296096692655965443e-02
9.414414414414414622e+00 9.312851778314625018e-02
9.424424424424424629e+00 9.329569423246468485e-02
9.434434434434434635e+00 9.346250500747753376e-02
9.444444444444444642e+00 9.362931578249038267e-02
9.454454454454454648e+00 9.379580588637874417e-02
9.464464464464464655e+00 9.396188201964023046e-02
9.474474474474474661e+00 9.412795815290170287e-02
9.484484484484484668e+00 9.429376675169216793e-02
9.494494494494494674e+00 9.445911410677051978e-02
9.504504504504504681e+00 9.462446146184889939e-02
9.514514514514514687e+00 9.478959372996212385e-02
9.524524524524524693e+00 9.495421858935643167e-02
9.534534534534534700e+00 9.511884344875075337e-02
9.544544544544544706e+00 9.528330489119306301e-02
9.554554554554554713e+00 9.544721395141084197e-02
9.564564564564564719e+00 9.561112301162863480e-02
9.574574574574574726e+00 9.577491946041953585e-02
9.584584584584584732e+00 9.593811982695021889e-02
9.594594594594594739e+00 9.610132019348088805e-02
9.604604604604604745e+00 9.626445780401292340e-02
9.614614614614614752e+00 9.642695698620123990e-02
9.624624624624624758e+00 9.658945616838955639e-02
9.634634634634634764e+00 9.675194141572293627e-02
9.644644644644644771e+00 9.691374732154656169e-02
9.654654654654654777e+00 9.707555322737015935e-02
9.664664664664664784e+00 9.723735913319377089e-02
9.674674674674674790e+00 9.739851383321919409e-02
9.684684684684684797e+00 9.755963476397370993e-02
9.694694694694694803e+00 9.772075569472822576e-02
9.704704704704704810e+00 9.788128061475535879e-02
9.714714714714714816e+00 9.804172525965107465e-02
9.724724724724724823e+00 9.820216990454679051e-02
9.734734734734734829e+00 9.836207283821618574e-02
9.744744744744744835e+00 9.852185026889054287e-02
9.754754754754754842e+00 9.868162769956489999e-02
9.764764764764764848e+00 9.884091673918828092e-02
9.774774774774774855e+00 9.900003640413740369e-02
9.784784784784784861e+00 9.915915606908654034e-02
9.794794794794794868e+00 9.931783960157250513e-02
9.804804804804804874e+00 9.947631132050595293e-02
9.814814814814814881e+00 9.963478303943940073e-02
9.824824824824824887e+00 9.979286974217102535e-02
9.834834834834834894e+00 9.995070370029313089e-02
9.844844844844844900e+00 1.001085376584152226e-01
9.854854854854854906e+00 1.002660364950820615e-01
9.864864864864864913e+00 1.004232432373043660e-01
9.874874874874874919e+00 1.005804499795266566e-01
9.884884884884884926e+00 1.007373701959130563e-01
9.894894894894894932e+00 1.008939606210006862e-01
9.904904904904904939e+00 1.010505510460883022e-01
9.914914914914914945e+00 1.012069021658202617e-01
9.924924924924924952e+00 1.013628875204763413e-01
9.934934934934934958e+00 1.015188728751324071e-01
9.944944944944944965e+00 1.016746646953851779e-01
9.954954954954954971e+00 1.018300565682770525e-01
9.964964964964964977e+00 1.019854484411689410e-01
9.974974974974974984e+00 1.021406910283374908e-01
9.984984984984984990e+00 1.022955013440679517e-01
9.994994994994994997e+00 1.024503116597983987e-01
1.000500500500500500e+01 1.026050153451325830e-01
1.001501501501501501e+01 1.027592563581600366e-01
1.002502502502502502e+01 1.029134973711874901e-01
1.003503503503503502e+01 1.030676727463944453e-01
1.004504504504504503e+01 1.032213570349052867e-01
1.005505505505505504e+01 1.033750413234161419e-01
1.006506506506506504e+01 1.035286992362314390e-01
1.007507507507507505e+01 1.036818396959683641e-01
1.008508508508508505e+01 1.038349801557053032e-01
1.009509509509509506e+01 1.039881206154422144e-01
1.010510510510510507e+01 1.041407415434848077e-01
1.011511511511511507e+01 1.042933513815341162e-01
1.012512512512512508e+01 1.044459612195834386e-01
1.013513513513513509e+01 1.045981006431137145e-01
1.014514514514514509e+01 1.047501933716554756e-01
1.015515515515515510e+01 1.049022861001972506e-01
1.016516516516516511e+01 1.050539559069945256e-01
1.017517517517517511e+01 1.052055453370185356e-01
1.018518518518518512e+01 1.053571347670425318e-01
1.019519519519519513e+01 1.055083470766155079e-01
1.020520520520520513e+01 1.056594473116064109e-01
1.021521521521521514e+01 1.058105475465973000e-01
1.022522522522522515e+01 1.059613147056031601e-01
1.023523523523523515e+01 1.061119401351984237e-01
1.024524524524524516e+01 1.062625655647936734e-01
1.025525525525525516e+01 1.064129001424409665e-01
1.026526526526526517e+01 1.065630654360641139e-01
1.027527527527527518e+01 1.067132307296872751e-01
1.028528528528528518e+01 1.068631455131248548e-01
1.029529529529529519e+01 1.070128656135979073e-01
1.030530530530530520e+01 1.071625857140709598e-01
1.031531531531531520e+01 1.073120937037645023e-01
1.032532532532532521e+01 1.074613838209018263e-01
1.033533533533533522e+01 1.076106739380391503e-01
1.034534534534534522e+01 1.077597883431371806e-01
1.035535535535535523e+01 1.079086639473249981e-01
1.036536536536536524e+01 1.080575395515128295e-01
1.037537537537537524e+01 1.082062737852041712e-01
1.038538538538538525e+01 1.083547506009675254e-01
1.039539539539539525e+01 1.085032274167308797e-01
1.040540540540540526e+01 1.086515950915948048e-01
1.041541541541541527e+01 1.087996890911553383e-01
1.042542542542542527e+01 1.089477830907158717e-01
1.043543543543543528e+01 1.090957980140669914e-01
1.044544544544544529e+01 1.092435254108949372e-01
1.045545545545545529e+01 1.093912528077228691e-01
1.046546546546546530e+01 1.095389289769524849e-01
1.047547547547547531e+01 1.096863062193146610e-01
1.048548548548548531e+01 1.098336834616768370e-01
1.049549549549549532e+01 1.099810350595920166e-01
1.050550550550550533e+01 1.101280788240997094e-01
1.051551551551551533e+01 1.102751225886074021e-01
1.052552552552552534e+01 1.104221639787699855e-01
1.053553553553553535e+01 1.105688911639282901e-01
1.054554554554554535e+01 1.107156183490866086e-01
1.055555555555555536e+01 1.108623455342448993e-01
1.056556556556556536e+01 1.110087917909152455e-01
1.057557557557557537e+01 1.111552195106775970e-01
1.058558558558558538e+01 1.113016472304399346e-01
1.059559559559559538e+01 1.114478298530709455e-01
1.060560560560560539e+01 1.115939754304005604e-01
1.061561561561561540e+01 1.117401210077301615e-01
1.062562562562562540e+01 1.118860550767809270e-01
1.063563563563563541e+01 1.120319360372222101e-01
1.064564564564564542e+01 1.121778169976634931e-01
1.065565565565565542e+01 1.123235177493136644e-01
1.066566566566566543e+01 1.124691518145760072e-01
1.067567567567567544e+01 1.126147858798383361e-01
1.068568568568568544e+01 1.127602687013625482e-01
1.069569569569569545e+01 1.129056737829184087e-01
1.070570570570570545e+01 1.130510788644742692e-01
1.071571571571571546e+01 1.131963592896277210e-01
1.072572572572572547e+01 1.133415534823282445e-01
1.073573573573573547e+01 1.134867476750287402e-01
1.074574574574574548e+01 1.136318413794450699e-01
1.075575575575575549e+01 1.137768429551545973e-01
1.076576576576576549e+01 1.139218445308641248e-01
1.077577577577577550e+01 1.140667673274667476e-01
1.078578578578578551e+01 1.142115947287192651e-01
1.079579579579579551e+01 1.143564221299717826e-01
1.080580580580580552e+01 1.145011899644004377e-01
1.081581581581581553e+01 1.146458617980795208e-01
1.082582582582582553e+01 1.147905336317586178e-01
1.083583583583583554e+01 1.149351625778119168e-01
1.084584584584584555e+01 1.150796976088568763e-01
1.085585585585585555e+01 1.152242326399018635e-01
1.086586586586586556e+01 1.153687388949972831e-01
1.087587587587587556e+01 1.155131560401367052e-01
1.088588588588588557e+01 1.156575731852761274e-01
1.089589589589589558e+01 1.158019730659285013e-01
1.090590590590590558e+01 1.159462913874442780e-01
1.091591591591591559e+01 1.160906097089600686e-01
1.092592592592592560e+01 1.162349196462800077e-01
1.093593593593593560e+01 1.163791583458030771e-01
1.094594594594594561e+01 1.165233970453261464e-01
1.095595595595595562e+01 1.166676335805393455e-01
1.096596596596596562e+01 1.168118119928790027e-01
1.097597597597597563e+01 1.169559904052186738e-01
1.098598598598598564e+01 1.171001688175583172e-01
1.099599599599599564e+01 1.172443077722160748e-01
1.100600600600600565e+01 1.173884453592252547e-01
1.101601601601601566e+01 1.175325829462344346e-01
1.102602602602602566e+01 1.176767014765685848e-01
1.103603603603603567e+01 1.178208178210462254e-01
1.104604604604604567e+01 1.179649341655238659e-01
1.105605605605605568e+01 1.181090492313331547e-01
1.106606606606606569e+01 1.182531640309655990e-01
1.107607607607607569e+01 1.183972788305980434e-01
1.108608608608608570e+01 1.185414074780862248e-01
1.109609609609609571e+01 1.186855405394300345e-01
1.110610610610610571e+01 1.188296736007738441e-01
1.111611611611611572e+01 1.189738329582313014e-01
1.112612612612612573e+01 1.191180041907373283e-01
1.113613613613613573e+01 1.192621754232433690e-01
1.114614614614614574e+01 1.194063826967579622e-01
1.115615615615615575e+01 1.195506121068403566e-01
1.116616616616616575e+01 1.196948415169227647e-01
1.117617617617617576e+01 1.198391139861199051e-01
1.118618618618618576e+01 1.199834216712699769e-01
1.119619619619619577e+01 1.201277293564200488e-01
1.120620620620620578e+01 1.202720843702330816e-01
1.121621621621621578e+01 1.204164905131800412e-01
1.122622622622622579e+01 1.205608966561269868e-01
1.123623623623623580e+01 1.207053516285988976e-01
1.124624624624624580e+01 1.208498764915189455e-01
1.125625625625625581e+01 1.209944013544389935e-01
1.126626626626626582e+01 1.211389737605558514e-01
1.127627627627627582e+01 1.212836376793308274e-01
1.128628628628628583e+01 1.214283015981058172e-01
1.129629629629629584e+01 1.215730089696631100e-01
1.130630630630630584e+01 1.217178323481897528e-01
1.131631631631631585e+01 1.218626557267163818e-01
1.132632632632632586e+01 1.220075156482186424e-01
1.133633633633633586e+01 1.221525189527701283e-01
1.134634634634634587e+01 1.222975222573215864e-01
1.135635635635635587e+01 1.224425523619162570e-01
1.136636636636636588e+01 1.225877561155567785e-01
1.137637637637637589e+01 1.227329598691972862e-01
1.138638638638638589e+01 1.228781778346432901e-01
1.139639639639639590e+01 1.230236026116972026e-01
1.140640640640640591e+01 1.231690273887511150e-01
1.141641641641641769e+01 1.233144521658050552e-01
1.142642642642642770e+01 1.234601173539991575e-01
1.143643643643643770e+01 1.236057837745752341e-01
1.144644644644644771e+01 1.237514501951513107e-01
1.145645645645645772e+01 1.238973593780759580e-01
1.146646646646646772e+01 1.240432881026483497e-01
1.147647647647647773e+01 1.241892168272207414e-01
1.148648648648648773e+01 1.243353878276428903e-01
1.149649649649649774e+01 1.244815995516893731e-01
1.150650650650650775e+01 1.246278112757358697e-01
1.151651651651651775e+01 1.247742619399660191e-01
1.152652652652652776e+01 1.249207773886644307e-01
1.153653653653653777e+01 1.250672928373628701e-01
1.154654654654654777e+01 1.252140410314664110e-01
1.155655655655655778e+01 1.253608809544505542e-01
1.156656656656656779e+01 1.255077208774347253e-01
1.157657657657657779e+01 1.256547844834825234e-01
1.158658658658658780e+01 1.258019696496580631e-01
1.159659659659659781e+01 1.259491548158336305e-01
1.160660660660660781e+01 1.260965517281920356e-01
1.161661661661661782e+01 1.262441029206128329e-01
1.162662662662662783e+01 1.263916541130336302e-01
1.163663663663663783e+01 1.265394022346946756e-01
1.164664664664664784e+01 1.266873402455013231e-01
1.165665665665665784e+01 1.268352782563079428e-01
1.166666666666666785e+01 1.269833954952600263e-01
1.167667667667667786e+01 1.271317411206799863e-01
1.168668668668668786e+01 1.272800867460999186e-01
1.169669669669669787e+01 1.274285910117395615e-01
1.170670670670670788e+01 1.275773650471506149e-01
1.171671671671671788e+01 1.277261390825616683e-01
1.172672672672672789e+01 1.278750482821461587e-01
1.173673673673673790e+01 1.280242715172031642e-01
1.174674674674674790e+01 1.281734947522601420e-01
1.175675675675675791e+01 1.283228267874021999e-01
1.176676676676676792e+01 1.284725200012282464e-01
1.177677677677677792e+01 1.286222132150543207e-01
1.178678678678678793e+01 1.287719859782583409e-01
1.179679679679679793e+01 1.289221699346998484e-01
1.180680680680680794e+01 1.290723538911413837e-01
1.181681681681681795e+01 1.292225852623820337e-01
1.182682682682682795e+01 1.293732807053296074e-01
1.183683683683683796e+01 1.295239761482771812e-01
1.184684684684684797e+01 1.296746839916205485e-01
1.185685685685685797e+01 1.298259116403948921e-01
1.186686686686686798e+01 1.299771392891692356e-01
1.187687687687687799e+01 1.301283669379435237e-01
1.188688688688688799e+01 1.302801219942407440e-01
1.189689689689689800e+01 1.304319025390448805e-01
1.190690690690690801e+01 1.305836830838490448e-01
1.191691691691691801e+01 1.307359709359573463e-01
1.192692692692692802e+01 1.308883250333947867e-01
1.193693693693693803e+01 1.310406791308322549e-01
1.194694694694694803e+01 1.311935175372328510e-01
1.195695695695695804e+01 1.313464658058924595e-01
1.196696696696696804e+01 1.314994140745520401e-01
1.197697697697697805e+01 1.316528207603838985e-01
1.198698698698698806e+01 1.318063837764918977e-01
1.199699699699699806e+01 1.319599467925999248e-01
1.200700700700700807e+01 1.321139394465640216e-01
1.201701701701701808e+01 1.322681377397030844e-01
1.202702702702702808e+01 1.324223360328421473e-01
1.203703703703703809e+01 1.325769323041497416e-01
1.204704704704704810e+01 1.327317863530451392e-01
1.205705705705705810e+01 1.328866404019405367e-01
1.206706706706706811e+01 1.330418578973056876e-01
1.207707707707707812e+01 1.331973881256796610e-01
1.208708708708708812e+01 1.333529183540536345e-01
1.209709709709709813e+01 1.335087746347297932e-01
1.210710710710710813e+01 1.336650014072228998e-01
1.211711711711711814e+01 1.338212281797159786e-01
1.212712712712712815e+01 1.339777407585770463e-01
1.213713713713713815e+01 1.341346843767384223e-01
1.214714714714714816e+01 1.342916279948998537e-01
1.215715715715715817e+01 1.344488143335655361e-01
1.216716716716716817e+01 1.346064950319100506e-01
1.217717717717717818e+01 1.347641757302545928e-01
1.218718718718718819e+01 1.349220532362599978e-01
1.219719719719719819e+01 1.350804911783939910e-01
1.220720720720720820e+01 1.352389291205279565e-01
1.221721721721721821e+01 1.353975151445377390e-01
1.222722722722722821e+01 1.355567304193529554e-01
1.223723723723723822e+01 1.357159456941681164e-01
1.224724724724724823e+01 1.358752575272351437e-01
1.225725725725725823e+01 1.360352701451702229e-01
1.226726726726726824e+01 1.361952827631052743e-01
1.227727727727727824e+01 1.363553376339735890e-01
1.228728728728728825e+01 1.365161675233443617e-01
1.229729729729729826e+01 1.366769974127151621e-01
1.230730730730730826e+01 1.368378273020859071e-01
1.231731731731731827e+01 1.369994794885646405e-01
1.232732732732732828e+01 1.371611464919616219e-01
1.233733733733733828e+01 1.373228134953586310e-01
1.234734734734734829e+01 1.374852627329662125e-01
1.235735735735735830e+01 1.376477866037205955e-01
1.236736736736736830e+01 1.378103104744749785e-01
1.237737737737737831e+01 1.379735736965661264e-01
1.238738738738738832e+01 1.381369740952834435e-01
1.239739739739739832e+01 1.383003744940007884e-01
1.240740740740740833e+01 1.384644685578790002e-01
1.241741741741741833e+01 1.386287650490402590e-01
1.242742742742742834e+01 1.387930615402015455e-01
1.243743743743743835e+01 1.389580032247117181e-01
1.244744744744744835e+01 1.391232152733426763e-01
1.245745745745745836e+01 1.392884273219736346e-01
1.246746746746746837e+01 1.394542333251383159e-01
1.247747747747747837e+01 1.396203802935453431e-01
1.248748748748748838e+01 1.397865272619523702e-01
1.249749749749749839e+01 1.399532141986521705e-01
1.250750750750750839e+01 1.401203153432259707e-01
1.251751751751751840e+01 1.402874164877997987e-01
1.252752752752752841e+01 1.404550008874973777e-01
1.253753753753753841e+01 1.406230753555832713e-01
1.254754754754754842e+01 1.407911498236691927e-01
1.255755755755755843e+01 1.409596481281770175e-01
1.256756756756756843e+01 1.411287149550123632e-01
1.257757757757757844e+01 1.412977817818477089e-01
1.258758758758758844e+01 1.414672103431392491e-01
1.259759759759759845e+01 1.416372884488568684e-01
1.260760760760760846e+01 1.418073665545744877e-01
1.261761761761761846e+01 1.419777416326387653e-01
1.262762762762762847e+01 1.421488498193368144e-01
1.263763763763763848e+01 1.423199580060348912e-01
1.264764764764764848e+01 1.424912957667740510e-01
1.265765765765765849e+01 1.426634527156518117e-01
1.266766766766766850e+01 1.428356096645295725e-01
1.267767767767767850e+01 1.430079261776996957e-01
1.268768768768768851e+01 1.431811504462588702e-01
1.269769769769769852e+01 1.433543747148180447e-01
1.270770770770770852e+01 1.435276859520125126e-01
1.271771771771771853e+01 1.437019959713238815e-01
1.272772772772772854e+01 1.438763059906353059e-01
1.273773773773773854e+01 1.440506278233108228e-01
1.274774774774774855e+01 1.442260418953457968e-01
1.275775775775775855e+01 1.444014559673807707e-01
1.276776776776776856e+01 1.445768700394157447e-01
1.277777777777777857e+01 1.447533404599525564e-01
1.278778778778778857e+01 1.449298767549789535e-01
1.279779779779779858e+01 1.451064130500053506e-01
1.280780780780780859e+01 1.452839435368677712e-01
1.281781781781781859e+01 1.454616200909101265e-01
1.282782782782782860e+01 1.456392966449525095e-01
1.283783783783783861e+01 1.458179026210477680e-01
1.284784784784784861e+01 1.459967373334114804e-01
1.285785785785785862e+01 1.461755720457752483e-01
1.286786786786786863e+01 1.463552688239874999e-01
1.287787787787787863e+01 1.465352794548460402e-01
1.288788788788788864e+01 1.467152900857045805e-01
1.289789789789789864e+01 1.468960928671937949e-01
1.290790790790790865e+01 1.470772970352388076e-01
1.291791791791791866e+01 1.472585012032837926e-01
1.292792792792792866e+01 1.474404250758252766e-01
1.293793793793793867e+01 1.476228402559794650e-01
1.294794794794794868e+01 1.478052554361336257e-01
1.295795795795795868e+01 1.479883153724985412e-01
1.296796796796796869e+01 1.481719588936905030e-01
1.297797797797797870e+01 1.483556024148824648e-01
1.298798798798798870e+01 1.485398132712583141e-01
1.299799799799799871e+01 1.487247023142589941e-01
1.300800800800800872e+01 1.489095913572596741e-01
1.301801801801801872e+01 1.490949678717108651e-01
1.302802802802802873e+01 1.492811194670307928e-01
1.303803803803803874e+01 1.494672710623507206e-01
1.304804804804804874e+01 1.496538278533189326e-01
1.305805805805805875e+01 1.498412588791669386e-01
1.306806806806806875e+01 1.500286899050149725e-01
1.307807807807807876e+01 1.502164414698591854e-01
1.308808808808808877e+01 1.504051686501600704e-01
1.309809809809809877e+01 1.505938958304609554e-01
1.310810810810810878e+01 1.507828565440362256e-01
1.311811811811811879e+01 1.509728964465091583e-01
1.312812812812812879e+01 1.511629363489820632e-01
1.313813813813813880e+01 1.513531204622577120e-01
1.314814814814814881e+01 1.515444894965532197e-01
1.315815815815815881e+01 1.517358585308486996e-01
1.316816816816816882e+01 1.519272801695647490e-01
1.317817817817817883e+01 1.521199945854602442e-01
1.318818818818818883e+01 1.523127090013557394e-01
1.319819819819819884e+01 1.525054234172512346e-01
1.320820820820820884e+01 1.526994580503717169e-01
1.321821821821821885e+01 1.528935339360258661e-01
1.322822822822822886e+01 1.530876098216799874e-01
1.323823823823823886e+01 1.532829257757009622e-01
1.324824824824824887e+01 1.534783790559644534e-01
1.325825825825825888e+01 1.536738323362279446e-01
1.326826826826826888e+01 1.538704431885828394e-01
1.327827827827827889e+01 1.540672896233671874e-01
1.328828828828828890e+01 1.542641360581515353e-01
1.329829829829829890e+01 1.544620552544753722e-01
1.330830830830830891e+01 1.546603104371776505e-01
1.331831831831831892e+01 1.548585656198799287e-01
1.332832832832832892e+01 1.550578064729103422e-01
1.333833833833833893e+01 1.552574858288941761e-01
1.334834834834834894e+01 1.554571651848779823e-01
1.335835835835835894e+01 1.556577408733919587e-01
1.336836836836836895e+01 1.558588596585233077e-01
1.337837837837837895e+01 1.560599784436546011e-01
1.338838838838838896e+01 1.562619020114414670e-01
1.339839839839839897e+01 1.564644753106800013e-01
1.340840840840840897e+01 1.566670486099185355e-01
1.341841841841841898e+01 1.568703329647884170e-01
1.342842842842842899e+01 1.570743756908327682e-01
1.343843843843843899e+01 1.572784184168770916e-01
1.344844844844844900e+01 1.574830763297044023e-01
1.345845845845845901e+01 1.576886032216907596e-01
1.346846846846846901e+01 1.578941301136770892e-01
1.347847847847847902e+01 1.581001742174787950e-01
1.348848848848848903e+01 1.583071998397327929e-01
1.349849849849849903e+01 1.585142254619867908e-01
1.350850850850850904e+01 1.587216682510353971e-01
1.351851851851851904e+01 1.589302069918770155e-01
1.352852852852852905e+01 1.591387457327186339e-01
1.353853853853853906e+01 1.593475995616893959e-01
1.354854854854854906e+01 1.595576656322891806e-01
1.355855855855855907e+01 1.597677317028889654e-01
1.356856856856856908e+01 1.599780087860405986e-01
1.357857857857857908e+01 1.601896162193271467e-01
1.358858858858858909e+01 1.604012236526136947e-01
1.359859859859859910e+01 1.606129360630026703e-01
1.360860860860860910e+01 1.608260987126212682e-01
1.361861861861861911e+01 1.610392613622398938e-01
1.362862862862862912e+01 1.612524240118584640e-01
1.363863863863863912e+01 1.614671525702895960e-01
1.364864864864864913e+01 1.616818841096111792e-01
1.365865865865865914e+01 1.618966156489327624e-01
1.366866866866866914e+01 1.621128167462850267e-01
1.367867867867867915e+01 1.623291306674637391e-01
1.368868868868868915e+01 1.625454445886424515e-01
1.369869869869869916e+01 1.627631296878727096e-01
1.370870870870870917e+01 1.629810393009535618e-01
1.371871871871871917e+01 1.631989489140344418e-01
1.372872872872872918e+01 1.634181293332383211e-01
1.373873873873873919e+01 1.636376477653126993e-01
1.374874874874874919e+01 1.638571661973870774e-01
1.375875875875875920e+01 1.640778531092233206e-01
1.376876876876876921e+01 1.642989933036320127e-01
1.377877877877877921e+01 1.645201334980407049e-01
1.378878878878878922e+01 1.647423379291867718e-01
1.379879879879879923e+01 1.649651126447710392e-01
1.380880880880880923e+01 1.651878873603552511e-01
1.381881881881881924e+01 1.654116201909925921e-01
1.382882882882882924e+01 1.656360420013905377e-01
1.383883883883883925e+01 1.658604638117884833e-01
1.384884884884884926e+01 1.660857357751186480e-01
1.385885885885885926e+01 1.663118170681091856e-01
1.386886886886886927e+01 1.665378983610997787e-01
1.387887887887887928e+01 1.667647200428896970e-01
1.388888888888888928e+01 1.669924730197803187e-01
1.389889889889889929e+01 1.672202259966709681e-01
1.390890890890890930e+01 1.674486078348280393e-01
1.391891891891891930e+01 1.676780445098885741e-01
1.392892892892892931e+01 1.679074811849490534e-01
1.393893893893893932e+01 1.681374334691254080e-01
1.394894894894894932e+01 1.683685656690653842e-01
1.395895895895895933e+01 1.685996978690053882e-01
1.396896896896896934e+01 1.688312307402305423e-01
1.397897897897897934e+01 1.690640701037204041e-01
1.398898898898898935e+01 1.692969094672102937e-01
1.399899899899899935e+01 1.695300329175522536e-01
1.400900900900900936e+01 1.697645908947872928e-01
1.401901901901901937e+01 1.699991488720223598e-01
1.402902902902902937e+01 1.702338727442768984e-01
1.403903903903903938e+01 1.704701605965844857e-01
1.404904904904904939e+01 1.707064484488920730e-01
1.405905905905905939e+01 1.709427824362999282e-01
1.406906906906906940e+01 1.711808112357871836e-01
1.407907907907907941e+01 1.714188400352744668e-01
1.408908908908908941e+01 1.716568688347617500e-01
1.409909909909909942e+01 1.718965743105091426e-01
1.410910910910910943e+01 1.721363549397531001e-01
1.411911911911911943e+01 1.723761355689970576e-01
1.412912912912912944e+01 1.726174807894942653e-01
1.413913913913913944e+01 1.728590239412720331e-01
1.414914914914914945e+01 1.731005670930498008e-01
1.415915915915915946e+01 1.733435611114156893e-01
1.416916916916916946e+01 1.735868772884752997e-01
1.417917917917917947e+01 1.738301934655348824e-01
1.418918918918918948e+01 1.740748451842806521e-01
1.419919919919919948e+01 1.743199446991505475e-01
1.420920920920920949e+01 1.745650442140204983e-01
1.421921921921921950e+01 1.748113623849390230e-01
1.422922922922922950e+01 1.750582553597775093e-01
1.423923923923923951e+01 1.753051483346159956e-01
1.424924924924924952e+01 1.755531415586961963e-01
1.425925925925925952e+01 1.758018379251782559e-01
1.426926926926926953e+01 1.760505342916602878e-01
1.427927927927927954e+01 1.763002110190258764e-01
1.428928928928928954e+01 1.765507205182683392e-01
1.429929929929929955e+01 1.768012300175108020e-01
1.430930930930930955e+01 1.770525985473839492e-01
1.431931931931931956e+01 1.773049307299081889e-01
1.432932932932932957e+01 1.775572629124323731e-01
1.433933933933933957e+01 1.778103313931211349e-01
1.434934934934934958e+01 1.780644956188514871e-01
1.435935935935935959e+01 1.783186598445818116e-01
1.436936936936936959e+01 1.785734362734913150e-01
1.437937937937937960e+01 1.788294417117905211e-01
1.438938938938938961e+01 1.790854471500897271e-01
1.439939939939939961e+01 1.793419393737568368e-01
1.440940940940940962e+01 1.795997950034960988e-01
1.441941941941941963e+01 1.798576506332353608e-01
1.442942942942942963e+01 1.801158663473863553e-01
1.443943943943943964e+01 1.803755809570518065e-01
1.444944944944944965e+01 1.806352955667172577e-01
1.445945945945945965e+01 1.808952423163487644e-01
1.446946946946946966e+01 1.811568245041804137e-01
1.447947947947947966e+01 1.814184066920120353e-01
1.448948948948948967e+01 1.816800918714934487e-01
1.449949949949949968e+01 1.819435500456597077e-01
1.450950950950950968e+01 1.822070082198259666e-01
1.451951951951951969e+01 1.824704663939922256e-01
1.452952952952952970e+01 1.827357814518296708e-01
1.453953953953953970e+01 1.830011238306343824e-01
1.454954954954954971e+01 1.832664662094390662e-01
1.455955955955955972e+01 1.835335420631859504e-01
1.456956956956956972e+01 1.838007766753081695e-01
1.457957957957957973e+01 1.840680112874304442e-01
1.458958958958958974e+01 1.843368546910608419e-01
1.459959959959959974e+01 1.846059893758276449e-01
1.460960960960960975e+01 1.848751240605944757e-01
1.461961961961961975e+01 1.851457416183894811e-01
1.462962962962962976e+01 1.854167840260794731e-01
1.463963963963963977e+01 1.856878264337694651e-01
1.464964964964964977e+01 1.859602246005589432e-01
1.465965965965965978e+01 1.862331821927375175e-01
1.466966966966966979e+01 1.865061397849160640e-01
1.467967967967967979e+01 1.867803248663404414e-01
1.468968968968968980e+01 1.870552049162258201e-01
1.469969969969969981e+01 1.873300849661111989e-01
1.470970970970970981e+01 1.876060631189030159e-01
1.471971971971971982e+01 1.878828727117622943e-01
1.472972972972972983e+01 1.881596823046215727e-01
1.473973973973973983e+01 1.884374595369063266e-01
1.474974974974974984e+01 1.887162055704809105e-01
1.475975975975975985e+01 1.889949516040554944e-01
1.476976976976976985e+01 1.892745337756716328e-01
1.477977977977977986e+01 1.895552229606325134e-01
1.478978978978978986e+01 1.898359121455934218e-01
1.479979979979979987e+01 1.901173049684313776e-01
1.480980980980980988e+01 1.903999438288620782e-01
1.481981981981981988e+01 1.906825826892927789e-01
1.482982982982982989e+01 1.909657917276522954e-01
1.483983983983983990e+01 1.912503866015610177e-01
1.484984984984984990e+01 1.915349814754697122e-01
1.485985985985985991e+01 1.918200121464358476e-01
1.486986986986986992e+01 1.921065691862941793e-01
1.487987987987987992e+01 1.923931262261524555e-01
1.488988988988988993e+01 1.926799837999888243e-01
1.489989989989989994e+01 1.929685089732985637e-01
1.490990990990990994e+01 1.932570341466083030e-01
1.491991991991991995e+01 1.935457237471688574e-01
1.492992992992992995e+01 1.938362228370547613e-01
1.493993993993993996e+01 1.941267219269406652e-01
1.494994994994994997e+01 1.944172485320981858e-01
1.495995995995995997e+01 1.947097271379275296e-01
1.496996996996996998e+01 1.950022057437568734e-01
1.497997997997997999e+01 1.952946843495861617e-01
1.498998998998998999e+01 1.955890377238762301e-01
1.500000000000000000e+01 1.958835012619032645e-01
