5.000000000000000000e+00 1.362128988415161994e-02
5.010010010010010006e+00 1.372432700381500184e-02
5.020020020020020013e+00 1.382763833403601386e-02
5.030030030030030019e+00 1.393177405368989895e-02
5.040040040040040026e+00 1.403590977334378230e-02
5.050050050050050032e+00 1.414046483997516424e-02
5.060060060060060039e+00 1.424566327371292254e-02
5.070070070070070045e+00 1.435086170745067911e-02
5.080080080080080052e+00 1.445661419293688479e-02
5.090090090090090058e+00 1.456283940901053481e-02
5.100100100100100065e+00 1.466906462508418482e-02
5.110110110110110071e+00 1.477596817816411758e-02
5.120120120120120077e+00 1.488318424583911538e-02
5.130130130130130084e+00 1.499040031351411319e-02
5.140140140140140090e+00 1.509840862230357912e-02
5.150150150150150097e+00 1.520657965757075090e-02
5.160160160160160103e+00 1.531475069283792269e-02
5.170170170170170110e+00 1.542381755589810471e-02
5.180180180180180116e+00 1.553290776599906657e-02
5.190190190190190123e+00 1.564210364468850492e-02
5.200200200200200129e+00 1.575207737141551961e-02
5.210210210210210136e+00 1.586205109814253778e-02
5.220220220220220142e+00 1.597224921493284669e-02
5.230230230230230148e+00 1.608307097666853216e-02
5.240240240240240155e+00 1.619389273840421417e-02
5.250250250250250161e+00 1.630504741103120173e-02
5.260260260260260168e+00 1.641668194349760537e-02
5.270270270270270174e+00 1.652831647596400902e-02
5.280280280280280181e+00 1.664038235591476858e-02
5.290290290290290187e+00 1.675279465160575687e-02
5.300300300300300194e+00 1.686520694729674863e-02
5.310310310310310200e+00 1.697813908117598580e-02
5.320320320320320207e+00 1.709129442745052282e-02
5.330330330330330213e+00 1.720444977372505638e-02
5.340340340340340219e+00 1.731820366229592026e-02
5.350350350350350226e+00 1.743206767811381758e-02
5.360360360360360232e+00 1.754593169393171836e-02
5.370370370370370239e+00 1.766046334879994850e-02
5.380380380380380245e+00 1.777500202008504282e-02
5.390390390390390252e+00 1.788962697566835736e-02
5.400400400400400258e+00 1.800480668928793396e-02
5.410410410410410265e+00 1.811998640290751750e-02
5.420420420420420271e+00 1.823533607494705680e-02
5.430430430430430278e+00 1.835112365129896658e-02
5.440440440440440284e+00 1.846691122765088330e-02
5.450450450450450290e+00 1.858294301178028268e-02
5.460460460460460297e+00 1.869930573598308637e-02
5.470470470470470303e+00 1.881566846018589007e-02
5.480480480480480310e+00 1.893234043588181911e-02
5.490490490490490316e+00 1.904924608756552659e-02
5.500500500500500323e+00 1.916615173924923754e-02
5.510510510510510329e+00 1.928342271590144028e-02
5.520520520520520336e+00 1.940083959759983379e-02
5.530530530530530342e+00 1.951825647929823077e-02
5.540540540540540349e+00 1.963608603987001058e-02
5.550550550550550355e+00 1.975398300401766047e-02
5.560560560560560361e+00 1.987188203591312013e-02
5.570570570570570368e+00 1.999022851045324789e-02
5.580580580580580374e+00 2.010857498499337565e-02
5.590590590590590381e+00 2.022698422242891550e-02
5.600600600600600387e+00 2.034575023504000407e-02
5.610610610610610394e+00 2.046451624765109611e-02
5.620620620620620400e+00 2.058339720974735124e-02
5.630630630630630407e+00 2.070255341069912949e-02
5.640640640640640413e+00 2.082170961165090428e-02
5.650650650650650419e+00 2.094102472039740398e-02
5.660660660660660426e+00 2.106054240404873698e-02
5.670670670670670432e+00 2.118006008770006651e-02
5.680680680680680439e+00 2.129977270113633456e-02
5.690690690690690445e+00 2.141962382608930682e-02
5.700700700700700452e+00 2.153947495104227561e-02
5.710710710710710458e+00 2.165954939413270927e-02
5.720720720720720465e+00 2.177970660205916578e-02
5.730730730730730471e+00 2.189986380998562923e-02
5.740740740740740478e+00 2.202026540322018361e-02
5.750750750750750484e+00 2.214070203637886342e-02
5.760760760760760490e+00 2.226114363782991101e-02
5.770770770770770497e+00 2.238183375529334204e-02
5.780780780780780503e+00 2.250252387275677654e-02
5.790790790790790510e+00 2.262325156430971054e-02
5.800800800800800516e+00 2.274416995692200849e-02
5.810810810810810523e+00 2.286508834953430991e-02
5.820820820820820529e+00 2.298606984217937618e-02
5.830830830830830536e+00 2.310719204626700621e-02
5.840840840840840542e+00 2.322831425035463623e-02
5.850850850850850549e+00 2.334951833052598819e-02
5.860860860860860555e+00 2.347082064038511287e-02
5.870870870870870561e+00 2.359212295024423062e-02
5.880880880880880568e+00 2.371351949883102050e-02
5.890890890890890574e+00 2.383497897801580001e-02
5.900900900900900581e+00 2.395643845720058299e-02
5.910910910910910587e+00 2.407799846650868908e-02
5.920920920920920594e+00 2.419959295794611720e-02
5.930930930930930600e+00 2.432118744938354879e-02
5.940940940940940607e+00 2.444288303809673615e-02
5.950950950950950613e+00 2.456459117305457088e-02
5.960960960960960620e+00 2.468630252826821067e-02
5.970970970970970626e+00 2.480810373420298115e-02
5.980980980980980632e+00 2.492990494013774816e-02
5.990990990990990639e+00 2.505171931100011115e-02
6.001001001001000645e+00 2.517359381831345624e-02
6.011011011011010652e+00 2.529546832562680134e-02
6.021021021021020658e+00 2.541736047183991085e-02
6.031031031031030665e+00 2.553928931957149054e-02
6.041041041041040671e+00 2.566121816730307717e-02
6.051051051051050678e+00 2.578316401115229861e-02
6.061061061061060684e+00 2.590512905163866106e-02
6.071071071071070691e+00 2.602709409212501657e-02
6.081081081081080697e+00 2.614907072522268047e-02
6.091091091091090703e+00 2.627105462775151598e-02
6.101101101101100710e+00 2.639303853028034802e-02
6.111111111111110716e+00 2.651502421859906408e-02
6.121121121121120723e+00 2.663701047208877695e-02
6.131131131131130729e+00 2.675899672557848635e-02
6.141141141141140736e+00 2.688097091283061027e-02
6.151151151151150742e+00 2.700294382756552453e-02
6.161161161161160749e+00 2.712491534326879478e-02
6.171171171171170755e+00 2.724686005172046940e-02
6.181181181181180762e+00 2.736880476017214750e-02
6.191191191191190768e+00 2.749074124644565464e-02
6.201201201201200774e+00 2.761264370321096437e-02
6.211211211211210781e+00 2.773454615997626715e-02
6.221221221221220787e+00 2.785642977713321047e-02
6.231231231231230794e+00 2.797827675801993486e-02
6.241241241241240800e+00 2.810012373890665924e-02
6.251251251251250807e+00 2.822193782485659178e-02
6.261261261261260813e+00 2.834371692514738028e-02
6.271271271271270820e+00 2.846549602543816532e-02
6.281281281281280826e+00 2.858722509244621471e-02
6.291291291291290833e+00 2.870892472437178849e-02
6.301301301301300839e+00 2.883062435629736228e-02
6.311311311311310845e+00 2.895225408640304463e-02
6.321321321321320852e+00 2.907386347585522168e-02
6.331331331331330858e+00 2.919547286530740221e-02
6.341341341341340865e+00 2.931699010446051426e-02
6.351351351351350871e+00 2.943849928697591517e-02
6.361361361361360878e+00 2.956000140441730761e-02
6.371371371371370884e+00 2.968140122046200938e-02
6.381381381381380891e+00 2.980280103650671114e-02
6.391391391391390897e+00 2.992417617708559296e-02
6.401401401401400904e+00 3.004545826667123776e-02
6.411411411411410910e+00 3.016674035625687561e-02
6.421421421421420916e+00 3.028797801697147296e-02
6.431431431431430923e+00 3.040913481363257537e-02
6.441441441441440929e+00 3.053029161029367430e-02
6.451451451451450936e+00 3.065138242353453515e-02
6.461461461461460942e+00 3.077240714769715127e-02
6.471471471471470949e+00 3.089343187185977432e-02
6.481481481481480955e+00 3.101436759455844863e-02
6.491491491491490962e+00 3.113525424632897221e-02
6.501501501501500968e+00 3.125614089809949925e-02
6.511511511511510975e+00 3.137691439990061837e-02
6.521521521521520981e+00 3.149765775130462103e-02
6.531531531531530987e+00 3.161840110270862370e-02
6.541541541541540994e+00 3.173900635321927344e-02
6.551551551551551000e+00 3.185960193991820705e-02
6.561561561561561007e+00 3.198018546927207384e-02
6.571571571571571013e+00 3.210062958178679093e-02
6.581581581581581020e+00 3.222107369430149415e-02
6.591591591591591026e+00 3.234148312003097547e-02
6.601601601601601033e+00 3.246177279449925790e-02
6.611611611611611927e+00 3.258206246896754726e-02
6.621621621621621934e+00 3.270229423969248789e-02
6.631631631631631940e+00 3.282242724818851959e-02
6.641641641641641947e+00 3.294256025668454435e-02
6.651651651651651953e+00 3.306261187190001616e-02
6.661661661661661959e+00 3.318258671234210894e-02
6.671671671671671966e+00 3.330256155278420171e-02
6.681681681681681972e+00 3.342243154666073995e-02
6.691691691691691979e+00 3.354224743233394368e-02
6.701701701701701985e+00 3.366206331800715434e-02
6.711711711711711992e+00 3.378175124254726575e-02
6.721721721721721998e+00 3.390140809126657856e-02
6.731731731731732005e+00 3.402106493998589831e-02
6.741741741741742011e+00 3.414057134758449047e-02
6.751751751751752018e+00 3.426006977052377389e-02
6.761761761761762024e+00 3.437955332870699932e-02
6.771771771771772030e+00 3.449889461891848114e-02
6.781781781781782037e+00 3.461823590912995602e-02
6.791791791791792043e+00 3.473754002071407360e-02
6.801801801801802050e+00 3.485672614136224590e-02
6.811811811811812056e+00 3.497591226201041820e-02
6.821821821821822063e+00 3.509503971257683930e-02
6.831831831831832069e+00 3.521407328491053812e-02
6.841841841841842076e+00 3.533310685724423000e-02
6.851851851851852082e+00 3.545206137022872961e-02
6.861861861861862089e+00 3.557094566131391994e-02
6.871871871871872095e+00 3.568982995239911721e-02
6.881881881881882101e+00 3.580861616956339949e-02
6.891891891891892108e+00 3.592735507979932796e-02
6.901901901901902114e+00 3.604609399003525644e-02
6.911911911911912121e+00 3.616471745158235385e-02
6.921921921921922127e+00 3.628331550202225364e-02
6.931931931931932134e+00 3.640191355246215343e-02
6.941941941941942140e+00 3.652038067683526651e-02
6.951951951951952147e+00 3.663884299633303476e-02
6.961961961961962153e+00 3.675729106703130161e-02
6.971971971971972160e+00 3.687562337923434852e-02
6.981981981981982166e+00 3.699395569143739543e-02
6.991991991991992172e+00 3.711225650911246371e-02
7.002002002002002179e+00 3.723046511932032870e-02
7.012012012012012185e+00 3.734867372952817982e-02
7.022022022022022192e+00 3.746683565514750264e-02
7.032032032032032198e+00 3.758492743705572209e-02
7.042042042042042205e+00 3.770301921896394154e-02
7.052052052052052211e+00 3.782105142187127539e-02
7.062062062062062218e+00 3.793903380421854987e-02
7.072072072072072224e+00 3.805701618656583129e-02
7.082082082082082231e+00 3.817492862332955150e-02
7.092092092092092237e+00 3.829280957646633010e-02
7.102102102102102243e+00 3.841069052960311564e-02
7.112112112112112250e+00 3.852849392274329543e-02
7.122122122122122256e+00 3.864628194513887449e-02
7.132132132132132263e+00 3.876406996753446049e-02
7.142142142142142269e+00 3.888177578415998037e-02
7.152152152152152276e+00 3.899947988886460354e-02
7.162162162162162282e+00 3.911717472287734587e-02
7.172172172172172289e+00 3.923480442395529261e-02
7.182182182182182295e+00 3.935243412503323934e-02
7.192192192192192302e+00 3.947004646329722866e-02
7.202202202202202308e+00 3.958761176224624007e-02
7.212212212212212314e+00 3.970517706119525148e-02
7.222222222222222321e+00 3.982272000210236584e-02
7.232232232232232327e+00 3.994023137427399339e-02
7.242242242242242334e+00 4.005774274644562788e-02
7.252252252252252340e+00 4.017523006077712566e-02
7.262262262262262347e+00 4.029269844181199156e-02
7.272272272272272353e+00 4.041016682284685052e-02
7.282282282282282360e+00 4.052761293236125523e-02
7.292292292292292366e+00 4.064504970465292882e-02
7.302302302302302373e+00 4.076248647694458854e-02
7.312312312312312379e+00 4.087990643302551880e-02
7.322322322322322385e+00 4.099732341222545734e-02
7.332332332332332392e+00 4.111474039142539588e-02
7.342342342342342398e+00 4.123214985381270375e-02
7.352352352352352405e+00 4.134955927538885162e-02
7.362362362362362411e+00 4.146696940673109955e-02
7.372372372372372418e+00 4.158438391259174083e-02
7.382382382382382424e+00 4.170179841845238211e-02
7.392392392392392431e+00 4.181921808107518651e-02
7.402402402402402437e+00 4.193665070626879932e-02
7.412412412412412444e+00 4.205408333146239824e-02
7.422422422422422450e+00 4.217152950379492865e-02
7.432432432432432456e+00 4.228899366329701842e-02
7.442442442442442463e+00 4.240645782279910819e-02
7.452452452452452469e+00 4.252394802092908377e-02
7.462462462462462476e+00 4.264145749652564765e-02
7.472472472472472482e+00 4.275896697212220460e-02
7.482482482482482489e+00 4.287651922914804958e-02
7.492492492492492495e+00 4.299408815642510179e-02
7.502502502502502502e+00 4.311165708370216093e-02
7.512512512512512508e+00 4.322928992927597969e-02
7.522522522522522515e+00 4.334693278472417921e-02
7.532532532532532521e+00 4.346457649200720363e-02
7.542542542542542527e+00 4.358230808024955022e-02
7.552552552552552534e+00 4.370003966849190374e-02
7.562562562562562540e+00 4.381778731239393404e-02
7.572572572572572547e+00 4.393562275354490065e-02
7.582582582582582553e+00 4.405345819469586727e-02
7.592592592592592560e+00 4.417132937094000317e-02
7.602602602602602566e+00 4.428928408810285655e-02
7.612612612612612573e+00 4.440723880526571687e-02
7.622622622622622579e+00 4.452525353886994247e-02
7.632632632632632586e+00 4.464334324577947516e-02
7.642642642642642592e+00 4.476143295268900785e-02
7.652652652652652598e+00 4.487961167853100203e-02
7.662662662662662605e+00 4.499785236734770572e-02
7.672672672672672611e+00 4.511609305616440246e-02
7.682682682682682618e+00 4.523445659981224082e-02
7.692692692692692624e+00 4.535286452907426324e-02
7.702702702702702631e+00 4.547127245833628567e-02
7.712712712712712637e+00 4.558984201715562956e-02
7.722722722722722644e+00 4.570843369989344845e-02
7.732732732732732650e+00 4.582703031515959757e-02
7.742742742742742657e+00 4.594582250717868521e-02
7.752752752752752663e+00 4.606461469919777285e-02
7.762762762762762669e+00 4.618344377859218142e-02
7.772772772772772676e+00 4.630245346692802438e-02
7.782782782782782682e+00 4.642146315526386041e-02
7.792792792792792689e+00 4.654054668123087934e-02
7.802802802802802695e+00 4.665979107278085680e-02
7.812812812812812702e+00 4.677903546433084120e-02
7.822822822822822708e+00 4.689839572967464953e-02
7.832832832832832715e+00 4.701789224001013540e-02
7.842842842842842721e+00 4.713738875034562820e-02
7.852852852852852727e+00 4.725704834066441623e-02
7.862862862862862734e+00 4.737681458302652610e-02
7.872872872872872740e+00 4.749658082538864290e-02
7.882882882882882747e+00 4.761656260182803302e-02
7.892892892892892753e+00 4.773661637631033267e-02
7.902902902902902760e+00 4.785667015079262537e-02
7.912912912912912766e+00 4.797699723312345843e-02
7.922922922922922773e+00 4.809735651604365309e-02
7.932932932932932779e+00 4.821772861552536121e-02
7.942942942942942786e+00 4.833841154898888687e-02
7.952952952952952792e+00 4.845909448245241946e-02
7.962962962962962798e+00 4.857984053955246434e-02
7.972972972972972805e+00 4.870086542120949380e-02
7.982982982982982811e+00 4.882189030286652326e-02
7.992992992992992818e+00 4.894303396950937940e-02
8.003003003003001936e+00 4.906441924250688064e-02
8.013013013013011943e+00 4.918580451550440269e-02
8.023023023023021949e+00 4.930736964772700764e-02
8.033033033033031955e+00 4.942913389085745041e-02
8.043043043043041962e+00 4.955089813398788623e-02
8.053053053053051968e+00 4.967290877649672282e-02
8.063063063063061975e+00 4.979507069454387064e-02
8.073073073073071981e+00 4.991723261259102540e-02
8.083083083083081988e+00 5.003971298366037546e-02
8.093093093093091994e+00 5.016229139794373126e-02
8.103103103103102001e+00 5.028486981222708013e-02
8.113113113113112007e+00 5.040784428893946290e-02
8.123123123123122014e+00 5.053085812805684779e-02
8.133133133133132020e+00 5.065389678023441561e-02
8.143143143143142026e+00 5.077736507100360369e-02
8.153153153153152033e+00 5.090083336177278484e-02
8.163163163163162039e+00 5.102439617668081545e-02
8.173173173173172046e+00 5.114833803527987083e-02
8.183183183183182052e+00 5.127227989387892620e-02
8.193193193193192059e+00 5.139639155919595304e-02
8.203203203203202065e+00 5.152082618250182489e-02
8.213213213213213848e+00 5.164526080580771755e-02
8.223223223223223854e+00 5.176994612087158082e-02
8.233233233233233861e+00 5.189489277799687328e-02
8.243243243243243867e+00 5.201983943512215880e-02
8.253253253253253874e+00 5.214512329768303950e-02
8.263263263263263880e+00 5.227060132170966572e-02
8.273273273273273887e+00 5.239607934573629194e-02
8.283283283283283893e+00 5.252198673904902998e-02
8.293293293293293900e+00 5.264801551895830628e-02
8.303303303303303906e+00 5.277404429886758258e-02
8.313313313313313913e+00 5.290060027912159291e-02
8.323323323323323919e+00 5.302719925191939909e-02
8.333333333333333925e+00 5.315383926576574408e-02
8.343343343343343932e+00 5.328102790880117484e-02
8.353353353353353938e+00 5.340821655183661254e-02
8.363363363363363945e+00 5.353553592499480512e-02
8.373373373373373951e+00 5.366333374847177123e-02
8.383383383383383958e+00 5.379113157194874428e-02
8.393393393393393964e+00 5.391915548177188267e-02
8.403403403403403971e+00 5.404758202145067136e-02
8.413413413413413977e+00 5.417600856112945312e-02
8.423423423423423984e+00 5.430476221805688453e-02
8.433433433433433990e+00 5.443383702814518638e-02
8.443443443443443996e+00 5.456291183823348823e-02
8.453453453453454003e+00 5.469242047467982176e-02
8.463463463463464009e+00 5.482216312091040683e-02
8.473473473473474016e+00 5.495190576714099884e-02
8.483483483483484022e+00 5.508219462670592426e-02
8.493493493493494029e+00 5.521262467959940634e-02
8.503503503503504035e+00 5.534305473249288843e-02
8.513513513513514042e+00 5.547414905948808844e-02
8.523523523523524048e+00 5.560528608779846671e-02
8.533533533533534055e+00 5.573648458105700393e-02
8.543543543543544061e+00 5.586834814539746313e-02
8.553553553553554067e+00 5.600021170973792234e-02
8.563563563563564074e+00 5.613224657457601546e-02
8.573573573573574080e+00 5.626485622122323615e-02
8.583583583583584087e+00 5.639746586787046378e-02
8.593593593593594093e+00 5.653036231135934869e-02
8.603603603603604100e+00 5.666373756623310082e-02
8.613613613613614106e+00 5.679711282110685988e-02
8.623623623623624113e+00 5.693089601806741035e-02
8.633633633633634119e+00 5.706505638088341104e-02
8.643643643643644126e+00 5.719921674369941866e-02
8.653653653653654132e+00 5.733391182757698046e-02
8.663663663663664138e+00 5.746887676617022656e-02
8.673673673673674145e+00 5.760384170476347265e-02
8.683683683683684151e+00 5.773947375879446425e-02
8.693693693693694158e+00 5.787526270361021546e-02
8.703703703703704164e+00 5.801105164842597361e-02
8.713713713713714171e+00 5.814764569709127140e-02
8.723723723723724177e+00 5.828427803584118605e-02
8.733733733733734184e+00 5.842099630287064804e-02
8.743743743743744190e+00 5.855849137535096977e-02
8.753753753753754197e+00 5.869598644783129149e-02
8.763763763763764203e+00 5.883369726254767534e-02
8.773773773773774209e+00 5.897207435561695188e-02
8.783783783783784216e+00 5.911045144868622842e-02
8.793793793793794222e+00 5.924917966861670965e-02
8.803803803803804229e+00 5.938845801132974778e-02
8.813813813813814235e+00 5.952773635404277897e-02
8.823823823823824242e+00 5.966750675124694175e-02
8.833833833833834248e+00 5.980770551014240322e-02
8.843843843843844255e+00 5.994790426903786468e-02
8.853853853853854261e+00 6.008874152276446473e-02
8.863863863863864268e+00 6.022987979730315411e-02
8.873873873873874274e+00 6.037101807184184349e-02
8.883883883883884280e+00 6.051294676144274715e-02
8.893893893893894287e+00 6.065504357959313614e-02
8.903903903903904293e+00 6.079714039774353207e-02
8.913913913913914300e+00 6.094018499583948867e-02
8.923923923923924306e+00 6.108325930980832569e-02
8.933933933933934313e+00 6.122644780756546917e-02
8.943943943943944319e+00 6.137051848966957462e-02
8.953953953953954326e+00 6.151458917177368702e-02
8.963963963963964332e+00 6.165892338852410615e-02
8.973973973973974338e+00 6.180400922720104967e-02
8.983983983983984345e+00 6.194909506587799319e-02
8.993993993993994351e+00 6.209459920320933857e-02
9.004004004004004358e+00 6.224071889916359818e-02
9.014014014014014364e+00 6.238683859511785085e-02
9.024024024024024371e+00 6.253353672667563701e-02
9.034034034034034377e+00 6.268070888915742989e-02
9.044044044044044384e+00 6.282788105163922276e-02
9.054054054054054390e+00 6.297579711733737595e-02
9.064064064064064397e+00 6.312404026055103146e-02
9.074074074074074403e+00 6.327228340376471472e-02
9.084084084084084409e+00 6.342144120421737419e-02
9.094094094094094416e+00 6.357077374385670943e-02
9.104104104104104422e+00 6.372010628349603079e-02
9.114114114114114429e+00 6.387052947466462238e-02
9.124124124124124435e+00 6.402096972457133051e-02
9.134134134134134442e+00 6.417155589358522483e-02
9.144144144144144448e+00 6.432312206252883968e-02
9.154154154154154455e+00 6.447468823147246841e-02
9.164164164164164461e+00 6.462656854820693353e-02
9.174174174174174468e+00 6.477927873678220039e-02
9.184184184184184474e+00 6.493198892535748112e-02
9.194194194194194480e+00 6.508518669293604508e-02
9.204204204204204487e+00 6.523905889057536600e-02
9.214214214214214493e+00 6.539293108821468692e-02
9.224224224224224500e+00 6.554746944861944424e-02
9.234234234234234506e+00 6.570252153071753920e-02
9.244244244244244513e+00 6.585757361281564803e-02
9.254254254254254519e+00 6.601347554242199822e-02
9.264264264264264526e+00 6.616972526757003426e-02
9.274274274274274532e+00 6.632597499271809804e-02
9.284284284284284539e+00 6.648326329801547419e-02
9.294294294294294545e+00 6.664072830534151226e-02
9.304304304304304551e+00 6.679819331266757809e-02
9.314314314314314558e+00 6.695689062616143328e-02
9.324324324324324564e+00 6.711558843277498632e-02
9.334334334334334571e+00 6.727446701714077937e-02
9.344344344344344577e+00 6.743441501567845608e-02
9.354354354354354584e+00 6.759436301421616056e-02
9.364364364364364590e+00 6.775467806851304120e-02
9.374374374374374597e+00 6.791589352478276387e-02
9.384384384384384603e+00 6.807710898105248654e-02
9.394394394394394610e+00 6.823888272207075112e-02
9.404404404404404616e+00 6.840138277279173007e-02
9.414414414414414622e+00 6.856388282351272290e-02
9.424424424424424629e+00 6.872713728154475343e-02
9.434434434434434635e+00 6.889093893218127540e-02
9.444444444444444642e+00 6.905474058281779737e-02
9.454454454454454648e+00 6.921949759830112181e-02
9.464464464464464655e+00 6.938461772098677982e-02
9.474474474474474661e+00 6.954973784367242395e-02
9.484484484484484668e+00 6.971601906398715298e-02
9.494494494494494674e+00 6.988247439553788021e-02
9.504504504504504681e+00 7.004894946349214668e-02
9.514514514514514687e+00 7.021675660350515380e-02
9.524524524524524693e+00 7.038456374351816092e-02
9.534534534534534700e+00 7.055258925926731484e-02
9.544544544544544706e+00 7.072176466830389086e-02
9.554554554554554713e+00 7.089094007734046687e-02
9.564564564564564719e+00 7.106053723212948925e-02
9.574574574574574726e+00 7.123109722997916782e-02
9.584584584584584732e+00 7.140165722782883251e-02
9.594594594594594739e+00 7.157284701015048656e-02
9.604604604604604745e+00 7.174480777417450994e-02
9.614614614614614752e+00 7.191676853819853332e-02
9.624624624624624758e+00 7.208957173122183815e-02
9.634634634634634764e+00 7.226294929477375395e-02
9.644644644644644771e+00 7.243632685832565588e-02
9.654654654654654777e+00 7.261076403745581054e-02
9.664664664664664784e+00 7.278557428837689747e-02
9.674674674674674790e+00 7.296038453929798440e-02
9.684684684684684797e+00 7.313647606986374561e-02
9.694694694694694803e+00 7.331273474905149190e-02
9.704704704704704810e+00 7.348903676325668766e-02
9.714714714714714816e+00 7.366675946330415725e-02
9.724724724724724823e+00 7.384448216335162685e-02
9.734734734734734829e+00 7.402246317778847506e-02
9.744744744744744835e+00 7.420166534169270189e-02
9.754754754754754842e+00 7.438086750559692872e-02
9.764764764764764848e+00 7.456054739352936667e-02
9.774774774774774855e+00 7.474124431346682029e-02
9.784784784784784861e+00 7.492194123340424616e-02
9.794794794794794868e+00 7.510333965113011323e-02
9.804804804804804874e+00 7.528554646729745947e-02
9.814814814814814881e+00 7.546775328346481959e-02
9.824824824824824887e+00 7.565088966852306918e-02
9.834834834834834894e+00 7.583462136804161591e-02
9.844844844844844900e+00 7.601835306756016264e-02
9.854854854854854906e+00 7.620324663704643176e-02
9.864864864864864913e+00 7.638851805292827535e-02
9.874874874874874919e+00 7.657378946881010506e-02
9.884884884884884926e+00 7.676045921779756087e-02
9.894894894894894932e+00 7.694728502797198999e-02
9.904904904904904939e+00 7.713418081180999086e-02
9.914914914914914945e+00 7.732257553820864882e-02
9.924924924924924952e+00 7.751097026460729289e-02
9.934934934934934958e+00 7.769966518114046483e-02
9.944944944944944965e+00 7.788964318883932758e-02
9.954954954954954971e+00 7.807962119653819033e-02
9.964964964964964977e+00 7.827013372396221524e-02
9.974974974974974984e+00 7.846170922037944140e-02
9.984984984984984990e+00 7.865328471679665367e-02
9.994994994994994997e+00 7.884563310670962555e-02
1.000500500500500500e+01 7.903882014085775176e-02
1.001501501501501501e+01 7.923200717500587797e-02
1.002502502502502502e+01 7.942620945125940246e-02
1.003503503503503502e+01 7.962102191304985810e-02
1.004504504504504503e+01 7.981583437484031374e-02
1.005505505505505504e+01 8.001190833248091050e-02
1.006506506506506504e+01 8.020835995208080993e-02
1.007507507507507505e+01 8.040481157168070936e-02
1.008508508508508505e+01 8.060277477597901918e-02
1.009509509509509506e+01 8.080087912321766430e-02
1.010510510510510507e+01 8.099908277219686203e-02
1.011511511511511507e+01 8.119885325602163584e-02
1.012512512512512508e+01 8.139862373984640964e-02
1.013513513513513509e+01 8.159873782566944012e-02
1.014514514514514509e+01 8.180018769364981457e-02
1.015515515515515510e+01 8.200163756163021678e-02
1.016516516516516511e+01 8.220367911708681419e-02
1.017517517517517511e+01 8.240682145496479316e-02
1.018518518518518512e+01 8.260996379284277213e-02
1.019519519519519513e+01 8.281394961830075563e-02
1.020520520520520513e+01 8.301879734958755863e-02
1.021521521521521514e+01 8.322364508087434776e-02
1.022522522522522515e+01 8.342959174367101105e-02
1.023523523523523515e+01 8.363615762928842956e-02
1.024524524524524516e+01 8.384272351490584807e-02
1.025525525525525516e+01 8.405064734881569077e-02
1.026526526526526517e+01 8.425894398678135389e-02
1.027527527527527518e+01 8.446724062474700312e-02
1.028528528528528518e+01 8.467715772952442987e-02
1.029529529529529519e+01 8.488719755468003558e-02
1.030530530530530520e+01 8.509736833704915904e-02
1.031531531531531520e+01 8.530916362083103277e-02
1.032532532532532521e+01 8.552095890461289263e-02
1.033533533533533522e+01 8.573314234599128947e-02
1.034534534534534522e+01 8.594670519624181271e-02
1.035535535535535523e+01 8.616026804649234982e-02
1.036536536536536524e+01 8.637447970629656691e-02
1.037537537537537524e+01 8.658982206711669793e-02
1.038538538538538525e+01 8.680516442793685672e-02
1.039539539539539525e+01 8.702141963055957941e-02
1.040540540540540526e+01 8.723855328220110616e-02
1.041541541541541527e+01 8.745568693384263292e-02
1.042542542542542527e+01 8.767400076850774548e-02
1.043543543543543528e+01 8.789293732730414643e-02
1.044544544544544529e+01 8.811187388610054738e-02
1.045545545545545529e+01 8.833226120678534798e-02
1.046546546546546530e+01 8.855301212512201037e-02
1.047547547547547531e+01 8.877376304345865887e-02
1.048548548548548531e+01 8.899623846888203571e-02
1.049549549549549532e+01 8.921881503520377732e-02
1.050550550550550533e+01 8.944155617634461097e-02
1.051551551551551533e+01 8.966596951520068581e-02
1.052552552552552534e+01 8.989038285405677453e-02
1.053553553553553535e+01 9.011522967113798355e-02
1.054554554554554535e+01 9.034149074326400242e-02
1.055555555555555536e+01 9.056775181539002129e-02
1.056556556556556536e+01 9.079471838562178099e-02
1.057557557557557537e+01 9.102283798805793635e-02
1.058558558558558538e+01 9.125095759049409172e-02
1.059559559559559538e+01 9.148005775626423530e-02
1.060560560560560539e+01 9.171004652250898392e-02
1.061561561561561540e+01 9.194003528875374642e-02
1.062562562562562540e+01 9.217128265789474584e-02
1.063563563563563541e+01 9.240315105809449037e-02
1.064564564564564542e+01 9.263501945829422102e-02
1.065565565565565542e+01 9.286842740441111910e-02
1.066566566566566543e+01 9.310218574558450089e-02
1.067567567567567544e+01 9.333594408675791043e-02
1.068568568568568544e+01 9.357152574961567770e-02
1.069569569569569545e+01 9.380718417591241143e-02
1.070570570570570545e+01 9.404304239518572472e-02
1.071571571571571546e+01 9.428061088818018298e-02
1.072572572572572547e+01 9.451817938117464124e-02
1.073573573573573547e+01 9.475622707772059228e-02
1.074574574574574548e+01 9.499571545673871076e-02
1.075575575575575549e+01 9.523520383575684312e-02
1.076576576576576549e+01 9.547545361262513297e-02
1.077577577577577550e+01 9.571687153510545498e-02
1.078578578578578551e+01 9.595828945758576312e-02
1.079579579579579551e+01 9.620075368573036134e-02
1.080580580580580552e+01 9.644411064761818086e-02
1.081581581581581553e+01 9.668746760950598651e-02
1.082582582582582553e+01 9.693215842843076746e-02
1.083583583583583554e+01 9.717746376460571767e-02
1.084584584584584555e+01 9.742276910078064012e-02
1.085585585585585555e+01 9.766969841924191820e-02
1.086586586586586556e+01 9.791696130397800624e-02
1.087587587587587556e+01 9.816422418871408040e-02
1.088588588588588557e+01 9.841340368547955852e-02
1.089589589589589558e+01 9.866263313293818782e-02
1.090590590590590558e+01 9.891209884030555122e-02
1.091591591591591559e+01 9.916330370506126757e-02
1.092592592592592560e+01 9.941450856981699780e-02
1.093593593593593560e+01 9.966623843083073642e-02
1.094594594594594561e+01 9.991942740842858772e-02
1.095595595595595562e+01 1.001726163860264390e-01
1.096596596596596562e+01 1.004266215530430356e-01
1.097597597597597563e+01 1.006818031805889885e-01
1.098598598598598564e+01 1.009369848081349413e-01
1.099599599599599564e+01 1.011932762064955554e-01
1.100600600600600565e+01 1.014504588632781645e-01
1.101601601601601566e+01 1.017076415200607875e-01
1.102602602602602566e+01 1.019662298490961738e-01
1.103603603603603567e+01 1.022254217572406976e-01
1.104604604604604567e+01 1.024846136653852074e-01
1.105605605605605568e+01 1.027455093994759233e-01
1.106606606606606569e+01 1.030067186246299005e-01
1.107607607607607569e+01 1.032679278497838915e-01
1.108608608608608570e+01 1.035311412394747527e-01
1.109609609609609571e+01 1.037943756915253452e-01
1.110610610610610571e+01 1.040578837829225223e-01
1.111611611611611572e+01 1.043231512167456382e-01
1.112612612612612573e+01 1.045884186505687680e-01
1.113613613613613573e+01 1.048542566312358482e-01
1.114614614614614574e+01 1.051215646474765592e-01
1.115615615615615575e+01 1.053888726637172563e-01
1.116616616616616575e+01 1.056570502733446271e-01
1.117617617617617576e+01 1.059264063192289218e-01
1.118618618618618576e+01 1.061957623651132027e-01
1.119619619619619577e+01 1.064662891237152659e-01
1.120620620620620578e+01 1.067377004938933754e-01
1.121621621621621578e+01 1.070091118640714850e-01
1.122622622622622579e+01 1.072819970733415590e-01
1.123623623623623580e+01 1.075554709107628404e-01
1.124624624624624580e+01 1.078289447481841218e-01
1.125625625625625581e+01 1.081041974929030230e-01
1.126626626626626582e+01 1.083797407897212489e-01
1.127627627627627582e+01 1.086552936375272671e-01
1.128628628628628583e+01 1.089329132360380425e-01
1.129629629629629584e+01 1.092105328345488041e-01
1.130630630630630584e+01 1.094884640491261968e-01
1.131631631631631585e+01 1.097681666427348379e-01
1.132632632632632586e+01 1.100478692363434791e-01
1.133633633633633586e+01 1.103281874086165654e-01
1.134634634634634587e+01 1.106099795428377303e-01
1.135635635635635587e+01 1.108917716770588674e-01
1.136636636636636588e+01 1.111744851861815458e-01
1.137637637637637589e+01 1.114583732596691329e-01
1.138638638638638589e+01 1.117422613331567061e-01
1.139639639639639590e+01 1.120273783481583185e-01
1.140640640640640591e+01 1.123133686137670340e-01
1.141641641641641769e+01 1.125993588793758049e-01
1.142642642642642770e+01 1.128868873608607909e-01
1.143643643643643770e+01 1.131749859267385111e-01
1.144644644644644771e+01 1.134630844926162452e-01
1.145645645645645772e+01 1.137530321945169481e-01
1.146646646646646772e+01 1.140432450252276964e-01
1.147647647647647773e+01 1.143334994096430329e-01
1.148648648648648773e+01 1.146258323273216390e-01
1.149649649649649774e+01 1.149181652450002450e-01
1.150650650650650775e+01 1.152108480640682414e-01
1.151651651651651775e+01 1.155053067496045749e-01
1.152652652652652776e+01 1.157997654351409084e-01
1.153653653653653777e+01 1.160948839738566718e-01
1.154654654654654777e+01 1.163914739681120303e-01
1.155655655655655778e+01 1.166880639623673888e-01
1.156656656656656779e+01 1.169856253053514622e-01
1.157657657657657779e+01 1.172843520104047133e-01
1.158658658658658780e+01 1.175830787154579643e-01
1.159659659659659781e+01 1.178830897489439589e-01
1.160660660660660781e+01 1.181839584293686990e-01
1.161661661661661782e+01 1.184848271097934391e-01
1.162662662662662783e+01 1.187872945236688876e-01
1.163663663663663783e+01 1.190903103078415348e-01
1.164664664664664784e+01 1.193933260920141959e-01
1.165665665665665784e+01 1.196982563819140866e-01
1.166666666666666785e+01 1.200034242633520598e-01
1.167667667667667786e+01 1.203086667755123434e-01
1.168668668668668786e+01 1.206159916142425237e-01
1.169669669669669787e+01 1.209233164529726762e-01
1.170670670670670788e+01 1.212310295303698493e-01
1.171671671671671788e+01 1.215405160543283070e-01
1.172672672672672789e+01 1.218500025782867646e-01
1.173673673673673790e+01 1.221601922775455845e-01
1.174674674674674790e+01 1.224718450840066586e-01
1.175675675675675791e+01 1.227834978904677465e-01
1.176676676676676792e+01 1.230961700813989895e-01
1.177677677677677792e+01 1.234099936384353419e-01
1.178678678678678793e+01 1.237238171954716803e-01
1.179679679679679793e+01 1.240389775633970737e-01
1.180680680680680794e+01 1.243549762113690671e-01
1.181681681681681795e+01 1.246709748593410466e-01
1.182682682682682795e+01 1.249886289074699508e-01
1.183683683683683796e+01 1.253068068605458218e-01
1.184684684684684797e+01 1.256249848136216929e-01
1.185685685685685797e+01 1.259451378654794507e-01
1.186686686686686798e+01 1.262654992131848342e-01
1.187687687687687799e+01 1.265859690540003801e-01
1.188688688688688799e+01 1.269085177627976846e-01
1.189689689689689800e+01 1.272310664715950168e-01
1.190690690690690801e+01 1.275540415890993318e-01
1.191691691691691801e+01 1.278787815039966469e-01
1.192692692692692802e+01 1.282035214188939343e-01
1.193693693693693803e+01 1.285290067324580676e-01
1.194694694694694803e+01 1.288559415786476314e-01
1.195695695695695804e+01 1.291828764248371675e-01
1.196696696696696804e+01 1.295108766827046676e-01
1.197697697697697805e+01 1.298400100672308377e-01
1.198698698698698806e+01 1.301691434517570634e-01
1.199699699699699806e+01 1.304996632336973272e-01
1.200700700700700807e+01 1.308309986471531405e-01
1.201701701701701808e+01 1.311623340606089261e-01
1.202702702702702808e+01 1.314953777806206758e-01
1.203703703703703809e+01 1.318289185988737733e-01
1.204704704704704810e+01 1.321624594171268152e-01
1.205705705705705810e+01 1.324980313261910625e-01
1.206706706706706811e+01 1.328337808121378971e-01
1.207707707707707812e+01 1.331696731816181256e-01
1.208708708708708812e+01 1.335076344869674247e-01
1.209709709709709813e+01 1.338455957923166961e-01
1.210710710710710813e+01 1.341840213326855602e-01
1.211711711711711814e+01 1.345241974997693490e-01
1.212712712712712815e+01 1.348643736668531656e-01
1.213713713713713815e+01 1.352053362645863344e-01
1.214714714714714816e+01 1.355477302281995755e-01
1.215715715715715817e+01 1.358901241918128167e-01
1.216716716716716817e+01 1.362336275800029861e-01
1.217717717717717818e+01 1.365782421692706139e-01
1.218718718718718819e+01 1.369228567585382694e-01
1.219719719719719819e+01 1.372689045198633717e-01
1.220720720720720820e+01 1.376157424601355261e-01
1.221721721721721821e+01 1.379625804004076250e-01
1.222722722722722821e+01 1.383111759701461663e-01
1.223723723723723822e+01 1.386602398849198226e-01
1.224724724724724823e+01 1.390093037996934788e-01
1.225725725725725823e+01 1.393604504687870893e-01
1.226726726726726824e+01 1.397117428816561924e-01
1.227727727727727824e+01 1.400632128760566641e-01
1.228728728728728825e+01 1.404167362126868823e-01
1.229729729729729826e+01 1.407702595493171283e-01
1.230730730730730826e+01 1.411242844746839753e-01
1.231731731731731827e+01 1.414800410648165141e-01
1.232732732732732828e+01 1.418357976549490529e-01
1.233733733733733828e+01 1.421923804819441861e-01
1.234734734734734829e+01 1.425503725614235828e-01
1.235735735735735830e+01 1.429083646409029518e-01
1.236736736736736830e+01 1.432675082065038574e-01
1.237737737737737831e+01 1.436277379193325043e-01
1.238738738738738832e+01 1.439879676321611790e-01
1.239739739739739832e+01 1.443496746429239752e-01
1.240740740740740833e+01 1.447121440433422890e-01
1.241741741741741833e+01 1.450746134437606305e-01
1.242742742742742834e+01 1.454388864791265057e-01
1.243743743743743835e+01 1.458035975337177437e-01
1.244744744744744835e+01 1.461683085883089539e-01
1.245745745745745836e+01 1.465351501039536541e-01
1.246746746746746837e+01 1.469021046937738773e-01
1.247747747747747837e+01 1.472692716920875888e-01
1.248748748748748838e+01 1.476384716148199105e-01
1.249749749749749839e+01 1.480076715375522045e-01
1.250750750750750839e+01 1.483774098533208463e-01
1.251751751751751840e+01 1.487488568254535237e-01
1.252752752752752841e+01 1.491203037975861734e-01
1.253753753753753841e+01 1.494926156146987872e-01
1.254754754754754842e+01 1.498663112737267933e-01
1.255755755755755843e+01 1.502400069327547438e-01
1.256756756756756843e+01 1.506148943229237425e-01
1.257757757757757844e+01 1.509908402295744578e-01
1.258758758758758844e+01 1.513667861362251732e-01
1.259759759759759845e+01 1.517442510625174601e-01
1.260760760760760846e+01 1.521224487029979866e-01
1.261761761761761846e+01 1.525006463434784576e-01
1.262762762762762847e+01 1.528806906638848495e-01
1.263763763763763848e+01 1.532611414521518889e-01
1.264764764764764848e+01 1.536415922404189560e-01
1.265765765765765849e+01 1.540242177114623245e-01
1.266766766766766850e+01 1.544069229915149000e-01
1.267767767767767850e+01 1.547898755037555307e-01
1.268768768768768851e+01 1.551748365519475814e-01
1.269769769769769852e+01 1.555597976001396321e-01
1.270770770770770852e+01 1.559453332752318011e-01
1.271771771771771853e+01 1.563325513026073699e-01
1.272772772772772854e+01 1.567197693299829664e-01
1.273773773773773854e+01 1.571078897050163792e-01
1.274774774774774855e+01 1.574973658596638681e-01
1.275775775775775855e+01 1.578868420143114126e-01
1.276776776776776856e+01 1.582775485373279223e-01
1.277777777777777857e+01 1.586692839067551097e-01
1.278778778778778857e+01 1.590610192761822972e-01
1.279779779779779858e+01 1.594543133099418364e-01
1.280780780780780859e+01 1.598483089234704335e-01
1.281781781781781859e+01 1.602423045369990862e-01
1.282782782782782860e+01 1.606381873627784340e-01
1.283783783783783861e+01 1.610344441939571547e-01
1.284784784784784861e+01 1.614307010251358754e-01
1.285785785785785862e+01 1.618291738465598151e-01
1.286786786786786863e+01 1.622276928155960696e-01
1.287787787787787863e+01 1.626264937553261181e-01
1.288788788788788864e+01 1.630272757315358312e-01
1.289789789789789864e+01 1.634280577077455721e-01
1.290790790790790865e+01 1.638294500120016373e-01
1.291791791791791866e+01 1.642324958162763859e-01
1.292792792792792866e+01 1.646355416205511624e-01
1.293793793793793867e+01 1.650395263292362691e-01
1.294794794794794868e+01 1.654448367365267125e-01
1.295795795795795868e+01 1.658501471438172115e-01
1.296796796796796869e+01 1.662567252323085554e-01
1.297797797797797870e+01 1.666643009741252957e-01
1.298798798798798870e+01 1.670718767159420082e-01
1.299799799799799871e+01 1.674810490990524259e-01
1.300800800800800872e+01 1.678908908659808019e-01
1.301801801801801872e+01 1.683007326329091780e-01
1.302802802802802873e+01 1.687125001688745130e-01
1.303803803803803874e+01 1.691246086131062698e-01
1.304804804804804874e+01 1.695367170573380267e-01
1.305805805805805875e+01 1.699510805518308354e-01
1.306806806806806875e+01 1.703654562897093105e-01
1.307807807807807876e+01 1.707801486231753096e-01
1.308808808808808877e+01 1.711967922377548301e-01
1.309809809809809877e+01 1.716134358523343229e-01
1.310810810810810878e+01 1.720307250618183237e-01
1.311811811811811879e+01 1.724496371054367316e-01
1.312812812812812879e+01 1.728685491490551118e-01
1.313813813813813880e+01 1.732884359349879111e-01
1.314814814814814881e+01 1.737096169318520789e-01
1.315815815815815881e+01 1.741307979287163021e-01
1.316816816816816882e+01 1.745532829526530716e-01
1.317817817817817883e+01 1.749767334014361853e-01
1.318818818818818883e+01 1.754001838502192434e-01
1.319819819819819884e+01 1.758252677389521013e-01
1.320820820820820884e+01 1.762509881154030178e-01
1.321821821821821885e+01 1.766767084918539066e-01
1.322822822822822886e+01 1.771043918415430296e-01
1.323823823823823886e+01 1.775323826011054595e-01
1.324824824824824887e+01 1.779603951605483458e-01
1.325825825825825888e+01 1.783906567409909716e-01
1.326826826826826888e+01 1.788209183214336251e-01
1.327827827827827889e+01 1.792515310361389447e-01
1.328828828828828890e+01 1.796840638601954476e-01
1.329829829829829890e+01 1.801165966842519228e-01
1.330830830830830891e+01 1.805498100958349006e-01
1.331831831831831892e+01 1.809846145738515655e-01
1.332832832832832892e+01 1.814194190518682304e-01
1.333833833833833893e+01 1.818552336853494766e-01
1.334834834834834894e+01 1.822923102179423716e-01
1.335835835835835894e+01 1.827293867505352942e-01
1.336836836836836895e+01 1.831678031185431932e-01
1.337837837837837895e+01 1.836071520992618999e-01
1.338838838838838896e+01 1.840465010799806345e-01
1.339839839839839897e+01 1.844875196869658895e-01
1.340840840840840897e+01 1.849291415049654774e-01
1.341841841841841898e+01 1.853707633229650931e-01
1.342842842842842899e+01 1.858143846694266799e-01
1.343843843843843899e+01 1.862582797121443423e-01
1.344844844844844900e+01 1.867022306857447633e-01
1.345845845845845901e+01 1.871483993415825609e-01
1.346846846846846901e+01 1.875945679974203306e-01
1.347847847847847902e+01 1.880411223245359864e-01
1.348848848848848903e+01 1.884895649855498345e-01
1.349849849849849903e+01 1.889380076465637104e-01
1.350850850850850904e+01 1.893871658349427500e-01
1.351851851851851904e+01 1.898378828995331002e-01
1.352852852852852905e+01 1.902885999641235060e-01
1.353853853853853906e+01 1.907403625318578599e-01
1.354854854854854906e+01 1.911933544074665425e-01
1.355855855855855907e+01 1.916463462830751696e-01
1.356856856856856908e+01 1.921007137628620576e-01
1.357857857857857908e+01 1.925559808686695407e-01
1.358858858858858909e+01 1.930112479744770237e-01
1.359859859859859910e+01 1.934682209178835710e-01
1.360860860860860910e+01 1.939257636875104940e-01
1.361861861861861911e+01 1.943833064571374170e-01
1.362862862862862912e+01 1.948428854388692399e-01
1.363863863863863912e+01 1.953027043230780024e-01
1.364864864864864913e+01 1.957626133600602614e-01
1.365865865865865914e+01 1.962247088294581110e-01
1.366866866866866914e+01 1.966868042988559884e-01
1.367867867867867915e+01 1.971493201169160492e-01
1.368868868868868915e+01 1.976136926646573089e-01
1.369869869869869916e+01 1.980780652123985131e-01
1.370870870870870917e+01 1.985431884560278915e-01
1.371871871871871917e+01 1.990098386005171582e-01
1.372872872872872918e+01 1.994764887450063695e-01
1.373873873873873919e+01 1.999442200962123495e-01
1.374874874874874919e+01 2.004131483838048067e-01
1.375875875875875920e+01 2.008820766713972084e-01
1.376876876876876921e+01 2.013524168539687076e-01
1.377877877877877921e+01 2.018236238616694378e-01
1.378878878878878922e+01 2.022948308693701402e-01
1.379879879879879923e+01 2.027677806531398286e-01
1.380880880880880923e+01 2.032412669912995462e-01
1.381881881881881924e+01 2.037147533294592638e-01
1.382882882882882924e+01 2.041903135345606024e-01
1.383883883883883925e+01 2.046660798495690547e-01
1.384884884884884926e+01 2.051419706887208649e-01
1.385885885885885926e+01 2.056200176656952094e-01
1.386886886886886927e+01 2.060980646426695262e-01
1.387887887887887928e+01 2.065765669847873520e-01
1.388888888888888928e+01 2.070568953502562315e-01
1.389889889889889929e+01 2.075372237157250555e-01
1.390890890890890930e+01 2.080183385132242657e-01
1.391891891891891930e+01 2.085009490378061936e-01
1.392892892892892931e+01 2.089835595623881215e-01
1.393893893893893932e+01 2.094672878322613452e-01
1.394894894894894932e+01 2.099521813333369291e-01
1.395895895895895933e+01 2.104370748344125130e-01
1.396896896896896934e+01 2.109234176624470436e-01
1.397897897897897934e+01 2.114105950068238537e-01
1.398898898898898935e+01 2.118977723512006361e-01
1.399899899899899935e+01 2.123867308961847888e-01
1.400900900900900936e+01 2.128761930027568139e-01
1.401901901901901937e+01 2.133656551093288389e-01
1.402902902902902937e+01 2.138572306072428486e-01
1.403903903903903938e+01 2.143489784496379613e-01
1.404904904904904939e+01 2.148408854510041877e-01
1.405905905905905939e+01 2.153349200602259483e-01
1.406906906906906940e+01 2.158289546694476813e-01
1.407907907907907941e+01 2.163234802529612755e-01
1.408908908908908941e+01 2.168198027200201605e-01
1.409909909909909942e+01 2.173161251870790456e-01
1.410910910910910943e+01 2.178132707826640480e-01
1.411911911911911943e+01 2.183118822611971044e-01
1.412912912912912944e+01 2.188104937397301608e-01
1.413913913913913944e+01 2.193102608684972532e-01
1.414914914914914945e+01 2.198111625773791766e-01
1.415915915915915946e+01 2.203120642862611001e-01
1.416916916916916946e+01 2.208144545646240908e-01
1.417917917917917947e+01 2.213176477905642592e-01
1.418918918918918948e+01 2.218208410165044553e-01
1.419919919919919948e+01 2.223258561602749761e-01
1.420920920920920949e+01 2.228313422604038807e-01
1.421921921921921950e+01 2.233368283605327576e-01
1.422922922922922950e+01 2.238444701889942268e-01
1.423923923923923951e+01 2.243522505934361921e-01
1.424924924924924952e+01 2.248602252234033760e-01
1.425925925925925952e+01 2.253703014378355962e-01
1.426926926926926953e+01 2.258803776522678164e-01
1.427927927927927954e+01 2.263909813483086786e-01
1.428928928928928954e+01 2.269033549565066255e-01
1.429929929929929955e+01 2.274157285647045723e-01
1.430930930930930955e+01 2.279289634000928044e-01
1.431931931931931956e+01 2.284436360664601484e-01
1.432932932932932957e+01 2.289583087328274924e-01
1.433933933933933957e+01 2.294741768978443841e-01
1.434934934934934958e+01 2.299911503699267890e-01
1.435935935935935959e+01 2.305081238420092216e-01
1.436936936936936959e+01 2.310266276479060743e-01
1.437937937937937960e+01 2.315459037588907254e-01
1.438938938938938961e+01 2.320651798698754043e-01
1.439939939939939961e+01 2.325863217528075788e-01
1.440940940940940962e+01 2.331079024240040876e-01
1.441941941941941963e+01 2.336294830952005963e-01
1.442942942942942963e+01 2.341532656201307794e-01
1.443943943943943964e+01 2.346771528634346571e-01
1.444944944944944965e+01 2.352012700509712728e-01
1.445945945945945965e+01 2.357274659713109455e-01
1.446946946946946966e+01 2.362536618916506181e-01
1.447947947947947966e+01 2.367804230526081299e-01
1.448948948948948967e+01 2.373089298503713584e-01
1.449949949949949968e+01 2.378374366481346147e-01
1.450950950950950968e+01 2.383668446591424850e-01
1.451951951951951969e+01 2.388976646325848552e-01
1.452952952952952970e+01 2.394284846060272809e-01
1.453953953953953970e+01 2.399605424854318325e-01
1.454954954954954971e+01 2.404936780330645951e-01
1.455955955955955972e+01 2.410268135806973577e-01
1.456956956956956972e+01 2.415615244923214888e-01
1.457957957957957973e+01 2.420969781152799427e-01
1.458958958958958974e+01 2.426324317382384244e-01
1.459959959959959974e+01 2.431697989951043526e-01
1.460960960960960975e+01 2.437075732994931632e-01
1.461961961961961975e+01 2.442453476038819737e-01
1.462962962962962976e+01 2.447853746718983703e-01
1.463963963963963977e+01 2.453254723711175977e-01
1.464964964964964977e+01 2.458658366548999441e-01
1.465965965965965978e+01 2.464082605719475627e-01
1.466966966966966979e+01 2.469506844889951813e-01
1.467967967967967979e+01 2.474937130540847963e-01
1.468968968968968980e+01 2.480384661238365651e-01
1.469969969969969981e+01 2.485832191935883617e-01
1.470970970970970981e+01 2.491289158721538277e-01
1.471971971971971982e+01 2.496760011436200410e-01
1.472972972972972983e+01 2.502230864150862266e-01
1.473973973973973983e+01 2.507714552043063816e-01
1.474974974974974984e+01 2.513208758428648326e-01
1.475975975975975985e+01 2.518702964814232836e-01
1.476976976976976985e+01 2.524213415469983568e-01
1.477977977977977986e+01 2.529731008366030154e-01
1.478978978978978986e+01 2.535248601262076740e-01
1.479979979979979987e+01 2.540785858058280389e-01
1.480980980980980988e+01 2.546326871511922496e-01
1.481981981981981988e+01 2.551867884965564048e-01
1.482982982982982989e+01 2.557431993033267847e-01
1.483983983983983990e+01 2.562996462320814572e-01
1.484984984984984990e+01 2.568563976218309342e-01
1.485985985985985991e+01 2.574151937866569484e-01
1.486986986986986992e+01 2.579739899514830181e-01
1.487987987987987992e+01 2.585334322544773911e-01
1.488988988988988993e+01 2.590945814352114129e-01
1.489989989989989994e+01 2.596557306159454903e-01
1.490990990990990994e+01 2.602178687624008280e-01
1.491991991991991995e+01 2.607813748681141464e-01
1.492992992992992995e+01 2.613448809738274092e-01
1.493993993993993996e+01 2.619097200805693415e-01
1.494994994994994997e+01 2.624755871516186723e-01
1.495995995995995997e+01 2.630414542226678920e-01
1.496996996996996998e+01 2.636089995963538102e-01
1.497997997997997999e+01 2.641772318064062319e-01
1.498998998998998999e+01 2.647454640164585427e-01
1.500000000000000000e+01 2.653157211567495066e-01
