5.000000000000000000e+00 1.972175057449460436e-02
5.010010010010010006e+00 1.989996228909252790e-02
5.020020020020020013e+00 2.007817400369045144e-02
5.030030030030030019e+00 2.025638571828837844e-02
5.040040040040040026e+00 2.043459743288630198e-02
5.050050050050050032e+00 2.061280914748423246e-02
5.060060060060060039e+00 2.079102086208215600e-02
5.070070070070070045e+00 2.096923257668007953e-02
5.080080080080080052e+00 2.114744429127800654e-02
5.090090090090090058e+00 2.132565600587593008e-02
5.100100100100100065e+00 2.150386772047385708e-02
5.110110110110110071e+00 2.168207943507178409e-02
5.120120120120120077e+00 2.186062368222339500e-02
5.130130130130130084e+00 2.204065649514378930e-02
5.140140140140140090e+00 2.222068930806419054e-02
5.150150150150150097e+00 2.240082138265247005e-02
5.160160160160160103e+00 2.258261103925216298e-02
5.170170170170170110e+00 2.276440069585185591e-02
5.180180180180180116e+00 2.294619035245154884e-02
5.190190190190190123e+00 2.312955456759377068e-02
5.200200200200200129e+00 2.331303657000443827e-02
5.210210210210210136e+00 2.349651857241510586e-02
5.220220220220220142e+00 2.368130972209538804e-02
5.230230230230230148e+00 2.386641940978470600e-02
5.240240240240240155e+00 2.405152909747402049e-02
5.250250250250250161e+00 2.423769877111010135e-02
5.260260260260260168e+00 2.442437139885657651e-02
5.270270270270270174e+00 2.461104402660305168e-02
5.280280280280280181e+00 2.479854380255996915e-02
5.290290290290290187e+00 2.498671461579899528e-02
5.300300300300300194e+00 2.517488542903802487e-02
5.310310310310310200e+00 2.536366691083543831e-02
5.320320320320320207e+00 2.555327121834297457e-02
5.330330330330330213e+00 2.574287552585051084e-02
5.340340340340340219e+00 2.593289037737912806e-02
5.350350350350350226e+00 2.612386362126906461e-02
5.360360360360360232e+00 2.631483686515900117e-02
5.370370370370370239e+00 2.650603684490164536e-02
5.380380380380380245e+00 2.669831466792109073e-02
5.390390390390390252e+00 2.689059249094053611e-02
5.400400400400400258e+00 2.708292948519441801e-02
5.410410410410410265e+00 2.727644779530897720e-02
5.420420420420420271e+00 2.746996610542352946e-02
5.430430430430430278e+00 2.766348441553808865e-02
5.440440440440440284e+00 2.785808719278995080e-02
5.450450450450450290e+00 2.805278222505869917e-02
5.460460460460460297e+00 2.824747725732744755e-02
5.470470470470470303e+00 2.844305795433303696e-02
5.480480480480480310e+00 2.863886633007989638e-02
5.490490490490490316e+00 2.883467470582675579e-02
5.500500500500500323e+00 2.903118622438568761e-02
5.510510510510510329e+00 2.922804500767971214e-02
5.520520520520520336e+00 2.942490379097373668e-02
5.530530530530530342e+00 2.962229933737427559e-02
5.540540540540540349e+00 2.982014608883784210e-02
5.550550550550550355e+00 3.001799284030141207e-02
5.560560560560560361e+00 3.021622595088320484e-02
5.570570570570570368e+00 3.041499877885257483e-02
5.580580580580580374e+00 3.061377160682194482e-02
5.590590590590590381e+00 3.081279617256874742e-02
5.600600600600600387e+00 3.101243378163546019e-02
5.610610610610610394e+00 3.121207139070217296e-02
5.620620620620620400e+00 3.141184168087252787e-02
5.630630630630630407e+00 3.161228341784010770e-02
5.640640640640640413e+00 3.181272515480768753e-02
5.650650650650650419e+00 3.201319583961193677e-02
5.660660660660660426e+00 3.221438173690546053e-02
5.670670670670670432e+00 3.241556763419897735e-02
5.680680680680680439e+00 3.261675353149250112e-02
5.690690690690690445e+00 3.281856462310151629e-02
5.700700700700700452e+00 3.302043543967142503e-02
5.710710710710710458e+00 3.322230625624134071e-02
5.720720720720720465e+00 3.342466989567320634e-02
5.730730730730730471e+00 3.362716715543868223e-02
5.740740740740740478e+00 3.382966441520417200e-02
5.750750750750750484e+00 3.403253740318590986e-02
5.760760760760760490e+00 3.423560343106561710e-02
5.770770770770770497e+00 3.443866945894531739e-02
5.780780780780780503e+00 3.464200911218123097e-02
5.790790790790790510e+00 3.484558706776198778e-02
5.800800800800800516e+00 3.504916502334273071e-02
5.810810810810810523e+00 3.525292919025752036e-02
5.820820820820820529e+00 3.545696309915374184e-02
5.830830830830830536e+00 3.566099700804996331e-02
5.840840840840840542e+00 3.586514408369426143e-02
5.850850850850850549e+00 3.606957886665381613e-02
5.860860860860860555e+00 3.627401364961337776e-02
5.870870870870870561e+00 3.647850258974532495e-02
5.880880880880880568e+00 3.668328408955755238e-02
5.890890890890890574e+00 3.688806558936977981e-02
5.900900900900900581e+00 3.709285592372624923e-02
5.910910910910910587e+00 3.729793092999136861e-02
5.920920920920920594e+00 3.750300593625648798e-02
5.930930930930930600e+00 3.770808094252161430e-02
5.940940940940940607e+00 3.791337405284709444e-02
5.950950950950950613e+00 3.811869032466571466e-02
5.960960960960960620e+00 3.832400659648433489e-02
5.970970970970970626e+00 3.852947068083537735e-02
5.980980980980980632e+00 3.873497696747906643e-02
5.990990990990990639e+00 3.894048325412275552e-02
6.001001001001000645e+00 3.914608064479502963e-02
6.011011011011010652e+00 3.935172670441905440e-02
6.021021021021020658e+00 3.955737276404307223e-02
6.031031031031030665e+00 3.976306642939572006e-02
6.041041041041040671e+00 3.996880304585562899e-02
6.051051051051050678e+00 4.017453966231552404e-02
6.061061061061060684e+00 4.038029321437266311e-02
6.071071071071070691e+00 4.058607221220702360e-02
6.081081081081080697e+00 4.079185121004137715e-02
6.091091091091090703e+00 4.099762891143304139e-02
6.101101101101100710e+00 4.120340316907473294e-02
6.111111111111110716e+00 4.140917742671641755e-02
6.121121121121120723e+00 4.161494419697415320e-02
6.131131131131130729e+00 4.182066765825252774e-02
6.141141141141140736e+00 4.202639111953090229e-02
6.151151151151150742e+00 4.223211254075317361e-02
6.161161161161160749e+00 4.243774022474944285e-02
6.171171171171170755e+00 4.264336790874570515e-02
6.181181181181180762e+00 4.284899559274197439e-02
6.191191191191190768e+00 4.305449823996607833e-02
6.201201201201200774e+00 4.325998624928387160e-02
6.211211211211210781e+00 4.346547425860166486e-02
6.221221221221220787e+00 4.367082192116326228e-02
6.231231231231230794e+00 4.387612744867609715e-02
6.241241241241240800e+00 4.408143297618893203e-02
6.251251251251250807e+00 4.428659434736080536e-02
6.261261261261260813e+00 4.449167568149734603e-02
6.271271271271270820e+00 4.469675701563388670e-02
6.281281281281280826e+00 4.490170147180301552e-02
6.291291291291290833e+00 4.510651800043093823e-02
6.301301301301300839e+00 4.531133452905885400e-02
6.311311311311310845e+00 4.551603213112679486e-02
6.321321321321320852e+00 4.572054434409457413e-02
6.331331331331330858e+00 4.592505655706236034e-02
6.341341341341340865e+00 4.612947805136541346e-02
6.351351351351350871e+00 4.633364754176150235e-02
6.361361361361360878e+00 4.653781703215759125e-02
6.371371371371370884e+00 4.674193385092109687e-02
6.381381381381380891e+00 4.694572331510808022e-02
6.391391391391390897e+00 4.714951277929505663e-02
6.401401401401400904e+00 4.735329704063571260e-02
6.411411411411410910e+00 4.755667027711665135e-02
6.421421421421420916e+00 4.776004351359759703e-02
6.431431431431430923e+00 4.796341675007854272e-02
6.441441441441440929e+00 4.816638992826127730e-02
6.451451451451450936e+00 4.836931183543467100e-02
6.461461461461460942e+00 4.857223374260807164e-02
6.471471471471470949e+00 4.877478665010116093e-02
6.481481481481480955e+00 4.897722322295874897e-02
6.491491491491490962e+00 4.917965979581633007e-02
6.501501501501500968e+00 4.938176769640394148e-02
6.511511511511510975e+00 4.958368602222593818e-02
6.521521521521520981e+00 4.978560434804793489e-02
6.531531531531530987e+00 4.998724318191977850e-02
6.541541541541540994e+00 5.018861143501955613e-02
6.551551551551551000e+00 5.038997968811934763e-02
6.561561561561561007e+00 5.059112606892288838e-02
6.571571571571571013e+00 5.079191350449323294e-02
6.581581581581581020e+00 5.099270094006357751e-02
6.591591591591591026e+00 5.119333215163696105e-02
6.601601601601601033e+00 5.139350909874716017e-02
6.611611611611611927e+00 5.159368604585735929e-02
6.621621621621621934e+00 5.179378003865504898e-02
6.631631631631631940e+00 5.199331789244861224e-02
6.641641641641641947e+00 5.219285574624216856e-02
6.651651651651651953e+00 5.239239113346531862e-02
6.661661661661661959e+00 5.259126234660517485e-02
6.671671671671671966e+00 5.279013355974504496e-02
6.681681681681681972e+00 5.298900477288490118e-02
6.691691691691691979e+00 5.318726768659626236e-02
6.701701701701701985e+00 5.338544576000446573e-02
6.711711711711711992e+00 5.358362383341266910e-02
6.721721721721721998e+00 5.378126187856613338e-02
6.731731731731732005e+00 5.397872135150229289e-02
6.741741741741742011e+00 5.417618082443845934e-02
6.751751751751752018e+00 5.437317560427761681e-02
6.761761761761762024e+00 5.456989204379996544e-02
6.771771771771772030e+00 5.476660848332231407e-02
6.781781781781782037e+00 5.496294223452410227e-02
6.791791791791792043e+00 5.515889222437578288e-02
6.801801801801802050e+00 5.535484221422747042e-02
6.811811811811812056e+00 5.555049780119471897e-02
6.821821821821822063e+00 5.574565893015564350e-02
6.831831831831832069e+00 5.594082005911656802e-02
6.841841841841842076e+00 5.613578096808301970e-02
6.851851851851852082e+00 5.633013181782717954e-02
6.861861861861862089e+00 5.652448266757133938e-02
6.871871871871872095e+00 5.671873300052854283e-02
6.881881881881882101e+00 5.691225313302516325e-02
6.891891891891892108e+00 5.710577326552178368e-02
6.901901901901902114e+00 5.729929339801839716e-02
6.911911911911912121e+00 5.749196767847221390e-02
6.921921921921922127e+00 5.768463762296723030e-02
6.931931931931932134e+00 5.787730756746223976e-02
6.941941941941942140e+00 5.806922278115656672e-02
6.951951951951952147e+00 5.826102402077049797e-02
6.961961961961962153e+00 5.845282526038442922e-02
6.971971971971972160e+00 5.864396825862594476e-02
6.981981981981982166e+00 5.883488321660203940e-02
6.991991991991992172e+00 5.902579817457814099e-02
7.002002002002002179e+00 5.921615638447324387e-02
7.012012012012012185e+00 5.940616841010911559e-02
7.022022022022022192e+00 5.959618043574498036e-02
7.032032032032032198e+00 5.978574185308783290e-02
7.042042042042042205e+00 5.997483520738217805e-02
7.052052052052052211e+00 6.016392856167652320e-02
7.062062062062062218e+00 6.035268174374282951e-02
7.072072072072072224e+00 6.054084158478788280e-02
7.082082082082082231e+00 6.072900142583294997e-02
7.092092092092092237e+00 6.091693548408680381e-02
7.102102102102102243e+00 6.110414785223549500e-02
7.112112112112112250e+00 6.129136022038419312e-02
7.122122122122122256e+00 6.147846481310476063e-02
7.132132132132132263e+00 6.166471661594041115e-02
7.142142142142142269e+00 6.185096841877606166e-02
7.152152152152152276e+00 6.203722022161170524e-02
7.162162162162162282e+00 6.222251274074696442e-02
7.172172172172172289e+00 6.240779173788300188e-02
7.182182182182182295e+00 6.259307073501903240e-02
7.192192192192192302e+00 6.277750331206966017e-02
7.202202202202202308e+00 6.296179809980405329e-02
7.212212212212212314e+00 6.314609288753844640e-02
7.222222222222222321e+00 6.332965759750870671e-02
7.232232232232232327e+00 6.351295759335848223e-02
7.242242242242242334e+00 6.369625758920825775e-02
7.252252252252252340e+00 6.387894700819507499e-02
7.262262262262262347e+00 6.406124243533317664e-02
7.272272272272272353e+00 6.424353786247127829e-02
7.282282282282282360e+00 6.442534505991534544e-02
7.292292292292292366e+00 6.460662693153332303e-02
7.302302302302302373e+00 6.478790880315131451e-02
7.312312312312312379e+00 6.496882733406800225e-02
7.322322322322322385e+00 6.514908743768463295e-02
7.332332332332332392e+00 6.532934754130126365e-02
7.342342342342342398e+00 6.550937143849634714e-02
7.352352352352352405e+00 6.568860232023261692e-02
7.362362362362362411e+00 6.586783320196890057e-02
7.372372372372372418e+00 6.604695696824368356e-02
7.382382382382382424e+00 6.622515191708368276e-02
7.392392392392392431e+00 6.640334686592368196e-02
7.402402402402402437e+00 6.658154181476369504e-02
7.412412412412412444e+00 6.675871849832966387e-02
7.422422422422422450e+00 6.693587153038463300e-02
7.432432432432432456e+00 6.711302456243960213e-02
7.442442442442442463e+00 6.728928622699509310e-02
7.452452452452452469e+00 6.746539206978845182e-02
7.462462462462462476e+00 6.764149791258182443e-02
7.472472472472472482e+00 6.781684111984544183e-02
7.482482482482482489e+00 6.799189519663446923e-02
7.492492492492492495e+00 6.816694927342349664e-02
7.502502502502502502e+00 6.834137100829160150e-02
7.512512512512512508e+00 6.851536942244135231e-02
7.522522522522522515e+00 6.868936783659111700e-02
7.532532532532532521e+00 6.886286549942495505e-02
7.542542542542542527e+00 6.903580501884870602e-02
7.552552552552552534e+00 6.920874453827247086e-02
7.562562562562562540e+00 6.938131593721452717e-02
7.572572572572572547e+00 6.955319397889404842e-02
7.582582582582582553e+00 6.972507202057356968e-02
7.592592592592592560e+00 6.989671536389634177e-02
7.602602602602602566e+00 7.006752997849495512e-02
7.612612612612612573e+00 7.023834459309358236e-02
7.622622622622622579e+00 7.040905848158365843e-02
7.632632632632632586e+00 7.057880833816376764e-02
7.642642642642642592e+00 7.074855819474390461e-02
7.652652652652652598e+00 7.091830805132401383e-02
7.662662662662662605e+00 7.108702598498083114e-02
7.672672672672672611e+00 7.125571035583735946e-02
7.682682682682682618e+00 7.142439472669388778e-02
7.692692692692692624e+00 7.159218141485054754e-02
7.702702702702702631e+00 7.175980016046980270e-02
7.712712712712712637e+00 7.192741890608907174e-02
7.722722722722722644e+00 7.209427465506229593e-02
7.732732732732732650e+00 7.226082820921703176e-02
7.742742742742742657e+00 7.242738176337176759e-02
7.752752752752752663e+00 7.259330722717866058e-02
7.762762762762762669e+00 7.275879658216730106e-02
7.772772772772772676e+00 7.292428593715594154e-02
7.782782782782782682e+00 7.308928211026952115e-02
7.792792792792792689e+00 7.325370880230830384e-02
7.802802802802802695e+00 7.341813549434707264e-02
7.812812812812812702e+00 7.358220370451086512e-02
7.822822822822822708e+00 7.374556979928634237e-02
7.832832832832832715e+00 7.390893589406181963e-02
7.842842842842842721e+00 7.407207779516501722e-02
7.852852852852852727e+00 7.423438587355404850e-02
7.862862862862862734e+00 7.439669395194307977e-02
7.872872872872872740e+00 7.455891151695839825e-02
7.882882882882882747e+00 7.472016466092164244e-02
7.892892892892892753e+00 7.488141780488488664e-02
7.902902902902902760e+00 7.504267094884813083e-02
7.912912912912912766e+00 7.520291509752533021e-02
7.922922922922922773e+00 7.536311687618062194e-02
7.932932932932932779e+00 7.552331865483592754e-02
7.942942942942942786e+00 7.568264738522607893e-02
7.952952952952952792e+00 7.584180184110650425e-02
7.962962962962962798e+00 7.600095629698691568e-02
7.972972972972972805e+00 7.615937295744930335e-02
7.982982982982982811e+00 7.631748459295088771e-02
7.992992992992992818e+00 7.647559622845245819e-02
8.003003003003001936e+00 7.663310444547652422e-02
8.013013013013011943e+00 7.679017820949979312e-02
8.023023023023021949e+00 7.694725197352304813e-02
8.033033033033031955e+00 7.710385564519801893e-02
8.043043043043041962e+00 7.725989691998716435e-02
8.053053053053051968e+00 7.741593819477629590e-02
8.063063063063061975e+00 7.757164148433468021e-02
8.073073073073071981e+00 7.772665607251767750e-02
8.083083083083081988e+00 7.788167066070066091e-02
8.093093093093091994e+00 7.803647799013685438e-02
8.103103103103102001e+00 7.819047210196931885e-02
8.113113113113112007e+00 7.834446621380176945e-02
8.123123123123122014e+00 7.849838225756589072e-02
8.133133133133132020e+00 7.865136249838106108e-02
8.143143143143142026e+00 7.880434273919623145e-02
8.153153153153152033e+00 7.895732298001140181e-02
8.163163163163162039e+00 7.910934577583152161e-02
8.173173173173172046e+00 7.926131913369890980e-02
8.183183183183182052e+00 7.941329249156629799e-02
8.193193193193192059e+00 7.956444144181278044e-02
8.203203203203202065e+00 7.971541527540651484e-02
8.213213213213213848e+00 7.986638910900027699e-02
8.223223223223223854e+00 8.001666996710217472e-02
8.233233233233233861e+00 8.016665199378043838e-02
8.243243243243243867e+00 8.031663402045871591e-02
8.253253253253253874e+00 8.046605275613520625e-02
8.263263263263263880e+00 8.061505104023265755e-02
8.273273273273273887e+00 8.076404932433010886e-02
8.283283283283283893e+00 8.091261211788297603e-02
8.293293293293293900e+00 8.106063505921543011e-02
8.303303303303303906e+00 8.120865800054787031e-02
8.313313313313313913e+00 8.135637123723298003e-02
8.323323323323323919e+00 8.150342755981589138e-02
8.333333333333333925e+00 8.165048388239880273e-02
8.343343343343343932e+00 8.179735414687629158e-02
8.353353353353353938e+00 8.194345288785637171e-02
8.363363363363363945e+00 8.208955162883645185e-02
8.373373373373373951e+00 8.223558569969988130e-02
8.383383383383383958e+00 8.238073619850018459e-02
8.393393393393393964e+00 8.252588669730048787e-02
8.403403403403403971e+00 8.267103719610079116e-02
8.413413413413413977e+00 8.281530342936238576e-02
8.423423423423423984e+00 8.295951531703996129e-02
8.433433433433433990e+00 8.310372720471756458e-02
8.443443443443443996e+00 8.324718127412392144e-02
8.453453453453454003e+00 8.339046446293971182e-02
8.463463463463464009e+00 8.353374765175550221e-02
8.473473473473474016e+00 8.367639715664793032e-02
8.483483483483484022e+00 8.381876182984789037e-02
8.493493493493494029e+00 8.396112650304786429e-02
8.503503503503504035e+00 8.410297920559593743e-02
8.513513513513514042e+00 8.424443580740199888e-02
8.523523523523524048e+00 8.438589240920806034e-02
8.533533533533534055e+00 8.452695622954078947e-02
8.543543543543544061e+00 8.466751545535114443e-02
8.553553553553554067e+00 8.480807468116148551e-02
8.563563563563564074e+00 8.494835769257497171e-02
8.573573573573574080e+00 8.508803047937101016e-02
8.583583583583584087e+00 8.522770326616704861e-02
8.593593593593594093e+00 8.536721369040836671e-02
8.603603603603604100e+00 8.550601120736769922e-02
8.613613613613614106e+00 8.564480872432703173e-02
8.623623623623624113e+00 8.578355492695419193e-02
8.633633633633634119e+00 8.592148856626750930e-02
8.643643643643644126e+00 8.605942220558085443e-02
8.653653653653654132e+00 8.619735584489417179e-02
8.663663663663664138e+00 8.633449405928761422e-02
8.673673673673674145e+00 8.647157542717710810e-02
8.683683683683684151e+00 8.660865679506657422e-02
8.693693693693694158e+00 8.674505974368307282e-02
8.703703703703704164e+00 8.688130065162089077e-02
8.713713713713714171e+00 8.701754155955872261e-02
8.723723723723724177e+00 8.715321820896634875e-02
8.733733733733734184e+00 8.728863066509064128e-02
8.743743743743744190e+00 8.742404312121493382e-02
8.753753753753754197e+00 8.755900255559317946e-02
8.763763763763764203e+00 8.769359875631922707e-02
8.773773773773774209e+00 8.782819495704527468e-02
8.783783783783784216e+00 8.796244637411039513e-02
8.793793793793794222e+00 8.809623869593473378e-02
8.803803803803804229e+00 8.823003101775907242e-02
8.813813813813814235e+00 8.836358372475959511e-02
8.823823823823824242e+00 8.849658471625428124e-02
8.833833833833834248e+00 8.862958570774895350e-02
8.843843843843844255e+00 8.876244911753138067e-02
8.853853853853854261e+00 8.889467149152605052e-02
8.863863863863864268e+00 8.902689386552072037e-02
8.873873873873874274e+00 8.915907749266427373e-02
8.883883883883884280e+00 8.929053411861330447e-02
8.893893893893894287e+00 8.942199074456232133e-02
8.903903903903904293e+00 8.955344737051133819e-02
8.913913913913914300e+00 8.968420809811397665e-02
8.923923923923924306e+00 8.981491199464559927e-02
8.933933933933934313e+00 8.994561589117720801e-02
8.943943943943944319e+00 9.007572931591002752e-02
8.953953953953954326e+00 9.020569364355537911e-02
8.963963963963964332e+00 9.033565797120073071e-02
8.973973973973974338e+00 9.046513402514043400e-02
8.983983983983984345e+00 9.059437207923881630e-02
8.993993993993994351e+00 9.072361013333718471e-02
9.004004004004004358e+00 9.085245882859059596e-02
9.014014014014014364e+00 9.098098403236862253e-02
9.024024024024024371e+00 9.110950923614664909e-02
9.034034034034034377e+00 9.123774066149240025e-02
9.044044044044044384e+00 9.136556655931410420e-02
9.054054054054054390e+00 9.149339245713579427e-02
9.064064064064064397e+00 9.162101677472851702e-02
9.074074074074074403e+00 9.174815702551289420e-02
9.084084084084084409e+00 9.187529727629728526e-02
9.094094094094094416e+00 9.200232471843289295e-02
9.104104104104104422e+00 9.212879308923652144e-02
9.114114114114114429e+00 9.225526146004016381e-02
9.124124124124124435e+00 9.238170232598222342e-02
9.134134134134134442e+00 9.250751268574371189e-02
9.144144144144144448e+00 9.263332304550520035e-02
9.154154154154154455e+00 9.275913340526667494e-02
9.164164164164164461e+00 9.288435401181449613e-02
9.174174174174174468e+00 9.300952032525768021e-02
9.184184184184184474e+00 9.313468663870086428e-02
9.194194194194194480e+00 9.325935551065792084e-02
9.204204204204204487e+00 9.338389183235069890e-02
9.214214214214214493e+00 9.350842815404347697e-02
9.224224224224224500e+00 9.363255585718677221e-02
9.234234234234234506e+00 9.375647632575298540e-02
9.244244244244244513e+00 9.388039679431919859e-02
9.254254254254254519e+00 9.400399394365302475e-02
9.264264264264264526e+00 9.412731277613368974e-02
9.274274274274274532e+00 9.425063160861434086e-02
9.284284284284284539e+00 9.437370886563614669e-02
9.294294294294294545e+00 9.449644035199751546e-02
9.304304304304304551e+00 9.461917183835889811e-02
9.314314314314314558e+00 9.474173990837837789e-02
9.324324324324324564e+00 9.486389840616364644e-02
9.334334334334334571e+00 9.498605690394894274e-02
9.344344344344344577e+00 9.510812653345986079e-02
9.354354354354354584e+00 9.522972646258168194e-02
9.364364364364364590e+00 9.535132639170350310e-02
9.374374374374374597e+00 9.547290836580740736e-02
9.384384384384384603e+00 9.559396420347750223e-02
9.394394394394394610e+00 9.571502004114758322e-02
9.404404404404404616e+00 9.583607587881767809e-02
9.414414414414414622e+00 9.595665145682254205e-02
9.424424424424424629e+00 9.607717773261678640e-02
9.434434434434434635e+00 9.619770400841101687e-02
9.444444444444444642e+00 9.631782818412051861e-02
9.454454454454454648e+00 9.643783947517509114e-02
9.464464464464464655e+00 9.655785076622963592e-02
9.474474474474474661e+00 9.667753446850343990e-02
9.484484484484484668e+00 9.679704539484015879e-02
9.494494494494494674e+00 9.691655632117687769e-02
9.504504504504504681e+00 9.703581050313202228e-02
9.514514514514514687e+00 9.715483572310937288e-02
9.524524524524524693e+00 9.727386094308672349e-02
9.534534534534534700e+00 9.739269657989291229e-02
9.544544544544544706e+00 9.751125078578044836e-02
9.554554554554554713e+00 9.762980499166799830e-02
9.564564564564564719e+00 9.774823307838731434e-02
9.574574574574574726e+00 9.786633099205985231e-02
9.584584584584584732e+00 9.798442890573240416e-02
9.594594594594594739e+00 9.810246045520304436e-02
9.604604604604604745e+00 9.822011682395279109e-02
9.614614614614614752e+00 9.833777319270252393e-02
9.624624624624624758e+00 9.845541923346612379e-02
9.634634634634634764e+00 9.857264882592878252e-02
9.644644644644644771e+00 9.868987841839145514e-02
9.654654654654654777e+00 9.880710801085412776e-02
9.664664664664664784e+00 9.892396759485626301e-02
9.674674674674674790e+00 9.904078519704996586e-02
9.684684684684684797e+00 9.915760279924368259e-02
9.694694694694694803e+00 9.927411377020077532e-02
9.704704704704704810e+00 9.939053418167345666e-02
9.714714714714714816e+00 9.950695459314615188e-02
9.724724724724724823e+00 9.962312802447982618e-02
9.734734734734734829e+00 9.973916605456371876e-02
9.744744744744744835e+00 9.985520408464761133e-02
9.754754754754754842e+00 9.997105105396943137e-02
9.764764764764764848e+00 1.000867215181393960e-01
9.774774774774774855e+00 1.002023919823093606e-01
9.784784784784784861e+00 1.003179235696560478e-01
9.794794794794794868e+00 1.004332412859893914e-01
9.804804804804804874e+00 1.005485590023227349e-01
9.814814814814814881e+00 1.006637862884280504e-01
9.824824824824824887e+00 1.007787660741633756e-01
9.834834834834834894e+00 1.008937458598987008e-01
9.844844844844844900e+00 1.010086799245016737e-01
9.854854854854854906e+00 1.011233365926939298e-01
9.864864864864864913e+00 1.012379932608861860e-01
9.874874874874874919e+00 1.013526451810748547e-01
9.884884884884884926e+00 1.014669935373449239e-01
9.894894894894894932e+00 1.015813418936149931e-01
9.904904904904904939e+00 1.016956902498850346e-01
9.914914914914914945e+00 1.018097775815806905e-01
9.924924924924924952e+00 1.019238324209560814e-01
9.934934934934934958e+00 1.020378872603315001e-01
9.944944944944944965e+00 1.021517293687504435e-01
9.954954954954954971e+00 1.022655054725958856e-01
9.964964964964964977e+00 1.023792815764413278e-01
9.974974974974974984e+00 1.024928895044831256e-01
9.984984984984984990e+00 1.026064016375176358e-01
9.994994994994994997e+00 1.027199137705521459e-01
1.000500500500500500e+01 1.028332985492871610e-01
1.001501501501501501e+01 1.029465614566866249e-01
1.002502502502502502e+01 1.030598243640860889e-01
1.003503503503503502e+01 1.031729970113510059e-01
1.004504504504504503e+01 1.032860254159326807e-01
1.005505505505505504e+01 1.033990538205143694e-01
1.006506506506506504e+01 1.035120253395377804e-01
1.007507507507507505e+01 1.036248339390257456e-01
1.008508508508508505e+01 1.037376425385136969e-01
1.009509509509509506e+01 1.038504239165713439e-01
1.010510510510510507e+01 1.039630273809401817e-01
1.011511511511511507e+01 1.040756308453090195e-01
1.012512512512512508e+01 1.041882330524077221e-01
1.013513513513513509e+01 1.043006460213025816e-01
1.014514514514514509e+01 1.044130589901974410e-01
1.015515515515515510e+01 1.045254719590922865e-01
1.016516516516516511e+01 1.046377300580185188e-01
1.017517517517517511e+01 1.047499671382493974e-01
1.018518518518518512e+01 1.048622042184802761e-01
1.019519519519519513e+01 1.049743196010740065e-01
1.020520520520520513e+01 1.050863953641825027e-01
1.021521521521521514e+01 1.051984711272909989e-01
1.022522522522522515e+01 1.053104546665073471e-01
1.023523523523523515e+01 1.054223836464037861e-01
1.024524524524524516e+01 1.055343126263002113e-01
1.025525525525525516e+01 1.056461751705467939e-01
1.026526526526526517e+01 1.057579718612161324e-01
1.027527527527527518e+01 1.058697685518854570e-01
1.028528528528528518e+01 1.059815209239104855e-01
1.029529529529529519e+01 1.060931997771847185e-01
1.030530530530530520e+01 1.062048786304589515e-01
1.031531531531531520e+01 1.063165316262635607e-01
1.032532532532532521e+01 1.064281070496592985e-01
1.033533533533533522e+01 1.065396824730550224e-01
1.034534534534534522e+01 1.066512468608293296e-01
1.035535535535535523e+01 1.067627332154485742e-01
1.036536536536536524e+01 1.068742195700678188e-01
1.037537537537537524e+01 1.069857059246870634e-01
1.038538538538538525e+01 1.070971176876430453e-01
1.039539539539539525e+01 1.072085292861355565e-01
1.040540540540540526e+01 1.073199408846280678e-01
1.041541541541541527e+01 1.074312997505818684e-01
1.042542542542542527e+01 1.075426508551674265e-01
1.043543543543543528e+01 1.076540019597529707e-01
1.044544544544544529e+01 1.077653185549609510e-01
1.045545545545545529e+01 1.078766233755100723e-01
1.046546546546546530e+01 1.079879281960591936e-01
1.047547547547547531e+01 1.080992131130781575e-01
1.048548548548548531e+01 1.082104858052493346e-01
1.049549549549549532e+01 1.083217584974204978e-01
1.050550550550550533e+01 1.084330222942119643e-01
1.051551551551551533e+01 1.085442769576443894e-01
1.052552552552552534e+01 1.086555316210768285e-01
1.053553553553553535e+01 1.087667848201310100e-01
1.054554554554554535e+01 1.088780354966910058e-01
1.055555555555555536e+01 1.089892861732510015e-01
1.056556556556556536e+01 1.091005392607303365e-01
1.057557557557557537e+01 1.092117999328100081e-01
1.058558558558558538e+01 1.093230606048896936e-01
1.059559559559559538e+01 1.094343240297915715e-01
1.060560560560560539e+01 1.095456086186585298e-01
1.061561561561561540e+01 1.096568932075254743e-01
1.062562562562562540e+01 1.097681777963924188e-01
1.063563563563563541e+01 1.098794997450604910e-01
1.064564564564564542e+01 1.099908221092571747e-01
1.065565565565565542e+01 1.101021444734538723e-01
1.066566566566566543e+01 1.102135113370535657e-01
1.067567567567567544e+01 1.103248852708446359e-01
1.068568568568568544e+01 1.104362592046357200e-01
1.069569569569569545e+01 1.105476812500490597e-01
1.070570570570570545e+01 1.106591204819159374e-01
1.071571571571571546e+01 1.107705597137828291e-01
1.072572572572572547e+01 1.108820471661030177e-01
1.073573573573573547e+01 1.109935653572843156e-01
1.074574574574574548e+01 1.111050835484655996e-01
1.075575575575575549e+01 1.112166465902949958e-01
1.076576576576576549e+01 1.113282573333708309e-01
1.077577577577577550e+01 1.114398680764466520e-01
1.078578578578578551e+01 1.115515168472109159e-01
1.079579579579579551e+01 1.116632336647314372e-01
1.080580580580580552e+01 1.117749504822519585e-01
1.081581581581581553e+01 1.118866950775300184e-01
1.082582582582582553e+01 1.119985314206854016e-01
1.083583583583583554e+01 1.121103677638407986e-01
1.084584584584584555e+01 1.122222182347101388e-01
1.085585585585585555e+01 1.123341874820421166e-01
1.086586586586586556e+01 1.124461567293740943e-01
1.087587587587587556e+01 1.125581259767060582e-01
1.088588588588588557e+01 1.126702385379245996e-01
1.089589589589589558e+01 1.127823539940778080e-01
1.090590590590590558e+01 1.128944694502310164e-01
1.091591591591591559e+01 1.130067210826867785e-01
1.092592592592592560e+01 1.131189959771991271e-01
1.093593593593593560e+01 1.132312708717114896e-01
1.094594594594594561e+01 1.133436714129221479e-01
1.095595595595595562e+01 1.134561188990530489e-01
1.096596596596596562e+01 1.135685663851839639e-01
1.097597597597597563e+01 1.136811256245620905e-01
1.098598598598598564e+01 1.137937587781580884e-01
1.099599599599599564e+01 1.139063919317540585e-01
1.100600600600600565e+01 1.140191196100617255e-01
1.101601601601601566e+01 1.141319514284573622e-01
1.102602602602602566e+01 1.142447832468529989e-01
1.103603603603603567e+01 1.143576890556695369e-01
1.104604604604604567e+01 1.144707324566242440e-01
1.105605605605605568e+01 1.145837758575789372e-01
1.106606606606606569e+01 1.146968694387816151e-01
1.107607607607607569e+01 1.148101372594499958e-01
1.108608608608608570e+01 1.149234050801183765e-01
1.109609609609609571e+01 1.150366960253753623e-01
1.110610610610610571e+01 1.151502010213114185e-01
1.111611611611611572e+01 1.152637060172474748e-01
1.112612612612612573e+01 1.153772110131835171e-01
1.113613613613613573e+01 1.154909587117167735e-01
1.114614614614614574e+01 1.156047135559101768e-01
1.115615615615615575e+01 1.157184684001035663e-01
1.116616616616616575e+01 1.158324450829278651e-01
1.117617617617617576e+01 1.159464623648722437e-01
1.118618618618618576e+01 1.160604796468165945e-01
1.119619619619619577e+01 1.161746946676568831e-01
1.120620620620620578e+01 1.162889868924487508e-01
1.121621621621621578e+01 1.164032791172406045e-01
1.122622622622622579e+01 1.165177417768357426e-01
1.123623623623623580e+01 1.166323213643038342e-01
1.124624624624624580e+01 1.167469009517719397e-01
1.125625625625625581e+01 1.168616204974567141e-01
1.126626626626626582e+01 1.169764997813202978e-01
1.127627627627627582e+01 1.170913790651838815e-01
1.128628628628628583e+01 1.172063646904818041e-01
1.129629629629629584e+01 1.173215559175379424e-01
1.130630630630630584e+01 1.174367471445940808e-01
1.131631631631631585e+01 1.175520079888205394e-01
1.132632632632632586e+01 1.176675233181593422e-01
1.133633633633633586e+01 1.177830386474981450e-01
1.134634634634634587e+01 1.178985837953738930e-01
1.135635635635635587e+01 1.180144352976208316e-01
1.136636636636636588e+01 1.181302867998677564e-01
1.137637637637637589e+01 1.182461383021146950e-01
1.138638638638638589e+01 1.183623249377274284e-01
1.139639639639639590e+01 1.184785245943124066e-01
1.140640640640640591e+01 1.185947242508973848e-01
1.141641641641641769e+01 1.187112250858504831e-01
1.142642642642642770e+01 1.188277847883029009e-01
1.143643643643643770e+01 1.189443444907553188e-01
1.144644644644644771e+01 1.190611683531864334e-01
1.145645645645645772e+01 1.191780999024557031e-01
1.146646646646646772e+01 1.192950314517249727e-01
1.147647647647647773e+01 1.194121871130755241e-01
1.148648648648648773e+01 1.195295022188761630e-01
1.149649649649649774e+01 1.196468173246767741e-01
1.150650650650650775e+01 1.197643134993784941e-01
1.151651651651651775e+01 1.198820237795594768e-01
1.152652652652652776e+01 1.199997340597404871e-01
1.153653653653653777e+01 1.201175794049108153e-01
1.154654654654654777e+01 1.202356963848489613e-01
1.155655655655655778e+01 1.203538133647871072e-01
1.156656656656656779e+01 1.204720164799332749e-01
1.157657657657657779e+01 1.205905515919491328e-01
1.158658658658658780e+01 1.207090867039650045e-01
1.159659659659659781e+01 1.208276561306962232e-01
1.160660660660660781e+01 1.209466207134927695e-01
1.161661661661661782e+01 1.210655852962892881e-01
1.162662662662662783e+01 1.211845498790858344e-01
1.163663663663663783e+01 1.213039348161614600e-01
1.164664664664664784e+01 1.214233401142852109e-01
1.165665665665665784e+01 1.215427454124089618e-01
1.166666666666666785e+01 1.216625247193582893e-01
1.167667667667667786e+01 1.217823818826814786e-01
1.168668668668668786e+01 1.219022390460046679e-01
1.169669669669669787e+01 1.220224209939302779e-01
1.170670670670670788e+01 1.221427410771542821e-01
1.171671671671671788e+01 1.222630611603783141e-01
1.172672672672672789e+01 1.223836539609413770e-01
1.173673673673673790e+01 1.225044479231211930e-01
1.174674674674674790e+01 1.226252418853009951e-01
1.175675675675675791e+01 1.227462536904944251e-01
1.176676676676676792e+01 1.228675323945826181e-01
1.177677677677677792e+01 1.229888110986707972e-01
1.178678678678678793e+01 1.231102500005997469e-01
1.179679679679679793e+01 1.232320242130107296e-01
1.180680680680680794e+01 1.233537984254217124e-01
1.181681681681681795e+01 1.234756724560913815e-01
1.182682682682682795e+01 1.235979528462846783e-01
1.183683683683683796e+01 1.237202332364779750e-01
1.184684684684684797e+01 1.238425503675884137e-01
1.185685685685685797e+01 1.239653475076712003e-01
1.186686686686686798e+01 1.240881446477539729e-01
1.187687687687687799e+01 1.242109417878367594e-01
1.188688688688688799e+01 1.243342371548498554e-01
1.189689689689689800e+01 1.244575615191974849e-01
1.190690690690690801e+01 1.245808858835451421e-01
1.191691691691691801e+01 1.247046504889813001e-01
1.192692692692692802e+01 1.248285124538766611e-01
1.193693693693693803e+01 1.249523744187720081e-01
1.194694694694694803e+01 1.250766159538191646e-01
1.195695695695695804e+01 1.252010257971091223e-01
1.196696696696696804e+01 1.253254356403990522e-01
1.197697697697697805e+01 1.254501617348628417e-01
1.198698698698698806e+01 1.255751296356326374e-01
1.199699699699699806e+01 1.257000975364023776e-01
1.200700700700700807e+01 1.258253157585522142e-01
1.201701701701701808e+01 1.259508517968164487e-01
1.202702702702702808e+01 1.260763878350806833e-01
1.203703703703703809e+01 1.262021056915019757e-01
1.204704704704704810e+01 1.263282198479127316e-01
1.205705705705705810e+01 1.264543340043234598e-01
1.206706706706706811e+01 1.265805589397759889e-01
1.207707707707707812e+01 1.267072610953470235e-01
1.208708708708708812e+01 1.268339632509180026e-01
1.209709709709709813e+01 1.269607026482001966e-01
1.210710710710710813e+01 1.270880025840473160e-01
1.211711711711711814e+01 1.272153025198944076e-01
1.212712712712712815e+01 1.273426024557415270e-01
1.213713713713713815e+01 1.274704710968110333e-01
1.214714714714714816e+01 1.275983784939082877e-01
1.215715715715715817e+01 1.277262858910055698e-01
1.216716716716716817e+01 1.278546931537086762e-01
1.217717717717717818e+01 1.279832175926598203e-01
1.218718718718718819e+01 1.281117420316109923e-01
1.219719719719719819e+01 1.282406950115241306e-01
1.220720720720720820e+01 1.283698459723495167e-01
1.221721721721721821e+01 1.284989969331748749e-01
1.222722722722722821e+01 1.286285026632309203e-01
1.223723723723723822e+01 1.287582895251688231e-01
1.224724724724724823e+01 1.288880763871067536e-01
1.225725725725725823e+01 1.290181418375031253e-01
1.226726726726726824e+01 1.291485738788261395e-01
1.227727727727727824e+01 1.292790059201491537e-01
1.228728728728728825e+01 1.294096379982610789e-01
1.229729729729729826e+01 1.295407243961064769e-01
1.230730730730730826e+01 1.296718107939518749e-01
1.231731731731731827e+01 1.298030163442507323e-01
1.232732732732732828e+01 1.299347661744650884e-01
1.233733733733733828e+01 1.300665160046794999e-01
1.234734734734734829e+01 1.301983018086567689e-01
1.235735735735735830e+01 1.303307240456542671e-01
1.236736736736736830e+01 1.304631462826517652e-01
1.237737737737737831e+01 1.305955685196492633e-01
1.238738738738738832e+01 1.307286225753820086e-01
1.239739739739739832e+01 1.308617260920164338e-01
1.240740740740740833e+01 1.309948296086508313e-01
1.241741741741741833e+01 1.311284860630036464e-01
1.242742742742742834e+01 1.312622796304534767e-01
1.243743743743743835e+01 1.313960731979033347e-01
1.244744744744744835e+01 1.315303385412436854e-01
1.245745745745745836e+01 1.316648308289105340e-01
1.246746746746746837e+01 1.317993231165773826e-01
1.247747747747747837e+01 1.319342037759492214e-01
1.248748748748748838e+01 1.320694033513687693e-01
1.249749749749749839e+01 1.322046029267883172e-01
1.250750750750750839e+01 1.323401052658735311e-01
1.251751751751751840e+01 1.324760205946397540e-01
1.252752752752752841e+01 1.326119359234060047e-01
1.253753753753753841e+01 1.327480662424901092e-01
1.254754754754754842e+01 1.328847056881908573e-01
1.255755755755755843e+01 1.330213451338916608e-01
1.256756756756756843e+01 1.331581096698342959e-01
1.257757757757757844e+01 1.332954814940003341e-01
1.258758758758758844e+01 1.334328533181663723e-01
1.259759759759759845e+01 1.335702582443764885e-01
1.260760760760760846e+01 1.337083706064413346e-01
1.261761761761761846e+01 1.338464829685062085e-01
1.262762762762762847e+01 1.339845953305710824e-01
1.263763763763763848e+01 1.341233953521937250e-01
1.264764764764764848e+01 1.342622563094662547e-01
1.265765765765765849e+01 1.344011172667388121e-01
1.266766766766766850e+01 1.345405777901839683e-01
1.267767767767767850e+01 1.346801952978320394e-01
1.268768768768768851e+01 1.348198128054801104e-01
1.269769769769769852e+01 1.349599397115522348e-01
1.270770770770770852e+01 1.351003216225977743e-01
1.271771771771771853e+01 1.352407035336433139e-01
1.272772772772772854e+01 1.353815026396464338e-01
1.273773773773773854e+01 1.355226567049722108e-01
1.274774774774774855e+01 1.356638107702979879e-01
1.275775775775775855e+01 1.358052878300433919e-01
1.276776776776776856e+01 1.359472216984103088e-01
1.277777777777777857e+01 1.360891555667772812e-01
1.278778778778778857e+01 1.362313162705951486e-01
1.279779779779779858e+01 1.363740374886704132e-01
1.280780780780780859e+01 1.365167587067456778e-01
1.281781781781781859e+01 1.366596086815009825e-01
1.282782782782782860e+01 1.368031246938976320e-01
1.283783783783783861e+01 1.369466407062942814e-01
1.284784784784784861e+01 1.370901855154066928e-01
1.285785785785785862e+01 1.372345036647328320e-01
1.286786786786786863e+01 1.373788218140589434e-01
1.287787787787787863e+01 1.375231399633851104e-01
1.288788788788788864e+01 1.376681944844450334e-01
1.289789789789789864e+01 1.378133220113638702e-01
1.290790790790790865e+01 1.379584495382826792e-01
1.291791791791791866e+01 1.381042169690894772e-01
1.292792792792792866e+01 1.382501610123895719e-01
1.293793793793793867e+01 1.383961050556896388e-01
1.294794794794794868e+01 1.385425906676894248e-01
1.295795795795795868e+01 1.386893582643650147e-01
1.296796796796796869e+01 1.388361258610406046e-01
1.297797797797797870e+01 1.389833348624417153e-01
1.298798798798798870e+01 1.391309329477824763e-01
1.299799799799799871e+01 1.392785310331232373e-01
1.300800800800800872e+01 1.394264685689450278e-01
1.301801801801801872e+01 1.395749039766366051e-01
1.302802802802802873e+01 1.397233393843281546e-01
1.303803803803803874e+01 1.398720105364530675e-01
1.304804804804804874e+01 1.400212899986858495e-01
1.305805805805805875e+01 1.401705694609186037e-01
1.306806806806806875e+01 1.403199792481479025e-01
1.307807807807807876e+01 1.404701093957366198e-01
1.308808808808808877e+01 1.406202395433253372e-01
1.309809809809809877e+01 1.407703929214384475e-01
1.310810810810810878e+01 1.409213802839499596e-01
1.311811811811811879e+01 1.410723676464614440e-01
1.312812812812812879e+01 1.412233550089729561e-01
1.313813813813813880e+01 1.413751205141696166e-01
1.314814814814814881e+01 1.415269715200608847e-01
1.315815815815815881e+01 1.416788225259521528e-01
1.316816816816816882e+01 1.418313476722729560e-01
1.317817817817817883e+01 1.419840686490372594e-01
1.318818818818818883e+01 1.421367896258015073e-01
1.319819819819819884e+01 1.422900790795416648e-01
1.320820820820820884e+01 1.424436762538642820e-01
1.321821821821821885e+01 1.425972734281868992e-01
1.322822822822822886e+01 1.427513317930551029e-01
1.323823823823823886e+01 1.429058112909774303e-01
1.324824824824824887e+01 1.430602907888997855e-01
1.325825825825825888e+01 1.432151226061030846e-01
1.326826826826826888e+01 1.433704904531958035e-01
1.327827827827827889e+01 1.435258583002885224e-01
1.328828828828828890e+01 1.436814680486204476e-01
1.329829829829829890e+01 1.438377301701649069e-01
1.330830830830830891e+01 1.439939922917094217e-01
1.331831831831831892e+01 1.441503843876410229e-01
1.332832832832832892e+01 1.443075466088193648e-01
1.333833833833833893e+01 1.444647088299977067e-01
1.334834834834834894e+01 1.446218876277720056e-01
1.335835835835835894e+01 1.447799556738653404e-01
1.336836836836836895e+01 1.449380237199586474e-01
1.337837837837837895e+01 1.450960917660520100e-01
1.338838838838838896e+01 1.452549730082829116e-01
1.339839839839839897e+01 1.454139525048779302e-01
1.340840840840840897e+01 1.455729320014729211e-01
1.341841841841841898e+01 1.457326139938477649e-01
1.342842842842842899e+01 1.458925104670513451e-01
1.343843843843843899e+01 1.460524069402549252e-01
1.344844844844844900e+01 1.462128937516716798e-01
1.345845845845845901e+01 1.463737126283333190e-01
1.346846846846846901e+01 1.465345315049949859e-01
1.347847847847847902e+01 1.466958271427619420e-01
1.348848848848848903e+01 1.468575737507046008e-01
1.349849849849849903e+01 1.470193203586472319e-01
1.350850850850850904e+01 1.471814287686002143e-01
1.351851851851851904e+01 1.473441083368582927e-01
1.352852852852852905e+01 1.475067879051163711e-01
1.353853853853853906e+01 1.476697129717387258e-01
1.354854854854854906e+01 1.478333306308040884e-01
1.355855855855855907e+01 1.479969482898694788e-01
1.356856856856856908e+01 1.481606938364150028e-01
1.357857857857857908e+01 1.483252546184906095e-01
1.358858858858858909e+01 1.484898154005662163e-01
1.359859859859859910e+01 1.486543851891850565e-01
1.360860860860860910e+01 1.488198940284458649e-01
1.361861861861861911e+01 1.489854028677066178e-01
1.362862862862862912e+01 1.491509117069674262e-01
1.363863863863863912e+01 1.493172623324350301e-01
1.364864864864864913e+01 1.494837240652964472e-01
1.365865865865865914e+01 1.496501857981578920e-01
1.366866866866866914e+01 1.498173727461357962e-01
1.367867867867867915e+01 1.499847921115292360e-01
1.368868868868868915e+01 1.501522114769226757e-01
1.369869869869869916e+01 1.503202382298306494e-01
1.370870870870870917e+01 1.504886198694866395e-01
1.371871871871871917e+01 1.506570015091426296e-01
1.372872872872872918e+01 1.508258714891169139e-01
1.373873873873873919e+01 1.509952199478548363e-01
1.374874874874874919e+01 1.511645684065927309e-01
1.375875875875875920e+01 1.513342849756324493e-01
1.376876876876876921e+01 1.515046047016575248e-01
1.377877877877877921e+01 1.516749244276825725e-01
1.378878878878878922e+01 1.518454908877988341e-01
1.379879879879879923e+01 1.520167862330063235e-01
1.380880880880880923e+01 1.521880815782137575e-01
1.381881881881881924e+01 1.523595011715811187e-01
1.382882882882882924e+01 1.525317763918667135e-01
1.383883883883883925e+01 1.527040516121523084e-01
1.384884884884884926e+01 1.528763275212626227e-01
1.385885885885885926e+01 1.530495867768403573e-01
1.386886886886886927e+01 1.532228460324180641e-01
1.387887887887887928e+01 1.533961052879957987e-01
1.388888888888888928e+01 1.535702287359630991e-01
1.389889889889889929e+01 1.537444760916889253e-01
1.390890890890890930e+01 1.539187234474148069e-01
1.391891891891891930e+01 1.540937133675188697e-01
1.392892892892892931e+01 1.542689527932223081e-01
1.393893893893893932e+01 1.544441922189257188e-01
1.394894894894894932e+01 1.546200515208699666e-01
1.395895895895895933e+01 1.547962868916904211e-01
1.396896896896896934e+01 1.549725222625108478e-01
1.397897897897897934e+01 1.551492537973008790e-01
1.398898898898898935e+01 1.553264888940322497e-01
1.399899899899899935e+01 1.555037239907636204e-01
1.400900900900900936e+01 1.556813305508797374e-01
1.401901901901901937e+01 1.558595690603198081e-01
1.402902902902902937e+01 1.560378075697598232e-01
1.403903903903903938e+01 1.562162918893320318e-01
1.404904904904904939e+01 1.563955374046391844e-01
1.405905905905905939e+01 1.565747829199463370e-01
1.406906906906906940e+01 1.567541476749318152e-01
1.407907907907907941e+01 1.569344036959875455e-01
1.408908908908908941e+01 1.571146597170432480e-01
1.409909909909909942e+01 1.572949157380989782e-01
1.410910910910910943e+01 1.574761774591837415e-01
1.411911911911911943e+01 1.576574473929615305e-01
1.412912912912912944e+01 1.578387173267393473e-01
1.413913913913913944e+01 1.580208679757937607e-01
1.414914914914914945e+01 1.582031551367332478e-01
1.415915915915915946e+01 1.583854422976727905e-01
1.416916916916916946e+01 1.585684842850696996e-01
1.417917917917917947e+01 1.587517918954582385e-01
1.418918918918918948e+01 1.589350995058467497e-01
1.419919919919919948e+01 1.591190351849049167e-01
1.420920920920920949e+01 1.593033663752635720e-01
1.421921921921921950e+01 1.594876975656221996e-01
1.422922922922922950e+01 1.596725292328007861e-01
1.423923923923923951e+01 1.598578870422772413e-01
1.424924924924924952e+01 1.600432448517537243e-01
1.425925925925925952e+01 1.602289747468488568e-01
1.426926926926926953e+01 1.604153621236155125e-01
1.427927927927927954e+01 1.606017495003821405e-01
1.428928928928928954e+01 1.607883798067258341e-01
1.429929929929929955e+01 1.609757996083842624e-01
1.430930930930930955e+01 1.611632194100426629e-01
1.431931931931931956e+01 1.613507522547036332e-01
1.432932932932932957e+01 1.615392072486935282e-01
1.433933933933933957e+01 1.617276622426834509e-01
1.434934934934934958e+01 1.619161172366733736e-01
1.435935935935935959e+01 1.621055925606850467e-01
1.436936936936936959e+01 1.622950854247001695e-01
1.437937937937937960e+01 1.624845782887152645e-01
1.438938938938938961e+01 1.626749628255738656e-01
1.439939939939939961e+01 1.628654961479827357e-01
1.440940940940940962e+01 1.630560294703916335e-01
1.441941941941941963e+01 1.632473250907024442e-01
1.442942942942942963e+01 1.634389013709741101e-01
1.443943943943943964e+01 1.636304776512458037e-01
1.444944944944944965e+01 1.638226861706069959e-01
1.445945945945945965e+01 1.640153078197435776e-01
1.446946946946946966e+01 1.642079294688801594e-01
1.447947947947947966e+01 1.644010526480987888e-01
1.448948948948948967e+01 1.645947219890716573e-01
1.449949949949949968e+01 1.647883913300444980e-01
1.450950950950950968e+01 1.649824308753549962e-01
1.451951951951951969e+01 1.651771501435474743e-01
1.452952952952952970e+01 1.653718694117399524e-01
1.453953953953953970e+01 1.655668269750247001e-01
1.454954954954954971e+01 1.657625983186797325e-01
1.455955955955955972e+01 1.659583696623347648e-01
1.456956956956956972e+01 1.661542468413463591e-01
1.457957957957957973e+01 1.663510723220189003e-01
1.458958958958958974e+01 1.665478978026914414e-01
1.459959959959959974e+01 1.667447232833639825e-01
1.460960960960960975e+01 1.669425777342918027e-01
1.461961961961961975e+01 1.671404593273067840e-01
1.462962962962962976e+01 1.673383409203217653e-01
1.463963963963963977e+01 1.675371199105485098e-01
1.464964964964964977e+01 1.677360595054637193e-01
1.465965965965965978e+01 1.679349991003789011e-01
1.466966966966966979e+01 1.681347039813212707e-01
1.467967967967967979e+01 1.683347033823951455e-01
1.468968968968968980e+01 1.685347027834690203e-01
1.469969969969969981e+01 1.687353348537949105e-01
1.470970970970970981e+01 1.689363957804594640e-01
1.471971971971971982e+01 1.691374567071240176e-01
1.472972972972972983e+01 1.693390172129891902e-01
1.473973973973973983e+01 1.695411413003275469e-01
1.474974974974974984e+01 1.697432653876658759e-01
1.475975975975975985e+01 1.699457555229522965e-01
1.476976976976976985e+01 1.701489443221813613e-01
1.477977977977977986e+01 1.703521331214104539e-01
1.478978978978978986e+01 1.705555540279664883e-01
1.479979979979979987e+01 1.707598090069242514e-01
1.480980980980980988e+01 1.709640639858820144e-01
1.481981981981981988e+01 1.711684167537644574e-01
1.482982982982982989e+01 1.713737392974019613e-01
1.483983983983983990e+01 1.715790618410394652e-01
1.484984984984984990e+01 1.717843843846769414e-01
1.485985985985985991e+01 1.719907389196352332e-01
1.486986986986986992e+01 1.721971303305132872e-01
1.487987987987987992e+01 1.724035217413913690e-01
1.488988988988988993e+01 1.726108113840633951e-01
1.489989989989989994e+01 1.728182728828542569e-01
1.490990990990990994e+01 1.730257343816451188e-01
1.491991991991991995e+01 1.732339599867991353e-01
1.492992992992992995e+01 1.734424927127919402e-01
1.493993993993993996e+01 1.736510254387847729e-01
1.494994994994994997e+01 1.738601878108928800e-01
1.495995995995995997e+01 1.740697928225044266e-01
1.496996996996996998e+01 1.742793978341159178e-01
1.497997997997997999e+01 1.744894977276094383e-01
1.498998998998998999e+01 1.747001760028991935e-01
1.500000000000000000e+01 1.749108542781888931e-01
