5.000000000000000000e+00 1.066134278650791682e-02
5.010010010010010006e+00 1.076249914830474178e-02
5.020020020020020013e+00 1.086365551010156499e-02
5.030030030030030019e+00 1.096481187189838995e-02
5.040040040040040026e+00 1.106596823369521317e-02
5.050050050050050032e+00 1.116712459549203638e-02
5.060060060060060039e+00 1.126828095728885960e-02
5.070070070070070045e+00 1.136943731908568456e-02
5.080080080080080052e+00 1.147059368088250778e-02
5.090090090090090058e+00 1.157175004267933099e-02
5.100100100100100065e+00 1.167325577346511531e-02
5.110110110110110071e+00 1.177529885858417079e-02
5.120120120120120077e+00 1.187734194370322453e-02
5.130130130130130084e+00 1.197962442141722005e-02
5.140140140140140090e+00 1.208251792428028867e-02
5.150150150150150097e+00 1.218541142714335557e-02
5.160160160160160103e+00 1.228844254587484891e-02
5.170170170170170110e+00 1.239215034381735241e-02
5.180180180180180116e+00 1.249585814175985937e-02
5.190190190190190123e+00 1.259960992019676373e-02
5.200200200200200129e+00 1.270409613396930072e-02
5.210210210210210136e+00 1.280858234774183771e-02
5.220220220220220142e+00 1.291306856151437296e-02
5.230230230230230148e+00 1.301825601487484677e-02
5.240240240240240155e+00 1.312348506719392474e-02
5.250250250250250161e+00 1.322871411951300445e-02
5.260260260260260168e+00 1.333453155767411191e-02
5.270270270270270174e+00 1.344046822976712602e-02
5.280280280280280181e+00 1.354640490186014186e-02
5.290290290290290187e+00 1.365282532722185242e-02
5.300300300300300194e+00 1.375943481331861652e-02
5.310310310310310200e+00 1.386604429941538062e-02
5.320320320320320207e+00 1.397304101977074782e-02
5.330330330330330213e+00 1.408028897950082056e-02
5.340340340340340219e+00 1.418753693923089504e-02
5.350350350350350226e+00 1.429508359553331547e-02
5.360360360360360232e+00 1.440293620419526299e-02
5.370370370370370239e+00 1.451078881285721052e-02
5.380380380380380245e+00 1.461885940604600725e-02
5.390390390390390252e+00 1.472728340272066831e-02
5.400400400400400258e+00 1.483570739939532764e-02
5.410410410410410265e+00 1.494427631627234972e-02
5.420420420420420271e+00 1.505323904975875739e-02
5.430430430430430278e+00 1.516220178324516679e-02
5.440440440440440284e+00 1.527124382139629505e-02
5.450450450450450290e+00 1.538071329395439973e-02
5.460460460460460297e+00 1.549018276651250789e-02
5.470470470470470303e+00 1.559967315826921684e-02
5.480480480480480310e+00 1.570961806715921033e-02
5.490490490490490316e+00 1.581956297604920209e-02
5.500500500500500323e+00 1.592950788493920078e-02
5.510510510510510329e+00 1.603986718829973276e-02
5.520520520520520336e+00 1.615025696511301553e-02
5.530530530530530342e+00 1.626064674192629483e-02
5.540540540540540349e+00 1.637137646186279452e-02
5.550550550550550355e+00 1.648218130964458975e-02
5.560560560560560361e+00 1.659298615742638844e-02
5.570570570570570368e+00 1.670406377100133385e-02
5.580580580580580374e+00 1.681525469916976198e-02
5.590590590590590381e+00 1.692644562733819011e-02
5.600600600600600387e+00 1.703784916527455867e-02
5.610610610610610394e+00 1.714939802234523997e-02
5.620620620620620400e+00 1.726094687941592473e-02
5.630630630630630407e+00 1.737265494304555263e-02
5.640640640640640413e+00 1.748453444717531016e-02
5.650650650650650419e+00 1.759641395130507116e-02
5.660660660660660426e+00 1.770840572856929168e-02
5.670670670670670432e+00 1.782058949593608860e-02
5.680680680680680439e+00 1.793277326330288204e-02
5.690690690690690445e+00 1.804502854381194454e-02
5.700700700700700452e+00 1.815749111485230605e-02
5.710710710710710458e+00 1.826995368589267102e-02
5.720720720720720465e+00 1.838245287505129236e-02
5.730730730730730471e+00 1.849516973857956090e-02
5.740740740740740478e+00 1.860788660210782944e-02
5.750750750750750484e+00 1.872061073431493389e-02
5.760760760760760490e+00 1.883355834955217564e-02
5.770770770770770497e+00 1.894650596478941393e-02
5.780780780780780503e+00 1.905945358002665221e-02
5.790790790790790510e+00 1.917259253226404406e-02
5.800800800800800516e+00 1.928574834880722108e-02
5.810810810810810523e+00 1.939890416535039463e-02
5.820820820820820529e+00 1.951221052255619134e-02
5.830830830830830536e+00 1.962555299832146813e-02
5.840840840840840542e+00 1.973889547408674144e-02
5.850850850850850549e+00 1.985235325199079248e-02
5.860860860860860555e+00 1.996586186916641040e-02
5.870870870870870561e+00 2.007937048634202831e-02
5.880880880880880568e+00 2.019296438739640043e-02
5.890890890890890574e+00 2.030661966644434560e-02
5.900900900900900581e+00 2.042027494549228731e-02
5.910910910910910587e+00 2.053399036567583880e-02
5.920920920920920594e+00 2.064777387742230616e-02
5.930930930930930600e+00 2.076155738916877352e-02
5.940940940940940607e+00 2.087538042397085042e-02
5.950950950950950613e+00 2.098927479982843139e-02
5.960960960960960620e+00 2.110316917568601583e-02
5.970970970970970626e+00 2.121708662528361267e-02
5.980980980980980632e+00 2.133107556564944537e-02
5.990990990990990639e+00 2.144506450601527114e-02
6.001001001001000645e+00 2.155906387965817947e-02
6.011011011011010652e+00 2.167313216053407682e-02
6.021021021021020658e+00 2.178720044140997417e-02
6.031031031031030665e+00 2.190126996102898654e-02
6.041041041041040671e+00 2.201540343891103188e-02
6.051051051051050678e+00 2.212953691679307028e-02
6.061061061061060684e+00 2.224367039467511561e-02
6.071071071071070691e+00 2.235785113493268111e-02
6.081081081081080697e+00 2.247203675001883255e-02
6.091091091091090703e+00 2.258622236510498399e-02
6.101101101101100710e+00 2.270043986935866426e-02
6.111111111111110716e+00 2.281466564712432768e-02
6.121121121121120723e+00 2.292889142488999110e-02
6.131131131131130729e+00 2.304313715249586836e-02
6.141141141141140736e+00 2.315739220368810691e-02
6.151151151151150742e+00 2.327164725488034894e-02
6.161161161161160749e+00 2.338591338331326777e-02
6.171171171171170755e+00 2.350018790241531139e-02
6.181181181181180762e+00 2.361446242151735847e-02
6.191191191191190768e+00 2.372874184485191176e-02
6.201201201201200774e+00 2.384302710707007084e-02
6.211211211211210781e+00 2.395731236928822644e-02
6.221221221221220787e+00 2.407159869605147995e-02
6.231231231231230794e+00 2.418588705287747637e-02
6.241241241241240800e+00 2.430017540970346931e-02
6.251251251251250807e+00 2.441446296011673400e-02
6.261261261261260813e+00 2.452874783351841406e-02
6.271271271271270820e+00 2.464303270692009065e-02
6.281281281281280826e+00 2.475731650954698590e-02
6.291291291291290833e+00 2.487159238484123666e-02
6.301301301301300839e+00 2.498586826013548395e-02
6.311311311311310845e+00 2.510014404795381238e-02
6.321321321321320852e+00 2.521440646541488195e-02
6.331331331331330858e+00 2.532866888287595500e-02
6.341341341341340865e+00 2.544293130033702457e-02
6.351351351351350871e+00 2.555717863404818532e-02
6.361361361361360878e+00 2.567142417930578027e-02
6.371371371371370884e+00 2.578566972456336828e-02
6.381381381381380891e+00 2.589990022440068901e-02
6.391391391391390897e+00 2.601412651768095913e-02
6.401401401401400904e+00 2.612835281096122925e-02
6.411411411411410910e+00 2.624256531680923404e-02
6.421421421421420916e+00 2.635677100107266385e-02
6.431431431431430923e+00 2.647097668533609366e-02
6.441441441441440929e+00 2.658517070745519337e-02
6.451451451451450936e+00 2.669935543548442383e-02
6.461461461461460942e+00 2.681354016351365430e-02
6.471471471471470949e+00 2.692771587499591390e-02
6.481481481481480955e+00 2.704188029548691696e-02
6.491491491491490962e+00 2.715604471597792002e-02
6.501501501501500968e+00 2.727020294478411239e-02
6.511511511511510975e+00 2.738434868749287793e-02
6.521521521521520981e+00 2.749849443020164694e-02
6.531531531531530987e+00 2.761263665079661048e-02
6.541541541541540994e+00 2.772676631079394605e-02
6.551551551551551000e+00 2.784089597079128162e-02
6.561561561561561007e+00 2.795502429539453715e-02
6.571571571571571013e+00 2.806914141648030742e-02
6.581581581581581020e+00 2.818325853756607768e-02
6.591591591591591026e+00 2.829737565865184795e-02
6.601601601601601033e+00 2.841148476436234499e-02
6.611611611611611927e+00 2.852559382169030794e-02
6.621621621621621934e+00 2.863970287901826048e-02
6.631631631631631940e+00 2.875380957801241047e-02
6.641641641641641947e+00 2.886791595997587057e-02
6.651651651651651953e+00 2.898202234193932719e-02
6.661661661661661959e+00 2.909613149804303120e-02
6.671671671671671966e+00 2.921024148747105101e-02
6.681681681681681972e+00 2.932435147689906388e-02
6.691691691691691979e+00 2.943846853373642894e-02
6.701701701701701985e+00 2.955258928844905694e-02
6.711711711711711992e+00 2.966671004316168841e-02
6.721721721721721998e+00 2.978084101313797916e-02
6.731731731731732005e+00 2.989498054590881276e-02
6.741741741741742011e+00 3.000912007867964637e-02
6.751751751751752018e+00 3.012327153172522295e-02
6.761761761761762024e+00 3.023743868969824139e-02
6.771771771771772030e+00 3.035160584767126329e-02
6.781781781781782037e+00 3.046578489976137574e-02
6.791791791791792043e+00 3.057998934336792624e-02
6.801801801801802050e+00 3.069419378697447673e-02
6.811811811811812056e+00 3.080840808843978221e-02
6.821821821821822063e+00 3.092266026986114150e-02
6.831831831831832069e+00 3.103691245128250079e-02
6.841841841841842076e+00 3.115117017492489634e-02
6.851851851851852082e+00 3.126548131614458742e-02
6.861861861861862089e+00 3.137979245736428197e-02
6.871871871871872095e+00 3.149410359858396957e-02
6.881881881881882101e+00 3.160848435688112107e-02
6.891891891891892108e+00 3.172286642736974610e-02
6.901901901901902114e+00 3.183724849785837113e-02
6.911911911911912121e+00 3.195170323724355610e-02
6.921921921921922127e+00 3.206616893131856300e-02
6.931931931931932134e+00 3.218063462539355601e-02
6.941941941941942140e+00 3.229517371496700567e-02
6.951951951951952147e+00 3.240973642886812306e-02
6.961961961961962153e+00 3.252429914276923351e-02
6.971971971971972160e+00 3.263893340173380786e-02
6.981981981981982166e+00 3.275360721045395690e-02
6.991991991991992172e+00 3.286828101917411288e-02
7.002002002002002179e+00 3.298302170398300509e-02
7.012012012012012185e+00 3.309782133789363617e-02
7.022022022022022192e+00 3.321262097180426726e-02
7.032032032032032198e+00 3.332747976323442024e-02
7.042042042042042205e+00 3.344242058454247740e-02
7.052052052052052211e+00 3.355736140585054844e-02
7.062062062062062218e+00 3.367235039601364222e-02
7.072072072072072224e+00 3.378744837508687593e-02
7.082082082082082231e+00 3.390254635416012352e-02
7.092092092092092237e+00 3.401767803346272823e-02
7.102102102102102243e+00 3.413294972505841879e-02
7.112112112112112250e+00 3.424822141665410241e-02
7.122122122122122256e+00 3.436350866071837679e-02
7.132132132132132263e+00 3.447897118014946194e-02
7.142142142142142269e+00 3.459443369958054015e-02
7.152152152152152276e+00 3.470989621901162531e-02
7.162162162162162282e+00 3.482556075540833157e-02
7.172172172172172289e+00 3.494123175468010628e-02
7.182182182182182295e+00 3.505690275395187405e-02
7.192192192192192302e+00 3.517276787438939484e-02
7.202202202202202308e+00 3.528866551833804294e-02
7.212212212212212314e+00 3.540456316228669797e-02
7.222222222222222321e+00 3.552064330833074046e-02
7.232232232232232327e+00 3.563678625079470808e-02
7.242242242242242334e+00 3.575292919325866875e-02
7.252252252252252340e+00 3.586923911543007937e-02
7.262262262262262347e+00 3.598564647548302409e-02
7.272272272272272353e+00 3.610205383553596881e-02
7.282282282282282360e+00 3.621860858028568692e-02
7.292292292292292366e+00 3.633529991855977831e-02
7.302302302302302373e+00 3.645199125683387664e-02
7.312312312312312379e+00 3.656880615356829234e-02
7.322322322322322385e+00 3.668580144869433568e-02
7.332332332332332392e+00 3.680279674382037208e-02
7.342342342342342398e+00 3.691988739198535235e-02
7.352352352352352405e+00 3.703720701717578417e-02
7.362362362362362411e+00 3.715452664236622293e-02
7.372372372372372418e+00 3.727190889859818140e-02
7.382382382382382424e+00 3.738957359839759076e-02
7.392392392392392431e+00 3.750723829819700011e-02
7.402402402402402437e+00 3.762492826354887215e-02
7.412412412412412444e+00 3.774295913077539005e-02
7.422422422422422450e+00 3.786098999800190795e-02
7.432432432432432456e+00 3.797902086522842585e-02
7.442442442442442463e+00 3.809742245815178618e-02
7.452452452452452469e+00 3.821584091105195702e-02
7.462462462462462476e+00 3.833425936395212785e-02
7.472472472472472482e+00 3.845302327173910628e-02
7.482482482482482489e+00 3.857185103137718979e-02
7.492492492492492495e+00 3.869067879101528717e-02
7.502502502502502502e+00 3.880982205264864315e-02
7.512512512512512508e+00 3.892908112055094155e-02
7.522522522522522515e+00 3.904834018845323301e-02
7.532532532532532521e+00 3.916788001505295408e-02
7.542542542542542527e+00 3.928759265112555937e-02
7.552552552552552534e+00 3.940730528719815773e-02
7.562562562562562540e+00 3.952725905002411194e-02
7.572572572572572547e+00 3.964744775076274597e-02
7.582582582582582553e+00 3.976763645150139387e-02
7.592592592592592560e+00 3.988802167009034005e-02
7.602602602602602566e+00 4.000870914709878795e-02
7.612612612612612573e+00 4.012939662410723585e-02
7.622622622622622579e+00 4.025023095454932642e-02
7.632632632632632586e+00 4.037144011338242300e-02
7.642642642642642592e+00 4.049264927221552651e-02
7.652652652652652598e+00 4.061395049557534054e-02
7.662662662662662605e+00 4.073570441492154609e-02
7.672672672672672611e+00 4.085745833426774470e-02
7.682682682682682618e+00 4.097924434515466674e-02
7.692692692692692624e+00 4.110156625637194361e-02
7.702702702702702631e+00 4.122388816758922048e-02
7.712712712712712637e+00 4.134621007880649041e-02
7.722722722722722644e+00 4.146909022989949539e-02
7.732732732732732650e+00 4.159200349691734300e-02
7.742742742742742657e+00 4.171491676393518366e-02
7.752752752752752663e+00 4.183834126424505750e-02
7.762762762762762669e+00 4.196186936384501548e-02
7.772772772772772676e+00 4.208539746344497345e-02
7.782782782782782682e+00 4.220938457471944127e-02
7.792792792792792689e+00 4.233355107720465638e-02
7.802802802802802695e+00 4.245771757968986454e-02
7.812812812812812702e+00 4.258228561415305230e-02
7.822822822822822708e+00 4.270711416441725500e-02
7.832832832832832715e+00 4.283194271468147157e-02
7.842842842842842721e+00 4.295711002482367757e-02
7.852852852852852727e+00 4.308262432382876234e-02
7.862862862862862734e+00 4.320813862283384710e-02
7.872872872872872740e+00 4.333392359138333455e-02
7.882882882882882747e+00 4.346014737805396072e-02
7.892892892892892753e+00 4.358637116472459383e-02
7.902902902902902760e+00 4.371279219480379147e-02
7.912912912912912766e+00 4.383974922834645016e-02
7.922922922922922773e+00 4.396670626188910885e-02
7.932932932932932779e+00 4.409378176735759963e-02
7.942942942942942786e+00 4.422149581001097451e-02
7.952952952952952792e+00 4.434920985266435633e-02
7.962962962962962798e+00 4.447695824865077058e-02
7.972972972972972805e+00 4.460545304887333223e-02
7.982982982982982811e+00 4.473394784909590083e-02
7.992992992992992818e+00 4.486244264931846248e-02
8.003003003003001936e+00 4.499168681882072945e-02
8.013013013013011943e+00 4.512098609492061485e-02
8.023023023023021949e+00 4.525028537102049331e-02
8.033033033033031955e+00 4.538026290042406624e-02
8.043043043043041962e+00 4.551039032463589235e-02
8.053053053053051968e+00 4.564051774884773233e-02
8.063063063063061975e+00 4.577124694065196064e-02
8.073073073073071981e+00 4.590222612366408328e-02
8.083083083083081988e+00 4.603320530667619898e-02
8.093093093093091994e+00 4.616470441368477479e-02
8.103103103103102001e+00 4.629655888962023319e-02
8.113113113113112007e+00 4.642841336555568466e-02
8.123123123123122014e+00 4.656070058283565127e-02
8.133133133133132020e+00 4.669345379468909513e-02
8.143143143143142026e+00 4.682620700654254592e-02
8.153153153153152033e+00 4.695930046358346571e-02
8.163163163163162039e+00 4.709297574911570916e-02
8.173173173173172046e+00 4.722665103464795955e-02
8.183183183183182052e+00 4.736056878772165746e-02
8.193193193193192059e+00 4.749518936581314382e-02
8.203203203203202065e+00 4.762980994390463019e-02
8.213213213213213848e+00 4.776456996862574189e-02
8.223223223223223854e+00 4.790015892608946724e-02
8.233233233233233861e+00 4.803574788355318564e-02
8.243243243243243867e+00 4.817136806764068385e-02
8.253253253253253874e+00 4.830794834649411451e-02
8.263263263263263880e+00 4.844452862534755211e-02
8.273273273273273887e+00 4.858110890420098971e-02
8.283283283283283893e+00 4.871862114678352645e-02
8.293293293293293900e+00 4.885621553197985051e-02
8.303303303303303906e+00 4.899380991717616068e-02
8.313313313313313913e+00 4.913224041900428329e-02
8.323323323323323919e+00 4.927087152662068537e-02
8.333333333333333925e+00 4.940950263423709438e-02
8.343343343343343932e+00 4.954886879769018065e-02
8.353353353353353938e+00 4.968855906357268898e-02
8.363363363363363945e+00 4.982824932945521118e-02
8.373373373373373951e+00 4.996856843117036123e-02
8.383383383383383958e+00 5.010934010003248451e-02
8.393393393393393964e+00 5.025011176889460085e-02
8.403403403403403971e+00 5.039140095398258329e-02
8.413413413413413977e+00 5.053327606895528790e-02
8.423423423423423984e+00 5.067515118392800638e-02
8.433433433433433990e+00 5.081742746038572789e-02
8.443443443443443996e+00 5.096042785301625050e-02
8.453453453453454003e+00 5.110342824564678005e-02
8.463463463463464009e+00 5.124670847896514031e-02
8.473473473473474016e+00 5.139085575966060443e-02
8.483483483483484022e+00 5.153500304035607549e-02
8.493493493493494029e+00 5.167930394832213198e-02
8.503503503503504035e+00 5.182461949723504019e-02
8.513513513513514042e+00 5.196993504614794840e-02
8.523523523523524048e+00 5.211527319384017670e-02
8.533533533533534055e+00 5.226177815219057443e-02
8.543543543543544061e+00 5.240828311054097216e-02
8.553553553553554067e+00 5.255478806889136989e-02
8.563563563563564074e+00 5.270239016734705462e-02
8.573573573573574080e+00 5.285010542917818743e-02
8.583583583583584087e+00 5.299782069100932719e-02
8.593593593593594093e+00 5.314651332120959998e-02
8.603603603603604100e+00 5.329545952557113164e-02
8.613613613613614106e+00 5.344440572993266331e-02
8.623623623623624113e+00 5.359420470832418348e-02
8.633633633633634119e+00 5.374440223187865878e-02
8.643643643643644126e+00 5.389459975543314102e-02
8.653653653653654132e+00 5.404552072066173135e-02
8.663663663663664138e+00 5.419698967070851053e-02
8.673673673673674145e+00 5.434845862075528972e-02
8.683683683683684151e+00 5.450051703001715375e-02
8.693693693693694158e+00 5.465327723792829523e-02
8.703703703703704164e+00 5.480603744583943671e-02
8.713713713713714171e+00 5.495924857141050446e-02
8.723723723723724177e+00 5.511331958647260748e-02
8.733733733733734184e+00 5.526739060153469663e-02
8.743743743743744190e+00 5.542176952747632224e-02
8.753753753753754197e+00 5.557717061113247314e-02
8.763763763763764203e+00 5.573257169478862405e-02
8.773773773773774209e+00 5.588813331382742888e-02
8.783783783783784216e+00 5.604488343431254793e-02
8.793793793793794222e+00 5.620163355479766698e-02
8.803803803803804229e+00 5.635839256537748809e-02
8.813813813813814235e+00 5.651651039274060290e-02
8.823823823823824242e+00 5.667462822010371076e-02
8.833833833833834248e+00 5.683274604746682557e-02
8.843843843843844255e+00 5.699210302511460713e-02
8.853853853853854261e+00 5.715160692662165504e-02
8.863863863863864268e+00 5.731111082812868907e-02
8.873873873873874274e+00 5.747171206067144822e-02
8.883883883883884280e+00 5.763262009658121077e-02
8.893893893893894287e+00 5.779352813249096638e-02
8.903903903903904293e+00 5.795538740866069266e-02
8.913913913913914300e+00 5.811771732836710364e-02
8.923923923923924306e+00 5.828004724807352155e-02
8.933933933933934313e+00 5.844317814870738509e-02
8.943943943943944319e+00 5.860694738724119696e-02
8.953953953953954326e+00 5.877071662577500188e-02
8.963963963963964332e+00 5.893513252204737179e-02
8.973973973973974338e+00 5.910035819692928405e-02
8.983983983983984345e+00 5.926558387181118936e-02
8.993993993993994351e+00 5.943129792361707964e-02
9.004004004004004358e+00 5.959799683205545956e-02
9.014014014014014364e+00 5.976469574049384642e-02
9.024024024024024371e+00 5.993172089498140925e-02
9.034034034034034377e+00 6.009990951140692372e-02
9.044044044044044384e+00 6.026809812783244513e-02
9.054054054054054390e+00 6.043644711808213860e-02
9.064064064064064397e+00 6.060614159201163642e-02
9.074074074074074403e+00 6.077583606594113425e-02
9.084084084084084409e+00 6.094553053987063207e-02
9.094094094094094416e+00 6.111673756401067581e-02
9.104104104104104422e+00 6.128795371823246574e-02
9.114114114114114429e+00 6.145916987245426261e-02
9.124124124124124435e+00 6.163174104630761430e-02
9.134134134134134442e+00 6.180449437538085983e-02
9.144144144144144448e+00 6.197724770445410536e-02
9.154154154154154455e+00 6.215119478297723848e-02
9.164164164164164461e+00 6.232550045203733707e-02
9.174174174174174468e+00 6.249980612109743566e-02
9.184184184184184474e+00 6.267514064041501687e-02
9.194194194194194480e+00 6.285101348427707402e-02
9.204204204204204487e+00 6.302688632813914504e-02
9.214214214214214493e+00 6.320361960520906597e-02
9.224224224224224500e+00 6.338107412776204652e-02
9.234234234234234506e+00 6.355852865031504095e-02
9.244244244244244513e+00 6.373667178271694156e-02
9.254254254254254519e+00 6.391572215659996337e-02
9.264264264264264526e+00 6.409477253048298517e-02
9.274274274274274532e+00 6.427433639632793017e-02
9.284284284284284539e+00 6.445499646288155304e-02
9.294294294294294545e+00 6.463565652943518980e-02
9.304304304304304551e+00 6.481665178739397237e-02
9.314314314314314558e+00 6.499893505687810713e-02
9.324324324324324564e+00 6.518121832636224189e-02
9.334334334334334571e+00 6.536365541580950456e-02
9.344344344344344577e+00 6.554757506787999011e-02
9.354354354354354584e+00 6.573149471995050341e-02
9.364364364364364590e+00 6.591541437202100284e-02
9.374374374374374597e+00 6.610095274565888634e-02
9.384384384384384603e+00 6.628652163009557396e-02
9.394394394394394610e+00 6.647209051453224771e-02
9.404404404404404616e+00 6.665910346253525742e-02
9.414414414414414622e+00 6.684633410021283140e-02
9.424424424424424629e+00 6.703356473789040537e-02
9.434434434434434635e+00 6.722206171603230251e-02
9.444444444444444642e+00 6.741096630012669011e-02
9.454454454454454648e+00 6.759987088422109158e-02
9.464464464464464655e+00 6.778986113209894970e-02
9.474474474474474661e+00 6.798045152952170156e-02
9.484484484484484668e+00 6.817104192694442566e-02
9.494494494494494674e+00 6.836253446888411467e-02
9.504504504504504681e+00 6.855482222193609587e-02
9.514514514514514687e+00 6.874710997498807707e-02
9.524524524524524693e+00 6.894011362104290885e-02
9.534534534534534700e+00 6.913410994928073650e-02
9.544544544544544706e+00 6.932810627751855026e-02
9.554554554554554713e+00 6.952262962455860174e-02
9.564564564564564719e+00 6.971834542686569658e-02
9.574574574574574726e+00 6.991406122917279142e-02
9.584584584584584732e+00 7.011011266206214343e-02
9.594594594594594739e+00 7.030755851891702657e-02
9.604604604604604745e+00 7.050500437577190971e-02
9.614614614614614752e+00 7.070259206863171997e-02
9.624624624624624758e+00 7.090177824456563027e-02
9.634634634634634764e+00 7.110096442049955445e-02
9.644644644644644771e+00 7.130015059643345088e-02
9.654654654654654777e+00 7.150103278429127684e-02
9.664664664664664784e+00 7.170196923052851723e-02
9.674674674674674790e+00 7.190290567676574374e-02
9.684684684684684797e+00 7.210534948680522027e-02
9.694694694694694803e+00 7.230804584407837798e-02
9.704704704704704810e+00 7.251074220135152182e-02
9.714714714714714816e+00 7.271475487635384316e-02
9.724724724724724823e+00 7.291922047788659822e-02
9.734734734734734829e+00 7.312368607941936716e-02
9.744744744744744835e+00 7.332927466042621356e-02
9.754754754754754842e+00 7.353551853507708791e-02
9.764764764764764848e+00 7.374176240972794838e-02
9.774774774774774855e+00 7.394893373785034474e-02
9.784784784784784861e+00 7.415696461340977319e-02
9.794794794794794868e+00 7.436499548896920164e-02
9.804804804804804874e+00 7.457375620726047760e-02
9.814814814814814881e+00 7.478358251389455313e-02
9.824824824824824887e+00 7.499340882052864254e-02
9.834834834834834894e+00 7.520376537591956512e-02
9.844844844844844900e+00 7.541539524975379716e-02
9.854854854854854906e+00 7.562702512358801532e-02
9.864864864864864913e+00 7.583898376888202619e-02
9.874874874874874919e+00 7.605242505571783995e-02
9.884884884884884926e+00 7.626586634255363983e-02
9.894894894894894932e+00 7.647943313847964386e-02
9.904904904904904939e+00 7.669469339763726468e-02
9.914914914914914945e+00 7.690995365679489937e-02
9.924924924924924952e+00 7.712521391595253406e-02
9.934934934934934958e+00 7.734222098239713905e-02
9.944944944944944965e+00 7.755930749067863061e-02
9.954954954954954971e+00 7.777639399896013606e-02
9.964964964964964977e+00 7.799502776811785554e-02
9.974974974974974984e+00 7.821394752388302618e-02
9.984984984984984990e+00 7.843286727964819682e-02
9.994994994994994997e+00 7.865313297462762920e-02
1.000500500500500500e+01 7.887389270197757429e-02
1.001501501501501501e+01 7.909465242932753326e-02
1.002502502502502502e+01 7.931655509419258121e-02
1.003503503503503502e+01 7.953916124725350645e-02
1.004504504504504503e+01 7.976176740031443169e-02
1.005505505505505504e+01 7.998531190248867051e-02
1.006506506506506504e+01 8.020977066979106951e-02
1.007507507507507505e+01 8.043422943709345463e-02
1.008508508508508505e+01 8.065942046980344171e-02
1.009509509509509506e+01 8.088573777874946691e-02
1.010510510510510507e+01 8.111205508769550598e-02
1.011511511511511507e+01 8.133889717245129658e-02
1.012512512512512508e+01 8.156707869386538301e-02
1.013513513513513509e+01 8.179526021527946944e-02
1.014514514514514509e+01 8.202375770439045144e-02
1.015515515515515510e+01 8.225380885714708712e-02
1.016516516516516511e+01 8.248386000990372280e-02
1.017517517517517511e+01 8.271401708902795247e-02
1.018518518518518512e+01 8.294594304475075286e-02
1.019519519519519513e+01 8.317786900047355325e-02
1.020520520520520513e+01 8.340979495619636752e-02
1.021521521521521514e+01 8.364349537902536491e-02
1.022522522522522515e+01 8.387730106685220566e-02
1.023523523523523515e+01 8.411110675467903253e-02
1.024524524524524516e+01 8.434647934071454189e-02
1.025525525525525516e+01 8.458216945212369831e-02
1.026526526526526517e+01 8.481785956353282696e-02
1.027527527527527518e+01 8.505490778130245233e-02
1.028528528528528518e+01 8.529248677499322306e-02
1.029529529529529519e+01 8.553006576868397992e-02
1.030530530530530520e+01 8.576879293549034833e-02
1.031531531531531520e+01 8.600826504231479097e-02
1.032532532532532521e+01 8.624773714913924749e-02
1.033533533533533522e+01 8.648814643379443279e-02
1.034534534534534522e+01 8.672951566173373039e-02
1.035535535535535523e+01 8.697088488967304187e-02
1.036536536536536524e+01 8.721297931525102964e-02
1.037537537537537524e+01 8.745624945443197795e-02
1.038538538538538525e+01 8.769951959361291238e-02
1.039539539539539525e+01 8.794330204021821862e-02
1.040540540540540526e+01 8.818847666796557350e-02
1.041541541541541527e+01 8.843365129571291450e-02
1.042542542542542527e+01 8.867912450326416451e-02
1.043543543543543528e+01 8.892620698918334010e-02
1.044544544544544529e+01 8.917328947510251569e-02
1.045545545545545529e+01 8.942045604612906817e-02
1.046546546546546530e+01 8.966944955721549426e-02
1.047547547547547531e+01 8.991844306830193423e-02
1.048548548548548531e+01 9.016743657938837420e-02
1.049549549549549532e+01 9.041821297652218037e-02
1.050550550550550533e+01 9.066912048229178178e-02
1.051551551551551533e+01 9.092002798806138320e-02
1.052552552552552534e+01 9.117250532999104928e-02
1.053553553553553535e+01 9.142532960762883576e-02
1.054554554554554535e+01 9.167815388526662224e-02
1.055555555555555536e+01 9.193233419207523516e-02
1.056556556556556536e+01 9.218707783159671432e-02
1.057557557557557537e+01 9.244182147111816572e-02
1.058558558558558538e+01 9.269770664196060050e-02
1.059559559559559538e+01 9.295437205138269710e-02
1.060560560560560539e+01 9.321103746080479369e-02
1.061561561561561540e+01 9.346862927675390897e-02
1.062562562562562540e+01 9.372721868727058869e-02
1.063563563563563541e+01 9.398580809778724066e-02
1.064564564564564542e+01 9.424510822468126769e-02
1.065565565565565542e+01 9.450562369584114553e-02
1.066566566566566543e+01 9.476613916700103724e-02
1.067567567567567544e+01 9.502714915829038600e-02
1.068568568568568544e+01 9.528959258317144798e-02
1.069569569569569545e+01 9.555203600805250996e-02
1.070570570570570545e+01 9.581475730764518750e-02
1.071571571571571546e+01 9.607913041802368381e-02
1.072572572572572547e+01 9.634350352840219400e-02
1.073573573573573547e+01 9.660793747350632232e-02
1.074574574574574548e+01 9.687424184501622348e-02
1.075575575575575549e+01 9.714054621652611077e-02
1.076576576576576549e+01 9.740685058803601193e-02
1.077577577577577550e+01 9.767493109776814730e-02
1.078578578578578551e+01 9.794316815504763851e-02
1.079579579579579551e+01 9.821140521232712972e-02
1.080580580580580552e+01 9.848120201200970258e-02
1.081581581581581553e+01 9.875137303383116349e-02
1.082582582582582553e+01 9.902154405565263828e-02
1.083583583583583554e+01 9.929305803865061397e-02
1.084584584584584555e+01 9.956516416303190509e-02
1.085585585585585555e+01 9.983727028741321008e-02
1.086586586586586556e+01 1.001105022568003627e-01
1.087587587587587556e+01 1.003845444860928526e-01
1.088588588588588557e+01 1.006585867153853564e-01
1.089589589589589558e+01 1.009335373867310121e-01
1.090590590590590558e+01 1.012095165926827356e-01
1.091591591591591559e+01 1.014854957986344453e-01
1.092592592592592560e+01 1.017621658027780956e-01
1.093593593593593560e+01 1.020400827315683240e-01
1.094594594594594561e+01 1.023179996603585801e-01
1.095595595595595562e+01 1.025963895461713127e-01
1.096596596596596562e+01 1.028762448234143978e-01
1.097597597597597563e+01 1.031561001006574968e-01
1.098598598598598564e+01 1.034362103377896164e-01
1.099599599599599564e+01 1.037180044735044881e-01
1.100600600600600565e+01 1.039997986092193599e-01
1.101601601601601566e+01 1.042816295908329804e-01
1.102602602602602566e+01 1.045653629843770749e-01
1.103603603603603567e+01 1.048490963779211554e-01
1.104604604604604567e+01 1.051328297714652499e-01
1.105605605605605568e+01 1.054183213683716341e-01
1.106606606606606569e+01 1.057039943133357973e-01
1.107607607607607569e+01 1.059896672582999466e-01
1.108608608608608570e+01 1.062768803600778189e-01
1.109609609609609571e+01 1.065644930491398551e-01
1.110610610610610571e+01 1.068521057382018913e-01
1.111611611611611572e+01 1.071410404286828461e-01
1.112612612612612573e+01 1.074305929584182667e-01
1.113613613613613573e+01 1.077201454881536874e-01
1.114614614614614574e+01 1.080108017902126627e-01
1.115615615615615575e+01 1.083022941658594307e-01
1.116616616616616575e+01 1.085937865415061848e-01
1.117617617617617576e+01 1.088861644196604528e-01
1.118618618618618576e+01 1.091795965598362228e-01
1.119619619619619577e+01 1.094730287000120067e-01
1.120620620620620578e+01 1.097671280629985563e-01
1.121621621621621578e+01 1.100624998043684966e-01
1.122622622622622579e+01 1.103578715457384229e-01
1.123623623623623580e+01 1.106536922490694297e-01
1.124624624624624580e+01 1.109510033509623350e-01
1.125625625625625581e+01 1.112483144528552403e-01
1.126626626626626582e+01 1.115458563013504711e-01
1.127627627627627582e+01 1.118451064503216824e-01
1.128628628628628583e+01 1.121443565992928937e-01
1.129629629629629584e+01 1.124436193495889913e-01
1.130630630630630584e+01 1.127448081639282756e-01
1.131631631631631585e+01 1.130459969782675600e-01
1.132632632632632586e+01 1.133471857926068305e-01
1.133633633633633586e+01 1.136501073754859620e-01
1.134634634634634587e+01 1.139532344096684663e-01
1.135635635635635587e+01 1.142563614438509706e-01
1.136636636636636588e+01 1.145610028022254617e-01
1.137637637637637589e+01 1.148660675513049345e-01
1.138638638638638589e+01 1.151711323003844073e-01
1.139639639639639590e+01 1.154774930060667448e-01
1.140640640640640591e+01 1.157844949100085286e-01
1.141641641641641769e+01 1.160914968139503400e-01
1.142642642642642770e+01 1.163995764046345527e-01
1.143643643643643770e+01 1.167085148525878885e-01
1.144644644644644771e+01 1.170174533005412243e-01
1.145645645645645772e+01 1.173272512821245533e-01
1.146646646646646772e+01 1.176381256166319084e-01
1.147647647647647773e+01 1.179489999511392634e-01
1.148648648648648773e+01 1.182605158000165219e-01
1.149649649649649774e+01 1.185733253211601335e-01
1.150650650650650775e+01 1.188861348423037312e-01
1.151651651651651775e+01 1.191993680076335604e-01
1.152652652652652776e+01 1.195141119771160887e-01
1.153653653653653777e+01 1.198288559465986447e-01
1.154654654654654777e+01 1.201438058525408220e-01
1.155655655655655778e+01 1.204604834977007488e-01
1.156656656656656779e+01 1.207771611428606617e-01
1.157657657657657779e+01 1.210938387880205885e-01
1.158658658658658780e+01 1.214124377085451512e-01
1.159659659659659781e+01 1.217310482263053301e-01
1.160660660660660781e+01 1.220496587440654951e-01
1.161661661661661782e+01 1.223699723577190701e-01
1.162662662662662783e+01 1.226905149184666366e-01
1.163663663663663783e+01 1.230110574792142170e-01
1.164664664664664784e+01 1.233330851255722699e-01
1.165665665665665784e+01 1.236555588769706615e-01
1.166666666666666785e+01 1.239780326283690531e-01
1.167667667667667786e+01 1.243017736344090712e-01
1.168668668668668786e+01 1.246261777051397568e-01
1.169669669669669787e+01 1.249505817758704285e-01
1.170670670670670788e+01 1.252760354579916802e-01
1.171671671671671788e+01 1.256023689614256533e-01
1.172672672672672789e+01 1.259287024648595710e-01
1.173673673673673790e+01 1.262558681308719177e-01
1.174674674674674790e+01 1.265841301686706222e-01
1.175675675675675791e+01 1.269123922064693266e-01
1.176676676676676792e+01 1.272412691575506849e-01
1.177677677677677792e+01 1.275714588231947610e-01
1.178678678678678793e+01 1.279016484888388372e-01
1.179679679679679793e+01 1.282322360214611101e-01
1.180680680680680794e+01 1.285643524037067553e-01
1.181681681681681795e+01 1.288964687859523728e-01
1.182682682682682795e+01 1.292287661937756849e-01
1.183683683683683796e+01 1.295628083800391406e-01
1.184684684684684797e+01 1.298968505663025963e-01
1.185685685685685797e+01 1.302308927525660520e-01
1.186686686686686798e+01 1.305668242217059571e-01
1.187687687687687799e+01 1.309027913013738054e-01
1.188688688688688799e+01 1.312387583810416813e-01
1.189689689689689800e+01 1.315763974062801600e-01
1.190690690690690801e+01 1.319142884739464561e-01
1.191691691691691801e+01 1.322521795416127244e-01
1.192692692692692802e+01 1.325915254275928656e-01
1.193693693693693803e+01 1.329313395862226077e-01
1.194694694694694803e+01 1.332711537448523498e-01
1.195695695695695804e+01 1.336122058037521321e-01
1.196696696696696804e+01 1.339539421677701792e-01
1.197697697697697805e+01 1.342956785317881985e-01
1.198698698698698806e+01 1.346384360849799955e-01
1.199699699699699806e+01 1.349820937832854617e-01
1.200700700700700807e+01 1.353257514815909002e-01
1.201701701701701808e+01 1.356702138612681796e-01
1.202702702702702808e+01 1.360157920401746656e-01
1.203703703703703809e+01 1.363613702190811239e-01
1.204704704704704810e+01 1.367075367698526445e-01
1.205705705705705810e+01 1.370550345959533900e-01
1.206706706706706811e+01 1.374025324220541078e-01
1.207707707707707812e+01 1.377504025025052259e-01
1.208708708708708812e+01 1.380998191654633778e-01
1.209709709709709813e+01 1.384492358284215574e-01
1.210710710710710813e+01 1.387988088126426989e-01
1.211711711711711814e+01 1.391501435279069443e-01
1.212712712712712815e+01 1.395014782431711897e-01
1.213713713713713815e+01 1.398528129584354074e-01
1.214714714714714816e+01 1.402060055336991351e-01
1.215715715715715817e+01 1.405592575451444504e-01
1.216716716716716817e+01 1.409125095565897379e-01
1.217717717717717818e+01 1.412674031111374184e-01
1.218718718718718819e+01 1.416225716936304335e-01
1.219719719719719819e+01 1.419777402761234486e-01
1.220720720720720820e+01 1.423343342728884964e-01
1.221721721721721821e+01 1.426914187347793905e-01
1.222722722722722821e+01 1.430485031966703124e-01
1.223723723723723822e+01 1.434067971222946769e-01
1.224724724724724823e+01 1.437657968078332460e-01
1.225725725725725823e+01 1.441247964933718151e-01
1.226726726726726824e+01 1.444847898594965319e-01
1.227727727727727824e+01 1.448457041511740928e-01
1.228728728728728825e+01 1.452066184428516538e-01
1.229729729729729826e+01 1.455683107873748106e-01
1.230730730730730826e+01 1.459311391081928033e-01
1.231731731731731827e+01 1.462939674290107961e-01
1.232732732732732828e+01 1.466573583173133855e-01
1.233733733733733828e+01 1.470221001329769794e-01
1.234734734734734829e+01 1.473868419486405734e-01
1.235735735735735830e+01 1.477519309747797327e-01
1.236736736736736830e+01 1.481185857958182694e-01
1.237737737737737831e+01 1.484852406168567784e-01
1.238738738738738832e+01 1.488520274047268055e-01
1.239739739739739832e+01 1.492205947885405781e-01
1.240740740740740833e+01 1.495891621723543230e-01
1.241741741741741833e+01 1.499577295561680679e-01
1.242742742742742834e+01 1.503281259296504746e-01
1.243743743743743835e+01 1.506986054824852594e-01
1.244744744744744835e+01 1.510690850353200443e-01
1.245745745745745836e+01 1.514411781693098813e-01
1.246746746746746837e+01 1.518135695481578062e-01
1.247747747747747837e+01 1.521859609270057034e-01
1.248748748748748838e+01 1.525597505941313214e-01
1.249749749749749839e+01 1.529340535085605413e-01
1.250750750750750839e+01 1.533083564229897611e-01
1.251751751751751840e+01 1.536838424317990281e-01
1.252752752752752841e+01 1.540600566457113740e-01
1.253753753753753841e+01 1.544362708596237199e-01
1.254754754754754842e+01 1.548134530555143329e-01
1.255755755755755843e+01 1.551915783888309641e-01
1.256756756756756843e+01 1.555697037221475953e-01
1.257757757757757844e+01 1.559485819882669710e-01
1.258758758758758844e+01 1.563286183185449429e-01
1.259759759759759845e+01 1.567086546488228871e-01
1.260760760760760846e+01 1.570892289069370507e-01
1.261761761761761846e+01 1.574711761709136626e-01
1.262762762762762847e+01 1.578531234348903023e-01
1.263763763763763848e+01 1.582353936462216337e-01
1.264764764764764848e+01 1.586192518412911645e-01
1.265765765765765849e+01 1.590031100363606675e-01
1.266766766766766850e+01 1.593870762023962828e-01
1.267767767767767850e+01 1.597728453880157551e-01
1.268768768768768851e+01 1.601586145736352274e-01
1.269769769769769852e+01 1.605443837592546719e-01
1.270770770770770852e+01 1.609319570359320217e-01
1.271771771771771853e+01 1.613196373349602697e-01
1.272772772772772854e+01 1.617073176339884899e-01
1.273773773773773854e+01 1.620965871797478419e-01
1.274774774774774855e+01 1.624861787797155233e-01
1.275775775775775855e+01 1.628757703796831491e-01
1.276776776776776856e+01 1.632667363872249977e-01
1.277777777777777857e+01 1.636582395415378532e-01
1.278778778778778857e+01 1.640497426958507088e-01
1.279779779779779858e+01 1.644424054022073922e-01
1.280780780780780859e+01 1.648358204312833364e-01
1.281781781781781859e+01 1.652292354603593083e-01
1.282782782782782860e+01 1.656235951474878676e-01
1.283783783783783861e+01 1.660189224398282981e-01
1.284784784784784861e+01 1.664142497321686731e-01
1.285785785785785862e+01 1.668103067275150397e-01
1.286786786786786863e+01 1.672075467407098393e-01
1.287787787787787863e+01 1.676047867539046110e-01
1.288788788788788864e+01 1.680025414309393728e-01
1.289789789789789864e+01 1.684016946926098213e-01
1.290790790790790865e+01 1.688008479542802975e-01
1.291791791791791866e+01 1.692003007330071251e-01
1.292792792792792866e+01 1.696013678416832815e-01
1.293793793793793867e+01 1.700024349503594656e-01
1.294794794794794868e+01 1.704035862977950899e-01
1.295795795795795868e+01 1.708065679237314449e-01
1.296796796796796869e+01 1.712095495496678277e-01
1.297797797797797870e+01 1.716125311756041827e-01
1.298798798798798870e+01 1.720172968662231627e-01
1.299799799799799871e+01 1.724221937521516201e-01
1.300800800800800872e+01 1.728270906380800775e-01
1.301801801801801872e+01 1.732335567901657769e-01
1.302802802802802873e+01 1.736403697519883493e-01
1.303803803803803874e+01 1.740471827138108940e-01
1.304804804804804874e+01 1.744553500118278255e-01
1.305805805805805875e+01 1.748640799392474632e-01
1.306806806806806875e+01 1.752728098666671008e-01
1.307807807807807876e+01 1.756826790443132835e-01
1.308808808808808877e+01 1.760933269014072211e-01
1.309809809809809877e+01 1.765039747585011864e-01
1.310810810810810878e+01 1.769155465989944442e-01
1.311811811811811879e+01 1.773281134247266799e-01
1.312812812812812879e+01 1.777406802504588879e-01
1.313813813813813880e+01 1.781539555867977243e-01
1.314814814814814881e+01 1.785684424954747940e-01
1.315815815815815881e+01 1.789829294041518082e-01
1.316816816816816882e+01 1.793979091193515785e-01
1.317817817817817883e+01 1.798143173010215701e-01
1.318818818818818883e+01 1.802307254826915894e-01
1.319819819819819884e+01 1.806474105099954985e-01
1.320820820820820884e+01 1.810657412307899172e-01
1.321821821821821885e+01 1.814840719515843359e-01
1.322822822822822886e+01 1.819024632746500114e-01
1.323823823823823886e+01 1.823227178770715218e-01
1.324824824824824887e+01 1.827429724794930876e-01
1.325825825825825888e+01 1.831632270819146258e-01
1.326826826826826888e+01 1.835852510357102729e-01
1.327827827827827889e+01 1.840074309388652907e-01
1.328828828828828890e+01 1.844296108420203362e-01
1.329829829829829890e+01 1.848533447066518232e-01
1.330830830830830891e+01 1.852774514064298994e-01
1.331831831831831892e+01 1.857015581062079757e-01
1.332832832832832892e+01 1.861270030943655007e-01
1.333833833833833893e+01 1.865530381635664425e-01
1.334834834834834894e+01 1.869790732327673566e-01
1.335835835835835894e+01 1.874062306081378249e-01
1.336836836836836895e+01 1.878341956965468851e-01
1.337837837837837895e+01 1.882621607849559175e-01
1.338838838838838896e+01 1.886910318622405658e-01
1.339839839839839897e+01 1.891209286966529790e-01
1.340840840840840897e+01 1.895508255310653922e-01
1.341841841841841898e+01 1.899814116759757088e-01
1.342842842842842899e+01 1.904132420601717945e-01
1.343843843843843899e+01 1.908450724443679081e-01
1.344844844844844900e+01 1.912773750735999312e-01
1.345845845845845901e+01 1.917111408882710977e-01
1.346846846846846901e+01 1.921449067029422364e-01
1.347847847847847902e+01 1.925789272841295918e-01
1.348848848848848903e+01 1.930146304867564055e-01
1.349849849849849903e+01 1.934503336893831915e-01
1.350850850850850904e+01 1.938860737410290913e-01
1.351851851851851904e+01 1.943237163657127731e-01
1.352852852852852905e+01 1.947613589903964826e-01
1.353853853853853906e+01 1.951990016150801921e-01
1.354854854854854906e+01 1.956384042390326983e-01
1.355855855855855907e+01 1.960779883962798786e-01
1.356856856856856908e+01 1.965175725535270868e-01
1.357857857857857908e+01 1.969587000238323116e-01
1.358858858858858909e+01 1.974002279002961824e-01
1.359859859859859910e+01 1.978417557767600532e-01
1.360860860860860910e+01 1.982846098397606782e-01
1.361861861861861911e+01 1.987280836979366527e-01
1.362862862862862912e+01 1.991715575561125717e-01
1.363863863863863912e+01 1.996161400081994108e-01
1.364864864864864913e+01 2.000615621860780680e-01
1.365865865865865914e+01 2.005069843639567806e-01
1.366866866866866914e+01 2.009532970513586980e-01
1.367867867867867915e+01 2.014006699620374263e-01
1.368868868868868915e+01 2.018480428727161546e-01
1.369869869869869916e+01 2.022960876912721084e-01
1.370870870870870917e+01 2.027454138225241453e-01
1.371871871871871917e+01 2.031947399537761823e-01
1.372872872872872918e+01 2.036445188486890878e-01
1.373873873873873919e+01 2.040958007624934512e-01
1.374874874874874919e+01 2.045470826762978145e-01
1.375875875875875920e+01 2.049985976418712552e-01
1.376876876876876921e+01 2.054518379739031231e-01
1.377877877877877921e+01 2.059050783059350187e-01
1.378878878878878922e+01 2.063583313852927204e-01
1.379879879879879923e+01 2.068135328443752030e-01
1.380880880880880923e+01 2.072687343034577134e-01
1.381881881881881924e+01 2.077239357625401961e-01
1.382882882882882924e+01 2.081808929557647792e-01
1.383883883883883925e+01 2.086380583232835817e-01
1.384884884884884926e+01 2.090952236908024120e-01
1.385885885885885926e+01 2.095539260826390915e-01
1.386886886886886927e+01 2.100130582119209555e-01
1.387887887887887928e+01 2.104721903412028194e-01
1.388888888888888928e+01 2.109326401906686799e-01
1.389889889889889929e+01 2.113937420063242145e-01
1.390890890890890930e+01 2.118548438219797769e-01
1.391891891891891930e+01 2.123170434349323232e-01
1.392892892892892931e+01 2.127801179321637814e-01
1.393893893893893932e+01 2.132431924293952952e-01
1.394894894894894932e+01 2.137071441581374909e-01
1.395895895895895933e+01 2.141721944020148483e-01
1.396896896896896934e+01 2.146372446458921779e-01
1.397897897897897934e+01 2.151029508887628561e-01
1.398898898898898935e+01 2.155699800134648070e-01
1.399899899899899935e+01 2.160370091381667579e-01
1.400900900900900936e+01 2.165044723391165160e-01
1.401901901901901937e+01 2.169734835471418821e-01
1.402902902902902937e+01 2.174424947551672205e-01
1.403903903903903938e+01 2.179117174033213811e-01
1.404904904904904939e+01 2.183827139646689897e-01
1.405905905905905939e+01 2.188537105260165705e-01
1.406906906906906940e+01 2.193247070873641513e-01
1.407907907907907941e+01 2.197976804065434053e-01
1.408908908908908941e+01 2.202706656578624911e-01
1.409909909909909942e+01 2.207436509091815768e-01
1.410910910910910943e+01 2.212183921899442685e-01
1.411911911911911943e+01 2.216933695336554266e-01
1.412912912912912944e+01 2.221683468773665848e-01
1.413913913913913944e+01 2.226448588064704470e-01
1.414914914914914945e+01 2.231218317098599968e-01
1.415915915915915946e+01 2.235988046132495743e-01
1.416916916916916946e+01 2.240770899198127053e-01
1.417917917917917947e+01 2.245560619140987979e-01
1.418918918918918948e+01 2.250350339083848905e-01
1.419919919919919948e+01 2.255150953633584809e-01
1.420920920920920949e+01 2.259960700427318947e-01
1.421921921921921950e+01 2.264770447221053362e-01
1.422922922922922950e+01 2.269588851377352945e-01
1.423923923923923951e+01 2.274418661583753054e-01
1.424924924924924952e+01 2.279248471790153441e-01
1.425925925925925952e+01 2.284084694082930134e-01
1.426926926926926953e+01 2.288934604873583412e-01
1.427927927927927954e+01 2.293784515664236690e-01
1.428928928928928954e+01 2.298638585025263303e-01
1.429929929929929955e+01 2.303508634171235747e-01
1.430930930930930955e+01 2.308378683317208191e-01
1.431931931931931956e+01 2.313250629074420917e-01
1.432932932932932957e+01 2.318140854935712147e-01
1.433933933933933957e+01 2.323031080797003656e-01
1.434934934934934958e+01 2.327921306658294887e-01
1.435935935935935959e+01 2.332831374183494955e-01
1.436936936936936959e+01 2.337741815698284875e-01
1.437937937937937960e+01 2.342652257213074796e-01
1.438938938938938961e+01 2.347580300460937464e-01
1.439939939939939961e+01 2.352510997134614479e-01
1.440940940940940962e+01 2.357441693808291217e-01
1.441941941941941963e+01 2.362387743816150576e-01
1.442942942942942963e+01 2.367338735710161068e-01
1.443943943943943964e+01 2.372289727604171561e-01
1.444944944944944965e+01 2.377253815770435097e-01
1.445945945945945965e+01 2.382225143490925290e-01
1.446946946946946966e+01 2.387196471211415483e-01
1.447947947947947966e+01 2.392178629289227476e-01
1.448948948948948967e+01 2.397170333975515988e-01
1.449949949949949968e+01 2.402162038661804500e-01
1.450950950950950968e+01 2.407162298752636709e-01
1.451951951951951969e+01 2.412174422065521129e-01
1.452952952952952970e+01 2.417186545378405271e-01
1.453953953953953970e+01 2.422204939925569067e-01
1.454954954954954971e+01 2.427237524035449900e-01
1.455955955955955972e+01 2.432270108145331011e-01
1.456956956956956972e+01 2.437306669927420677e-01
1.457957957957957973e+01 2.442359757502296225e-01
1.458958958958958974e+01 2.447412845077172050e-01
1.459959959959959974e+01 2.452467607201448685e-01
1.460960960960960975e+01 2.457541241394742559e-01
1.461961961961961975e+01 2.462614875588036156e-01
1.462962962962962976e+01 2.467688509781330031e-01
1.463963963963963977e+01 2.472782095921995382e-01
1.464964964964964977e+01 2.477876320360254958e-01
1.465965965965965978e+01 2.482970544798514534e-01
1.466966966966966979e+01 2.488082442542314532e-01
1.467967967967967979e+01 2.493197301312786995e-01
1.468968968968968980e+01 2.498312160083259736e-01
1.469969969969969981e+01 2.503442403931225302e-01
1.470970970970970981e+01 2.508577941569296588e-01
1.471971971971971982e+01 2.513713479207367874e-01
1.472972972972972983e+01 2.518862103949425224e-01
1.473973973973973983e+01 2.524018365425953481e-01
1.474974974974974984e+01 2.529174626902482292e-01
1.475975975975975985e+01 2.534341667610431337e-01
1.476976976976976985e+01 2.539518698318984913e-01
1.477977977977977986e+01 2.544695729027537934e-01
1.478978978978978986e+01 2.549881221047987645e-01
1.479979979979979987e+01 2.555079066791955955e-01
1.480980980980980988e+01 2.560276912535924820e-01
1.481981981981981988e+01 2.565480891483185033e-01
1.482982982982982989e+01 2.570699598462839464e-01
1.483983983983983990e+01 2.575918305442493894e-01
1.484984984984984990e+01 2.581140807191437681e-01
1.485985985985985991e+01 2.586380421990870926e-01
1.486986986986986992e+01 2.591620036790304171e-01
1.487987987987987992e+01 2.596861097469182478e-01
1.488988988988988993e+01 2.602121667043197917e-01
1.489989989989989994e+01 2.607382236617212801e-01
1.490990990990990994e+01 2.612642806191227685e-01
1.491991991991991995e+01 2.617923464261373012e-01
1.492992992992992995e+01 2.623205035922299144e-01
1.493993993993993996e+01 2.628486607583224721e-01
1.494994994994994997e+01 2.633785945227677394e-01
1.495995995995995997e+01 2.639088566632117883e-01
1.496996996996996998e+01 2.644391188036558926e-01
1.497997997997997999e+01 2.649709242431298462e-01
1.498998998998998999e+01 2.655032961566837213e-01
1.500000000000000000e+01 2.660356680702375964e-01
