5.000000000000000000e+00 1.534349281758058854e-02
5.010010010010010006e+00 1.548893093441824041e-02
5.020020020020020013e+00 1.563436905125589402e-02
5.030030030030030019e+00 1.578116573883038207e-02
5.040040040040040026e+00 1.592854328569920722e-02
5.050050050050050032e+00 1.607592083256802890e-02
5.060060060060060039e+00 1.622457331639351810e-02
5.070070070070070045e+00 1.637385489097539781e-02
5.080080080080080052e+00 1.652313646555728099e-02
5.090090090090090058e+00 1.667361119791611196e-02
5.100100100100100065e+00 1.682476087610994264e-02
5.110110110110110071e+00 1.697591055430376639e-02
5.120120120120120077e+00 1.712817354358554117e-02
5.130130130130130084e+00 1.728115492807741002e-02
5.140140140140140090e+00 1.743413631256927540e-02
5.150150150150150097e+00 1.758815316511675581e-02
5.160160160160160103e+00 1.774292943270034881e-02
5.170170170170170110e+00 1.789770570028394181e-02
5.180180180180180116e+00 1.805344166116554586e-02
5.190190190190190123e+00 1.820997560878212171e-02
5.200200200200200129e+00 1.836650955639870103e-02
5.210210210210210136e+00 1.852392954908547301e-02
5.220220220220220142e+00 1.868218363855837089e-02
5.230230230230230148e+00 1.884043772803126876e-02
5.240240240240240155e+00 1.899950639296046906e-02
5.250250250250250161e+00 1.915944279440424253e-02
5.260260260260260168e+00 1.931937919584801946e-02
5.270270270270270174e+00 1.948006092785948065e-02
5.280280280280280181e+00 1.964164156174906875e-02
5.290290290290290187e+00 1.980322219563866379e-02
5.300300300300300194e+00 1.996548118027378568e-02
5.310310310310310200e+00 2.012866775816321216e-02
5.320320320320320207e+00 2.029185433605263864e-02
5.330330330330330213e+00 2.045565458470928119e-02
5.340340340340340219e+00 2.062040864859414346e-02
5.350350350350350226e+00 2.078516271247900574e-02
5.360360360360360232e+00 2.095046809641893520e-02
5.370370370370370239e+00 2.111675105674047648e-02
5.380380380380380245e+00 2.128303401706201775e-02
5.390390390390390252e+00 2.144980830027037530e-02
5.400400400400400258e+00 2.161758147256285026e-02
5.410410410410410265e+00 2.178535464485532522e-02
5.420420420420420271e+00 2.195356151575449805e-02
5.430430430430430278e+00 2.212278615594086978e-02
5.440440440440440284e+00 2.229201079612723804e-02
5.450450450450450290e+00 2.246161389814999715e-02
5.460460460460460297e+00 2.263225123649384440e-02
5.470470470470470303e+00 2.280288857483768819e-02
5.480480480480480310e+00 2.297385153586684048e-02
5.490490490490490316e+00 2.314586280959170239e-02
5.500500500500500323e+00 2.331787408331656083e-02
5.510510510510510329e+00 2.349016054400058368e-02
5.520520520520520336e+00 2.366350702858986688e-02
5.530530530530530342e+00 2.383685351317915008e-02
5.540540540540540349e+00 2.401042715413505974e-02
5.550550550550550355e+00 2.418507019332838057e-02
5.560560560560560361e+00 2.435971323252169793e-02
5.570570570570570368e+00 2.453453780043833576e-02
5.580580580580580374e+00 2.471043883494223117e-02
5.590590590590590381e+00 2.488633986944613005e-02
5.600600600600600387e+00 2.506237920210264980e-02
5.610610610610610394e+00 2.523949979703531826e-02
5.620620620620620400e+00 2.541662039196798673e-02
5.630630630630630407e+00 2.559383844218374865e-02
5.640640640640640413e+00 2.577214031327515129e-02
5.650650650650650419e+00 2.595044218436655739e-02
5.660660660660660426e+00 2.612880304289987021e-02
5.670670670670670432e+00 2.630824808147012167e-02
5.680680680680680439e+00 2.648769312004037660e-02
5.690690690690690445e+00 2.666716103745474936e-02
5.700700700700700452e+00 2.684771133419496664e-02
5.710710710710710458e+00 2.702826163093518391e-02
5.720720720720720465e+00 2.720881192767539772e-02
5.730730730730730471e+00 2.739041890603362284e-02
5.740740740740740478e+00 2.757203677361441674e-02
5.750750750750750484e+00 2.775365464119521411e-02
5.760760760760760490e+00 2.793626029751126311e-02
5.770770770770770497e+00 2.811890829204508058e-02
5.780780780780780503e+00 2.830155628657889805e-02
5.790790790790790510e+00 2.848512573579015453e-02
5.800800800800800516e+00 2.866876667717466187e-02
5.810810810810810523e+00 2.885240761855916922e-02
5.820820820820820529e+00 2.903690623220623462e-02
5.830830830830830536e+00 2.922150322337623354e-02
5.840840840840840542e+00 2.940610021454622552e-02
5.850850850850850549e+00 2.959149363672438846e-02
5.860860860860860555e+00 2.977701008184055129e-02
5.870870870870870561e+00 2.996252652695671065e-02
5.880880880880880568e+00 3.014878068939247716e-02
5.890890890890890574e+00 3.033518031099565956e-02
5.900900900900900581e+00 3.052157993259884544e-02
5.910910910910910587e+00 3.070866106887515726e-02
5.920920920920920594e+00 3.089590792403519581e-02
5.930930930930930600e+00 3.108315477919523090e-02
5.940940940940940607e+00 3.127102943814902974e-02
5.950950950950950613e+00 3.145908793363713651e-02
5.960960960960960620e+00 3.164714642912524328e-02
5.970970970970970626e+00 3.183578148744114350e-02
5.980980980980980632e+00 3.202461639395509652e-02
5.990990990990990639e+00 3.221345130046904259e-02
6.001001001001000645e+00 3.240281397449330802e-02
6.011011011011010652e+00 3.259239043996513263e-02
6.021021021021020658e+00 3.278196690543694336e-02
6.031031031031030665e+00 3.297202476223524276e-02
6.041041041041040671e+00 3.316230832425005187e-02
6.051051051051050678e+00 3.335259188626486793e-02
6.061061061061060684e+00 3.354331285394775847e-02
6.071071071071070691e+00 3.373426945130351268e-02
6.081081081081080697e+00 3.392522604865926689e-02
6.091091091091090703e+00 3.411657842599903623e-02
6.101101101101100710e+00 3.430817440943557950e-02
6.111111111111110716e+00 3.449977039287212971e-02
6.121121121121120723e+00 3.469172285823423491e-02
6.131131131131130729e+00 3.488392500036072152e-02
6.141141141141140736e+00 3.507612714248720814e-02
6.151151151151150742e+00 3.526864876209972327e-02
6.161161161161160749e+00 3.546142426654859403e-02
6.171171171171170755e+00 3.565419977099747173e-02
6.181181181181180762e+00 3.584726000658140094e-02
6.191191191191190768e+00 3.604057651641703885e-02
6.201201201201200774e+00 3.623389302625267677e-02
6.211211211211210781e+00 3.642746174203569803e-02
6.221221221221220787e+00 3.662128734744538733e-02
6.231231231231230794e+00 3.681511295285507662e-02
6.241241241241240800e+00 3.700916042199125372e-02
6.251251251251250807e+00 3.720346366728573273e-02
6.261261261261260813e+00 3.739776691258021174e-02
6.271271271271270820e+00 3.759226382299737934e-02
6.281281281281280826e+00 3.778701371294750783e-02
6.291291291291290833e+00 3.798176360289763631e-02
6.301301301301300839e+00 3.817668106259424626e-02
6.311311311311310845e+00 3.837184706813037693e-02
6.321321321321320852e+00 3.856701307366650761e-02
6.331331331331330858e+00 3.876232261547910007e-02
6.341341341341340865e+00 3.895787467877871030e-02
6.351351351351350871e+00 3.915342674207832052e-02
6.361361361361360878e+00 3.934910032794034646e-02
6.371371371371370884e+00 3.954500886692906281e-02
6.381381381381380891e+00 3.974091740591778610e-02
6.391391391391390897e+00 3.993692743063020217e-02
6.401401401401400904e+00 4.013316334292115622e-02
6.411411411411410910e+00 4.032939925521211028e-02
6.421421421421420916e+00 4.052571854974565402e-02
6.431431431431430923e+00 4.072225321604085180e-02
6.441441441441440929e+00 4.091878788233605652e-02
6.451451451451450936e+00 4.111538971668463743e-02
6.461461461461460942e+00 4.131219500366230257e-02
6.471471471471470949e+00 4.150900029063996771e-02
6.481481481481480955e+00 4.170585837624431191e-02
6.491491491491490962e+00 4.190290663895455264e-02
6.501501501501500968e+00 4.209995490166480031e-02
6.511511511511510975e+00 4.229704339342465341e-02
6.521521521521520981e+00 4.249430747721653218e-02
6.531531531531530987e+00 4.269157156100841094e-02
6.541541541541540994e+00 4.288886505890174283e-02
6.551551551551551000e+00 4.308631830090235704e-02
6.561561561561561007e+00 4.328377154290296430e-02
6.571571571571571013e+00 4.348124509322922465e-02
6.581581581581581020e+00 4.367886132339712096e-02
6.591591591591591026e+00 4.387647755356501728e-02
6.601601601601601033e+00 4.407410664983024695e-02
6.611611611611611927e+00 4.427186019160263969e-02
6.621621621621621934e+00 4.446961373337501855e-02
6.631631631631631940e+00 4.466737431683488746e-02
6.641641641641641947e+00 4.486523998738913693e-02
6.651651651651651953e+00 4.506310565794338641e-02
6.661661661661661959e+00 4.526097411782067925e-02
6.671671671671671966e+00 4.545892722796897323e-02
6.681681681681681972e+00 4.565688033811726720e-02
6.691691691691691979e+00 4.585483351150914516e-02
6.701701701701701985e+00 4.605284986524543767e-02
6.711711711711711992e+00 4.625086621898173711e-02
6.721721721721721998e+00 4.644888257271803655e-02
6.731731731731732005e+00 4.664693728418926183e-02
6.741741741741742011e+00 4.684499317790590672e-02
6.751751751751752018e+00 4.704304907162254468e-02
6.761761761761762024e+00 4.724112030029212206e-02
6.771771771771772030e+00 4.743919252168438128e-02
6.781781781781782037e+00 4.763726474307663356e-02
6.791791791791792043e+00 4.783533115614701375e-02
6.801801801801802050e+00 4.803339698282180215e-02
6.811811811811812056e+00 4.823146280949659748e-02
6.821821821821822063e+00 4.842950351720133606e-02
6.831831831831832069e+00 4.862754071500668268e-02
6.841841841841842076e+00 4.882557791281203624e-02
6.851851851851852082e+00 4.902357246672872648e-02
6.861861861861862089e+00 4.922155928781977996e-02
6.871871871871872095e+00 4.941954610891082650e-02
6.881881881881882101e+00 4.961747450006346455e-02
6.891891891891892108e+00 4.981538968071996809e-02
6.901901901901902114e+00 5.001330486137647163e-02
6.911911911911912121e+00 5.021114751813950117e-02
6.921921921921922127e+00 5.040897027634988481e-02
6.931931931931932134e+00 5.060679303456026845e-02
6.941941941941942140e+00 5.080453082037523355e-02
6.951951951951952147e+00 5.100224085320032713e-02
6.961961961961962153e+00 5.119995088602542765e-02
6.971971971971972160e+00 5.139756509694206471e-02
6.981981981981982166e+00 5.159514257767355838e-02
6.991991991991992172e+00 5.179272005840505205e-02
7.002002002002002179e+00 5.199019242045690298e-02
7.012012012012012185e+00 5.218761799558198355e-02
7.022022022022022192e+00 5.238504357070705719e-02
7.032032032032032198e+00 5.258235623713213708e-02
7.042042042042042205e+00 5.277961102311789360e-02
7.052052052052052211e+00 5.297686580910365012e-02
7.062062062062062218e+00 5.317400135741998796e-02
7.072072072072072224e+00 5.337106693732921597e-02
7.082082082082082231e+00 5.356813251723845093e-02
7.092092092092092237e+00 5.376507394618411373e-02
7.102102102102102243e+00 5.396193236613410632e-02
7.112112112112112250e+00 5.415879078608409891e-02
7.122122122122122256e+00 5.435552151243062957e-02
7.132132132132132263e+00 5.455215527790584912e-02
7.142142142142142269e+00 5.474878904338106866e-02
7.152152152152152276e+00 5.494529289862928878e-02
7.162162162162162282e+00 5.514168497065893154e-02
7.172172172172172289e+00 5.533807704268857430e-02
7.182182182182182295e+00 5.553433826965509246e-02
7.192192192192192302e+00 5.573047206086530203e-02
7.202202202202202308e+00 5.592660585207551160e-02
7.212212212212212314e+00 5.612260910137793074e-02
7.222222222222222321e+00 5.631846847192847894e-02
7.232232232232232327e+00 5.651432784247903407e-02
7.242242242242242334e+00 5.671005816892766421e-02
7.252252252252252340e+00 5.690562742234260563e-02
7.262262262262262347e+00 5.710119667575754704e-02
7.272272272272272353e+00 5.729663953466111737e-02
7.282282282282282360e+00 5.749190341356200801e-02
7.292292292292292366e+00 5.768716729246289865e-02
7.302302302302302373e+00 5.788230853585511065e-02
7.312312312312312379e+00 5.807725221760539486e-02
7.322322322322322385e+00 5.827219589935567906e-02
7.332332332332332392e+00 5.846702177214947727e-02
7.342342342342342398e+00 5.866163086441809893e-02
7.352352352352352405e+00 5.885623995668673447e-02
7.362362362362362411e+00 5.905073709276285193e-02
7.372372372372372418e+00 5.924499762901495881e-02
7.382382382382382424e+00 5.943925816526706568e-02
7.392392392392392431e+00 5.963341358350304072e-02
7.402402402402402437e+00 5.982731201842501206e-02
7.412412412412412444e+00 6.002121045334697647e-02
7.422422422422422450e+00 6.021501155359225421e-02
7.432432432432432456e+00 6.040853475845760212e-02
7.442442442442442463e+00 6.060205796332295003e-02
7.452452452452452469e+00 6.079549252232592516e-02
7.462462462462462476e+00 6.098862778030995219e-02
7.472472472472472482e+00 6.118176303829397922e-02
7.482482482482482489e+00 6.137481920558646165e-02
7.492492492492492495e+00 6.156755420703435150e-02
7.502502502502502502e+00 6.176028920848224829e-02
7.512512512512512508e+00 6.195295550222600783e-02
7.522522522522522515e+00 6.214527833988189864e-02
7.532532532532532521e+00 6.233760117753778945e-02
7.542542542542542527e+00 6.252986648033859174e-02
7.552552552552552534e+00 6.272176564454017000e-02
7.562562562562562540e+00 6.291366480874176215e-02
7.572572572572572547e+00 6.310551836343490650e-02
7.582582582582582553e+00 6.329698273727961400e-02
7.592592592592592560e+00 6.348844711112432149e-02
7.602602602602602566e+00 6.367987851653660047e-02
7.612612612612612573e+00 6.387089737102426279e-02
7.622622622622622579e+00 6.406191622551193898e-02
7.632632632632632586e+00 6.425291543220383594e-02
7.642642642642642592e+00 6.444347842136070870e-02
7.652652652652652598e+00 6.463404141051759533e-02
7.662662662662662605e+00 6.482459871650980698e-02
7.672672672672672611e+00 6.501469587249837645e-02
7.682682682682682618e+00 6.520479302848691816e-02
7.692692692692692624e+00 6.539489018447548763e-02
7.702702702702702631e+00 6.558452080319385202e-02
7.712712712712712637e+00 6.577414253141292133e-02
7.722722722722722644e+00 6.596376425963199064e-02
7.732732732732732650e+00 6.615292537265154982e-02
7.742742742742742657e+00 6.634206244683073239e-02
7.752752752752752663e+00 6.653119952100991497e-02
7.762762762762762669e+00 6.671988280641155677e-02
7.772772772772772676e+00 6.690852636370382689e-02
7.782782782782782682e+00 6.709716992099608313e-02
7.792792792792792689e+00 6.728536738223531155e-02
7.802802802802802695e+00 6.747350891831101205e-02
7.812812812812812702e+00 6.766165045438672643e-02
7.822822822822822708e+00 6.784935441599877770e-02
7.832832832832832715e+00 6.803698578014528986e-02
7.842842842842842721e+00 6.822461714429180202e-02
7.852852852852852727e+00 6.841182024760354696e-02
7.862862862862862734e+00 6.859893363783280129e-02
7.872872872872872740e+00 6.878604702806206950e-02
7.882882882882882747e+00 6.897274222691331114e-02
7.892892892892892753e+00 6.915933018508073349e-02
7.902902902902902760e+00 6.934591814324815584e-02
7.912912912912912766e+00 6.953209869972469537e-02
7.922922922922922773e+00 6.971815410666223900e-02
7.932932932932932779e+00 6.990420951359976875e-02
7.942942942942942786e+00 7.008986899378027990e-02
7.952952952952952792e+00 7.027538506444615252e-02
7.962962962962962798e+00 7.046090113511202513e-02
7.972972972972972805e+00 7.064603340483048555e-02
7.982982982982982811e+00 7.083100368347783338e-02
7.992992992992992818e+00 7.101597396212518121e-02
8.003003003003001936e+00 7.120057318275126168e-02
8.013013013013011943e+00 7.138499153811846132e-02
8.023023023023021949e+00 7.156940989348564708e-02
8.033033033033031955e+00 7.175347051772454354e-02
8.043043043043041962e+00 7.193733113824872516e-02
8.053053053053051968e+00 7.212119175877290678e-02
8.063063063063061975e+00 7.230470852648579472e-02
8.073073073073071981e+00 7.248800591554184491e-02
8.083083083083081988e+00 7.267130330459789511e-02
8.093093093093091994e+00 7.285427123864540722e-02
8.103103103103102001e+00 7.303700020981232499e-02
8.113113113113112007e+00 7.321972918097922889e-02
8.123123123123122014e+00 7.340214358308853881e-02
8.133133133133132020e+00 7.358429925544442141e-02
8.143143143143142026e+00 7.376645492780031788e-02
8.153153153153152033e+00 7.394831137445766200e-02
8.163163163163162039e+00 7.412988916790554106e-02
8.173173173173172046e+00 7.431146696135343399e-02
8.183183183183182052e+00 7.449276129972275118e-02
8.193193193193192059e+00 7.467375693034754291e-02
8.203203203203202065e+00 7.485475256097233465e-02
8.213213213213213848e+00 7.503548090484178645e-02
8.223223223223223854e+00 7.521589038030128405e-02
8.233233233233233861e+00 7.539629985576076776e-02
8.243243243243243867e+00 7.557645858151737506e-02
8.253253253253253874e+00 7.575627819646661709e-02
8.263263263263263880e+00 7.593609781141587300e-02
8.273273273273273887e+00 7.611568355404980946e-02
8.283283283283283893e+00 7.629490988560151676e-02
8.293293293293293900e+00 7.647413621715322407e-02
8.303303303303303906e+00 7.665314586629237703e-02
8.313313313313313913e+00 7.683177576951329135e-02
8.323323323323323919e+00 7.701040567273420567e-02
8.333333333333333925e+00 7.718883636870950415e-02
8.343343343343343932e+00 7.736686697215422459e-02
8.353353353353353938e+00 7.754489757559894503e-02
8.363363363363363945e+00 7.772274670554177312e-02
8.373373373373373951e+00 7.790017540682434016e-02
8.383383383383383958e+00 7.807760410810692109e-02
8.393393393393393964e+00 7.825486930207840863e-02
8.403403403403403971e+00 7.843169376348271826e-02
8.413413413413413977e+00 7.860851822488702789e-02
8.423423423423423984e+00 7.878519735204055074e-02
8.433433433433433990e+00 7.896141549617001487e-02
8.443443443443443996e+00 7.913763364029947900e-02
8.453453453453454003e+00 7.931372480507624390e-02
8.463463463463464009e+00 7.948933481054332173e-02
8.473473473473474016e+00 7.966494481601042732e-02
8.483483483483484022e+00 7.984044635436900184e-02
8.493493493493494029e+00 8.001544665152508784e-02
8.503503503503504035e+00 8.019044694868120160e-02
8.513513513513514042e+00 8.036535742436112795e-02
8.523523523523524048e+00 8.053974669106700457e-02
8.533533533533534055e+00 8.071413595777289507e-02
8.543543543543544061e+00 8.088845415859270693e-02
8.553553553553554067e+00 8.106223131603025600e-02
8.563563563563564074e+00 8.123600847346779119e-02
8.573573573573574080e+00 8.140973340765797484e-02
8.583583583583584087e+00 8.158289761618295333e-02
8.593593593593594093e+00 8.175606182470791794e-02
8.603603603603604100e+00 8.192919271727848451e-02
8.613613613613614106e+00 8.210174337231525288e-02
8.623623623623624113e+00 8.227429402735200736e-02
8.633633633633634119e+00 8.244683031649559235e-02
8.643643643643644126e+00 8.261876704447321251e-02
8.653653653653654132e+00 8.279070377245083268e-02
8.663663663663664138e+00 8.296264050042845284e-02
8.673673673673674145e+00 8.313396776031119206e-02
8.683683683683684151e+00 8.330529041464158901e-02
8.693693693693694158e+00 8.347661306897197209e-02
8.703703703703704164e+00 8.364734530356378317e-02
8.713713713713714171e+00 8.381805396066188685e-02
8.723723723723724177e+00 8.398876261775999053e-02
8.733733733733734184e+00 8.415890010263718524e-02
8.743743743743744190e+00 8.432899505798294171e-02
8.753753753753754197e+00 8.449909001332869818e-02
8.763763763763764203e+00 8.466863321931973607e-02
8.773773773773774209e+00 8.483811498356222391e-02
8.783783783783784216e+00 8.500759674780469788e-02
8.793793793793794222e+00 8.517654633761226335e-02
8.803803803803804229e+00 8.534541563271570708e-02
8.813813813813814235e+00 8.551428492781915081e-02
8.823823823823824242e+00 8.568264175267778504e-02
8.833833833833834248e+00 8.585089950810960435e-02
8.843843843843844255e+00 8.601915726354143754e-02
8.853853853853854261e+00 8.618692235991044781e-02
8.863863863863864268e+00 8.635456970887118999e-02
8.873873873873874274e+00 8.652221705783191830e-02
8.883883883883884280e+00 8.668939164412348131e-02
8.893893893893894287e+00 8.685642991981808170e-02
8.903903903903904293e+00 8.702346819551268209e-02
8.913913913913914300e+00 8.719005366885530794e-02
8.923923923923924306e+00 8.735648440080645560e-02
8.933933933933934313e+00 8.752291513275761714e-02
8.943943943943944319e+00 8.768891306579441880e-02
8.953953953953954326e+00 8.785473797619693104e-02
8.963963963963964332e+00 8.802056288659942940e-02
8.973973973973974338e+00 8.818597502432161395e-02
8.983983983983984345e+00 8.835119602443836095e-02
8.993993993993994351e+00 8.851641702455510796e-02
9.004004004004004358e+00 8.868124528116988481e-02
9.014014014014014364e+00 8.884586446776848723e-02
9.024024024024024371e+00 8.901048365436707577e-02
9.034034034034034377e+00 8.917473011020028706e-02
9.044044044044044384e+00 8.933874976203073914e-02
9.054054054054054390e+00 8.950276941386116347e-02
9.064064064064064397e+00 8.966643631229426203e-02
9.074074074074074403e+00 8.982985888660720286e-02
9.084084084084084409e+00 8.999328146092014369e-02
9.094094094094094416e+00 9.015637120536136584e-02
9.104104104104104422e+00 9.031919933446672100e-02
9.114114114114114429e+00 9.048202746357209003e-02
9.124124124124124435e+00 9.064454261446167060e-02
9.134134134134134442e+00 9.080677910232735905e-02
9.144144144144144448e+00 9.096901559019307526e-02
9.154154154154154455e+00 9.113095886204214402e-02
9.164164164164164461e+00 9.129260668093248932e-02
9.174174174174174468e+00 9.145425449982283461e-02
9.184184184184184474e+00 9.161562875828596630e-02
9.194194194194194480e+00 9.177669104543997869e-02
9.204204204204204487e+00 9.193775333259399107e-02
9.214214214214214493e+00 9.209856159157508992e-02
9.224224224224224500e+00 9.225904164592388379e-02
9.234234234234234506e+00 9.241952170027269153e-02
9.244244244244244513e+00 9.257976711906396039e-02
9.254254254254254519e+00 9.273966839798722384e-02
9.264264264264264526e+00 9.289956967691048728e-02
9.274274274274274532e+00 9.305925555736439814e-02
9.284284284284284539e+00 9.321858167348566482e-02
9.294294294294294545e+00 9.337790778960691762e-02
9.304304304304304551e+00 9.353703757334075330e-02
9.314314314314314558e+00 9.369579229136125453e-02
9.324324324324324564e+00 9.385454700938175576e-02
9.334334334334334571e+00 9.401312427501468116e-02
9.344344344344344577e+00 9.417131150858501498e-02
9.354354354354354584e+00 9.432949874215536268e-02
9.364364364364364590e+00 9.448752720257758142e-02
9.374374374374374597e+00 9.464515101120779539e-02
9.384384384384384603e+00 9.480277481983802323e-02
9.394394394394394610e+00 9.496025831951207530e-02
9.404404404404404616e+00 9.511732290551906666e-02
9.414414414414414622e+00 9.527438749152605801e-02
9.424424424424424629e+00 9.543133000381980036e-02
9.434434434434434635e+00 9.558783970931204743e-02
9.444444444444444642e+00 9.574434941480429451e-02
9.454454454454454648e+00 9.590075503935535650e-02
9.464464464464464655e+00 9.605671434325485647e-02
9.474474474474474661e+00 9.621267364715435644e-02
9.484484484484484668e+00 9.636854660726591748e-02
9.494494494494494674e+00 9.652396012236690026e-02
9.504504504504504681e+00 9.667937363746788304e-02
9.514514514514514687e+00 9.683471827753564742e-02
9.524524524524524693e+00 9.698959074759963550e-02
9.534534534534534700e+00 9.714446321766362358e-02
9.544544544544544706e+00 9.729928400063339589e-02
9.554554554554554713e+00 9.745362029752073496e-02
9.564564564564564719e+00 9.760795659440808791e-02
9.574574574574574726e+00 9.776225809926414323e-02
9.584584584584584732e+00 9.791606322010136532e-02
9.594594594594594739e+00 9.806986834093857353e-02
9.604604604604604745e+00 9.822365526022246163e-02
9.614614614614614752e+00 9.837693432460530019e-02
9.624624624624624758e+00 9.853021338898813875e-02
9.634634634634634764e+00 9.868349052634753371e-02
9.644644644644644771e+00 9.883624877357970184e-02
9.654654654654654777e+00 9.898900702081186997e-02
9.664664664664664784e+00 9.914176526804406586e-02
9.674674674674674790e+00 9.929402207494626709e-02
9.684684684684684797e+00 9.944626486131293019e-02
9.694694694694694803e+00 9.959850764767959330e-02
9.704704704704704810e+00 9.975027007419226543e-02
9.714714714714714816e+00 9.990200287026909653e-02
9.724724724724724823e+00 1.000537356663459415e-01
9.734734734734734829e+00 1.002050089466613864e-01
9.744744744744744835e+00 1.003562373346576636e-01
9.754754754754754842e+00 1.005074657226539409e-01
9.764764764764764848e+00 1.006582551899422445e-01
9.774774774774774855e+00 1.008089848610791289e-01
9.784784784784784861e+00 1.009597145322159994e-01
9.794794794794794868e+00 1.011100256163560140e-01
9.804804804804804874e+00 1.012602623682784947e-01
9.814814814814814881e+00 1.014104991202009892e-01
9.824824824824824887e+00 1.015603373455400971e-01
9.834834834834834894e+00 1.017100870797632561e-01
9.844844844844844900e+00 1.018598368139864152e-01
9.854854854854854906e+00 1.020092077971292560e-01
9.864864864864864913e+00 1.021584765165183956e-01
9.874874874874874919e+00 1.023077452359075212e-01
9.884884884884884926e+00 1.024566546835327663e-01
9.894894894894894932e+00 1.026054484898169528e-01
9.904904904904904939e+00 1.027542422961011254e-01
9.914914914914914945e+00 1.029026960028066595e-01
9.924924924924924952e+00 1.030510210941257693e-01
9.934934934934934958e+00 1.031993461854448929e-01
9.944944944944944965e+00 1.033473500316212795e-01
9.954954954954954971e+00 1.034952127001064759e-01
9.964964964964964977e+00 1.036430753685916722e-01
9.974974974974974984e+00 1.037906353183233599e-01
9.984984984984984990e+00 1.039380419477101553e-01
9.994994994994994997e+00 1.040854485770969645e-01
1.000500500500500500e+01 1.042325706760912213e-01
1.001501501501501501e+01 1.043795277393656240e-01
1.002502502502502502e+01 1.045264848026400406e-01
1.003503503503503502e+01 1.046731751761838525e-01
1.004504504504504503e+01 1.048196892332612651e-01
1.005505505505505504e+01 1.049662032903386638e-01
1.006506506506506504e+01 1.051124681412828749e-01
1.007507507507507505e+01 1.052585458367192583e-01
1.008508508508508505e+01 1.054046235321556141e-01
1.009509509509509506e+01 1.055504691389266697e-01
1.010510510510510507e+01 1.056961171996623344e-01
1.011511511511511507e+01 1.058417652603979853e-01
1.012512512512512508e+01 1.059871979750366955e-01
1.013513513513513509e+01 1.061324232081718166e-01
1.014514514514514509e+01 1.062776484413069378e-01
1.015515515515515510e+01 1.064226746875344826e-01
1.016516516516516511e+01 1.065674839781370342e-01
1.017517517517517511e+01 1.067122932687395859e-01
1.018518518518518512e+01 1.068569195400505545e-01
1.019519519519519513e+01 1.070013198489959266e-01
1.020520520520520513e+01 1.071457201579412710e-01
1.021521521521521514e+01 1.072899530157235548e-01
1.022522522522522515e+01 1.074339513775659644e-01
1.023523523523523515e+01 1.075779497394083878e-01
1.024524524524524516e+01 1.077217958110897877e-01
1.025525525525525516e+01 1.078653993319651089e-01
1.026526526526526517e+01 1.080090028528404300e-01
1.027527527527527518e+01 1.081524688300619652e-01
1.028528528528528518e+01 1.082956846856222566e-01
1.029529529529529519e+01 1.084389005411825480e-01
1.030530530530530520e+01 1.085819931779983677e-01
1.031531531531531520e+01 1.087248286113775553e-01
1.032532532532532521e+01 1.088676640447567290e-01
1.033533533533533522e+01 1.090103901558603233e-01
1.034534534534534522e+01 1.091528524756709695e-01
1.035535535535535523e+01 1.092953147954816157e-01
1.036536536536536524e+01 1.094376812544584632e-01
1.037537537537537524e+01 1.095797778328199967e-01
1.038538538538538525e+01 1.097218744111815580e-01
1.039539539539539525e+01 1.098638881487880720e-01
1.040540540540540526e+01 1.100056264193856742e-01
1.041541541541541527e+01 1.101473646899832765e-01
1.042542542542542527e+01 1.102890326924518549e-01
1.043543543543543528e+01 1.104304201486260711e-01
1.044544544544544529e+01 1.105718076048002596e-01
1.045545545545545529e+01 1.107131369121703152e-01
1.046546546546546530e+01 1.108541811050377940e-01
1.047547547547547531e+01 1.109952252979052867e-01
1.048548548548548531e+01 1.111362230023803799e-01
1.049549549549549532e+01 1.112769315389850605e-01
1.050550550550550533e+01 1.114176400755897550e-01
1.051551551551551533e+01 1.115583133199206239e-01
1.052552552552552534e+01 1.116986938614153158e-01
1.053553553553553535e+01 1.118390744029100214e-01
1.054554554554554535e+01 1.119794303788032297e-01
1.055555555555555536e+01 1.121194906386617784e-01
1.056556556556556536e+01 1.122595508985203272e-01
1.057557557557557537e+01 1.123995968450728355e-01
1.058558558558558538e+01 1.125393445873325848e-01
1.059559559559559538e+01 1.126790923295923480e-01
1.060560560560560539e+01 1.128188355317516905e-01
1.061561561561561540e+01 1.129582785692861968e-01
1.062562562562562540e+01 1.130977216068206892e-01
1.063563563563563541e+01 1.132371646443551816e-01
1.064564564564564542e+01 1.133763155866923111e-01
1.065565565565565542e+01 1.135154617795140486e-01
1.066566566566566543e+01 1.136546079723357999e-01
1.067567567567567544e+01 1.137934787771789635e-01
1.068568568568568544e+01 1.139323360307723382e-01
1.069569569569569545e+01 1.140711932843657128e-01
1.070570570570570545e+01 1.142097914090646482e-01
1.071571571571571546e+01 1.143483676727486270e-01
1.072572572572572547e+01 1.144869439364326058e-01
1.073573573573573547e+01 1.146252768766756330e-01
1.074574574574574548e+01 1.147635801419966128e-01
1.075575575575575549e+01 1.149018834073175649e-01
1.076576576576576549e+01 1.150399586957484427e-01
1.077577577577577550e+01 1.151779969949024152e-01
1.078578578578578551e+01 1.153160352940563738e-01
1.079579579579579551e+01 1.154538604989163858e-01
1.080580580580580552e+01 1.155916419032012032e-01
1.081581581581581553e+01 1.157294233074860346e-01
1.082582582582582553e+01 1.158670060312810279e-01
1.083583583583583554e+01 1.160045386495780761e-01
1.084584584584584555e+01 1.161420712678751105e-01
1.085585585585585555e+01 1.162794191460673060e-01
1.086586586586586556e+01 1.164167111233524315e-01
1.087587587587587556e+01 1.165540031006375571e-01
1.088588588588588557e+01 1.166911238003625756e-01
1.089589589589589558e+01 1.168281833162469058e-01
1.090590590590590558e+01 1.169652428321312498e-01
1.091591591591591559e+01 1.171021440509395772e-01
1.092592592592592560e+01 1.172389793182391365e-01
1.093593593593593560e+01 1.173758145855386820e-01
1.094594594594594561e+01 1.175125040501620449e-01
1.095595595595595562e+01 1.176491233134968756e-01
1.096596596596596562e+01 1.177857425768317201e-01
1.097597597597597563e+01 1.179222280419739977e-01
1.098598598598598564e+01 1.180586395763963264e-01
1.099599599599599564e+01 1.181950511108186552e-01
1.100600600600600565e+01 1.183313403579714096e-01
1.101601601601601566e+01 1.184675524676227359e-01
1.102602602602602566e+01 1.186037645772740623e-01
1.103603603603603567e+01 1.187398654135563836e-01
1.104604604604604567e+01 1.188758864303535306e-01
1.105605605605605568e+01 1.190119074471506500e-01
1.106606606606606569e+01 1.191478277041736478e-01
1.107607607607607569e+01 1.192836659865236376e-01
1.108608608608608570e+01 1.194195042688736275e-01
1.109609609609609571e+01 1.195552518016288757e-01
1.110610610610610571e+01 1.196909157331724205e-01
1.111611611611611572e+01 1.198265796647159792e-01
1.112612612612612573e+01 1.199621623504885798e-01
1.113613613613613573e+01 1.200976603388724945e-01
1.114614614614614574e+01 1.202331583272564092e-01
1.115615615615615575e+01 1.203685840645618288e-01
1.116616616616616575e+01 1.205039245402392406e-01
1.117617617617617576e+01 1.206392650159166247e-01
1.118618618618618576e+01 1.207745417234617619e-01
1.119619619619619577e+01 1.209097331385214358e-01
1.120620620620620578e+01 1.210449245535811097e-01
1.121621621621621578e+01 1.211800601692491902e-01
1.122622622622622579e+01 1.213151109962725960e-01
1.123623623623623580e+01 1.214501618232960017e-01
1.124624624624624580e+01 1.215851643031554408e-01
1.125625625625625581e+01 1.217200830341024081e-01
1.126626626626626582e+01 1.218550017650493894e-01
1.127627627627627582e+01 1.219898790823863155e-01
1.128628628628628583e+01 1.221246742275080704e-01
1.129629629629629584e+01 1.222594693726298115e-01
1.130630630630630584e+01 1.223942295170042799e-01
1.131631631631631585e+01 1.225289096037851660e-01
1.132632632632632586e+01 1.226635896905660522e-01
1.133633633633633586e+01 1.227982406668917809e-01
1.134634634634634587e+01 1.229328142390178902e-01
1.135635635635635587e+01 1.230673878111440134e-01
1.136636636636636588e+01 1.232019376387915033e-01
1.137637637637637589e+01 1.233364132551477005e-01
1.138638638638638589e+01 1.234708888715039116e-01
1.139639639639639590e+01 1.236053455834270759e-01
1.140640640640640591e+01 1.237397318171211402e-01
1.141641641641641769e+01 1.238741180508152462e-01
1.142642642642642770e+01 1.240084896927011043e-01
1.143643643643643770e+01 1.241427951301149885e-01
1.144644644644644771e+01 1.242771005675288865e-01
1.145645645645645772e+01 1.244113951969702675e-01
1.146646646646646772e+01 1.245456284368390842e-01
1.147647647647647773e+01 1.246798616767078871e-01
1.148648648648648773e+01 1.248140873623994063e-01
1.149649649649649774e+01 1.249482570149171856e-01
1.150650650650650775e+01 1.250824266674349372e-01
1.151651651651651775e+01 1.252165914883916209e-01
1.152652652652652776e+01 1.253507061743438789e-01
1.153653653653653777e+01 1.254848208602961368e-01
1.154654654654654777e+01 1.256189329050947379e-01
1.155655655655655778e+01 1.257530012550178988e-01
1.156656656656656779e+01 1.258870696049410598e-01
1.157657657657657779e+01 1.260211369709841323e-01
1.158658658658658780e+01 1.261551676243515829e-01
1.159659659659659781e+01 1.262891982777190614e-01
1.160660660660660781e+01 1.264232289310865676e-01
1.161661661661661782e+01 1.265572306749560560e-01
1.162662662662662783e+01 1.266912322793906642e-01
1.163663663663663783e+01 1.268252338838252724e-01
1.164664664664664784e+01 1.269592158224007450e-01
1.165665665665665784e+01 1.270931970329131910e-01
1.166666666666666785e+01 1.272271782434256371e-01
1.167667667667667786e+01 1.273611485030476942e-01
1.168668668668668786e+01 1.274951179813012536e-01
1.169669669669669787e+01 1.276290874595548408e-01
1.170670670670670788e+01 1.277630541719597945e-01
1.171671671671671788e+01 1.278970205855611553e-01
1.172672672672672789e+01 1.280309869991624883e-01
1.173673673673673790e+01 1.281649583008830084e-01
1.174674674674674790e+01 1.282989303226981792e-01
1.175675675675675791e+01 1.284329023445133777e-01
1.176676676676676792e+01 1.285668863763004821e-01
1.177677677677677792e+01 1.287008726837965966e-01
1.178678678678678793e+01 1.288348589912927111e-01
1.179679679679679793e+01 1.289688638975595991e-01
1.180680680680680794e+01 1.291028731721720335e-01
1.181681681681681795e+01 1.292368824467844679e-01
1.182682682682682795e+01 1.293709163750711433e-01
1.183683683683683796e+01 1.295049573015955302e-01
1.184684684684684797e+01 1.296389982281199449e-01
1.185685685685685797e+01 1.297730693285789882e-01
1.186686686686686798e+01 1.299071505945881833e-01
1.187687687687687799e+01 1.300412318605974060e-01
1.188688688688688799e+01 1.301753482855010358e-01
1.189689689689689800e+01 1.303094785807870915e-01
1.190690690690690801e+01 1.304436088760731749e-01
1.191691691691691801e+01 1.305777787793403755e-01
1.192692692692692802e+01 1.307119667953801356e-01
1.193693693693693803e+01 1.308461548114198403e-01
1.194694694694694803e+01 1.309803863481644459e-01
1.195695695695695804e+01 1.311146407776100919e-01
1.196696696696696804e+01 1.312488952070557102e-01
1.197697697697697805e+01 1.313831965331547502e-01
1.198698698698698806e+01 1.315175260693483006e-01
1.199699699699699806e+01 1.316518556055418232e-01
1.200700700700700807e+01 1.317862348772239067e-01
1.201701701701701808e+01 1.319206482137351144e-01
1.202702702702702808e+01 1.320550615502463221e-01
1.203703703703703809e+01 1.321895269237000903e-01
1.204704704704704810e+01 1.323240327538880157e-01
1.205705705705705810e+01 1.324585385840759411e-01
1.206706706706706811e+01 1.325930982150781978e-01
1.207707707707707812e+01 1.327277052316763462e-01
1.208708708708708812e+01 1.328623122482744945e-01
1.209709709709709813e+01 1.329969742918379882e-01
1.210710710710710813e+01 1.331316911865618735e-01
1.211711711711711814e+01 1.332664080812857588e-01
1.212712712712712815e+01 1.334011806913263098e-01
1.213713713713713815e+01 1.335360161545045277e-01
1.214714714714714816e+01 1.336708516176827455e-01
1.215715715715715817e+01 1.338057429467054971e-01
1.216716716716716817e+01 1.339407056669326967e-01
1.217717717717717818e+01 1.340756683871599519e-01
1.218718718718718819e+01 1.342106865859643283e-01
1.219719719719719819e+01 1.343457852497768057e-01
1.220720720720720820e+01 1.344808839135892553e-01
1.221721721721721821e+01 1.346160371309930159e-01
1.222722722722722821e+01 1.347512804225659833e-01
1.223723723723723822e+01 1.348865237141389506e-01
1.224724724724724823e+01 1.350218200967205628e-01
1.225725725725725823e+01 1.351572166975879008e-01
1.226726726726726824e+01 1.352926132984552388e-01
1.227727727727727824e+01 1.354280609903146526e-01
1.228728728728728825e+01 1.355636195791086185e-01
1.229729729729729826e+01 1.356991781679026121e-01
1.230730730730730826e+01 1.358347853104395764e-01
1.231731731731731827e+01 1.359705145626535772e-01
1.232732732732732828e+01 1.361062438148675502e-01
1.233733733733733828e+01 1.362420185465786637e-01
1.234734734734734829e+01 1.363779271343491251e-01
1.235735735735735830e+01 1.365138357221195586e-01
1.236736736736736830e+01 1.366497861784118917e-01
1.237737737737737831e+01 1.367858827703219426e-01
1.238738738738738832e+01 1.369219793622320214e-01
1.239739739739739832e+01 1.370581136752549167e-01
1.240740740740740833e+01 1.371944069361578644e-01
1.241741741741741833e+01 1.373307001970608399e-01
1.242742742742742834e+01 1.374670264955543120e-01
1.243743743743743835e+01 1.376035250864170167e-01
1.244744744744744835e+01 1.377400236772796938e-01
1.245745745745745836e+01 1.378765500864398141e-01
1.246746746746746837e+01 1.380132626642057991e-01
1.247747747747747837e+01 1.381499752419718119e-01
1.248748748748748838e+01 1.382867098833326924e-01
1.249749749749749839e+01 1.384236451008052649e-01
1.250750750750750839e+01 1.385605803182778095e-01
1.251751751751751840e+01 1.386975313096104057e-01
1.252752752752752841e+01 1.388346978153535416e-01
1.253753753753753841e+01 1.389718643210966775e-01
1.254754754754754842e+01 1.391090397763227182e-01
1.255755755755755843e+01 1.392464462145820980e-01
1.256756756756756843e+01 1.393838526528415056e-01
1.257757757757757844e+01 1.395212606819641599e-01
1.258758758758758844e+01 1.396589156926057174e-01
1.259759759759759845e+01 1.397965707032472193e-01
1.260760760760760846e+01 1.399342257138887491e-01
1.261761761761761846e+01 1.400721316307639019e-01
1.262762762762762847e+01 1.402100438492308032e-01
1.263763763763763848e+01 1.403479560676976490e-01
1.264764764764764848e+01 1.404861193975144307e-01
1.265765765765765849e+01 1.406242974548018443e-01
1.266766766766766850e+01 1.407624755120892857e-01
1.267767767767767850e+01 1.409009043483760992e-01
1.268768768768768851e+01 1.410393568710234802e-01
1.269769769769769852e+01 1.411778093936708611e-01
1.270770770770770852e+01 1.413165118259217534e-01
1.271771771771771853e+01 1.414552474360220857e-01
1.272772772772772854e+01 1.415939830461224735e-01
1.273773773773773854e+01 1.417329671598193119e-01
1.274774774774774855e+01 1.418719944750452544e-01
1.275775775775775855e+01 1.420110217902712246e-01
1.276776776776776856e+01 1.421502956669205564e-01
1.277777777777777857e+01 1.422896233005671862e-01
1.278778778778778857e+01 1.424289509342138438e-01
1.279779779779779858e+01 1.425685226513965786e-01
1.280780780780780859e+01 1.427081592124398723e-01
1.281781781781781859e+01 1.428477957734831660e-01
1.282782782782782860e+01 1.429876734049183029e-01
1.283783783783783861e+01 1.431276274980899654e-01
1.284784784784784861e+01 1.432675815912615724e-01
1.285785785785785862e+01 1.434077732068825273e-01
1.286786786786786863e+01 1.435480534327594759e-01
1.287787787787787863e+01 1.436883336586364801e-01
1.288788788788788864e+01 1.438288473246803756e-01
1.289789789789789864e+01 1.439694622797901280e-01
1.290790790790790865e+01 1.441100772348998804e-01
1.291791791791791866e+01 1.442509210140098530e-01
1.292792792792792866e+01 1.443918792909504034e-01
1.293793793793793867e+01 1.445328375678909261e-01
1.294794794794794868e+01 1.446740195192297018e-01
1.295795795795795868e+01 1.448153297068030809e-01
1.296796796796796869e+01 1.449566398943764878e-01
1.297797797797797870e+01 1.450981680737527812e-01
1.298798798798798870e+01 1.452398387571139926e-01
1.299799799799799871e+01 1.453815094404752317e-01
1.300800800800800872e+01 1.455233919004812471e-01
1.301801801801801872e+01 1.456654316612994438e-01
1.302802802802802873e+01 1.458074714221176404e-01
1.303803803803803874e+01 1.459497162122782299e-01
1.304804804804804874e+01 1.460921336289122685e-01
1.305805805805805875e+01 1.462345510455462794e-01
1.306806806806806875e+01 1.463771662124793704e-01
1.307807807807807876e+01 1.465199698601661882e-01
1.308808808808808877e+01 1.466627735078530337e-01
1.309809809809809877e+01 1.468057670954401039e-01
1.310810810810810878e+01 1.469489655464947253e-01
1.311811811811811879e+01 1.470921639975493467e-01
1.312812812812812879e+01 1.472355440471171950e-01
1.313813813813813880e+01 1.473791458711465607e-01
1.314814814814814881e+01 1.475227476951759265e-01
1.315815815815815881e+01 1.476665222456883531e-01
1.316816816816816882e+01 1.478105360098156407e-01
1.317817817817817883e+01 1.479545497739429283e-01
1.318818818818818883e+01 1.480987268622021014e-01
1.319819819819819884e+01 1.482431611313033692e-01
1.320820820820820884e+01 1.483875954004046094e-01
1.321821821821821885e+01 1.485321830612624516e-01
1.322822822822822886e+01 1.486770463982142465e-01
1.323823823823823886e+01 1.488219097351660691e-01
1.324824824824824887e+01 1.489669160017445815e-01
1.325825825825825888e+01 1.491122169676820097e-01
1.326826826826826888e+01 1.492575179336194380e-01
1.327827827827827889e+01 1.494029508375402659e-01
1.328828828828828890e+01 1.495486979921263615e-01
1.329829829829829890e+01 1.496944451467124571e-01
1.330830830830830891e+01 1.498403127183353112e-01
1.331831831831831892e+01 1.499865146200390631e-01
1.332832832832832892e+01 1.501327165217427873e-01
1.333833833833833893e+01 1.502790267904116073e-01
1.334834834834834894e+01 1.504256919967972006e-01
1.335835835835835894e+01 1.505723572031827662e-01
1.336836836836836895e+01 1.507191181974811001e-01
1.337837837837837895e+01 1.508662552655057054e-01
1.338838838838838896e+01 1.510133923335303663e-01
1.339839839839839897e+01 1.511606120815436605e-01
1.340840840840840897e+01 1.513082295678639111e-01
1.341841841841841898e+01 1.514558470541841617e-01
1.342842842842842899e+01 1.516035335837698506e-01
1.343843843843843899e+01 1.517516400450578673e-01
1.344844844844844900e+01 1.518997465063458840e-01
1.345845845845845901e+01 1.520479078454111121e-01
1.346846846846846901e+01 1.521965118386776339e-01
1.347847847847847902e+01 1.523451158319441279e-01
1.348848848848848903e+01 1.524937600087296341e-01
1.349849849849849903e+01 1.526428700916562797e-01
1.350850850850850904e+01 1.527919801745829531e-01
1.351851851851851904e+01 1.529411152179545874e-01
1.352852852852852905e+01 1.530907399492324183e-01
1.353853853853853906e+01 1.532403646805102493e-01
1.354854854854854906e+01 1.533899986202558741e-01
1.355855855855855907e+01 1.535401465599319504e-01
1.356856856856856908e+01 1.536902944996079989e-01
1.357857857857857908e+01 1.538404424392841030e-01
1.358858858858858909e+01 1.539911150765715664e-01
1.359859859859859910e+01 1.541417947864021087e-01
1.360860860860860910e+01 1.542924744962326511e-01
1.361861861861861911e+01 1.544436706572803464e-01
1.362862862862862912e+01 1.545948907010899487e-01
1.363863863863863912e+01 1.547461107448994955e-01
1.364864864864864913e+01 1.548978384665390950e-01
1.365865865865865914e+01 1.550496074105865152e-01
1.366866866866866914e+01 1.552013763546339908e-01
1.367867867867867915e+01 1.553536436762376349e-01
1.368868868868868915e+01 1.555059700895873309e-01
1.369869869869869916e+01 1.556582965029369992e-01
1.370870870870870917e+01 1.558111114667474206e-01
1.371871871871871917e+01 1.559640039216459162e-01
1.372872872872872918e+01 1.561168963765443563e-01
1.373873873873873919e+01 1.562702670280090578e-01
1.374874874874874919e+01 1.564237341002666648e-01
1.375875875875875920e+01 1.565772011725242163e-01
1.376876876876876921e+01 1.567311355606338108e-01
1.377877877877877921e+01 1.568851858300111257e-01
1.378878878878878922e+01 1.570392360993884406e-01
1.379879879879879923e+01 1.571937422770185722e-01
1.380880880880880923e+01 1.573483843276170802e-01
1.381881881881881924e+01 1.575030263782155882e-01
1.382882882882882924e+01 1.576581124024723224e-01
1.383883883883883925e+01 1.578133548231292760e-01
1.384884884884884926e+01 1.579685972437862573e-01
1.385885885885885926e+01 1.581242711763544417e-01
1.386886886886886927e+01 1.582801225610408480e-01
1.387887887887887928e+01 1.584359739457272265e-01
1.388888888888888928e+01 1.585922438532217926e-01
1.389889889889889929e+01 1.587487128014439530e-01
1.390890890890890930e+01 1.589051817496661134e-01
1.391891891891891930e+01 1.590620557039857941e-01
1.392892892892892931e+01 1.592191508211899531e-01
1.393893893893893932e+01 1.593762459383941121e-01
1.394894894894894932e+01 1.595337320170776008e-01
1.395895895895895933e+01 1.596914619150567316e-01
1.396896896896896934e+01 1.598491918130359180e-01
1.397897897897897934e+01 1.600072980996199434e-01
1.398898898898898935e+01 1.601656713969236145e-01
1.399899899899899935e+01 1.603240446942273134e-01
1.400900900900900936e+01 1.604827792786063523e-01
1.401901901901901937e+01 1.606418046009512879e-01
1.402902902902902937e+01 1.608008299232962512e-01
1.403903903903903938e+01 1.609602009020839608e-01
1.404904904904904939e+01 1.611198868827674602e-01
1.405905905905905939e+01 1.612795728634510151e-01
1.406906906906906940e+01 1.614395883403424437e-01
1.407907907907907941e+01 1.615999436206561057e-01
1.408908908908908941e+01 1.617602989009697956e-01
1.409909909909909942e+01 1.619209669871049251e-01
1.410910910910910943e+01 1.620820002167499829e-01
1.411911911911911943e+01 1.622430334463950130e-01
1.412912912912912944e+01 1.624043622607227177e-01
1.413913913913913944e+01 1.625660820982252897e-01
1.414914914914914945e+01 1.627278019357278616e-01
1.415915915915915946e+01 1.628897996053702557e-01
1.416916916916916946e+01 1.630522147184979564e-01
1.417917917917917947e+01 1.632146298316256572e-01
1.418918918918918948e+01 1.633773044922428308e-01
1.419919919919919948e+01 1.635404235584203003e-01
1.420920920920920949e+01 1.637035426245977698e-01
1.421921921921921950e+01 1.638669024207519975e-01
1.422922922922922950e+01 1.640307341274763464e-01
1.423923923923923951e+01 1.641945658342006675e-01
1.424924924924924952e+01 1.643586189197205061e-01
1.425925925925925952e+01 1.645231719649768998e-01
1.426926926926926953e+01 1.646877250102333212e-01
1.427927927927927954e+01 1.648524795485773464e-01
1.428928928928928954e+01 1.650177626412526188e-01
1.429929929929929955e+01 1.651830457339278913e-01
1.430930930930930955e+01 1.653485098985469082e-01
1.431931931931931956e+01 1.655145317588425924e-01
1.432932932932932957e+01 1.656805536191383321e-01
1.433933933933933957e+01 1.658467355938371413e-01
1.434934934934934958e+01 1.660135049536804741e-01
1.435935935935935959e+01 1.661802743135238070e-01
1.436936936936936959e+01 1.663471822928209720e-01
1.437937937937937960e+01 1.665147078962750105e-01
1.438938938938938961e+01 1.666822334997290767e-01
1.439939939939939961e+01 1.668498756892160539e-01
1.440940940940940962e+01 1.670181662928861555e-01
1.441941941941941963e+01 1.671864568965562570e-01
1.442942942942942963e+01 1.673548415132533052e-01
1.443943943943943964e+01 1.675239058866926090e-01
1.444944944944944965e+01 1.676929702601318850e-01
1.445945945945945965e+01 1.678621055328433087e-01
1.446946946946946966e+01 1.680319524589550528e-01
1.447947947947947966e+01 1.682017993850667692e-01
1.448948948948948967e+01 1.683716935547331373e-01
1.449949949949949968e+01 1.685423318301693674e-01
1.450950950950950968e+01 1.687129701056056252e-01
1.451951951951951969e+01 1.688836314256533799e-01
1.452952952952952970e+01 1.690550698612118818e-01
1.453953953953953970e+01 1.692265082967703838e-01
1.454954954954954971e+01 1.693979467323288857e-01
1.455955955955955972e+01 1.695701924544753270e-01
1.456956956956956972e+01 1.697424398754912300e-01
1.457957957957957973e+01 1.699146872965071609e-01
1.458958958958958974e+01 1.700877255549938794e-01
1.459959959959959974e+01 1.702607908017293448e-01
1.460960960960960975e+01 1.704338560484648102e-01
1.461961961961961975e+01 1.706076951515583529e-01
1.462962962962962976e+01 1.707815870795865165e-01
1.463963963963963977e+01 1.709554790076146802e-01
1.464964964964964977e+01 1.711301272778180671e-01
1.465965965965965978e+01 1.713048547584039294e-01
1.466966966966966979e+01 1.714795822389898194e-01
1.467967967967967979e+01 1.716550480133720302e-01
1.468968968968968980e+01 1.718306199338485163e-01
1.469969969969969981e+01 1.720061918543249746e-01
1.470970970970970981e+01 1.721824834848462160e-01
1.471971971971971982e+01 1.723589087489849070e-01
1.472972972972972983e+01 1.725353340131236257e-01
1.473973973973973983e+01 1.727124598669565192e-01
1.474974974974974984e+01 1.728897473953342201e-01
1.475975975975975985e+01 1.730670349237118932e-01
1.476976976976976985e+01 1.732450033835584158e-01
1.477977977977977986e+01 1.734231621139176727e-01
1.478978978978978986e+01 1.736013208442769573e-01
1.479979979979979987e+01 1.737801403086802754e-01
1.480980980980980988e+01 1.739591791962848411e-01
1.481981981981981988e+01 1.741382180838894067e-01
1.482982982982982989e+01 1.743178969675416023e-01
1.483983983983983990e+01 1.744978249855262953e-01
1.484984984984984990e+01 1.746777530035110160e-01
1.485985985985985991e+01 1.748582997375550119e-01
1.486986986986986992e+01 1.750391258772690251e-01
1.487987987987987992e+01 1.752199520169830105e-01
1.488988988988988993e+01 1.754013750493101098e-01
1.489989989989989994e+01 1.755831083206549625e-01
1.490990990990990994e+01 1.757648415919998430e-01
1.491991991991991995e+01 1.759471493875412462e-01
1.492992992992992995e+01 1.761297988193016029e-01
1.493993993993993996e+01 1.763124482510619317e-01
1.494994994994994997e+01 1.764956492920752296e-01
1.495995995995995997e+01 1.766792239322437508e-01
1.496996996996996998e+01 1.768627985724122442e-01
1.497997997997997999e+01 1.770469013587619433e-01
1.498998998998998999e+01 1.772314102748568099e-01
1.500000000000000000e+01 1.774159191909516486e-01
