5.000000000000000000e+00 1.115843548075236280e-02
5.010010010010010006e+00 1.127927766535726829e-02
5.020020020020020013e+00 1.140011984996217032e-02
5.030030030030030019e+00 1.152096203456707407e-02
5.040040040040040026e+00 1.164180421917197783e-02
5.050050050050050032e+00 1.176264640377688159e-02
5.060060060060060039e+00 1.188348858838178361e-02
5.070070070070070045e+00 1.200433077298668563e-02
5.080080080080080052e+00 1.212517295759159112e-02
5.090090090090090058e+00 1.224601514219649315e-02
5.100100100100100065e+00 1.236723539362638222e-02
5.110110110110110071e+00 1.249003952335315561e-02
5.120120120120120077e+00 1.261284365307993073e-02
5.130130130130130084e+00 1.273580111463209000e-02
5.140140140140140090e+00 1.286055355217823916e-02
5.150150150150150097e+00 1.298530598972438485e-02
5.160160160160160103e+00 1.311005842727053401e-02
5.170170170170170110e+00 1.323667667041742747e-02
5.180180180180180116e+00 1.336336318653799995e-02
5.190190190190190123e+00 1.349004970265857070e-02
5.200200200200200129e+00 1.361836894677625510e-02
5.210210210210210136e+00 1.374697473878387644e-02
5.220220220220220142e+00 1.387558053079149777e-02
5.230230230230230148e+00 1.400558893904871663e-02
5.240240240240240155e+00 1.413609864886494066e-02
5.250250250250250161e+00 1.426660835868116470e-02
5.260260260260260168e+00 1.439829373976712554e-02
5.270270270270270174e+00 1.453069147153571682e-02
5.280280280280280181e+00 1.466308920330430463e-02
5.290290290290290187e+00 1.479643902079335466e-02
5.300300300300300194e+00 1.493070835806707686e-02
5.310310310310310200e+00 1.506497769534079732e-02
5.320320320320320207e+00 1.519997907687907317e-02
5.330330330330330213e+00 1.533610309939361857e-02
5.340340340340340219e+00 1.547222712190816224e-02
5.350350350350350226e+00 1.560886686822658513e-02
5.360360360360360232e+00 1.574682816827542922e-02
5.370370370370370239e+00 1.588478946832427158e-02
5.380380380380380245e+00 1.602305406208254235e-02
5.390390390390390252e+00 1.616283476050826493e-02
5.400400400400400258e+00 1.630261545893398750e-02
5.410410410410410265e+00 1.644249107340045937e-02
5.420420420420420271e+00 1.658407283521804929e-02
5.430430430430430278e+00 1.672565459703563920e-02
5.440440440440440284e+00 1.686723635885322911e-02
5.450450450450450290e+00 1.701049115427634081e-02
5.460460460460460297e+00 1.715385520394470051e-02
5.470470470470470303e+00 1.729721925361306367e-02
5.480480480480480310e+00 1.744203732087467110e-02
5.490490490490490316e+00 1.758716445723304198e-02
5.500500500500500323e+00 1.773229159359141285e-02
5.510510510510510329e+00 1.787865781729633743e-02
5.520520520520520336e+00 1.802552842818200968e-02
5.530530530530530342e+00 1.817239903906768539e-02
5.540540540540540349e+00 1.832029804192364386e-02
5.550550550550550355e+00 1.846889211848769252e-02
5.560560560560560361e+00 1.861748619505174118e-02
5.570570570570570368e+00 1.876690234551936162e-02
5.580580580580580374e+00 1.891719949625695479e-02
5.590590590590590381e+00 1.906749664699454797e-02
5.600600600600600387e+00 1.921841406682052791e-02
5.610610610610610394e+00 1.937039353133186703e-02
5.620620620620620400e+00 1.952237299584320962e-02
5.630630630630630407e+00 1.967477556748176842e-02
5.640640640640640413e+00 1.982841622997984221e-02
5.650650650650650419e+00 1.998205689247791253e-02
5.660660660660660426e+00 2.013592826640553390e-02
5.670670670670670432e+00 2.029120866898567743e-02
5.680680680680680439e+00 2.044648907156582443e-02
5.690690690690690445e+00 2.060181267349391401e-02
5.700700700700700452e+00 2.075871102918067090e-02
5.710710710710710458e+00 2.091560938486743126e-02
5.720720720720720465e+00 2.107250774055418469e-02
5.730730730730730471e+00 2.123086262844320338e-02
5.740740740740740478e+00 2.138935683402834464e-02
5.750750750750750484e+00 2.154785103961349285e-02
5.760760760760760490e+00 2.170760195420313315e-02
5.770770770770770497e+00 2.186766960288894293e-02
5.780780780780780503e+00 2.202773725157474924e-02
5.790790790790790510e+00 2.218886669548180215e-02
5.800800800800800516e+00 2.235048508934250541e-02
5.810810810810810523e+00 2.251210348320320173e-02
5.820820820820820529e+00 2.267459377449724395e-02
5.830830830830830536e+00 2.283773993677101419e-02
5.840840840840840542e+00 2.300088609904479137e-02
5.850850850850850549e+00 2.316471937786295648e-02
5.860860860860860555e+00 2.332937006508612604e-02
5.870870870870870561e+00 2.349402075230929560e-02
5.880880880880880568e+00 2.365917898740692998e-02
5.890890890890890574e+00 2.382531070140122068e-02
5.900900900900900581e+00 2.399144241539551137e-02
5.910910910910910587e+00 2.415790741063595162e-02
5.920920920920920594e+00 2.432549641035892593e-02
5.930930930930930600e+00 2.449308541008190371e-02
5.940940940940940607e+00 2.466083881086850865e-02
5.950950950950950613e+00 2.482986112413661239e-02
5.960960960960960620e+00 2.499888343740471613e-02
5.970970970970970626e+00 2.516790673705809889e-02
5.980980980980980632e+00 2.533833817215071227e-02
5.990990990990990639e+00 2.550876960724332565e-02
6.001001001001000645e+00 2.567920104233593903e-02
6.011011011011010652e+00 2.585086031047899649e-02
6.021021021021020658e+00 2.602267646763143163e-02
6.031031031031030665e+00 2.619449262478386678e-02
6.041041041041040671e+00 2.636735975101841753e-02
6.051051051051050678e+00 2.654053603381096443e-02
6.061061061061060684e+00 2.671371231660351481e-02
6.071071071071070691e+00 2.688776819039433857e-02
6.081081081081080697e+00 2.706227981704339286e-02
6.091091091091090703e+00 2.723679144369244368e-02
6.101101101101100710e+00 2.741201683863514829e-02
6.111111111111110716e+00 2.758783885319250617e-02
6.121121121121120723e+00 2.776366086774986405e-02
6.131131131131130729e+00 2.794003644762553182e-02
6.141141141141140736e+00 2.811714373109003642e-02
6.151151151151150742e+00 2.829425101455454797e-02
6.161161161161160749e+00 2.847175733934828590e-02
6.171171171171170755e+00 2.865012462069478280e-02
6.181181181181180762e+00 2.882849190204128317e-02
6.191191191191190768e+00 2.900710943392578386e-02
6.201201201201200774e+00 2.918671130105420994e-02
6.211211211211210781e+00 2.936631316818263948e-02
6.221221221221220787e+00 2.954602227746771365e-02
6.231231231231230794e+00 2.972683318807580258e-02
6.241241241241240800e+00 2.990764409868389151e-02
6.251251251251250807e+00 3.008845500929198044e-02
6.261261261261260813e+00 3.027041936211463669e-02
6.271271271271270820e+00 3.045241365449616322e-02
6.281281281281280826e+00 3.063440794687768629e-02
6.291291291291290833e+00 3.081739859538160098e-02
6.301301301301300839e+00 3.100055049915198188e-02
6.311311311311310845e+00 3.118370240292236625e-02
6.321321321321320852e+00 3.136769937917607137e-02
6.331331331331330858e+00 3.155198302592666232e-02
6.341341341341340865e+00 3.173626667267725326e-02
6.351351351351350871e+00 3.192124995094560574e-02
6.361361361361360878e+00 3.210663938482714863e-02
6.371371371371370884e+00 3.229202881870869846e-02
6.381381381381380891e+00 3.247797832117364780e-02
6.391391391391390897e+00 3.266444750940916686e-02
6.401401401401400904e+00 3.285091669764469285e-02
6.411411411411410910e+00 3.303781230009568415e-02
6.421421421421420916e+00 3.322533514342257410e-02
6.431431431431430923e+00 3.341285798674945018e-02
6.441441441441440929e+00 3.360067952424312943e-02
6.451451451451450936e+00 3.378922986728377653e-02
6.461461461461460942e+00 3.397778021032442364e-02
6.471471471471470949e+00 3.416650748281339911e-02
6.481481481481480955e+00 3.435605912437317278e-02
6.491491491491490962e+00 3.454561076593294644e-02
6.501501501501500968e+00 3.473522354386329031e-02
6.511511511511510975e+00 3.492575024715457999e-02
6.521521521521520981e+00 3.511627695044586273e-02
6.531531531531530987e+00 3.530680365373714547e-02
6.541541541541540994e+00 3.549823048311343682e-02
6.551551551551551000e+00 3.568970598590404109e-02
6.561561561561561007e+00 3.588118148869465229e-02
6.571571571571571013e+00 3.607342702050947425e-02
6.581581581581581020e+00 3.626582504519323957e-02
6.591591591591591026e+00 3.645822306987700490e-02
6.601601601601601033e+00 3.665126701393855990e-02
6.611611611611611927e+00 3.684456127752590293e-02
6.621621621621621934e+00 3.703785554111322514e-02
6.631631631631631940e+00 3.723167760969867124e-02
6.641641641641641947e+00 3.742584183372464623e-02
6.651651651651651953e+00 3.762000605775060735e-02
6.661661661661661959e+00 3.781458597095393309e-02
6.671671671671671966e+00 3.800959389130090932e-02
6.681681681681681972e+00 3.820460181164787861e-02
6.691691691691691979e+00 3.839991930269010673e-02
6.701701701701701985e+00 3.859574467932242597e-02
6.711711711711711992e+00 3.879157005595473828e-02
6.721721721721721998e+00 3.898760487645538259e-02
6.731731731731732005e+00 3.918422150306247881e-02
6.741741741741742011e+00 3.938083812966957503e-02
6.751751751751752018e+00 3.957757005487824026e-02
6.761761761761762024e+00 3.977495176842347352e-02
6.771771771771772030e+00 3.997233348196870678e-02
6.781781781781782037e+00 4.016974231595613065e-02
6.791791791791792043e+00 4.036786300612781736e-02
6.801801801801802050e+00 4.056598369629950407e-02
6.811811811811812056e+00 4.076410438647118384e-02
6.821821821821822063e+00 4.096288289566782370e-02
6.831831831831832069e+00 4.116171651422895900e-02
6.841841841841842076e+00 4.136055013279010123e-02
6.851851851851852082e+00 4.155993928900695439e-02
6.861861861861862089e+00 4.175945985904046948e-02
6.871871871871872095e+00 4.195898042907399844e-02
6.881881881881882101e+00 4.215896023402453119e-02
6.891891891891892108e+00 4.235914185907031088e-02
6.901901901901902114e+00 4.255932348411609750e-02
6.911911911911912121e+00 4.275987399769552028e-02
6.921921921921922127e+00 4.296069087077581533e-02
6.931931931931932134e+00 4.316150774385611039e-02
6.941941941941942140e+00 4.336260908899745165e-02
6.951951951951952147e+00 4.356403550152718185e-02
6.961961961961962153e+00 4.376546191405690511e-02
6.971971971971972160e+00 4.396709428153633414e-02
6.981981981981982166e+00 4.416910463211454196e-02
6.991991991991992172e+00 4.437111498269274978e-02
7.002002002002002179e+00 4.457325863588293413e-02
7.012012012012012185e+00 4.477582743896209999e-02
7.022022022022022192e+00 4.497839624204125891e-02
7.032032032032032198e+00 4.518103152161186825e-02
7.042042042042042205e+00 4.538413341604181223e-02
7.052052052052052211e+00 4.558723531047176314e-02
7.062062062062062218e+00 4.579034263903593999e-02
7.072072072072072224e+00 4.599395239647842415e-02
7.082082082082082231e+00 4.619756215392091525e-02
7.092092092092092237e+00 4.640117191136339941e-02
7.102102102102102243e+00 4.660521457383758059e-02
7.112112112112112250e+00 4.680930710704866299e-02
7.122122122122122256e+00 4.701339964025973844e-02
7.132132132132132263e+00 4.721785052309001446e-02
7.142142142142142269e+00 4.742240089406676851e-02
7.152152152152152276e+00 4.762695126504352949e-02
7.162162162162162282e+00 4.783179122124409793e-02
7.172172172172172289e+00 4.803677464923269275e-02
7.182182182182182295e+00 4.824175807722128756e-02
7.192192192192192302e+00 4.844696806763960917e-02
7.202202202202202308e+00 4.865235993700141315e-02
7.212212212212212314e+00 4.885775180636322407e-02
7.222222222222222321e+00 4.906331290389533833e-02
7.232232232232232327e+00 4.926908877182829133e-02
7.242242242242242334e+00 4.947486463976125126e-02
7.252252252252252340e+00 4.968075803350404523e-02
7.262262262262262347e+00 4.988689363761651674e-02
7.272272272272272353e+00 5.009302924172897437e-02
7.282282282282282360e+00 5.029923624106834995e-02
7.292292292292292366e+00 5.050570750680237475e-02
7.302302302302302373e+00 5.071217877253641343e-02
7.312312312312312379e+00 5.091868081117043032e-02
7.322322322322322385e+00 5.112546385907237867e-02
7.332332332332332392e+00 5.133224690697434089e-02
7.342342342342342398e+00 5.153902995487629618e-02
7.352352352352352405e+00 5.174609669970631903e-02
7.362362362362362411e+00 5.195316785254182335e-02
7.372372372372372418e+00 5.216023900537732766e-02
7.382382382382382424e+00 5.236754057754065134e-02
7.392392392392392431e+00 5.257487636725202002e-02
7.402402402402402437e+00 5.278221215696338869e-02
7.412412412412412444e+00 5.298973060254705963e-02
7.422422422422422450e+00 5.319730777705069386e-02
7.432432432432432456e+00 5.340488495155432808e-02
7.442442442442442463e+00 5.361260246302105431e-02
7.452452452452452469e+00 5.382039799284302900e-02
7.462462462462462476e+00 5.402819352266500369e-02
7.472472472472472482e+00 5.423609244237613536e-02
7.482482482482482489e+00 5.444408352712371002e-02
7.492492492492492495e+00 5.465207461187127774e-02
7.502502502502502502e+00 5.486013743553878191e-02
7.512512512512512508e+00 5.506830151020663394e-02
7.522522522522522515e+00 5.527646558487449291e-02
7.532532532532532521e+00 5.548467496494118717e-02
7.542542542542542527e+00 5.569298970605015414e-02
7.552552552552552534e+00 5.590130444715912111e-02
7.562562562562562540e+00 5.610964319610670104e-02
7.572572572572572547e+00 5.631808652767422707e-02
7.582582582582582553e+00 5.652652985924174617e-02
7.592592592592592560e+00 5.673498095282635684e-02
7.602602602602602566e+00 5.694353105216660993e-02
7.612612612612612573e+00 5.715208115150686996e-02
7.622622622622622579e+00 5.736063125084713693e-02
7.632632632632632586e+00 5.756926303527483413e-02
7.642642642642642592e+00 5.777789833862827240e-02
7.652652652652652598e+00 5.798653364198171761e-02
7.662662662662662605e+00 5.819522292558204635e-02
7.672672672672672611e+00 5.840392213357251117e-02
7.682682682682682618e+00 5.861262134156297599e-02
7.692692692692692624e+00 5.882135187826380285e-02
7.702702702702702631e+00 5.903009396118291674e-02
7.712712712712712637e+00 5.923883604410202369e-02
7.722722722722722644e+00 5.944759176842444315e-02
7.732732732732732650e+00 5.965635597134241741e-02
7.742742742742742657e+00 5.986512017426040555e-02
7.752752752752752663e+00 6.007388520401149568e-02
7.762762762762762669e+00 6.028265105171386196e-02
7.772772772772772676e+00 6.049141689941622824e-02
7.782782782782782682e+00 6.070017553830676926e-02
7.792792792792792689e+00 6.090892284005638285e-02
7.802802802802802695e+00 6.111767014180600338e-02
7.812812812812812702e+00 6.132640688199304108e-02
7.822822822822822708e+00 6.153511573611765428e-02
7.832832832832832715e+00 6.174382459024227443e-02
7.842842842842842721e+00 6.195252411479661159e-02
7.852852852852852727e+00 6.216117491310123311e-02
7.862862862862862734e+00 6.236982571140584075e-02
7.872872872872872740e+00 6.257847289670424862e-02
7.882882882882882747e+00 6.278704632870883706e-02
7.892892892892892753e+00 6.299561976071343938e-02
7.902902902902902760e+00 6.320419319271802783e-02
7.912912912912912766e+00 6.341267673575802510e-02
7.922922922922922773e+00 6.362115379276035709e-02
7.932932932932932779e+00 6.382963084976268908e-02
7.942942942942942786e+00 6.403801369237528684e-02
7.952952952952952792e+00 6.424637567133958949e-02
7.962962962962962798e+00 6.445473765030389213e-02
7.972972972972972805e+00 6.466300557176615782e-02
7.982982982982982811e+00 6.487123407903751249e-02
7.992992992992992818e+00 6.507946258630886716e-02
8.003003003003001936e+00 6.528760157156228427e-02
8.013013013013011943e+00 6.549567852640786336e-02
8.023023023023021949e+00 6.570375548125342857e-02
8.033033033033031955e+00 6.591175172274787997e-02
8.043043043043041962e+00 6.611965936072511374e-02
8.053053053053051968e+00 6.632756699870236139e-02
8.063063063063061975e+00 6.653540689816599130e-02
8.073073073073071981e+00 6.674312777431905264e-02
8.083083083083081988e+00 6.695084865047212785e-02
8.093093093093091994e+00 6.715851882060776268e-02
8.103103103103102001e+00 6.736603581249288319e-02
8.113113113113112007e+00 6.757355280437798983e-02
8.123123123123122014e+00 6.778104007048600665e-02
8.133133133133132020e+00 6.798833638102666499e-02
8.143143143143142026e+00 6.819563269156733720e-02
8.153153153153152033e+00 6.840292409309539634e-02
8.163163163163162039e+00 6.860998325326855829e-02
8.173173173173172046e+00 6.881704241344172024e-02
8.183183183183182052e+00 6.902410157361489607e-02
8.193193193193192059e+00 6.923093107681663194e-02
8.203203203203202065e+00 6.943773694817162445e-02
8.213213213213213848e+00 6.964454281952667247e-02
8.223223223223223854e+00 6.985113537979481535e-02
8.233233233233233861e+00 7.005767215680534787e-02
8.243243243243243867e+00 7.026420893381590815e-02
8.253253253253253874e+00 7.047055257672467377e-02
8.263263263263263880e+00 7.067680478897647722e-02
8.273273273273273887e+00 7.088305700122825292e-02
8.283283283283283893e+00 7.108913997399839146e-02
8.293293293293293900e+00 7.129509248821287726e-02
8.303303303303303906e+00 7.150104500242737693e-02
8.313313313313313913e+00 7.170685577495429508e-02
8.323323323323323919e+00 7.191249379685107912e-02
8.333333333333333925e+00 7.211813181874787704e-02
8.343343343343343932e+00 7.232365908456080128e-02
8.353353353353353938e+00 7.252896816055950935e-02
8.363363363363363945e+00 7.273427723655823129e-02
8.373373373373373951e+00 7.293950991371078718e-02
8.383383383383383958e+00 7.314447593247487556e-02
8.393393393393393964e+00 7.334944195123896393e-02
8.403403403403403971e+00 7.355436918313210115e-02
8.413413413413413977e+00 7.375897837695623294e-02
8.423423423423423984e+00 7.396358757078037860e-02
8.433433433433433990e+00 7.416819676460452426e-02
8.443443443443443996e+00 7.437243767296058961e-02
8.453453453453454003e+00 7.457667661900341249e-02
8.463463463463464009e+00 7.478091556504623538e-02
8.473473473473474016e+00 7.498481691704463048e-02
8.483483483483484022e+00 7.518867253840888498e-02
8.493493493493494029e+00 7.539252815977312561e-02
8.503503503503504035e+00 7.559608012599738913e-02
8.513513513513514042e+00 7.579953969265969260e-02
8.523523523523524048e+00 7.600299925932199607e-02
8.533533533533534055e+00 7.620619223910882201e-02
8.543543543543544061e+00 7.640924336870129341e-02
8.553553553553554067e+00 7.661229449829375093e-02
8.563563563563564074e+00 7.681511912007915610e-02
8.573573573573574080e+00 7.701774977852429704e-02
8.583583583583584087e+00 7.722038043696943799e-02
8.593593593593594093e+00 7.742282755857329835e-02
8.603603603603604100e+00 7.762502606057557208e-02
8.613613613613614106e+00 7.782722456257784582e-02
8.623623623623624113e+00 7.802928527142716231e-02
8.633633633633634119e+00 7.823104028082258909e-02
8.643643643643644126e+00 7.843279529021801588e-02
8.653653653653654132e+00 7.863446090350977025e-02
8.663663663663664138e+00 7.883576143347624521e-02
8.673673673673674145e+00 7.903706196344272017e-02
8.683683683683684151e+00 7.923832402824688981e-02
8.693693693693694158e+00 7.943915944137767970e-02
8.703703703703704164e+00 7.963999485450845572e-02
8.713713713713714171e+00 7.984083026763925950e-02
8.723723723723724177e+00 8.004120515605483988e-02
8.733733733733734184e+00 8.024156516429742370e-02
8.743743743743744190e+00 8.044192517254002139e-02
8.753753753753754197e+00 8.064187035745427889e-02
8.763763763763764203e+00 8.084174502191739109e-02
8.773773773773774209e+00 8.104161968638050328e-02
8.783783783783784216e+00 8.124112775335400050e-02
8.793793793793794222e+00 8.144050748398477813e-02
8.803803803803804229e+00 8.163988721461554188e-02
8.813813813813814235e+00 8.183895097846270728e-02
8.823823823823824242e+00 8.203782653359704968e-02
8.833833833833834248e+00 8.223670208873137821e-02
8.843843843843844255e+00 8.243531459321204458e-02
8.853853853853854261e+00 8.263367707900040604e-02
8.863863863863864268e+00 8.283203956478879526e-02
8.873873873873874274e+00 8.303019408224719677e-02
8.883883883883884280e+00 8.322803495195843504e-02
8.893893893893894287e+00 8.342587582166968718e-02
8.903903903903904293e+00 8.362356585262184505e-02
8.913913913913914300e+00 8.382087690582770700e-02
8.923923923923924306e+00 8.401818795903359671e-02
8.933933933933934313e+00 8.421540723170371778e-02
8.943943943943944319e+00 8.441218061334687661e-02
8.953953953953954326e+00 8.460895399499003544e-02
8.963963963963964332e+00 8.480569646479703405e-02
8.973973973973974338e+00 8.500192466414457915e-02
8.983983983983984345e+00 8.519815286349213812e-02
8.993993993993994351e+00 8.539438106283969709e-02
9.004004004004004358e+00 8.559008856197267145e-02
9.014014014014014364e+00 8.578576441145858988e-02
9.024024024024024371e+00 8.598144026094450831e-02
9.034034034034034377e+00 8.617665272167086832e-02
9.044044044044044384e+00 8.637176939562940525e-02
9.054054054054054390e+00 8.656688606958791443e-02
9.064064064064064397e+00 8.676159846586894986e-02
9.074074074074074403e+00 8.695614947916216475e-02
9.084084084084084409e+00 8.715070049245537964e-02
9.094094094094094416e+00 8.734490802143285437e-02
9.104104104104104422e+00 8.753888722797437127e-02
9.114114114114114429e+00 8.773286643451587430e-02
9.124124124124124435e+00 8.792656451566006892e-02
9.134134134134134442e+00 8.811996610683828224e-02
9.144144144144144448e+00 8.831336769801648168e-02
9.154154154154154455e+00 8.850655197223172843e-02
9.164164164164164461e+00 8.869937047523457352e-02
9.174174174174174468e+00 8.889218897823743248e-02
9.184184184184184474e+00 8.908485530692623888e-02
9.194194194194194480e+00 8.927708558297105246e-02
9.204204204204204487e+00 8.946931585901586603e-02
9.214214214214214493e+00 8.966146032310236269e-02
9.224224224224224500e+00 8.985309756557206817e-02
9.234234234234234506e+00 9.004473480804177365e-02
9.244244244244244513e+00 9.023635370695512470e-02
9.254254254254254519e+00 9.042739343944508623e-02
9.264264264264264526e+00 9.061843317193506164e-02
9.274274274274274532e+00 9.080947290442503705e-02
9.284284284284284539e+00 9.099996109683114454e-02
9.294294294294294545e+00 9.119039917110811910e-02
9.304304304304304551e+00 9.138083724538506591e-02
9.314314314314314558e+00 9.157078930054418642e-02
9.324324324324324564e+00 9.176062189442019124e-02
9.334334334334334571e+00 9.195045448829620993e-02
9.344344344344344577e+00 9.213986767850604331e-02
9.354354354354354584e+00 9.232909129363053857e-02
9.364364364364364590e+00 9.251831490875503383e-02
9.374374374374374597e+00 9.270718671808342304e-02
9.384384384384384603e+00 9.289579817765528102e-02
9.394394394394394610e+00 9.308440963722712513e-02
9.404404404404404616e+00 9.327273776023202456e-02
9.414414414414414622e+00 9.346073420663486564e-02
9.424424424424424629e+00 9.364873065303772059e-02
9.434434434434434635e+00 9.383651299345485697e-02
9.444444444444444642e+00 9.402389188581758428e-02
9.454454454454454648e+00 9.421127077818031159e-02
9.464464464464464655e+00 9.439850544757946715e-02
9.474474474474474661e+00 9.458526455926502541e-02
9.484484484484484668e+00 9.477202367095059754e-02
9.494494494494494674e+00 9.495870898736125110e-02
9.504504504504504681e+00 9.514484640338623234e-02
9.514514514514514687e+00 9.533098381941121358e-02
9.524524524524524693e+00 9.551711830591848307e-02
9.534534534534534700e+00 9.570263242030521700e-02
9.544544544544544706e+00 9.588814653469193705e-02
9.554554554554554713e+00 9.607366064907868486e-02
9.564564564564564719e+00 9.625861843106826854e-02
9.574574574574574726e+00 9.644350794413343586e-02
9.584584584584584732e+00 9.662839745719857543e-02
9.594594594594594739e+00 9.681280106869735724e-02
9.604604604604604745e+00 9.699706498427783374e-02
9.614614614614614752e+00 9.718132889985828249e-02
9.624624624624624758e+00 9.736517777109371385e-02
9.634634634634634764e+00 9.754881539371351717e-02
9.644644644644644771e+00 9.773245301633332049e-02
9.654654654654654777e+00 9.791574677379909220e-02
9.664664664664664784e+00 9.809875770577913823e-02
9.674674674674674790e+00 9.828176863775921202e-02
9.684684684684684797e+00 9.846450710261915595e-02
9.694694694694694803e+00 9.864689124113221186e-02
9.704704704704704810e+00 9.882927537964525389e-02
9.714714714714714816e+00 9.901145856611451301e-02
9.724724724724724823e+00 9.919321610018791424e-02
9.734734734734734829e+00 9.937497363426132935e-02
9.744744744744744835e+00 9.955660174796555906e-02
9.754754754754754842e+00 9.973773315543428553e-02
9.764764764764764848e+00 9.991886456290301199e-02
9.774774774774774855e+00 1.000999379992163207e-01
9.784784784784784861e+00 1.002804440436276256e-01
9.794794794794794868e+00 1.004609500880389444e-01
9.804804804804804874e+00 1.006414561324502494e-01
9.814814814814814881e+00 1.008213511578745364e-01
9.824824824824824887e+00 1.010012328853480551e-01
9.834834834834834894e+00 1.011811146128215599e-01
9.844844844844844900e+00 1.013604576396060497e-01
9.854854854854854906e+00 1.015397163756501103e-01
9.864864864864864913e+00 1.017189751116941848e-01
9.874874874874874919e+00 1.018977673704478532e-01
9.884884884884884926e+00 1.020764047167351390e-01
9.894894894894894932e+00 1.022550420630224249e-01
9.904904904904904939e+00 1.024332849639926074e-01
9.914914914914914945e+00 1.026113027950967399e-01
9.924924924924924952e+00 1.027893206262008585e-01
9.934934934934934958e+00 1.029670157574789635e-01
9.944944944944944965e+00 1.031444162175748219e-01
9.954954954954954971e+00 1.033218166776706665e-01
9.964964964964964977e+00 1.034989658033828308e-01
9.974974974974974984e+00 1.036757513029118311e-01
9.984984984984984990e+00 1.038525368024408174e-01
9.994994994994994997e+00 1.040291418609243373e-01
1.000500500500500500e+01 1.042053150732273892e-01
1.001501501501501501e+01 1.043814882855304410e-01
1.002502502502502502e+01 1.045575513874965196e-01
1.003503503503503502e+01 1.047331152454167996e-01
1.004504504504504503e+01 1.049086791033370797e-01
1.005505505505505504e+01 1.050842025300209454e-01
1.006506506506506504e+01 1.052591602224775547e-01
1.007507507507507505e+01 1.054341179149341778e-01
1.008508508508508505e+01 1.056090756073908010e-01
1.009509509509509506e+01 1.057834590847680084e-01
1.010510510510510507e+01 1.059578140533037338e-01
1.011511511511511507e+01 1.061321690218394731e-01
1.012512512512512508e+01 1.063060215812036691e-01
1.013513513513513509e+01 1.064797775165075705e-01
1.014514514514514509e+01 1.066535334518114581e-01
1.015515515515515510e+01 1.068268581203946355e-01
1.016516516516516511e+01 1.070000189588022760e-01
1.017517517517517511e+01 1.071731797972099165e-01
1.018518518518518512e+01 1.073459797617292572e-01
1.019519519519519513e+01 1.075185496817018249e-01
1.020520520520520513e+01 1.076911196016744066e-01
1.021521521521521514e+01 1.078633982064074737e-01
1.022522522522522515e+01 1.080353816249918497e-01
1.023523523523523515e+01 1.082073650435762535e-01
1.024524524524524516e+01 1.083791257884286485e-01
1.025525525525525516e+01 1.085505273577003077e-01
1.026526526526526517e+01 1.087219289269719530e-01
1.027527527527527518e+01 1.088931754655380474e-01
1.028528528528528518e+01 1.090640000690279304e-01
1.029529529529529519e+01 1.092348246725177996e-01
1.030530530530530520e+01 1.094055608101347915e-01
1.031531531531531520e+01 1.095758135592428545e-01
1.032532532532532521e+01 1.097460663083508897e-01
1.033533533533533522e+01 1.099162960001473510e-01
1.034534534534534522e+01 1.100859822305431251e-01
1.035535535535535523e+01 1.102556684609389132e-01
1.036536536536536524e+01 1.104253546913346873e-01
1.037537537537537524e+01 1.105945210778907783e-01
1.038538538538538525e+01 1.107636463459042431e-01
1.039539539539539525e+01 1.109327716139177217e-01
1.040540540540540526e+01 1.111014456798217892e-01
1.041541541541541527e+01 1.112700157588240590e-01
1.042542542542542527e+01 1.114385858378263150e-01
1.043543543543543528e+01 1.116067721892341214e-01
1.044544544544544529e+01 1.117747930660115824e-01
1.045545545545545529e+01 1.119428139427890573e-01
1.046546546546546530e+01 1.121105173241596642e-01
1.047547547547547531e+01 1.122779951952814909e-01
1.048548548548548531e+01 1.124454730664033314e-01
1.049549549549549532e+01 1.126126983585210156e-01
1.050550550550550533e+01 1.127796396267022189e-01
1.051551551551551533e+01 1.129465808948834360e-01
1.052552552552552534e+01 1.131133331128781061e-01
1.053553553553553535e+01 1.132797443833398615e-01
1.054554554554554535e+01 1.134461556538016169e-01
1.055555555555555536e+01 1.136124399451683004e-01
1.056556556556556536e+01 1.137783280219956672e-01
1.057557557557557537e+01 1.139442160988230340e-01
1.058558558558558538e+01 1.141100377414405037e-01
1.059559559559559538e+01 1.142754096239407824e-01
1.060560560560560539e+01 1.144407815064410749e-01
1.061561561561561540e+01 1.146061459065907950e-01
1.062562562562562540e+01 1.147710087856518985e-01
1.063563563563563541e+01 1.149358716647129880e-01
1.064564564564564542e+01 1.151007345437740914e-01
1.065565565565565542e+01 1.152651456095494659e-01
1.066566566566566543e+01 1.154295068640011218e-01
1.067567567567567544e+01 1.155938681184527778e-01
1.068568568568568544e+01 1.157578406947430971e-01
1.069569569569569545e+01 1.159217078877210760e-01
1.070570570570570545e+01 1.160855750806990550e-01
1.071571571571571546e+01 1.162491151277852963e-01
1.072572572572572547e+01 1.164124960031004824e-01
1.073573573573573547e+01 1.165758768784156824e-01
1.074574574574574548e+01 1.167389904734377065e-01
1.075575575575575549e+01 1.169018929519511085e-01
1.076576576576576549e+01 1.170647954304644967e-01
1.077577577577577550e+01 1.172274887654520398e-01
1.078578578578578551e+01 1.173899209414562272e-01
1.079579579579579551e+01 1.175523531174604008e-01
1.080580580580580552e+01 1.177146324973673969e-01
1.081581581581581553e+01 1.178766026349766793e-01
1.082582582582582553e+01 1.180385727725859757e-01
1.083583583583583554e+01 1.182004446133286674e-01
1.084584584584584555e+01 1.183619611428779889e-01
1.085585585585585555e+01 1.185234776724272826e-01
1.086586586586586556e+01 1.186849484989262876e-01
1.087587587587587556e+01 1.188460200133800992e-01
1.088588588588588557e+01 1.190070915278338970e-01
1.089589589589589558e+01 1.191681630422877086e-01
1.090590590590590558e+01 1.193288032234334356e-01
1.091591591591591559e+01 1.194894384748063504e-01
1.092592592592592560e+01 1.196500737261792791e-01
1.093593593593593560e+01 1.198103351696228058e-01
1.094594594594594561e+01 1.199705430654116473e-01
1.095595595595595562e+01 1.201307509612004748e-01
1.096596596596596562e+01 1.202906406591008059e-01
1.097597597597597563e+01 1.204504302587301595e-01
1.098598598598598564e+01 1.206102198583595270e-01
1.099599599599599564e+01 1.207697449005544488e-01
1.100600600600600565e+01 1.209291254118361469e-01
1.101601601601601566e+01 1.210885059231178451e-01
1.102602602602602566e+01 1.212476734952056268e-01
1.103603603603603567e+01 1.214066542708126389e-01
1.104604604604604567e+01 1.215656350464196372e-01
1.105605605605605568e+01 1.217244524278475737e-01
1.106606606606606569e+01 1.218830429618040362e-01
1.107607607607607569e+01 1.220416334957604987e-01
1.108608608608608570e+01 1.222001080579204063e-01
1.109609609609609571e+01 1.223583179821080003e-01
1.110610610610610571e+01 1.225165279062956081e-01
1.111611611611611572e+01 1.226746671106265507e-01
1.112612612612612573e+01 1.228325061913077831e-01
1.113613613613613573e+01 1.229903452719890156e-01
1.114614614614614574e+01 1.231481566680873996e-01
1.115615615615615575e+01 1.233056348024473836e-01
1.116616616616616575e+01 1.234631129368073538e-01
1.117617617617617576e+01 1.236205910711673100e-01
1.118618618618618576e+01 1.237777313732514456e-01
1.119619619619619577e+01 1.239348585859579022e-01
1.120620620620620578e+01 1.240919857986643726e-01
1.121621621621621578e+01 1.242488237973906756e-01
1.122622622622622579e+01 1.244056102371736416e-01
1.123623623623623580e+01 1.245623966769566077e-01
1.124624624624624580e+01 1.247189402957949722e-01
1.125625625625625581e+01 1.248753962320464650e-01
1.126626626626626582e+01 1.250318521682979300e-01
1.127627627627627582e+01 1.251881094080160850e-01
1.128628628628628583e+01 1.253442452274103336e-01
1.129629629629629584e+01 1.255003810468045544e-01
1.130630630630630584e+01 1.256563599836403033e-01
1.131631631631631585e+01 1.258121861867754487e-01
1.132632632632632586e+01 1.259680123899105941e-01
1.133633633633633586e+01 1.261237211737533392e-01
1.134634634634634587e+01 1.262792483718148950e-01
1.135635635635635587e+01 1.264347755698764786e-01
1.136636636636636588e+01 1.265902224224584871e-01
1.137637637637637589e+01 1.267454613339052405e-01
1.138638638638638589e+01 1.269007002453519939e-01
1.139639639639639590e+01 1.270558934584493371e-01
1.140640640640640591e+01 1.272108549057222593e-01
1.141641641641641769e+01 1.273658163529952092e-01
1.142642642642642770e+01 1.275207642866385271e-01
1.143643643643643770e+01 1.276754591928928317e-01
1.144644644644644771e+01 1.278301540991471363e-01
1.145645645645645772e+01 1.279848490054014687e-01
1.146646646646646772e+01 1.281393045657039931e-01
1.147647647647647773e+01 1.282937439515656752e-01
1.148648648648648773e+01 1.284481833374273296e-01
1.149649649649649774e+01 1.286024216508714069e-01
1.150650650650650775e+01 1.287566166312175964e-01
1.151651651651651775e+01 1.289108116115638136e-01
1.152652652652652776e+01 1.290648413233664860e-01
1.153653653653653777e+01 1.292188031041310026e-01
1.154654654654654777e+01 1.293727648848955192e-01
1.155655655655655778e+01 1.295265946983041039e-01
1.156656656656656779e+01 1.296803345733078539e-01
1.157657657657657779e+01 1.298340744483115483e-01
1.158658658658658780e+01 1.299877131228921456e-01
1.159659659659659781e+01 1.301412424706997750e-01
1.160660660660660781e+01 1.302947718185074599e-01
1.161661661661661782e+01 1.304482281684439804e-01
1.162662662662662783e+01 1.306015584492456749e-01
1.163663663663663783e+01 1.307548887300473417e-01
1.164664664664664784e+01 1.309081716224522740e-01
1.165665665665665784e+01 1.310613143749724818e-01
1.166666666666666785e+01 1.312144571274926896e-01
1.167667667667667786e+01 1.313675754807289431e-01
1.168668668668668786e+01 1.315205423191614098e-01
1.169669669669669787e+01 1.316735091575938765e-01
1.170670670670670788e+01 1.318264719396080031e-01
1.171671671671671788e+01 1.319792745505778964e-01
1.172672672672672789e+01 1.321320771615477618e-01
1.173673673673673790e+01 1.322848797725176551e-01
1.174674674674674790e+01 1.324375435277684865e-01
1.175675675675675791e+01 1.325901936673218318e-01
1.176676676676676792e+01 1.327428438068751493e-01
1.177677677677677792e+01 1.328953818914236085e-01
1.178678678678678793e+01 1.330478913820440090e-01
1.179679679679679793e+01 1.332004008726643818e-01
1.180680680680680794e+01 1.333528224568069076e-01
1.181681681681681795e+01 1.335052031844598253e-01
1.182682682682682795e+01 1.336575839121127429e-01
1.183683683683683796e+01 1.338098982062521369e-01
1.184684684684684797e+01 1.339621621174578447e-01
1.185685685685685797e+01 1.341144260286635803e-01
1.186686686686686798e+01 1.342666422817293259e-01
1.187687687687687799e+01 1.344188013806633109e-01
1.188688688688688799e+01 1.345709604795972958e-01
1.189689689689689800e+01 1.347230879774778123e-01
1.190690690690690801e+01 1.348751543230996830e-01
1.191691691691691801e+01 1.350272206687215260e-01
1.192692692692692802e+01 1.351792687327089681e-01
1.193693693693693803e+01 1.353312544359203673e-01
1.194694694694694803e+01 1.354832401391317664e-01
1.195695695695695804e+01 1.356352181243788702e-01
1.196696696696696804e+01 1.357871353452093643e-01
1.197697697697697805e+01 1.359390525660399140e-01
1.198698698698698806e+01 1.360909697868704638e-01
1.199699699699699806e+01 1.362428308048518888e-01
1.200700700700700807e+01 1.363946917496745570e-01
1.201701701701701808e+01 1.365465526944971697e-01
1.202702702702702808e+01 1.366983746894755436e-01
1.203703703703703809e+01 1.368501916082505709e-01
1.204704704704704810e+01 1.370020085270256538e-01
1.205705705705705810e+01 1.371538009874615216e-01
1.206706706706706811e+01 1.373055861710098802e-01
1.207707707707707812e+01 1.374573713545582665e-01
1.208708708708708812e+01 1.376091437940270279e-01
1.209709709709709813e+01 1.377609095713326626e-01
1.210710710710710813e+01 1.379126753486382695e-01
1.211711711711711814e+01 1.380644373043785900e-01
1.212712712712712815e+01 1.382161960399202194e-01
1.213713713713713815e+01 1.383679547754618488e-01
1.214714714714714816e+01 1.385197158069365608e-01
1.215715715715715817e+01 1.386714798980486774e-01
1.216716716716716817e+01 1.388232439891607661e-01
1.217717717717717818e+01 1.389750136766306488e-01
1.218718718718718819e+01 1.391267955508941889e-01
1.219719719719719819e+01 1.392785774251577569e-01
1.220720720720720820e+01 1.394303653682679445e-01
1.221721721721721821e+01 1.395821774809302973e-01
1.222722722722722821e+01 1.397339895935925946e-01
1.223723723723723822e+01 1.398858054099715864e-01
1.224724724724724823e+01 1.400376602413959948e-01
1.225725725725725823e+01 1.401895150728204031e-01
1.226726726726726824e+01 1.403413699042447838e-01
1.227727727727727824e+01 1.404932784498367226e-01
1.228728728728728825e+01 1.406451885029816051e-01
1.229729729729729826e+01 1.407970985561264876e-01
1.230730730730730826e+01 1.409490667817163700e-01
1.231731731731731827e+01 1.411010445796440638e-01
1.232732732732732828e+01 1.412530223775717297e-01
1.233733733733733828e+01 1.414050599641016870e-01
1.234734734734734829e+01 1.415571180475165558e-01
1.235735735735735830e+01 1.417091761309313969e-01
1.236736736736736830e+01 1.418612927694181403e-01
1.237737737737737831e+01 1.420134436942344092e-01
1.238738738738738832e+01 1.421655946190507058e-01
1.239739739739739832e+01 1.423178000092777395e-01
1.240740740740740833e+01 1.424700563442173884e-01
1.241741741741741833e+01 1.426223126791570095e-01
1.242742742742742834e+01 1.427746165283796664e-01
1.243743743743743835e+01 1.429269908525991339e-01
1.244744744744744835e+01 1.430793651768186570e-01
1.245745745745745836e+01 1.432317771984815968e-01
1.246746746746746837e+01 1.433842820992284606e-01
1.247747747747747837e+01 1.435367869999753243e-01
1.248748748748748838e+01 1.436893169124429104e-01
1.249749749749749839e+01 1.438419649827417657e-01
1.250750750750750839e+01 1.439946130530406210e-01
1.251751751751751840e+01 1.441472705783398700e-01
1.252752752752752841e+01 1.443000744147082404e-01
1.253753753753753841e+01 1.444528782510766107e-01
1.254754754754754842e+01 1.446056820874449811e-01
1.255755755755755843e+01 1.447586453138460794e-01
1.256756756756756843e+01 1.449116175140390539e-01
1.257757757757757844e+01 1.450645897142320007e-01
1.258758758758758844e+01 1.452177126003096341e-01
1.259759759759759845e+01 1.453708657610942589e-01
1.260760760760760846e+01 1.455240189218788838e-01
1.261761761761761846e+01 1.456773111900484807e-01
1.262762762762762847e+01 1.458306579050072660e-01
1.263763763763763848e+01 1.459840046199660513e-01
1.264764764764764848e+01 1.461374759892370423e-01
1.265765765765765849e+01 1.462910288466006958e-01
1.266766766766766850e+01 1.464445817039643216e-01
1.267767767767767850e+01 1.465982418887756267e-01
1.268768768768768851e+01 1.467520134692850975e-01
1.269769769769769852e+01 1.469057850497945406e-01
1.270770770770770852e+01 1.470596437588622130e-01
1.271771771771771853e+01 1.472136466336594618e-01
1.272772772772772854e+01 1.473676495084567106e-01
1.273773773773773854e+01 1.475217164436342654e-01
1.274774774774774855e+01 1.476759631721821231e-01
1.275775775775775855e+01 1.478302099007300086e-01
1.276776776776776856e+01 1.479844947558810464e-01
1.277777777777777857e+01 1.481389978839121879e-01
1.278778778778778857e+01 1.482935010119433017e-01
1.279779779779779858e+01 1.484480134718267896e-01
1.280780780780780859e+01 1.486027855293207689e-01
1.281781781781781859e+01 1.487575575868147759e-01
1.282782782782782860e+01 1.489123296443087552e-01
1.283783783783783861e+01 1.490673608251722737e-01
1.284784784784784861e+01 1.492224143243622847e-01
1.285785785785785862e+01 1.493774678235522679e-01
1.286786786786786863e+01 1.495327584394749720e-01
1.287787787787787863e+01 1.496881058728818381e-01
1.288788788788788864e+01 1.498434533062886487e-01
1.289789789789789864e+01 1.499990129865005628e-01
1.290790790790790865e+01 1.501546668249963135e-01
1.291791791791791866e+01 1.503103206634920641e-01
1.292792792792792866e+01 1.504661590218736023e-01
1.293793793793793867e+01 1.506221317127726667e-01
1.294794794794794868e+01 1.507781044036717588e-01
1.295795795795795868e+01 1.509342310377286833e-01
1.296796796796796869e+01 1.510905350029076166e-01
1.297797797797797870e+01 1.512468389680865499e-01
1.298798798798798870e+01 1.514032634579367820e-01
1.299799799799799871e+01 1.515599110919816639e-01
1.300800800800800872e+01 1.517165587260265736e-01
1.301801801801801872e+01 1.518732906333991051e-01
1.302802802802802873e+01 1.520302943017813047e-01
1.303803803803803874e+01 1.521872979701635042e-01
1.304804804804804874e+01 1.523443468374093834e-01
1.305805805805805875e+01 1.525017188746889130e-01
1.306806806806806875e+01 1.526590909119684702e-01
1.307807807807807876e+01 1.528164662610837776e-01
1.308808808808808877e+01 1.529742189691401244e-01
1.309809809809809877e+01 1.531319716771964434e-01
1.310810810810810878e+01 1.532897243852527347e-01
1.311811811811811879e+01 1.534478286551475557e-01
1.312812812812812879e+01 1.536059743014384360e-01
1.313813813813813880e+01 1.537641199477293164e-01
1.314814814814814881e+01 1.539225819098927750e-01
1.315815815815815881e+01 1.540811327257398944e-01
1.316816816816816882e+01 1.542396835415869860e-01
1.317817817817817883e+01 1.543985126133830543e-01
1.318818818818818883e+01 1.545574807922853733e-01
1.319819819819819884e+01 1.547164489711877200e-01
1.320820820820820884e+01 1.548756545441755117e-01
1.321821821821821885e+01 1.550350522401494346e-01
1.322822822822822886e+01 1.551944499361233021e-01
1.323823823823823886e+01 1.553540413751662297e-01
1.324824824824824887e+01 1.555138807011127999e-01
1.325825825825825888e+01 1.556737200270593702e-01
1.326826826826826888e+01 1.558337066694454320e-01
1.327827827827827889e+01 1.559939996955443942e-01
1.328828828828828890e+01 1.561542927216434118e-01
1.329829829829829890e+01 1.563146838762171642e-01
1.330830830830830891e+01 1.564754426283475330e-01
1.331831831831831892e+01 1.566362013804778464e-01
1.332832832832832892e+01 1.567970063267838943e-01
1.333833833833833893e+01 1.569582427849711137e-01
1.334834834834834894e+01 1.571194792431583609e-01
1.335835835835835894e+01 1.572807157013455803e-01
1.336836836836836895e+01 1.574424333274856147e-01
1.337837837837837895e+01 1.576041594243752231e-01
1.338838838838838896e+01 1.577658855212647759e-01
1.339839839839839897e+01 1.579280472907217958e-01
1.340840840840840897e+01 1.580902749100787374e-01
1.341841841841841898e+01 1.582525025294357068e-01
1.342842842842842899e+01 1.584151175784737076e-01
1.343843843843843899e+01 1.585778585537085394e-01
1.344844844844844900e+01 1.587405995289434268e-01
1.345845845845845901e+01 1.589036769597651222e-01
1.346846846846846901e+01 1.590669430724852840e-01
1.347847847847847902e+01 1.592302091852054458e-01
1.348848848848848903e+01 1.593937580651778041e-01
1.349849849849849903e+01 1.595575610437650060e-01
1.350850850850850904e+01 1.597213640223522635e-01
1.351851851851851904e+01 1.598853933832431462e-01
1.352852852852852905e+01 1.600497449014563756e-01
1.353853853853853906e+01 1.602140964196696049e-01
1.354854854854854906e+01 1.603786152568954237e-01
1.355855855855855907e+01 1.605435269324992642e-01
1.356856856856856908e+01 1.607084386081031324e-01
1.357857857857857908e+01 1.608734558799873038e-01
1.358858858858858909e+01 1.610389392734054015e-01
1.359859859859859910e+01 1.612044226668235547e-01
1.360860860860860910e+01 1.613699472938656676e-01
1.361861861861861911e+01 1.615360139068595935e-01
1.362862862862862912e+01 1.617020805198535194e-01
1.363863863863863912e+01 1.618681471328474175e-01
1.364864864864864913e+01 1.620347826583823925e-01
1.365865865865865914e+01 1.622014439327550128e-01
1.366866866866866914e+01 1.623681052071276609e-01
1.367867867867867915e+01 1.625352771930529128e-01
1.368868868868868915e+01 1.627025445093771561e-01
1.369869869869869916e+01 1.628698118257013439e-01
1.370870870870870917e+01 1.630375290122920151e-01
1.371871871871871917e+01 1.632054136886634810e-01
1.372872872872872918e+01 1.633732983650349468e-01
1.373873873873873919e+01 1.635415694507048046e-01
1.374874874874874919e+01 1.637100827415196580e-01
1.375875875875875920e+01 1.638785960323345392e-01
1.376876876876876921e+01 1.640474296729829418e-01
1.377877877877877921e+01 1.642165827677393442e-01
1.378878878878878922e+01 1.643857358624958021e-01
1.379879879879879923e+01 1.645551406708654629e-01
1.380880880880880923e+01 1.647249446929900663e-01
1.381881881881881924e+01 1.648947487151146418e-01
1.382882882882882924e+01 1.650647332601594963e-01
1.383883883883883925e+01 1.652351992658567525e-01
1.384884884884884926e+01 1.654056652715540365e-01
1.385885885885885926e+01 1.655762380778171283e-01
1.386886886886886927e+01 1.657473770549435788e-01
1.387887887887887928e+01 1.659185160320700847e-01
1.388888888888888928e+01 1.660896855790721938e-01
1.389889889889889929e+01 1.662615084460339065e-01
1.390890890890890930e+01 1.664333313129956471e-01
1.391891891891891930e+01 1.666051541799573599e-01
1.392892892892892931e+01 1.667776236393072042e-01
1.393893893893893932e+01 1.669501412439804433e-01
1.394894894894894932e+01 1.671226588486537101e-01
1.395895895895895933e+01 1.672957526466130884e-01
1.396896896896896934e+01 1.674689757652892408e-01
1.397897897897897934e+01 1.676421988839653654e-01
1.398898898898898935e+01 1.678159252888027086e-01
1.399899899899899935e+01 1.679898646251552774e-01
1.400900900900900936e+01 1.681638039615078462e-01
1.401901901901901937e+01 1.683381711931150604e-01
1.402902902902902937e+01 1.685128373771908605e-01
1.403903903903903938e+01 1.686875035612666607e-01
1.404904904904904939e+01 1.688625197906208908e-01
1.405905905905905939e+01 1.690379233778532553e-01
1.406906906906906940e+01 1.692133269650856753e-01
1.407907907907907941e+01 1.693890003137208944e-01
1.408908908908908941e+01 1.695651517839664724e-01
1.409909909909909942e+01 1.697413032542119948e-01
1.410910910910910943e+01 1.699176417937004191e-01
1.411911911911911943e+01 1.700945515502974015e-01
1.412912912912912944e+01 1.702714613068943561e-01
1.413913913913913944e+01 1.704484730583373520e-01
1.414914914914914945e+01 1.706261514271875113e-01
1.415915915915915946e+01 1.708038297960377261e-01
1.416916916916916946e+01 1.709815227295665985e-01
1.417917917917917947e+01 1.711599799582389225e-01
1.418918918918918948e+01 1.713384371869112466e-01
1.419919919919919948e+01 1.715168944155835429e-01
1.420920920920920949e+01 1.716960654780536610e-01
1.421921921921921950e+01 1.718753117349096637e-01
1.422922922922922950e+01 1.720545579917656942e-01
1.423923923923923951e+01 1.722344361100272836e-01
1.424924924924924952e+01 1.724144814833694361e-01
1.425925925925925952e+01 1.725945268567115887e-01
1.426926926926926953e+01 1.727751197641963221e-01
1.427927927927927954e+01 1.729559742614376616e-01
1.428928928928928954e+01 1.731368287586789734e-01
1.429929929929929955e+01 1.733181441351381580e-01
1.430930930930930955e+01 1.734998176819936566e-01
1.431931931931931956e+01 1.736814912288490997e-01
1.432932932932932957e+01 1.738635366999235488e-01
1.433933933933933957e+01 1.740460391396226880e-01
1.434934934934934958e+01 1.742285415793218550e-01
1.435935935935935959e+01 1.744113247161208080e-01
1.436936936936936959e+01 1.745946658086428849e-01
1.437937937937937960e+01 1.747780069011649617e-01
1.438938938938938961e+01 1.749615352198547191e-01
1.439939939939939961e+01 1.751457246411836921e-01
1.440940940940940962e+01 1.753299140625126928e-01
1.441941941941941963e+01 1.755141950239134385e-01
1.442942942942942963e+01 1.756992423653152002e-01
1.443943943943943964e+01 1.758842897067170175e-01
1.444944944944944965e+01 1.760693370481187792e-01
1.445945945945945965e+01 1.762552454832294335e-01
1.446946946946946966e+01 1.764411602505493171e-01
1.447947947947947966e+01 1.766270750178692006e-01
1.448948948948948967e+01 1.768137602694721533e-01
1.449949949949949968e+01 1.770005518824538659e-01
1.450950950950950968e+01 1.771873434954356064e-01
1.451951951951951969e+01 1.773748127692255927e-01
1.452952952952952970e+01 1.775624905608502724e-01
1.453953953953953970e+01 1.777501683524749521e-01
1.454954954954954971e+01 1.779384287966406519e-01
1.455955955955955972e+01 1.781270020124869624e-01
1.456956956956956972e+01 1.783155752283333284e-01
1.457957957957957973e+01 1.785046339332199694e-01
1.458958958958958974e+01 1.786941117308444293e-01
1.459959959959959974e+01 1.788835895284689170e-01
1.460960960960960975e+01 1.790734535262496763e-01
1.461961961961961975e+01 1.792638449745869167e-01
1.462962962962962976e+01 1.794542364229241849e-01
1.463963963963963977e+01 1.796449126872803892e-01
1.464964964964964977e+01 1.798362267660645053e-01
1.465965965965965978e+01 1.800275408448485936e-01
1.466966966966966979e+01 1.802190362906586074e-01
1.467967967967967979e+01 1.804112818898633008e-01
1.468968968968968980e+01 1.806035274890680220e-01
1.469969969969969981e+01 1.807958489721043782e-01
1.470970970970970981e+01 1.809890348914039715e-01
1.471971971971971982e+01 1.811822208107035648e-01
1.472972972972972983e+01 1.813754067300031581e-01
1.473973973973973983e+01 1.815695100755887748e-01
1.474974974974974984e+01 1.817636450238384882e-01
1.475975975975975985e+01 1.819577799720881461e-01
1.476976976976976985e+01 1.821527315054963514e-01
1.477977977977977986e+01 1.823478241002319533e-01
1.478978978978978986e+01 1.825429166949675275e-01
1.479979979979979987e+01 1.827387230011237040e-01
1.480980980980980988e+01 1.829347817680815613e-01
1.481981981981981988e+01 1.831308405350394186e-01
1.482982982982982989e+01 1.833275081381763871e-01
1.483983983983983990e+01 1.835245415108315570e-01
1.484984984984984990e+01 1.837215748834867268e-01
1.485985985985985991e+01 1.839191102469039107e-01
1.486986986986986992e+01 1.841171265660286327e-01
1.487987987987987992e+01 1.843151428851533546e-01
1.488988988988988993e+01 1.845135524109837166e-01
1.489989989989989994e+01 1.847125599242239180e-01
1.490990990990990994e+01 1.849115674374641194e-01
1.491991991991991995e+01 1.851108574664493689e-01
1.492992992992992995e+01 1.853108643279210155e-01
1.493993993993993996e+01 1.855108711893926898e-01
1.494994994994994997e+01 1.857110480006668451e-01
1.495995995995995997e+01 1.859120622705705828e-01
1.496996996996996998e+01 1.861130765404743204e-01
1.497997997997997999e+01 1.863141463513550422e-01
1.498998998998998999e+01 1.865161759956093790e-01
1.500000000000000000e+01 1.867182056398636603e-01
