5.000000000000000000e+00 1.189910910357098138e-02
5.010010010010010006e+00 1.202396817913774403e-02
5.020020020020020013e+00 1.214882725470450668e-02
5.030030030030030019e+00 1.227368633027127107e-02
5.040040040040040026e+00 1.239854540583803372e-02
5.050050050050050032e+00 1.252340448140479637e-02
5.060060060060060039e+00 1.264826355697156075e-02
5.070070070070070045e+00 1.277312263253832167e-02
5.080080080080080052e+00 1.289798170810508432e-02
5.090090090090090058e+00 1.302284078367184871e-02
5.100100100100100065e+00 1.314769985923861136e-02
5.110110110110110071e+00 1.327272068158859633e-02
5.120120120120120077e+00 1.339943252672261102e-02
5.130130130130130084e+00 1.352614437185662918e-02
5.140140140140140090e+00 1.365285621699064388e-02
5.150150150150150097e+00 1.378133850958117822e-02
5.160160160160160103e+00 1.390988159949852095e-02
5.170170170170170110e+00 1.403842468941586021e-02
5.180180180180180116e+00 1.416849885617751069e-02
5.190190190190190123e+00 1.429885108805905788e-02
5.200200200200200129e+00 1.442920331994060508e-02
5.210210210210210136e+00 1.456085218383297748e-02
5.220220220220220142e+00 1.469299090236487332e-02
5.230230230230230148e+00 1.482512962089676915e-02
5.240240240240240155e+00 1.495833566717536672e-02
5.250250250250250161e+00 1.509223768943549621e-02
5.260260260260260168e+00 1.522613971169562742e-02
5.270270270270270174e+00 1.536088510048982947e-02
5.280280280280280181e+00 1.549652674018822500e-02
5.290290290290290187e+00 1.563216837988662053e-02
5.300300300300300194e+00 1.576843495852450761e-02
5.310310310310310200e+00 1.590579204960772611e-02
5.320320320320320207e+00 1.604314914069094114e-02
5.330330330330330213e+00 1.618091845577427842e-02
5.340340340340340219e+00 1.631996637540598927e-02
5.350350350350350226e+00 1.645901429503770011e-02
5.360360360360360232e+00 1.659826760427073403e-02
5.370370370370370239e+00 1.673898129520273378e-02
5.380380380380380245e+00 1.687969498613473701e-02
5.390390390390390252e+00 1.702041326991070996e-02
5.400400400400400258e+00 1.716276726226011531e-02
5.410410410410410265e+00 1.730512125460951720e-02
5.420420420420420271e+00 1.744747524695892255e-02
5.430430430430430278e+00 1.759125365980888575e-02
5.440440440440440284e+00 1.773522209225866092e-02
5.450450450450450290e+00 1.787919052470843262e-02
5.460460460460460297e+00 1.802436885400596212e-02
5.470470470470470303e+00 1.816992549444701108e-02
5.480480480480480310e+00 1.831548213488806004e-02
5.490490490490490316e+00 1.846204024556529280e-02
5.500500500500500323e+00 1.860915851119920514e-02
5.510510510510510329e+00 1.875627677683312095e-02
5.520520520520520336e+00 1.890419432010618725e-02
5.530530530530530342e+00 1.905284729702879862e-02
5.540540540540540349e+00 1.920150027395140999e-02
5.550550550550550355e+00 1.935075669726481554e-02
5.560560560560560361e+00 1.950091715955038982e-02
5.570570570570570368e+00 1.965107762183596410e-02
5.580580580580580374e+00 1.980165217861444213e-02
5.590590590590590381e+00 1.995329260692184012e-02
5.600600600600600387e+00 2.010493303522923117e-02
5.610610610610610394e+00 2.025680479444284116e-02
5.620620620620620400e+00 2.040989739416399287e-02
5.630630630630630407e+00 2.056298999388514806e-02
5.640640640640640413e+00 2.071613784943323461e-02
5.650650650650650419e+00 2.087065456840520722e-02
5.660660660660660426e+00 2.102517128737718330e-02
5.670670670670670432e+00 2.117968800634915591e-02
5.680680680680680439e+00 2.133548651309848804e-02
5.690690690690690445e+00 2.149139905889977525e-02
5.700700700700700452e+00 2.164731160470106594e-02
5.710710710710710458e+00 2.180431499125841388e-02
5.720720720720720465e+00 2.196159484811016638e-02
5.730730730730730471e+00 2.211887470496192581e-02
5.740740740740740478e+00 2.227706118776447836e-02
5.750750750750750484e+00 2.243567963305680840e-02
5.760760760760760490e+00 2.259429807834913498e-02
5.770770770770770497e+00 2.275364575077678045e-02
5.780780780780780503e+00 2.291357387124028783e-02
5.790790790790790510e+00 2.307350199170380214e-02
5.800800800800800516e+00 2.323398883230947190e-02
5.810810810810810523e+00 2.339519753985103839e-02
5.820820820820820529e+00 2.355640624739260836e-02
5.830830830830830536e+00 2.371801012800523953e-02
5.840840840840840542e+00 2.388047017522717738e-02
5.850850850850850549e+00 2.404293022244911870e-02
5.860860860860860555e+00 2.420562891615425996e-02
5.870870870870870561e+00 2.436931091157486934e-02
5.880880880880880568e+00 2.453299290699548219e-02
5.890890890890890574e+00 2.469676409599851422e-02
5.900900900900900581e+00 2.486163851899154953e-02
5.910910910910910587e+00 2.502651294198458831e-02
5.920920920920920594e+00 2.519138736497762709e-02
5.930930930930930600e+00 2.535737144083133332e-02
5.940940940940940607e+00 2.552340865630123301e-02
5.950950950950950613e+00 2.568944587177113270e-02
5.960960960960960620e+00 2.585642783045020640e-02
5.970970970970970626e+00 2.602359810325900399e-02
5.980980980980980632e+00 2.619076837606780506e-02
5.990990990990990639e+00 2.635872558736675891e-02
6.001001001001000645e+00 2.652699909652794091e-02
6.011011011011010652e+00 2.669527260568912638e-02
6.021021021021020658e+00 2.686418239287272081e-02
6.031031031031030665e+00 2.703352924552649902e-02
6.041041041041040671e+00 2.720287609818027724e-02
6.051051051051050678e+00 2.737271574512580019e-02
6.061061061061060684e+00 2.754310599030921486e-02
6.071071071071070691e+00 2.771349623549262606e-02
6.081081081081080697e+00 2.788424299375517543e-02
6.091091091091090703e+00 2.805564663597990074e-02
6.101101101101100710e+00 2.822705027820462606e-02
6.111111111111110716e+00 2.839868137400865591e-02
6.121121121121120723e+00 2.857106838665839088e-02
6.131131131131130729e+00 2.874345539930812238e-02
6.141141141141140736e+00 2.891594804046853165e-02
6.151151151151150742e+00 2.908928837902690148e-02
6.161161161161160749e+00 2.926262871758527132e-02
6.171171171171170755e+00 2.943596905614363768e-02
6.181181181181180762e+00 2.961022371548031190e-02
6.191191191191190768e+00 2.978448733059962245e-02
6.201201201201200774e+00 2.995875094571893299e-02
6.211211211211210781e+00 3.013379149690291123e-02
6.221221221221220787e+00 3.030894834732305795e-02
6.231231231231230794e+00 3.048410519774320468e-02
6.241241241241240800e+00 3.065990885509233682e-02
6.251251251251250807e+00 3.083592892041836855e-02
6.261261261261260813e+00 3.101194898574440376e-02
6.271271271271270820e+00 3.118849298484948837e-02
6.281281281281280826e+00 3.136534627819562854e-02
6.291291291291290833e+00 3.154219957154177217e-02
6.301301301301300839e+00 3.171946117575184798e-02
6.311311311311310845e+00 3.189711775625898860e-02
6.321321321321320852e+00 3.207477433676612921e-02
6.331331331331330858e+00 3.225273084362580839e-02
6.341341341341340865e+00 3.243116082885841300e-02
6.351351351351350871e+00 3.260959081409101762e-02
6.361361361361360878e+00 3.278821956173131463e-02
6.371371371371370884e+00 3.296739313995940279e-02
6.381381381381380891e+00 3.314656671818748401e-02
6.391391391391390897e+00 3.332584509167171860e-02
6.401401401401400904e+00 3.350573253404251495e-02
6.411411411411410910e+00 3.368561997641331823e-02
6.421421421421420916e+00 3.386552541403923394e-02
6.431431431431430923e+00 3.404609708664253775e-02
6.441441441441440929e+00 3.422666875924584157e-02
6.451451451451450936e+00 3.440724043184914538e-02
6.461461461461460942e+00 3.458840513463562472e-02
6.471471471471470949e+00 3.476963151046610911e-02
6.481481481481480955e+00 3.495085788629658657e-02
6.491491491491490962e+00 3.513257530628174224e-02
6.501501501501500968e+00 3.531442697710097944e-02
6.511511511511510975e+00 3.549627864792021664e-02
6.521521521521520981e+00 3.567852655102789899e-02
6.531531531531530987e+00 3.586097423912820714e-02
6.541541541541540994e+00 3.604342192722850141e-02
6.551551551551551000e+00 3.622617816907677118e-02
6.561561561561561007e+00 3.640919273894809710e-02
6.571571571571571013e+00 3.659220730881942996e-02
6.581581581581581020e+00 3.677544984072338152e-02
6.591591591591591026e+00 3.695900231062448915e-02
6.601601601601601033e+00 3.714255478052560372e-02
6.611611611611611927e+00 3.732626165546228114e-02
6.621621621621621934e+00 3.751032320889635674e-02
6.631631631631631940e+00 3.769438476233043928e-02
6.641641641641641947e+00 3.787853414086565090e-02
6.651651651651651953e+00 3.806307613796019312e-02
6.661661661661661959e+00 3.824761813505473534e-02
6.671671671671671966e+00 3.843218829123194735e-02
6.681681681681681972e+00 3.861718228002257447e-02
6.691691691691691979e+00 3.880217626881320159e-02
6.701701701701701985e+00 3.898717025760382870e-02
6.711711711711711992e+00 3.917256332362096388e-02
6.721721721721721998e+00 3.935798105123777119e-02
6.731731731731732005e+00 3.954339877885458543e-02
6.741741741741742011e+00 3.972914149170995307e-02
6.751751751751752018e+00 3.991495491546525470e-02
6.761761761761762024e+00 4.010076833922057021e-02
6.771771771771772030e+00 4.028683956950972200e-02
6.781781781781782037e+00 4.047302086788525516e-02
6.791791791791792043e+00 4.065920216626078137e-02
6.801801801801802050e+00 4.084558093211201890e-02
6.811811811811812056e+00 4.103210251564298749e-02
6.821821821821822063e+00 4.121862409917396303e-02
6.831831831831832069e+00 4.140528957183800540e-02
6.841841841841842076e+00 4.159212409389238807e-02
6.851851851851852082e+00 4.177895861594677074e-02
6.861861861861862089e+00 4.196589012534360924e-02
6.871871871871872095e+00 4.215301049279279733e-02
6.881881881881882101e+00 4.234013086024198541e-02
6.891891891891892108e+00 4.252730790046399534e-02
6.901901901901902114e+00 4.271468728424236694e-02
6.911911911911912121e+00 4.290206666802073854e-02
6.921921921921922127e+00 4.308946890279125724e-02
6.931931931931932134e+00 4.327708074834118318e-02
6.941941941941942140e+00 4.346469259389109524e-02
6.951951951951952147e+00 4.365230443944101424e-02
6.961961961961962153e+00 4.384011789957600186e-02
6.971971971971972160e+00 4.402793593717446025e-02
6.981981981981982166e+00 4.421575397477292557e-02
6.991991991991992172e+00 4.440372651271826815e-02
7.002002002002002179e+00 4.459172476768157034e-02
7.012012012012012185e+00 4.477972302264487253e-02
7.022022022022022192e+00 4.496783514842676160e-02
7.032032032032032198e+00 4.515598795118944825e-02
7.042042042042042205e+00 4.534414075395214183e-02
7.052052052052052211e+00 4.553237317854598454e-02
7.062062062062062218e+00 4.572065517460926348e-02
7.072072072072072224e+00 4.590893717067253549e-02
7.082082082082082231e+00 4.609727081108987851e-02
7.092092092092092237e+00 4.628565697083623226e-02
7.102102102102102243e+00 4.647404313058257214e-02
7.112112112112112250e+00 4.666245911490290305e-02
7.122122122122122256e+00 4.685092474327161999e-02
7.132132132132132263e+00 4.703939037164035081e-02
7.142142142142142269e+00 4.722787004398659727e-02
7.152152152152152276e+00 4.741639079000654206e-02
7.162162162162162282e+00 4.760491153602647990e-02
7.172172172172172289e+00 4.779343646148317970e-02
7.182182182182182295e+00 4.798198832765771665e-02
7.192192192192192302e+00 4.817054019383224667e-02
7.202202202202202308e+00 4.835909216330482041e-02
7.212212212212212314e+00 4.854765151484462249e-02
7.222222222222222321e+00 4.873621086638441763e-02
7.232232232232232327e+00 4.892477021792421971e-02
7.242242242242242334e+00 4.911331547529769470e-02
7.252252252252252340e+00 4.930185904919690693e-02
7.262262262262262347e+00 4.949040262309611915e-02
7.272272272272272353e+00 4.967891632058738655e-02
7.282282282282282360e+00 4.986742123453841852e-02
7.292292292292292366e+00 5.005592614848945743e-02
7.302302302302302373e+00 5.024439117246329994e-02
7.312312312312312379e+00 5.043283493360551512e-02
7.322322322322322385e+00 5.062127869474773723e-02
7.332332332332332392e+00 5.080967818479280307e-02
7.342342342342342398e+00 5.099803869829087899e-02
7.352352352352352405e+00 5.118639921178896185e-02
7.362362362362362411e+00 5.137471656508926787e-02
7.372372372372372418e+00 5.156297214253634936e-02
7.382382382382382424e+00 5.175122771998342391e-02
7.392392392392392431e+00 5.193944659561899879e-02
7.402402402402402437e+00 5.212757596326036968e-02
7.412412412412412444e+00 5.231570533090173364e-02
7.422422422422422450e+00 5.250380965407715900e-02
7.432432432432432456e+00 5.269179196084981809e-02
7.442442442442442463e+00 5.287977426762247718e-02
7.452452452452452469e+00 5.306774823382197359e-02
7.462462462462462476e+00 5.325556305920593758e-02
7.472472472472472482e+00 5.344337788458989463e-02
7.482482482482482489e+00 5.363119270997384475e-02
7.492492492492492495e+00 5.381883332533475561e-02
7.502502502502502502e+00 5.400646068701157876e-02
7.512512512512512508e+00 5.419408804868839497e-02
7.522522522522522515e+00 5.438154798847225080e-02
7.532532532532532521e+00 5.456896834978685468e-02
7.542542542542542527e+00 5.475638871110145162e-02
7.552552552552552534e+00 5.494365345873472584e-02
7.562562562562562540e+00 5.513084773595616078e-02
7.572572572572572547e+00 5.531804201317760267e-02
7.582582582582582553e+00 5.550509734528523420e-02
7.592592592592592560e+00 5.569204691466270174e-02
7.602602602602602566e+00 5.587899648404016928e-02
7.612612612612612573e+00 5.606582847400720659e-02
7.622622622622622579e+00 5.625251517861731831e-02
7.632632632632632586e+00 5.643920188322744391e-02
7.642642642642642592e+00 5.662579690467647170e-02
7.652652652652652598e+00 5.681220306105808082e-02
7.662662662662662605e+00 5.699860921743968301e-02
7.672672672672672611e+00 5.718495394762317108e-02
7.682682682682682618e+00 5.737106235219617545e-02
7.692692692692692624e+00 5.755717075676919370e-02
7.702702702702702631e+00 5.774325217987558156e-02
7.712712712712712637e+00 5.792904611514063107e-02
7.722722722722722644e+00 5.811484005040566669e-02
7.732732732732732650e+00 5.830063398567071620e-02
7.742742742742742657e+00 5.848610870129360845e-02
7.752752752752752663e+00 5.867157194180867841e-02
7.762762762762762669e+00 5.885703518232374143e-02
7.772772772772772676e+00 5.904220576520940317e-02
7.782782782782782682e+00 5.922732258334117289e-02
7.792792792792792689e+00 5.941243940147295649e-02
7.802802802802802695e+00 5.959729427891038295e-02
7.812812812812812702e+00 5.978204945035660300e-02
7.822822822822822708e+00 5.996680462180281612e-02
7.832832832832832715e+00 6.015133254565259435e-02
7.842842842842842721e+00 6.033571135473306257e-02
7.852852852852852727e+00 6.052009016381353079e-02
7.862862862862862734e+00 6.070428021313560574e-02
7.872872872872872740e+00 6.088826845784944819e-02
7.882882882882882747e+00 6.107225670256329064e-02
7.892892892892892753e+00 6.125609828615068836e-02
7.902902902902902760e+00 6.143968228299669099e-02
7.912912912912912766e+00 6.162326627984270055e-02
7.922922922922922773e+00 6.180674913866077147e-02
7.932932932932932779e+00 6.198991572721976318e-02
7.942942942942942786e+00 6.217308231577876182e-02
7.952952952952952792e+00 6.235619652530947216e-02
7.962962962962962798e+00 6.253893307258538703e-02
7.972972972972972805e+00 6.272166961986132272e-02
7.982982982982982811e+00 6.290440559235165041e-02
7.992992992992992818e+00 6.308669999687058216e-02
8.003003003003001936e+00 6.326899440138951392e-02
8.013013013013011943e+00 6.345128880590845954e-02
8.023023023023021949e+00 6.363318358366870653e-02
8.033033033033031955e+00 6.381502427933354038e-02
8.043043043043041962e+00 6.399686497499838811e-02
8.053053053053051968e+00 6.417835233190874455e-02
8.063063063063061975e+00 6.435972829160822861e-02
8.073073073073071981e+00 6.454110425130769879e-02
8.083083083083081988e+00 6.472217616478499747e-02
8.093093093093091994e+00 6.490307690375582417e-02
8.103103103103102001e+00 6.508397764272665087e-02
8.113113113113112007e+00 6.526462643809408104e-02
8.123123123123122014e+00 6.544504201703527091e-02
8.133133133133132020e+00 6.562545759597646078e-02
8.143143143143142026e+00 6.580567594797750997e-02
8.153153153153152033e+00 6.598559697591535600e-02
8.163163163163162039e+00 6.616551800385318816e-02
8.173173173173172046e+00 6.634529893806628831e-02
8.183183183183182052e+00 6.652471657497027735e-02
8.193193193193192059e+00 6.670413421187425251e-02
8.203203203203202065e+00 6.688347110602842205e-02
8.213213213213213848e+00 6.706237706517688413e-02
8.223223223223223854e+00 6.724128302432531845e-02
8.233233233233233861e+00 6.742016960951606463e-02
8.243243243243243867e+00 6.759855615961107844e-02
8.253253253253253874e+00 6.777694270970612000e-02
8.263263263263263880e+00 6.795532925980113381e-02
8.273273273273273887e+00 6.813323303854443291e-02
8.283283283283283893e+00 6.831109300557693109e-02
8.293293293293293900e+00 6.848895297260942927e-02
8.303303303303303906e+00 6.866638835393996942e-02
8.313313313313313913e+00 6.884371512280348937e-02
8.323323323323323919e+00 6.902104189166700932e-02
8.333333333333333925e+00 6.919800423334740436e-02
8.343343343343343932e+00 6.937479174920245517e-02
8.353353353353353938e+00 6.955157926505749211e-02
8.363363363363363945e+00 6.972806428319942851e-02
8.373373373373373951e+00 6.990430705258748878e-02
8.383383383383383958e+00 7.008054982197554905e-02
8.393393393393393964e+00 7.025655359150860535e-02
8.403403403403403971e+00 7.043224668321727833e-02
8.413413413413413977e+00 7.060793977492596518e-02
8.423423423423423984e+00 7.078345872996776034e-02
8.433433433433433990e+00 7.095859777564757220e-02
8.443443443443443996e+00 7.113373682132738407e-02
8.453453453453454003e+00 7.130876775545505475e-02
8.463463463463464009e+00 7.148334894998861766e-02
8.473473473473474016e+00 7.165793014452218057e-02
8.483483483483484022e+00 7.183247021094558982e-02
8.493493493493494029e+00 7.200649031257103094e-02
8.503503503503504035e+00 7.218051041419647207e-02
8.513513513513514042e+00 7.235453051582189932e-02
8.523523523523524048e+00 7.252801345602269412e-02
8.533533533533534055e+00 7.270146978621169764e-02
8.543543543543544061e+00 7.287492611640070117e-02
8.553553553553554067e+00 7.304791145875938474e-02
8.563563563563564074e+00 7.322080190185203952e-02
8.573573573573574080e+00 7.339369234494469429e-02
8.583583583583584087e+00 7.356617888389345439e-02
8.593593593593594093e+00 7.373850188649175297e-02
8.603603603603604100e+00 7.391082488909003767e-02
8.613613613613614106e+00 7.408281177756431690e-02
8.623623623623624113e+00 7.425456634768501374e-02
8.633633633633634119e+00 7.442632091780569670e-02
8.643643643643644126e+00 7.459780766669374397e-02
8.653653653653654132e+00 7.476899337268391732e-02
8.663663663663664138e+00 7.494017907867407680e-02
8.673673673673674145e+00 7.511116555617250445e-02
8.683683683683684151e+00 7.528178252538919590e-02
8.693693693693694158e+00 7.545239949460588735e-02
8.703703703703704164e+00 7.562288592548205290e-02
8.713713713713714171e+00 7.579293484273819104e-02
8.723723723723724177e+00 7.596298375999434305e-02
8.733733733733734184e+00 7.613297072475612437e-02
8.743743743743744190e+00 7.630245283053578575e-02
8.753753753753754197e+00 7.647193493631544714e-02
8.763763763763764203e+00 7.664141704209510852e-02
8.773773773773774209e+00 7.681034045873409710e-02
8.783783783783784216e+00 7.697925754717892255e-02
8.793793793793794222e+00 7.714817463562377575e-02
8.803803803803804229e+00 7.731660315616666057e-02
8.813813813813814235e+00 7.748495757283682672e-02
8.823823823823824242e+00 7.765331198950699287e-02
8.833833833833834248e+00 7.782124780474357351e-02
8.843843843843844255e+00 7.798904244415566511e-02
8.853853853853854261e+00 7.815683708356774284e-02
8.863863863863864268e+00 7.832428273311410616e-02
8.873873873873874274e+00 7.849152103605923358e-02
8.883883883883884280e+00 7.865875933900434713e-02
8.893893893893894287e+00 7.882571770980366377e-02
8.903903903903904293e+00 7.899240366044844863e-02
8.913913913913914300e+00 7.915908961109326125e-02
8.923923923923924306e+00 7.932556393583173326e-02
8.933933933933934313e+00 7.949170205860617289e-02
8.943943943943944319e+00 7.965784018138059863e-02
8.953953953953954326e+00 7.982383403681941880e-02
8.963963963963964332e+00 7.998942939309416911e-02
8.973973973973974338e+00 8.015502474936889166e-02
8.983983983983984345e+00 8.032054205459301932e-02
8.993993993993994351e+00 8.048560023914975992e-02
9.004004004004004358e+00 8.065065842370648663e-02
9.014014014014014364e+00 8.081570343829123926e-02
9.024024024024024371e+00 8.098023057559029791e-02
9.034034034034034377e+00 8.114475771288934269e-02
9.044044044044044384e+00 8.130928485018838747e-02
9.054054054054054390e+00 8.147333777523391163e-02
9.064064064064064397e+00 8.163734051548160453e-02
9.074074074074074403e+00 8.180134325572931131e-02
9.084084084084084409e+00 8.196494059484414618e-02
9.094094094094094416e+00 8.212842610986494096e-02
9.104104104104104422e+00 8.229191162488573574e-02
9.114114114114114429e+00 8.245505916460826867e-02
9.124124124124124435e+00 8.261803514352436539e-02
9.134134134134134442e+00 8.278101112244044824e-02
9.144144144144144448e+00 8.294371497715662123e-02
9.154154154154154455e+00 8.310618962187980852e-02
9.164164164164164461e+00 8.326866426660299580e-02
9.174174174174174468e+00 8.343093087613338843e-02
9.184184184184184474e+00 8.359291289667282465e-02
9.194194194194194480e+00 8.375489491721226087e-02
9.204204204204204487e+00 8.391673104432709196e-02
9.214214214214214493e+00 8.407822965391688330e-02
9.224224224224224500e+00 8.423972826350670240e-02
9.234234234234234506e+00 8.440114099137016601e-02
9.244244244244244513e+00 8.456216590142136280e-02
9.254254254254254519e+00 8.472319081147255959e-02
9.264264264264264526e+00 8.488418754101738350e-02
9.274274274274274532e+00 8.504474895589810013e-02
9.284284284284284539e+00 8.520531037077883063e-02
9.294294294294294545e+00 8.536587178565954726e-02
9.304304304304304551e+00 8.552600742966112723e-02
9.314314314314314558e+00 8.568611604130974002e-02
9.324324324324324564e+00 8.584622465295836669e-02
9.334334334334334571e+00 8.600597121692847569e-02
9.344344344344344577e+00 8.616563819930347923e-02
9.354354354354354584e+00 8.632530518167846889e-02
9.364364364364364590e+00 8.648467147973630531e-02
9.374374374374374597e+00 8.664390848310775384e-02
9.384384384384384603e+00 8.680314548647923012e-02
9.394394394394394610e+00 8.696214063347561252e-02
9.404404404404404616e+00 8.712095977856257334e-02
9.414414414414414622e+00 8.727977892364954804e-02
9.424424424424424629e+00 8.743841233206153807e-02
9.434434434434434635e+00 8.759682620401959552e-02
9.444444444444444642e+00 8.775524007597765297e-02
9.454454454454454648e+00 8.791352145274505814e-02
9.464464464464464655e+00 8.807154309500901668e-02
9.474474474474474661e+00 8.822956473727297522e-02
9.484484484484484668e+00 8.838750408057832741e-02
9.494494494494494674e+00 8.854514698856423560e-02
9.504504504504504681e+00 8.870278989655015767e-02
9.514514514514514687e+00 8.886039749254320830e-02
9.524524524524524693e+00 8.901767560721440820e-02
9.534534534534534700e+00 8.917495372188562197e-02
9.544544544544544706e+00 8.933223183655683575e-02
9.554554554554554713e+00 8.948916784265562030e-02
9.564564564564564719e+00 8.964609554395755464e-02
9.574574574574574726e+00 8.980302324525947510e-02
9.584584584584584732e+00 8.995966373911125358e-02
9.594594594594594739e+00 9.011625583927958261e-02
9.604604604604604745e+00 9.027284793944791164e-02
9.614614614614614752e+00 9.042920447639216097e-02
9.624624624624624758e+00 9.058547621313864373e-02
9.634634634634634764e+00 9.074174794988511261e-02
9.644644644644644771e+00 9.089783235266654660e-02
9.654654654654654777e+00 9.105379938224798797e-02
9.664664664664664784e+00 9.120976641182942934e-02
9.674674674674674790e+00 9.136559076695181802e-02
9.684684684684684797e+00 9.152126915712588406e-02
9.694694694694694803e+00 9.167694754729997786e-02
9.704704704704704810e+00 9.183252420133702909e-02
9.714714714714714816e+00 9.198793042421035682e-02
9.724724724724724823e+00 9.214333664708369842e-02
9.734734734734734829e+00 9.229867820294822278e-02
9.744744744744744835e+00 9.245382912772118211e-02
9.754754754754754842e+00 9.260898005249415532e-02
9.764764764764764848e+00 9.276409936566662462e-02
9.774774774774774855e+00 9.291901225127922881e-02
9.784784784784784861e+00 9.307392513689181912e-02
9.794794794794794868e+00 9.322883531160990056e-02
9.804804804804804874e+00 9.338352779929427749e-02
9.814814814814814881e+00 9.353822028697866831e-02
9.824824824824824887e+00 9.369291277466305912e-02
9.834834834834834894e+00 9.384742477813209915e-02
9.844844844844844900e+00 9.400191488387509009e-02
9.854854854854854906e+00 9.415640498961806715e-02
9.864864864864864913e+00 9.431075317707011962e-02
9.874874874874874919e+00 9.446505928399169527e-02
9.884884884884884926e+00 9.461936539091325704e-02
9.894894894894894932e+00 9.477356394905428472e-02
9.904904904904904939e+00 9.492770479970580322e-02
9.914914914914914945e+00 9.508184565035732172e-02
9.924924924924924952e+00 9.523590899126607723e-02
9.934934934934934958e+00 9.538990367985317187e-02
9.944944944944944965e+00 9.554389836844026651e-02
9.954954954954954971e+00 9.569784112551076027e-02
9.964964964964964977e+00 9.585170909004567252e-02
9.974974974974974984e+00 9.600557705458057089e-02
9.984984984984984990e+00 9.615941407843775490e-02
9.994994994994994997e+00 9.631317509282497080e-02
1.000500500500500500e+01 9.646693610721218670e-02
1.001501501501501501e+01 9.662068246160192275e-02
1.002502502502502502e+01 9.677435662766281643e-02
1.003503503503503502e+01 9.692803079372369623e-02
1.004504504504504503e+01 9.708170175137877111e-02
1.005505505505505504e+01 9.723530949081846120e-02
1.006506506506506504e+01 9.738891723025815128e-02
1.007507507507507505e+01 9.754252496969784136e-02
1.008508508508508505e+01 9.769609031506303054e-02
1.009509509509509506e+01 9.784965236138513933e-02
1.010510510510510507e+01 9.800321440770722037e-02
1.011511511511511507e+01 9.815675654928122940e-02
1.012512512512512508e+01 9.831029393965372287e-02
1.013513513513513509e+01 9.846383133002623023e-02
1.014514514514514509e+01 9.861736643795998569e-02
1.015515515515515510e+01 9.877090050503785357e-02
1.016516516516516511e+01 9.892443457211573532e-02
1.017517517517517511e+01 9.907797900057523088e-02
1.018518518518518512e+01 9.923153136428322640e-02
1.019519519519519513e+01 9.938508372799122192e-02
1.020520520520520513e+01 9.953865401088529685e-02
1.021521521521521514e+01 9.969224657016551028e-02
1.022522522522522515e+01 9.984583912944572370e-02
1.023523523523523515e+01 9.999945197614121262e-02
1.024524524524524516e+01 1.001531069006697527e-01
1.025525525525525516e+01 1.003067618251982929e-01
1.026526526526526517e+01 1.004604341162237957e-01
1.027527527527527518e+01 1.006141738381008677e-01
1.028528528528528518e+01 1.007679135599779396e-01
1.029529529529529519e+01 1.009216623427174331e-01
1.030530530530530520e+01 1.010755095481344762e-01
1.031531531531531520e+01 1.012293567535515054e-01
1.032532532532532521e+01 1.013832039589685624e-01
1.033533533533533522e+01 1.015371768588173434e-01
1.034534534534534522e+01 1.016911544797062111e-01
1.035535535535535523e+01 1.018451321005950788e-01
1.036536536536536524e+01 1.019992392395272923e-01
1.037537537537537524e+01 1.021533704451942359e-01
1.038538538538538525e+01 1.023075016508611657e-01
1.039539539539539525e+01 1.024617607799005875e-01
1.040540540540540526e+01 1.026160689686506228e-01
1.041541541541541527e+01 1.027703771574006580e-01
1.042542542542542527e+01 1.029248061687376425e-01
1.043543543543543528e+01 1.030793149594915886e-01
1.044544544544544529e+01 1.032338237502455347e-01
1.045545545545545529e+01 1.033884406728938499e-01
1.046546546546546530e+01 1.035431738968034115e-01
1.047547547547547531e+01 1.036979071207129594e-01
1.048548548548548531e+01 1.038527301161664557e-01
1.049549549549549532e+01 1.040077118082297636e-01
1.050550550550550533e+01 1.041626935002930715e-01
1.051551551551551533e+01 1.043177408581838495e-01
1.052552552552552534e+01 1.044729952488663433e-01
1.053553553553553535e+01 1.046282496395488093e-01
1.054554554554554535e+01 1.047835397733078988e-01
1.055555555555555536e+01 1.049390912801716341e-01
1.056556556556556536e+01 1.050946427870353694e-01
1.057557557557557537e+01 1.052501942938991186e-01
1.058558558558558538e+01 1.054060674489015609e-01
1.059559559559559538e+01 1.055619406682465067e-01
1.060560560560560539e+01 1.057178138875914525e-01
1.061561561561561540e+01 1.058739917660759394e-01
1.062562562562562540e+01 1.060302114645969435e-01
1.063563563563563541e+01 1.061864311631179614e-01
1.064564564564564542e+01 1.063429326859856583e-01
1.065565565565565542e+01 1.064995237924490773e-01
1.066566566566566543e+01 1.066561148989124824e-01
1.067567567567567544e+01 1.068129590852482658e-01
1.068568568568568544e+01 1.069699466821900785e-01
1.069569569569569545e+01 1.071269342791318913e-01
1.070570570570570545e+01 1.072841402419178053e-01
1.071571571571571546e+01 1.074415495573689122e-01
1.072572572572572547e+01 1.075989588728200191e-01
1.073573573573573547e+01 1.077565458146601957e-01
1.074574574574574548e+01 1.079144022138996267e-01
1.075575575575575549e+01 1.080722586131390300e-01
1.076576576576576549e+01 1.082302458219970426e-01
1.077577577577577550e+01 1.083885747993383469e-01
1.078578578578578551e+01 1.085469037766796235e-01
1.079579579579579551e+01 1.087053106216292336e-01
1.080580580580580552e+01 1.088641377922418413e-01
1.081581581581581553e+01 1.090229649628544351e-01
1.082582582582582553e+01 1.091818108898444523e-01
1.083583583583583554e+01 1.093411619816135188e-01
1.084584584584584555e+01 1.095005130733825854e-01
1.085585585585585555e+01 1.096598641651516520e-01
1.086586586586586556e+01 1.098197184464446557e-01
1.087587587587587556e+01 1.099796192918725546e-01
1.088588588588588557e+01 1.101395201373004534e-01
1.089589589589589558e+01 1.102998785353573180e-01
1.090590590590590558e+01 1.104603550635091386e-01
1.091591591591591559e+01 1.106208315916609591e-01
1.092592592592592560e+01 1.107817138463551426e-01
1.093593593593593560e+01 1.109427920748515539e-01
1.094594594594594561e+01 1.111038703033479652e-01
1.095595595595595562e+01 1.112652962066888046e-01
1.096596596596596562e+01 1.114270022337486149e-01
1.097597597597597563e+01 1.115887082608084530e-01
1.098598598598598564e+01 1.117506976528419710e-01
1.099599599599599564e+01 1.119130576493772289e-01
1.100600600600600565e+01 1.120754176459124868e-01
1.101601601601601566e+01 1.122379904106439868e-01
1.102602602602602566e+01 1.124010306124102188e-01
1.103603603603603567e+01 1.125640708141764645e-01
1.104604604604604567e+01 1.127272468755153856e-01
1.105605605605605568e+01 1.128909935753195648e-01
1.106606606606606569e+01 1.130547402751237440e-01
1.107607607607607569e+01 1.132185395928516913e-01
1.108608608608608570e+01 1.133830191328198539e-01
1.109609609609609571e+01 1.135474986727880026e-01
1.110610610610610571e+01 1.137119782127561651e-01
1.111611611611611572e+01 1.138771800024582226e-01
1.112612612612612573e+01 1.140424187663661576e-01
1.113613613613613573e+01 1.142076575302740787e-01
1.114614614614614574e+01 1.143735490053562343e-01
1.115615615615615575e+01 1.145395734110241648e-01
1.116616616616616575e+01 1.147055978166921092e-01
1.117617617617617576e+01 1.148721990471074650e-01
1.118618618618618576e+01 1.150390355388621610e-01
1.119619619619619577e+01 1.152058720306168571e-01
1.120620620620620578e+01 1.153732030988378343e-01
1.121621621621621578e+01 1.155408781400436707e-01
1.122622622622622579e+01 1.157085531812495072e-01
1.123623623623623580e+01 1.158766341784319975e-01
1.124624624624624580e+01 1.160451742440926776e-01
1.125625625625625581e+01 1.162137143097533437e-01
1.126626626626626582e+01 1.163825653319302544e-01
1.127627627627627582e+01 1.165519969013645574e-01
1.128628628628628583e+01 1.167214284707988464e-01
1.129629629629629584e+01 1.168910696151030104e-01
1.130630630630630584e+01 1.170614191646944385e-01
1.131631631631631585e+01 1.172317687142858389e-01
1.132632632632632586e+01 1.174022200752027068e-01
1.133633633633633586e+01 1.175735140712269727e-01
1.134634634634634587e+01 1.177448080672512526e-01
1.135635635635635587e+01 1.179161020632755186e-01
1.136636636636636588e+01 1.180883546244331644e-01
1.137637637637637589e+01 1.182606195159637136e-01
1.138638638638638589e+01 1.184328844074942905e-01
1.139639639639639590e+01 1.186060137763160216e-01
1.140640640640640591e+01 1.187792759882101978e-01
1.141641641641641769e+01 1.189525382001043879e-01
1.142642642642642770e+01 1.191265644098109810e-01
1.143643643643643770e+01 1.193008503357778083e-01
1.144644644644644771e+01 1.194751362617446216e-01
1.145645645645645772e+01 1.196500793213828850e-01
1.146646646646646772e+01 1.198254153171346981e-01
1.147647647647647773e+01 1.200007513128864972e-01
1.148648648648648773e+01 1.201766312038247408e-01
1.149649649649649774e+01 1.203530435803136234e-01
1.150650650650650775e+01 1.205294559568025059e-01
1.151651651651651775e+01 1.207062926292602895e-01
1.152652652652652776e+01 1.208838076460010125e-01
1.153653653653653777e+01 1.210613226627417494e-01
1.154654654654654777e+01 1.212391360323543527e-01
1.155655655655655778e+01 1.214177798908350064e-01
1.156656656656656779e+01 1.215964237493156741e-01
1.157657657657657779e+01 1.217752336937335395e-01
1.158658658658658780e+01 1.219550325309152194e-01
1.159659659659659781e+01 1.221348313680968994e-01
1.160660660660660781e+01 1.223146577236206844e-01
1.161661661661661782e+01 1.224956376055275215e-01
1.162662662662662783e+01 1.226766174874343723e-01
1.163663663663663783e+01 1.228575973693412232e-01
1.164664664664664784e+01 1.230396669610858834e-01
1.165665665665665784e+01 1.232218538764861121e-01
1.166666666666666785e+01 1.234040407918863547e-01
1.167667667667667786e+01 1.235871922352939772e-01
1.168668668668668786e+01 1.237706120894739442e-01
1.169669669669669787e+01 1.239540319436539251e-01
1.170670670670670788e+01 1.241382848415300277e-01
1.171671671671671788e+01 1.243229634501616665e-01
1.172672672672672789e+01 1.245076420587933191e-01
1.173673673673673790e+01 1.246930159534558602e-01
1.174674674674674790e+01 1.248789790365580077e-01
1.175675675675675791e+01 1.250649421196601552e-01
1.176676676676676792e+01 1.252514564898518923e-01
1.177677677677677792e+01 1.254387296658476258e-01
1.178678678678678793e+01 1.256260028418433317e-01
1.179679679679679793e+01 1.258136770996824694e-01
1.180680680680680794e+01 1.260022858795522838e-01
1.181681681681681795e+01 1.261908946594221259e-01
1.182682682682682795e+01 1.263797481473908357e-01
1.183683683683683796e+01 1.265697179289227703e-01
1.184684684684684797e+01 1.267596877104547604e-01
1.185685685685685797e+01 1.269497396984266557e-01
1.186686686686686798e+01 1.271410957605643710e-01
1.187687687687687799e+01 1.273324518227021418e-01
1.188688688688688799e+01 1.275238078848398848e-01
1.189689689689689800e+01 1.277164890022969845e-01
1.190690690690690801e+01 1.279092564995853165e-01
1.191691691691691801e+01 1.281020239968736207e-01
1.192692692692692802e+01 1.282959669492507171e-01
1.193693693693693803e+01 1.284901709063811515e-01
1.194694694694694803e+01 1.286843748635115581e-01
1.195695695695695804e+01 1.288795985502004249e-01
1.196696696696696804e+01 1.290752638566550203e-01
1.197697697697697805e+01 1.292709291631095880e-01
1.198698698698698806e+01 1.294674523941366784e-01
1.199699699699699806e+01 1.296646037989326872e-01
1.200700700700700807e+01 1.298617552037286960e-01
1.201701701701701808e+01 1.300595966970788109e-01
1.202702702702702808e+01 1.302582588036132749e-01
1.203703703703703809e+01 1.304569209101477112e-01
1.204704704704704810e+01 1.306560992891271089e-01
1.205705705705705810e+01 1.308562965501217645e-01
1.206706706706706811e+01 1.310564938111163924e-01
1.207707707707707812e+01 1.312570276017561988e-01
1.208708708708708812e+01 1.314587843143040224e-01
1.209709709709709813e+01 1.316605410268519016e-01
1.210710710710710813e+01 1.318624486553518493e-01
1.211711711711711814e+01 1.320657889560645781e-01
1.212712712712712815e+01 1.322691292567773069e-01
1.213713713713713815e+01 1.324724695574900635e-01
1.214714714714714816e+01 1.326773769072467912e-01
1.215715715715715817e+01 1.328823247675040842e-01
1.216716716716716817e+01 1.330872726277613494e-01
1.217717717717717818e+01 1.332936141597573232e-01
1.218718718718718819e+01 1.335001933810571473e-01
1.219719719719719819e+01 1.337067726023569991e-01
1.220720720720720820e+01 1.339145662539330817e-01
1.221721721721721821e+01 1.341228004633444604e-01
1.222722722722722821e+01 1.343310346727558391e-01
1.223723723723723822e+01 1.345402982671536352e-01
1.224724724724724823e+01 1.347502109128709269e-01
1.225725725725725823e+01 1.349601235585882186e-01
1.226726726726726824e+01 1.351708748026972384e-01
1.227727727727727824e+01 1.353824891496963334e-01
1.228728728728728825e+01 1.355941034966954561e-01
1.229729729729729826e+01 1.358063599788408571e-01
1.230730730730730826e+01 1.360196991046374038e-01
1.231731731731731827e+01 1.362330382304340060e-01
1.232732732732732828e+01 1.364468174182051352e-01
1.233733733733733828e+01 1.366619042087141578e-01
1.234734734734734829e+01 1.368769909992231804e-01
1.235735735735735830e+01 1.370923102373422520e-01
1.236736736736736830e+01 1.373091673828402137e-01
1.237737737737737831e+01 1.375260245283381755e-01
1.238738738738738832e+01 1.377429010365695816e-01
1.239739739739739832e+01 1.379615510277570345e-01
1.240740740740740833e+01 1.381802010189444874e-01
1.241741741741741833e+01 1.383988510101319402e-01
1.242742742742742834e+01 1.386191170142107021e-01
1.243743743743743835e+01 1.388395821383772988e-01
1.244744744744744835e+01 1.390600472625438677e-01
1.245745745745745836e+01 1.392819266733729966e-01
1.246746746746746837e+01 1.395042290106631444e-01
1.247747747747747837e+01 1.397265313479532922e-01
1.248748748748748838e+01 1.399500407875034491e-01
1.249749749749749839e+01 1.401742022072824667e-01
1.250750750750750839e+01 1.403983636270614843e-01
1.251751751751751840e+01 1.406235195808532845e-01
1.252752752752752841e+01 1.408495617381753939e-01
1.253753753753753841e+01 1.410756038954975033e-01
1.254754754754754842e+01 1.413024227108121700e-01
1.255755755755755843e+01 1.415303670429873539e-01
1.256756756756756843e+01 1.417583113751625934e-01
1.257757757757757844e+01 1.419868092592924957e-01
1.258758758758758844e+01 1.422166769825541910e-01
1.259759759759759845e+01 1.424465447058158307e-01
1.260760760760760846e+01 1.426767377243551016e-01
1.261761761761761846e+01 1.429085498306268687e-01
1.262762762762762847e+01 1.431403619368986080e-01
1.263763763763763848e+01 1.433722660120728687e-01
1.264764764764764848e+01 1.436060432658345654e-01
1.265765765765765849e+01 1.438398205195962620e-01
1.266766766766766850e+01 1.440735977733579587e-01
1.267767767767767850e+01 1.443092143638844971e-01
1.268768768768768851e+01 1.445449772991368453e-01
1.269769769769769852e+01 1.447807402343892491e-01
1.270770770770770852e+01 1.450181195899973019e-01
1.271771771771771853e+01 1.452558885073242656e-01
1.272772772772772854e+01 1.454936574246512015e-01
1.273773773773773854e+01 1.457328147915776528e-01
1.274774774774774855e+01 1.459726097553069313e-01
1.275775775775775855e+01 1.462124047190361820e-01
1.276776776776776856e+01 1.464533551911189890e-01
1.277777777777777857e+01 1.466951960265790444e-01
1.278778778778778857e+01 1.469370368620390443e-01
1.279779779779779858e+01 1.471797953793395342e-01
1.280780780780780859e+01 1.474237016702135972e-01
1.281781781781781859e+01 1.476676079610876602e-01
1.282782782782782860e+01 1.479121893085506845e-01
1.283783783783783861e+01 1.481581803943258779e-01
1.284784784784784861e+01 1.484041714801010436e-01
1.285785785785785862e+01 1.486505902862532147e-01
1.286786786786786863e+01 1.488986852597656285e-01
1.287787787787787863e+01 1.491467802332780979e-01
1.288788788788788864e+01 1.493950509689637995e-01
1.289789789789789864e+01 1.496452686740376570e-01
1.290790790790790865e+01 1.498954863791114589e-01
1.291791791791791866e+01 1.501457040841852608e-01
1.292792792792792866e+01 1.503979823854468822e-01
1.293793793793793867e+01 1.506503414146273534e-01
1.294794794794794868e+01 1.509027004438077690e-01
1.295795795795795868e+01 1.511568774774695867e-01
1.296796796796796869e+01 1.514113961698495825e-01
1.297797797797797870e+01 1.516659148622295783e-01
1.298798798798798870e+01 1.519220043633464634e-01
1.299799799799799871e+01 1.521787008024849119e-01
1.300800800800800872e+01 1.524353972416234160e-01
1.301801801801801872e+01 1.526934127808964869e-01
1.302802802802802873e+01 1.529523047928289525e-01
1.303803803803803874e+01 1.532111968047614181e-01
1.304804804804804874e+01 1.534711517875512743e-01
1.305805805805805875e+01 1.537322569388912263e-01
1.306806806806806875e+01 1.539933620902312061e-01
1.307807807807807876e+01 1.542552697556067165e-01
1.308808808808808877e+01 1.545186053517368374e-01
1.309809809809809877e+01 1.547819409478670138e-01
1.310810810810810878e+01 1.550458143676895495e-01
1.311811811811811879e+01 1.553113974510424156e-01
1.312812812812812879e+01 1.555769805343952816e-01
1.313813813813813880e+01 1.558428326124390584e-01
1.314814814814814881e+01 1.561106799608667772e-01
1.315815815815815881e+01 1.563785273092945238e-01
1.316816816816816882e+01 1.566463746577222427e-01
1.317817817817817883e+01 1.569164989056323622e-01
1.318818818818818883e+01 1.571866270308630575e-01
1.319819819819819884e+01 1.574567551560937528e-01
1.320820820820820884e+01 1.577288996063152815e-01
1.321821821821821885e+01 1.580013247524970632e-01
1.322822822822822886e+01 1.582737498986788172e-01
1.323823823823823886e+01 1.585479266768440587e-01
1.324824824824824887e+01 1.588226648191745916e-01
1.325825825825825888e+01 1.590974029615051244e-01
1.326826826826826888e+01 1.593736240207028754e-01
1.327827827827827889e+01 1.596506908641440181e-01
1.328828828828828890e+01 1.599277577075851886e-01
1.329829829829829890e+01 1.602060348277387636e-01
1.330830830830830891e+01 1.604854458058156685e-01
1.331831831831831892e+01 1.607648567838925735e-01
1.332832832832832892e+01 1.610452015711704432e-01
1.333833833833833893e+01 1.613269718448536172e-01
1.334834834834834894e+01 1.616087421185367912e-01
1.335835835835835894e+01 1.618911660047961387e-01
1.336836836836836895e+01 1.621753104614657714e-01
1.337837837837837895e+01 1.624594549181354042e-01
1.338838838838838896e+01 1.627439691603983496e-01
1.339839839839839897e+01 1.630305024128905766e-01
1.340840840840840897e+01 1.633170356653828037e-01
1.341841841841841898e+01 1.636036513453451580e-01
1.342842842842842899e+01 1.638925877310777601e-01
1.343843843843843899e+01 1.641815241168103900e-01
1.344844844844844900e+01 1.644704605025430200e-01
1.345845845845845901e+01 1.647616057205608942e-01
1.346846846846846901e+01 1.650529593007400708e-01
1.347847847847847902e+01 1.653443128809192197e-01
1.348848848848848903e+01 1.656375949565206118e-01
1.349849849849849903e+01 1.659313795154244153e-01
1.350850850850850904e+01 1.662251640743281633e-01
1.351851851851851904e+01 1.665205932830341462e-01
1.352852852852852905e+01 1.668168223273751860e-01
1.353853853853853906e+01 1.671130513717161981e-01
1.354854854854854906e+01 1.674106378115120808e-01
1.355855855855855907e+01 1.677093245698760005e-01
1.356856856856856908e+01 1.680080113282399201e-01
1.357857857857857908e+01 1.683077649193171488e-01
1.358858858858858909e+01 1.686089223416766536e-01
1.359859859859859910e+01 1.689100797640361307e-01
1.360860860860860910e+01 1.692120102485637767e-01
1.361861861861861911e+01 1.695156510058675736e-01
1.362862862862862912e+01 1.698192917631713983e-01
1.363863863863863912e+01 1.701234087050974564e-01
1.364864864864864913e+01 1.704295451889330792e-01
1.365865865865865914e+01 1.707356816727686466e-01
1.366866866866866914e+01 1.710419944576503093e-01
1.367867867867867915e+01 1.713506387799787478e-01
1.368868868868868915e+01 1.716592831023071863e-01
1.369869869869869916e+01 1.719679274246356526e-01
1.370870870870870917e+01 1.722789649301330051e-01
1.371871871871871917e+01 1.725901289230962199e-01
1.372872872872872918e+01 1.729012929160594625e-01
1.373873873873873919e+01 1.732145560521192729e-01
1.374874874874874919e+01 1.735282512679169331e-01
1.375875875875875920e+01 1.738419464837145934e-01
1.376876876876876921e+01 1.741574438199960662e-01
1.377877877877877921e+01 1.744736815308329525e-01
1.378878878878878922e+01 1.747899192416698388e-01
1.379879879879879923e+01 1.751076591690647055e-01
1.380880880880880923e+01 1.754264503671665310e-01
1.381881881881881924e+01 1.757452415652683841e-01
1.382882882882882924e+01 1.760652322959406491e-01
1.383883883883883925e+01 1.763865876936372146e-01
1.384884884884884926e+01 1.767079430913337801e-01
1.385885885885885926e+01 1.770301926587858898e-01
1.386886886886886927e+01 1.773541226886607702e-01
1.387887887887887928e+01 1.776780527185356506e-01
1.388888888888888928e+01 1.780025689777009756e-01
1.389889889889889929e+01 1.783290837928069861e-01
1.390890890890890930e+01 1.786555986079130243e-01
1.391891891891891930e+01 1.789823892352742918e-01
1.392892892892892931e+01 1.793114987094135693e-01
1.393893893893893932e+01 1.796406081835528468e-01
1.394894894894894932e+01 1.799697176576921520e-01
1.395895895895895933e+01 1.803013944053534212e-01
1.396896896896896934e+01 1.806331081334204836e-01
1.397897897897897934e+01 1.809648218614875181e-01
1.398898898898898935e+01 1.812987971119535691e-01
1.399899899899899935e+01 1.816331244103418785e-01
1.400900900900900936e+01 1.819674517087301602e-01
1.401901901901901937e+01 1.823037323260636444e-01
1.402902902902902937e+01 1.826406822331324009e-01
1.403903903903903938e+01 1.829776321402011019e-01
1.404904904904904939e+01 1.833162248112695236e-01
1.405905905905905939e+01 1.836558060878716037e-01
1.406906906906906940e+01 1.839953873644736837e-01
1.407907907907907941e+01 1.843362985992526570e-01
1.408908908908908941e+01 1.846785197293222269e-01
1.409909909909909942e+01 1.850207408593917691e-01
1.410910910910910943e+01 1.853639769912917012e-01
1.411911911911911943e+01 1.857088461824894510e-01
1.412912912912912944e+01 1.860537153736871729e-01
1.413913913913913944e+01 1.863992825599027903e-01
1.414914914914914945e+01 1.867468077443193708e-01
1.415915915915915946e+01 1.870943329287359791e-01
1.416916916916916946e+01 1.874422371506185292e-01
1.417917917917917947e+01 1.877924259855337508e-01
1.418918918918918948e+01 1.881426148204489723e-01
1.419919919919919948e+01 1.884928618839006309e-01
1.420920920920920949e+01 1.888457217525982557e-01
1.421921921921921950e+01 1.891985816212958804e-01
1.422922922922922950e+01 1.895514414899935052e-01
1.423923923923923951e+01 1.899067151698241029e-01
1.424924924924924952e+01 1.902622531824615659e-01
1.425925925925925952e+01 1.906177911950990567e-01
1.426926926926926953e+01 1.909754256415983897e-01
1.427927927927927954e+01 1.913336486361285893e-01
1.428928928928928954e+01 1.916918716306588166e-01
1.429929929929929955e+01 1.920518718547404580e-01
1.430930930930930955e+01 1.924127863978871145e-01
1.431931931931931956e+01 1.927737009410337987e-01
1.432932932932932957e+01 1.931360717809854632e-01
1.433933933933933957e+01 1.934996841692691871e-01
1.434934934934934958e+01 1.938632965575529388e-01
1.435935935935935959e+01 1.942280426795892634e-01
1.436936936936936959e+01 1.945943589404046936e-01
1.437937937937937960e+01 1.949606752012201516e-01
1.438938938938938961e+01 1.953278011000550429e-01
1.439939939939939961e+01 1.956968269927961968e-01
1.440940940940940962e+01 1.960658528855373506e-01
1.441941941941941963e+01 1.964353628849757616e-01
1.442942942942942963e+01 1.968071039022108171e-01
1.443943943943943964e+01 1.971788449194458726e-01
1.444944944944944965e+01 1.975507431729952024e-01
1.445945945945945965e+01 1.979252045416883821e-01
1.446946946946946966e+01 1.982996659103815618e-01
1.447947947947947966e+01 1.986741272790747692e-01
1.448948948948948967e+01 1.990511430846614860e-01
1.449949949949949968e+01 1.994283297674414590e-01
1.450950950950950968e+01 1.998055164502214043e-01
1.451951951951951969e+01 2.001849330081860168e-01
1.452952952952952970e+01 2.005648497046592371e-01
1.453953953953953970e+01 2.009447664011324575e-01
1.454954954954954971e+01 2.013265870962802073e-01
1.455955955955955972e+01 2.017092382443899934e-01
1.456956956956956972e+01 2.020918893924997517e-01
1.457957957957957973e+01 2.024761174433706290e-01
1.458958958958958974e+01 2.028615072207980152e-01
1.459959959959959974e+01 2.032468969982254015e-01
1.460960960960960975e+01 2.036335354578401313e-01
1.461961961961961975e+01 2.040216677834496561e-01
1.462962962962962976e+01 2.044098001090591532e-01
1.463963963963963977e+01 2.047988518656813361e-01
1.464964964964964977e+01 2.051897304010060485e-01
1.465965965965965978e+01 2.055806089363307609e-01
1.466966966966966979e+01 2.059720767142452502e-01
1.467967967967967979e+01 2.063657048650145709e-01
1.468968968968968980e+01 2.067593330157839193e-01
1.469969969969969981e+01 2.071532193760918794e-01
1.470970970970970981e+01 2.075496002937977369e-01
1.471971971971971982e+01 2.079459812115035944e-01
1.472972972972972983e+01 2.083423621292094796e-01
1.473973973973973983e+01 2.087414251364353157e-01
1.474974974974974984e+01 2.091405617199379174e-01
1.475975975975975985e+01 2.095396983034405469e-01
1.476976976976976985e+01 2.099411871768402382e-01
1.477977977977977986e+01 2.103430820740120888e-01
1.478978978978978986e+01 2.107449769711839394e-01
1.479979979979979987e+01 2.111488935379248755e-01
1.480980980980980988e+01 2.115535491473309326e-01
1.481981981981981988e+01 2.119582047567369898e-01
1.482982982982982989e+01 2.123645506858541920e-01
1.483983983983983990e+01 2.127719691584690764e-01
1.484984984984984990e+01 2.131793876310839608e-01
1.485985985985985991e+01 2.135881644343866903e-01
1.486986986986986992e+01 2.139983476753465064e-01
1.487987987987987992e+01 2.144085309163063224e-01
1.488988988988988993e+01 2.148197399492985660e-01
1.489989989989989994e+01 2.152326896196877781e-01
1.490990990990990994e+01 2.156456392900769903e-01
1.491991991991991995e+01 2.160592817528912135e-01
1.492992992992992995e+01 2.164749992715625515e-01
1.493993993993993996e+01 2.168907167902338617e-01
1.494994994994994997e+01 2.173067937285780848e-01
1.495995995995995997e+01 2.177252802740050897e-01
1.496996996996996998e+01 2.181437668194320667e-01
1.497997997997997999e+01 2.185622791255497077e-01
1.498998998998998999e+01 2.189835356377114184e-01
1.500000000000000000e+01 2.194047921498730735e-01
