5.000000000000000000e+00 9.136848733592837016e-03
5.010010010010010006e+00 9.231115032110288193e-03
5.020020020020020013e+00 9.325381330627735901e-03
5.030030030030030019e+00 9.419647629145187079e-03
5.040040040040040026e+00 9.513913927662636522e-03
5.050050050050050032e+00 9.608180226180084230e-03
5.060060060060060039e+00 9.702446524697535407e-03
5.070070070070070045e+00 9.796712823214984850e-03
5.080080080080080052e+00 9.890979121732436027e-03
5.090090090090090058e+00 9.985245420249883735e-03
5.100100100100100065e+00 1.007951171876733491e-02
5.110110110110110071e+00 1.017377801728478436e-02
5.120120120120120077e+00 1.026971739576867763e-02
5.130130130130130084e+00 1.036587183328448354e-02
5.140140140140140090e+00 1.046202627080029118e-02
5.150150150150150097e+00 1.055962259019745803e-02
5.160160160160160103e+00 1.065766381373964809e-02
5.170170170170170110e+00 1.075570503728183643e-02
5.180180180180180116e+00 1.085495687732396589e-02
5.190190190190190123e+00 1.095488291559438068e-02
5.200200200200200129e+00 1.105480895386479374e-02
5.210210210210210136e+00 1.115571450218375872e-02
5.220220220220220142e+00 1.125752276575884420e-02
5.230230230230230148e+00 1.135933102933392967e-02
5.240240240240240155e+00 1.146188808163612315e-02
5.250250250250250161e+00 1.156557536334698773e-02
5.260260260260260168e+00 1.166926264505785231e-02
5.270270270270270174e+00 1.177346860537567194e-02
5.280280280280280181e+00 1.187903108089332152e-02
5.290290290290290187e+00 1.198459355641097283e-02
5.300300300300300194e+00 1.209044543743840669e-02
5.310310310310310200e+00 1.219787866608975681e-02
5.320320320320320207e+00 1.230531189474110866e-02
5.330330330330330213e+00 1.241280631826021351e-02
5.340340340340340219e+00 1.252210524409917702e-02
5.350350350350350226e+00 1.263140416993813880e-02
5.360360360360360232e+00 1.274070309577710232e-02
5.370370370370370239e+00 1.285169632050022631e-02
5.380380380380380245e+00 1.296285527365740459e-02
5.390390390390390252e+00 1.307401422681458286e-02
5.400400400400400258e+00 1.318663578491561204e-02
5.410410410410410265e+00 1.329964848324877505e-02
5.420420420420420271e+00 1.341266118158193806e-02
5.430430430430430278e+00 1.352690591537346679e-02
5.440440440440440284e+00 1.364176546643990420e-02
5.450450450450450290e+00 1.375662501750633988e-02
5.460460460460460297e+00 1.387248738344877379e-02
5.470470470470470303e+00 1.398918628681894774e-02
5.480480480480480310e+00 1.410588519018911996e-02
5.490490490490490316e+00 1.422335926022846517e-02
5.500500500500500323e+00 1.434188941015940473e-02
5.510510510510510329e+00 1.446041956009034429e-02
5.520520520520520336e+00 1.457949902314141510e-02
5.530530530530530342e+00 1.469985171162621444e-02
5.540540540540540349e+00 1.482020440011101378e-02
5.550550550550550355e+00 1.494088256369028103e-02
5.560560560560560361e+00 1.506304848389913159e-02
5.570570570570570368e+00 1.518521440410798042e-02
5.580580580580580374e+00 1.530748419612006084e-02
5.590590590590590381e+00 1.543145344624607430e-02
5.600600600600600387e+00 1.555542269637208777e-02
5.610610610610610394e+00 1.567939194649810297e-02
5.620620620620620400e+00 1.580503875457565585e-02
5.630630630630630407e+00 1.593080084209777536e-02
5.640640640640640413e+00 1.605656292961990181e-02
5.650650650650650419e+00 1.618377501249479780e-02
5.660660660660660426e+00 1.631131885886771479e-02
5.670670670670670432e+00 1.643886270524062831e-02
5.680680680680680439e+00 1.656763128339346081e-02
5.690690690690690445e+00 1.669694522917368126e-02
5.700700700700700452e+00 1.682625917495390172e-02
5.710710710710710458e+00 1.695657510357586467e-02
5.720720720720720465e+00 1.708764691399072486e-02
5.730730730730730471e+00 1.721871872440558504e-02
5.740740740740740478e+00 1.735057249645312674e-02
5.750750750750750484e+00 1.748338936741850036e-02
5.760760760760760490e+00 1.761620623838387051e-02
5.770770770770770497e+00 1.774958798780975830e-02
5.780780780780780503e+00 1.788413655240026628e-02
5.790790790790790510e+00 1.801868511699077080e-02
5.800800800800800516e+00 1.815358462215242372e-02
5.810810810810810523e+00 1.828985095752681117e-02
5.820820820820820529e+00 1.842611729290119515e-02
5.830830830830830536e+00 1.856252398014679797e-02
5.840840840840840542e+00 1.870049361492912010e-02
5.850850850850850549e+00 1.883846324971144570e-02
5.860860860860860555e+00 1.897643288449376436e-02
5.870870870870870561e+00 1.911602411926051348e-02
5.880880880880880568e+00 1.925568204137695708e-02
5.890890890890890574e+00 1.939533996349340067e-02
5.900900900900900581e+00 1.953640064776615906e-02
5.910910910910910587e+00 1.967773131273535189e-02
5.920920920920920594e+00 1.981906197770454126e-02
5.930930930930930600e+00 1.996157998143441997e-02
5.940940940940940607e+00 2.010456732110807096e-02
5.950950950950950613e+00 2.024755466078171848e-02
5.960960960960960620e+00 2.039151752722201047e-02
5.970970970970970626e+00 2.053614495897138417e-02
5.980980980980980632e+00 2.068077239072076134e-02
5.990990990990990639e+00 2.082616734134212430e-02
6.001001001001000645e+00 2.097241777768441354e-02
6.011011011011010652e+00 2.111866821402670277e-02
6.021021021021020658e+00 2.126548215360173771e-02
6.031031031031030665e+00 2.141333801225954112e-02
6.041041041041040671e+00 2.156119387091734452e-02
6.051051051051050678e+00 2.170941339277242255e-02
6.061061061061060684e+00 2.185885660715815998e-02
6.071071071071070691e+00 2.200829982154389741e-02
6.081081081081080697e+00 2.215791121297591704e-02
6.091091091091090703e+00 2.230892324309191599e-02
6.101101101101100710e+00 2.245993527320791841e-02
6.111111111111110716e+00 2.261094730332391389e-02
6.121121121121120723e+00 2.276348636480809984e-02
6.131131131131130729e+00 2.291604820855262792e-02
6.141141141141140736e+00 2.306861005229715253e-02
6.151151151151150742e+00 2.322249320983536813e-02
6.161161161161160749e+00 2.337658541470299944e-02
6.171171171171170755e+00 2.353067761957062728e-02
6.181181181181180762e+00 2.368588983816375879e-02
6.191191191191190768e+00 2.384149251332875682e-02
6.201201201201200774e+00 2.399709518849375833e-02
6.211211211211210781e+00 2.415362116283219229e-02
6.221221221221220787e+00 2.431071399160183305e-02
6.231231231231230794e+00 2.446780682037147381e-02
6.241241241241240800e+00 2.462563098139361126e-02
6.251251251251250807e+00 2.478419323401797464e-02
6.261261261261260813e+00 2.494275548664234149e-02
6.271271271271270820e+00 2.510186200822716804e-02
6.281281281281280826e+00 2.526187255505179738e-02
6.291291291291290833e+00 2.542188310187642672e-02
6.301301301301300839e+00 2.558225590766608631e-02
6.311311311311310845e+00 2.574369323261213593e-02
6.321321321321320852e+00 2.590513055755818903e-02
6.331331331331330858e+00 2.606675332790652291e-02
6.341341341341340865e+00 2.622959554226377693e-02
6.351351351351350871e+00 2.639243775662103442e-02
6.361361361361360878e+00 2.655529393566410240e-02
6.371371371371370884e+00 2.671951879218079084e-02
6.381381381381380891e+00 2.688374364869747582e-02
6.391391391391390897e+00 2.704796850521416773e-02
6.401401401401400904e+00 2.721340135879509944e-02
6.411411411411410910e+00 2.737898626604838223e-02
6.421421421421420916e+00 2.754457117330166155e-02
6.431431431431430923e+00 2.771118072310353384e-02
6.441441441441440929e+00 2.787810276013443292e-02
6.451451451451450936e+00 2.804502479716533547e-02
6.461461461461460942e+00 2.821279350759601373e-02
6.471471471471470949e+00 2.838102943879168907e-02
6.481481481481480955e+00 2.854926536998736442e-02
6.491491491491490962e+00 2.871817551376610808e-02
6.501501501501500968e+00 2.888770180397244938e-02
6.511511511511510975e+00 2.905722809417878374e-02
6.521521521521520981e+00 2.922726176016535171e-02
6.531531531531530987e+00 2.939805459001279889e-02
6.541541541541540994e+00 2.956884741986024606e-02
6.551551551551551000e+00 2.973998652096235262e-02
6.561561561561561007e+00 2.991202180238732716e-02
6.571571571571571013e+00 3.008405708381230517e-02
6.581581581581581020e+00 3.025628336496674273e-02
6.591591591591591026e+00 3.042953675691123516e-02
6.601601601601601033e+00 3.060279014885573454e-02
6.611611611611611927e+00 3.077608519507845850e-02
6.621621621621621934e+00 3.095053211935007431e-02
6.631631631631631940e+00 3.112497904362169013e-02
6.641641641641641947e+00 3.129942596789330594e-02
6.651651651651651953e+00 3.147493994539701107e-02
6.661661661661661959e+00 3.165055560267201334e-02
6.671671671671671966e+00 3.182617125994700868e-02
6.681681681681681972e+00 3.200269172097802706e-02
6.691691691691691979e+00 3.217945110692956717e-02
6.701701701701701985e+00 3.235621049288111423e-02
6.711711711711711992e+00 3.253371840284451089e-02
6.721721721721721998e+00 3.271159632437862369e-02
6.731731731731732005e+00 3.288947424591273649e-02
6.741741741741742011e+00 3.306795045941404720e-02
6.751751751751752018e+00 3.324692155099602531e-02
6.761761761761762024e+00 3.342589264257800341e-02
6.771771771771772030e+00 3.360531791181975425e-02
6.781781781781782037e+00 3.378535665187321763e-02
6.791791791791792043e+00 3.396539539192668100e-02
6.801801801801802050e+00 3.414575037512827815e-02
6.811811811811812056e+00 3.432683110249023367e-02
6.821821821821822063e+00 3.450791182985219613e-02
6.831831831831832069e+00 3.468917709968850210e-02
6.841841841841842076e+00 3.487127403010304577e-02
6.851851851851852082e+00 3.505337096051758250e-02
6.861861861861862089e+00 3.523552701257162689e-02
6.871871871871872095e+00 3.541861425520569789e-02
6.881881881881882101e+00 3.560170149783976196e-02
6.891891891891892108e+00 3.578478874047383296e-02
6.901901901901902114e+00 3.596878033302966515e-02
6.911911911911912121e+00 3.615283190699426080e-02
6.921921921921922127e+00 3.633688348095886339e-02
6.931931931931932134e+00 3.652170059504301902e-02
6.941941941941942140e+00 3.670669044590375851e-02
6.951951951951952147e+00 3.689168029676450494e-02
6.961961961961962153e+00 3.707730319041278172e-02
6.971971971971972160e+00 3.726320520667342900e-02
6.981981981981982166e+00 3.744910722293406935e-02
6.991991991991992172e+00 3.763551612739404056e-02
7.002002002002002179e+00 3.782230415693789427e-02
7.012012012012012185e+00 3.800909218648173410e-02
7.022022022022022192e+00 3.819626731461129437e-02
7.032032032032032198e+00 3.838391518108474204e-02
7.042042042042042205e+00 3.857156304755818971e-02
7.052052052052052211e+00 3.875948460219662967e-02
7.062062062062062218e+00 3.894796612132007257e-02
7.072072072072072224e+00 3.913644764044351548e-02
7.082082082082082231e+00 3.932509582275117016e-02
7.092092092092092237e+00 3.951438481854229606e-02
7.102102102102102243e+00 3.970367381433342890e-02
7.112112112112112250e+00 3.989302883209591005e-02
7.122122122122122256e+00 4.008309915299185233e-02
7.132132132132132263e+00 4.027316947388779461e-02
7.142142142142142269e+00 4.046323979478374383e-02
7.152152152152152276e+00 4.065403708464489924e-02
7.162162162162162282e+00 4.084486261950844715e-02
7.172172172172172289e+00 4.103568815437200201e-02
7.182182182182182295e+00 4.122712669331926594e-02
7.192192192192192302e+00 4.141868138731652493e-02
7.202202202202202308e+00 4.161023608131378393e-02
7.212212212212212314e+00 4.180229621846325710e-02
7.222222222222222321e+00 4.199455408879915891e-02
7.232232232232232327e+00 4.218681195913506071e-02
7.242242242242242334e+00 4.237947409859726261e-02
7.252252252252252340e+00 4.257240925009633109e-02
7.262262262262262347e+00 4.276534440159540651e-02
7.272272272272272353e+00 4.295858901037970246e-02
7.282282282282282360e+00 4.315217565090029295e-02
7.292292292292292366e+00 4.334576229142087650e-02
7.302302302302302373e+00 4.353956990727059911e-02
7.312312312312312379e+00 4.373378236294024612e-02
7.322322322322322385e+00 4.392799481860989314e-02
7.332332332332332392e+00 4.412234605776501478e-02
7.342342342342342398e+00 4.431715878802579972e-02
7.352352352352352405e+00 4.451197151828658466e-02
7.362362362362362411e+00 4.470684708317098494e-02
7.372372372372372418e+00 4.490223469562406450e-02
7.382382382382382424e+00 4.509762230807713018e-02
7.392392392392392431e+00 4.529300992053019587e-02
7.402402402402402437e+00 4.548894025994633383e-02
7.412412412412412444e+00 4.568487752498504723e-02
7.422422422422422450e+00 4.588081479002376062e-02
7.432432432432432456e+00 4.607720609652066895e-02
7.442442442442442463e+00 4.627366796174216951e-02
7.452452452452452469e+00 4.647012982696366312e-02
7.462462462462462476e+00 4.666696329822776768e-02
7.472472472472472482e+00 4.686392490261359622e-02
7.482482482482482489e+00 4.706088650699942477e-02
7.492492492492492495e+00 4.725814347077891830e-02
7.502502502502502502e+00 4.745558015863533124e-02
7.512512512512512508e+00 4.765301684649175112e-02
7.522522522522522515e+00 4.785067876761537470e-02
7.532532532532532521e+00 4.804856610226494046e-02
7.542542542542542527e+00 4.824645343691449928e-02
7.552552552552552534e+00 4.844450192420975826e-02
7.562562562562562540e+00 4.864281570142536121e-02
7.572572572572572547e+00 4.884112947864095028e-02
7.582582582582582553e+00 4.903954629174992613e-02
7.592592592592592560e+00 4.923826255292401005e-02
7.602602602602602566e+00 4.943697881409809397e-02
7.612612612612612573e+00 4.963574587018877715e-02
7.622622622622622579e+00 4.983484091523014692e-02
7.632632632632632586e+00 5.003393596027151669e-02
7.642642642642642592e+00 5.023303534064278014e-02
7.652652652652652598e+00 5.043248574059371742e-02
7.662662662662662605e+00 5.063193614054464775e-02
7.672672672672672611e+00 5.083138654049558502e-02
7.682682682682682618e+00 5.103113270649008160e-02
7.692692692692692624e+00 5.123091531585757114e-02
7.702702702702702631e+00 5.143069792522506761e-02
7.712712712712712637e+00 5.163071824637664731e-02
7.722722722722722644e+00 5.183081021517162851e-02
7.732732732732732650e+00 5.203090218396661665e-02
7.742742742742742657e+00 5.223117957974742626e-02
7.752752752752752663e+00 5.243155836522583185e-02
7.762762762762762669e+00 5.263193715070423051e-02
7.772772772772772676e+00 5.283245474147246767e-02
7.782782782782782682e+00 5.303309811957351155e-02
7.792792792792792689e+00 5.323374149767455543e-02
7.802802802802802695e+00 5.343448261041127550e-02
7.812812812812812702e+00 5.363536868688748016e-02
7.822822822822822708e+00 5.383625476336367788e-02
7.832832832832832715e+00 5.403720293728804525e-02
7.842842842842842721e+00 5.423831015852265819e-02
7.852852852852852727e+00 5.443941737975727807e-02
7.862862862862862734e+00 5.464055637181913089e-02
7.872872872872872740e+00 5.484186353532716218e-02
7.882882882882882747e+00 5.504317069883519348e-02
7.892892892892892753e+00 5.524448448908393650e-02
7.902902902902902760e+00 5.544597075369252920e-02
7.912912912912912766e+00 5.564745701830111496e-02
7.922922922922922773e+00 5.584894328290970072e-02
7.932932932932932779e+00 5.605057471083498694e-02
7.942942942942942786e+00 5.625221960654038650e-02
7.952952952952952792e+00 5.645386450224579300e-02
7.962962962962962798e+00 5.665561928930074737e-02
7.972972972972972805e+00 5.685740272679832424e-02
7.982982982982982811e+00 5.705918616429589418e-02
7.992992992992992818e+00 5.726104938068834332e-02
8.003003003003001936e+00 5.746295166057360793e-02
8.013013013013011943e+00 5.766485394045889334e-02
8.023023023023021949e+00 5.786681090858314391e-02
8.033033033033031955e+00 5.806881273022120038e-02
8.043043043043041962e+00 5.827081455185924991e-02
8.053053053053051968e+00 5.847285085069831717e-02
8.063063063063061975e+00 5.867493332075977147e-02
8.073073073073071981e+00 5.887701579082121883e-02
8.083083083083081988e+00 5.907911726021826404e-02
8.093093093093091994e+00 5.928126190088045533e-02
8.103103103103102001e+00 5.948340654154263968e-02
8.113113113113112007e+00 5.968555928634151908e-02
8.123123123123122014e+00 5.988774804315336042e-02
8.133133133133132020e+00 6.008993679996520176e-02
8.143143143143142026e+00 6.029212719401960685e-02
8.153153153153152033e+00 6.049434244342954958e-02
8.163163163163162039e+00 6.069655769283949925e-02
8.173173173173172046e+00 6.089877294224944199e-02
8.183183183183182052e+00 6.110099693943694260e-02
8.193193193193192059e+00 6.130322149598334269e-02
8.203203203203202065e+00 6.150544605252974972e-02
8.213213213213213848e+00 6.170766452856889933e-02
8.223223223223223854e+00 6.190988165173230695e-02
8.233233233233233861e+00 6.211209877489571457e-02
8.243243243243243867e+00 6.231429938486478942e-02
8.253253253253253874e+00 6.251649278558266132e-02
8.263263263263263880e+00 6.271868618630054015e-02
8.273273273273273887e+00 6.292085687518379766e-02
8.283283283283283893e+00 6.312301072202738950e-02
8.293293293293293900e+00 6.332516456887100909e-02
8.303303303303303906e+00 6.352729357457143067e-02
8.313313313313313913e+00 6.372939249958625707e-02
8.323323323323323919e+00 6.393149142460108347e-02
8.333333333333333925e+00 6.413356728082185432e-02
8.343343343343343932e+00 6.433559638503144607e-02
8.353353353353353938e+00 6.453762548924103781e-02
8.363363363363363945e+00 6.473963702823593014e-02
8.373373373373373951e+00 6.494158188681146970e-02
8.383383383383383958e+00 6.514352674538699539e-02
8.393393393393393964e+00 6.534546310058039764e-02
8.403403403403403971e+00 6.554730976767630946e-02
8.413413413413413977e+00 6.574915643477223515e-02
8.423423423423423984e+00 6.595100310186814696e-02
8.433433433433433990e+00 6.615274205650682748e-02
8.443443443443443996e+00 6.635447706976504989e-02
8.453453453453454003e+00 6.655621208302327230e-02
8.463463463463464009e+00 6.675784205935271498e-02
8.473473473473474016e+00 6.695945244407654207e-02
8.483483483483484022e+00 6.716106282880036915e-02
8.493493493493494029e+00 6.736257436968307033e-02
8.503503503503504035e+00 6.756404764268388041e-02
8.513513513513514042e+00 6.776552091568469049e-02
8.523523523523524048e+00 6.796690487785560231e-02
8.533533533533534055e+00 6.816822905097345842e-02
8.543543543543544061e+00 6.836955322409131452e-02
8.553553553553554067e+00 6.857080077980809429e-02
8.563563563563564074e+00 6.877196436311024119e-02
8.573573573573574080e+00 6.897312794641240197e-02
8.583583583583584087e+00 6.917423058498038679e-02
8.593593593593594093e+00 6.937522258963906008e-02
8.603603603603604100e+00 6.957621459429774724e-02
8.613613613613614106e+00 6.977716412347070851e-02
8.623623623623624113e+00 6.997797406432436362e-02
8.633633633633634119e+00 7.017878400517800486e-02
8.643643643643644126e+00 7.037957255243551535e-02
8.653653653653654132e+00 7.058019045023575244e-02
8.663663663663664138e+00 7.078080834803600341e-02
8.673673673673674145e+00 7.098142624583624050e-02
8.683683683683684151e+00 7.118184474508620907e-02
8.693693693693694158e+00 7.138226112843444604e-02
8.703703703703704164e+00 7.158267751178266913e-02
8.713713713713714171e+00 7.178291128583116909e-02
8.723723723723724177e+00 7.198311719280810206e-02
8.733733733733734184e+00 7.218332309978506278e-02
8.743743743743744190e+00 7.238336575253638550e-02
8.753753753753754197e+00 7.258335273202826121e-02
8.763763763763764203e+00 7.278333971152013693e-02
8.773773773773774209e+00 7.298318517152294072e-02
8.783783783783784216e+00 7.318294528424809653e-02
8.793793793793794222e+00 7.338270539697325234e-02
8.803803803803804229e+00 7.358234791779838524e-02
8.813813813813814235e+00 7.378187373703874730e-02
8.823823823823824242e+00 7.398139955627912323e-02
8.833833833833834248e+00 7.418083371678366178e-02
8.843843843843844255e+00 7.438011832882443497e-02
8.853853853853854261e+00 7.457940294086523592e-02
8.863863863863864268e+00 7.477862364534366979e-02
8.873873873873874274e+00 7.497766064962638199e-02
8.883883883883884280e+00 7.517669765390908032e-02
8.893893893893894287e+00 7.537570013213328035e-02
8.903903903903904293e+00 7.557448364112594186e-02
8.913913913913914300e+00 7.577326715011861724e-02
8.923923923923924306e+00 7.597204695726735013e-02
8.933933933933934313e+00 7.617057159605668260e-02
8.943943943943944319e+00 7.636909623484600118e-02
8.953953953953954326e+00 7.656762087363531977e-02
8.963963963963964332e+00 7.676591015693551290e-02
8.973973973973974338e+00 7.696417106254564711e-02
8.983983983983984345e+00 7.716243196815576744e-02
8.993993993993994351e+00 7.736048631414425836e-02
9.004004004004004358e+00 7.755847913458675802e-02
9.014014014014014364e+00 7.775647195502927156e-02
9.024024024024024371e+00 7.795428840337165211e-02
9.034034034034034377e+00 7.815200929643190131e-02
9.044044044044044384e+00 7.834973018949215051e-02
9.054054054054054390e+00 7.854730610242793842e-02
9.064064064064064397e+00 7.874475173419244467e-02
9.074074074074074403e+00 7.894219736595695092e-02
9.084084084084084409e+00 7.913953042744217847e-02
9.094094094094094416e+00 7.933669797057212036e-02
9.104104104104104422e+00 7.953386551370204838e-02
9.114114114114114429e+00 7.973095372845431794e-02
9.124124124124124435e+00 7.992784086021037515e-02
9.134134134134134442e+00 8.012472799196643236e-02
9.144144144144144448e+00 8.032156968441360456e-02
9.154154154154154455e+00 8.051817458443746856e-02
9.164164164164164461e+00 8.071477948446134643e-02
9.174174174174174468e+00 8.091137329759549857e-02
9.184184184184184474e+00 8.110769464545287966e-02
9.194194194194194480e+00 8.130401599331024687e-02
9.204204204204204487e+00 8.150033734116760020e-02
9.214214214214214493e+00 8.169639785993880465e-02
9.224224224224224500e+00 8.189243483242963917e-02
9.234234234234234506e+00 8.208847180492048756e-02
9.244244244244244513e+00 8.228428235212163766e-02
9.254254254254254519e+00 8.248003462036289368e-02
9.264264264264264526e+00 8.267578688860414970e-02
9.274274274274274532e+00 8.287134754629285616e-02
9.284284284284284539e+00 8.306681527257901709e-02
9.294294294294294545e+00 8.326228299886517803e-02
9.304304304304304551e+00 8.345759415880207865e-02
9.314314314314314558e+00 8.365277799324913333e-02
9.324324324324324564e+00 8.384796182769618800e-02
9.334334334334334571e+00 8.404302418953471521e-02
9.344344344344344577e+00 8.423792526651308066e-02
9.354354354354354584e+00 8.443282634349147386e-02
9.364364364364364590e+00 8.462764091288672852e-02
9.374374374374374597e+00 8.482226084724854565e-02
9.384384384384384603e+00 8.501688078161036277e-02
9.394394394394394610e+00 8.521144886824892628e-02
9.404404404404404616e+00 8.540578975135537654e-02
9.414414414414414622e+00 8.560013063446182680e-02
9.424424424424424629e+00 8.579445385001369107e-02
9.434434434434434635e+00 8.598851824556789925e-02
9.444444444444444642e+00 8.618258264112210743e-02
9.454454454454454648e+00 8.637664703667632948e-02
9.464464464464464655e+00 8.657045383680782302e-02
9.474474474474474661e+00 8.676424477649928579e-02
9.484484484484484668e+00 8.695803571619073469e-02
9.494494494494494674e+00 8.715160526109066996e-02
9.504504504504504681e+00 8.734512624005597026e-02
9.514514514514514687e+00 8.753864721902125667e-02
9.524524524524524693e+00 8.773198247199784361e-02
9.534534534534534700e+00 8.792523744410449260e-02
9.544544544544544706e+00 8.811849241621114159e-02
9.554554554554554713e+00 8.831159662872850591e-02
9.564564564564564719e+00 8.850459000168665880e-02
9.574574574574574726e+00 8.869758337464479780e-02
9.584584584584584732e+00 8.889046008374265617e-02
9.594594594594594739e+00 8.908319671405050266e-02
9.604604604604604745e+00 8.927593334435836303e-02
9.614614614614614752e+00 8.946858637000863756e-02
9.624624624624624758e+00 8.966107155773729576e-02
9.634634634634634764e+00 8.985355674546596783e-02
9.644644644644644771e+00 9.004599018786801912e-02
9.654654654654654777e+00 9.023822967129173367e-02
9.664664664664664784e+00 9.043046915471546210e-02
9.674674674674674790e+00 9.062268739153128694e-02
9.684684684684684797e+00 9.081468734160783041e-02
9.694694694694694803e+00 9.100668729168438775e-02
9.704704704704704810e+00 9.119868724176094510e-02
9.714714714714714816e+00 9.139046198992289982e-02
9.724724724724724823e+00 9.158222900463061644e-02
9.734734734734734829e+00 9.177399601933833306e-02
9.744744744744744835e+00 9.196557215747282188e-02
9.754754754754754842e+00 9.215711325600912940e-02
9.764764764764764848e+00 9.234865435454545080e-02
9.774774774774774855e+00 9.254003749082088948e-02
9.784784784784784861e+00 9.273136010766860893e-02
9.794794794794794868e+00 9.292268272451630062e-02
9.804804804804804874e+00 9.311387872687325318e-02
9.814814814814814881e+00 9.330499070573934628e-02
9.824824824824824887e+00 9.349610268460542550e-02
9.834834834834834894e+00 9.368711767759259346e-02
9.844844844844844900e+00 9.387802726522551100e-02
9.854854854854854906e+00 9.406893685285844242e-02
9.864864864864864913e+00 9.425977721442312107e-02
9.874874874874874919e+00 9.445049305431395259e-02
9.884884884884884926e+00 9.464120889420481186e-02
9.894894894894894932e+00 9.483188125243934008e-02
9.904904904904904939e+00 9.502241237841212163e-02
9.914914914914914945e+00 9.521294350438490317e-02
9.924924924924924952e+00 9.540345473423035572e-02
9.934934934934934958e+00 9.559381056392703135e-02
9.944944944944944965e+00 9.578416639362369311e-02
9.954954954954954971e+00 9.597452222332036875e-02
9.964964964964964977e+00 9.616471394179759713e-02
9.974974974974974984e+00 9.635490427006281056e-02
9.984984984984984990e+00 9.654509459832801010e-02
9.994994994994994997e+00 9.673514983079205265e-02
1.000500500500500500e+01 9.692518482296302862e-02
1.001501501501501501e+01 9.711521981513400459e-02
1.002502502502502502e+01 9.730514652058264158e-02
1.003503503503503502e+01 9.749503670568976377e-02
1.004504504504504503e+01 9.768492689079688596e-02
1.005505505505505504e+01 9.787473325460963047e-02
1.006506506506506504e+01 9.806448951849232321e-02
1.007507507507507505e+01 9.825424578237501594e-02
1.008508508508508505e+01 9.844394021274587014e-02
1.009509509509509506e+01 9.863357379108921019e-02
1.010510510510510507e+01 9.882320736943256412e-02
1.011511511511511507e+01 9.901279849377354891e-02
1.012512512512512508e+01 9.920232096507067276e-02
1.013513513513513509e+01 9.939184343636779662e-02
1.014514514514514509e+01 9.958134009768487838e-02
1.015515515515515510e+01 9.977076337613018098e-02
1.016516516516516511e+01 9.996018665457545582e-02
1.017517517517517511e+01 1.001495979078181053e-01
1.018518518518518512e+01 1.003389342361357683e-01
1.019519519519519513e+01 1.005282705644534175e-01
1.020520520520520513e+01 1.007176056728389807e-01
1.021521521521521514e+01 1.009068676150525895e-01
1.022522522522522515e+01 1.010961295572661844e-01
1.023523523523523515e+01 1.012853914994797655e-01
1.024524524524524516e+01 1.014745984227276715e-01
1.025525525525525516e+01 1.016637988568745293e-01
1.026526526526526517e+01 1.018529992910214010e-01
1.027527527527527518e+01 1.020421623905473918e-01
1.028528528528528518e+01 1.022313145013434288e-01
1.029529529529529519e+01 1.024204666121394519e-01
1.030530530530530520e+01 1.026095960529790074e-01
1.031531531531531520e+01 1.027987133244381845e-01
1.032532532532532521e+01 1.029878305958973617e-01
1.033533533533533522e+01 1.031769367290061856e-01
1.034534534534534522e+01 1.033660329370191810e-01
1.035535535535535523e+01 1.035551291450321765e-01
1.036536536536536524e+01 1.037442225034689719e-01
1.037537537537537524e+01 1.039333117083456465e-01
1.038538538538538525e+01 1.041224009132223072e-01
1.039539539539539525e+01 1.043114922083185625e-01
1.040540540540540526e+01 1.045005887472990891e-01
1.041541541541541527e+01 1.046896852862796157e-01
1.042542542542542527e+01 1.048787854037977058e-01
1.043543543543543528e+01 1.050679038835358875e-01
1.044544544544544529e+01 1.052570223632740692e-01
1.045545545545545529e+01 1.054461423595548231e-01
1.046546546546546530e+01 1.056352976485785827e-01
1.047547547547547531e+01 1.058244529376023285e-01
1.048548548548548531e+01 1.060136082266260882e-01
1.049549549549549532e+01 1.062028112568563637e-01
1.050550550550550533e+01 1.063920184780094841e-01
1.051551551551551533e+01 1.065812256991625767e-01
1.052552552552552534e+01 1.067704865867038361e-01
1.053553553553553535e+01 1.069597611095726708e-01
1.054554554554554535e+01 1.071490356324415333e-01
1.055555555555555536e+01 1.073383661613269008e-01
1.056556556556556536e+01 1.075277235946569265e-01
1.057557557557557537e+01 1.077170810279869523e-01
1.058558558558558538e+01 1.079064931297460811e-01
1.059559559559559538e+01 1.080959493138512334e-01
1.060560560560560539e+01 1.082854054979563996e-01
1.061561561561561540e+01 1.084749112477249450e-01
1.062562562562562540e+01 1.086644822468946919e-01
1.063563563563563541e+01 1.088540532460644389e-01
1.064564564564564542e+01 1.090436648586936008e-01
1.065565565565565542e+01 1.092333669536006413e-01
1.066566566566566543e+01 1.094230690485076818e-01
1.067567567567567544e+01 1.096127988746749271e-01
1.068568568568568544e+01 1.098026485547879544e-01
1.069569569569569545e+01 1.099924982349009817e-01
1.070570570570570545e+01 1.101823587572228619e-01
1.071571571571571546e+01 1.103723727132275845e-01
1.072572572572572547e+01 1.105623866692323348e-01
1.073573573573573547e+01 1.107524006252370713e-01
1.074574574574574548e+01 1.109425856146126071e-01
1.075575575575575549e+01 1.111327807308448573e-01
1.076576576576576549e+01 1.113229758470771075e-01
1.077577577577577550e+01 1.115133339485596814e-01
1.078578578578578551e+01 1.117037272954539556e-01
1.079579579579579551e+01 1.118941206423482160e-01
1.080580580580580552e+01 1.120846648896501596e-01
1.081581581581581553e+01 1.122752737162069497e-01
1.082582582582582553e+01 1.124658825427637537e-01
1.083583583583583554e+01 1.126566260785177992e-01
1.084584584584584555e+01 1.128474678047932250e-01
1.085585585585585555e+01 1.130383095310686370e-01
1.086586586586586556e+01 1.132292656029911943e-01
1.087587587587587556e+01 1.134203578126119216e-01
1.088588588588588557e+01 1.136114500222326767e-01
1.089589589589589558e+01 1.138026319792980884e-01
1.090590590590590558e+01 1.139939924120051962e-01
1.091591591591591559e+01 1.141853528447122762e-01
1.092592592592592560e+01 1.143767741333389792e-01
1.093593593593593560e+01 1.145684206775627878e-01
1.094594594594594561e+01 1.147600672217865825e-01
1.095595595595595562e+01 1.149517413820355660e-01
1.096596596596596562e+01 1.151436920675055903e-01
1.097597597597597563e+01 1.153356427529756006e-01
1.098598598598598564e+01 1.155275934384456249e-01
1.099599599599599564e+01 1.157198564051548084e-01
1.100600600600600565e+01 1.159121293955471116e-01
1.101601601601601566e+01 1.161044023859393870e-01
1.102602602602602566e+01 1.162969638604935407e-01
1.103603603603603567e+01 1.164895774461182365e-01
1.104604604604604567e+01 1.166821910317429462e-01
1.105605605605605568e+01 1.168750649318260060e-01
1.106606606606606569e+01 1.170680375223581149e-01
1.107607607607607569e+01 1.172610101128902099e-01
1.108608608608608570e+01 1.174542104275419080e-01
1.109609609609609571e+01 1.176475605447974554e-01
1.110610610610610571e+01 1.178409106620530306e-01
1.111611611611611572e+01 1.180344514479906293e-01
1.112612612612612573e+01 1.182281977187513711e-01
1.113613613613613573e+01 1.184219439895121129e-01
1.114614614614614574e+01 1.186158393674721090e-01
1.115615615615615575e+01 1.188100005163610501e-01
1.116616616616616575e+01 1.190041616652499773e-01
1.117617617617617576e+01 1.191984258163500537e-01
1.118618618618618576e+01 1.193930206587595771e-01
1.119619619619619577e+01 1.195876155011691144e-01
1.120620620620620578e+01 1.197822626632908949e-01
1.121621621621621578e+01 1.199773100983670404e-01
1.122622622622622579e+01 1.201723575334431859e-01
1.123623623623623580e+01 1.203674049685193315e-01
1.124624624624624580e+01 1.205629210013210578e-01
1.125625625625625581e+01 1.207584400050050050e-01
1.126626626626626582e+01 1.209539590086889521e-01
1.127627627627627582e+01 1.211499057300467058e-01
1.128628628628628583e+01 1.213459153481763753e-01
1.129629629629629584e+01 1.215419249663060447e-01
1.130630630630630584e+01 1.217383168259711518e-01
1.131631631631631585e+01 1.219348361674445491e-01
1.132632632632632586e+01 1.221313555089179187e-01
1.133633633633633586e+01 1.223282069923876947e-01
1.134634634634634587e+01 1.225252552223903557e-01
1.135635635635635587e+01 1.227223034523930167e-01
1.136636636636636588e+01 1.229196290774736272e-01
1.137637637637637589e+01 1.231172254107719549e-01
1.138638638638638589e+01 1.233148217440702826e-01
1.139639639639639590e+01 1.235126360574663046e-01
1.140640640640640591e+01 1.237107997517684771e-01
1.141641641641641769e+01 1.239089634460706912e-01
1.142642642642642770e+01 1.241072810200015142e-01
1.143643643643643770e+01 1.243060313693880592e-01
1.144644644644644771e+01 1.245047817187746320e-01
1.145645645645645772e+01 1.247036171476182120e-01
1.146646646646646772e+01 1.249029734760434274e-01
1.147647647647647773e+01 1.251023298044686427e-01
1.148648648648648773e+01 1.253016977014330402e-01
1.149649649649649774e+01 1.255016793562999944e-01
1.150650650650650775e+01 1.257016610111669486e-01
1.151651651651651775e+01 1.259016426660338472e-01
1.152652652652652776e+01 1.261022023507992473e-01
1.153653653653653777e+01 1.263028286966079994e-01
1.154654654654654777e+01 1.265034550424167514e-01
1.155655655655655778e+01 1.267045958403603123e-01
1.156656656656656779e+01 1.269058862524331532e-01
1.157657657657657779e+01 1.271071766645059942e-01
1.158658658658658780e+01 1.273089132302648308e-01
1.159659659659659781e+01 1.275108870885477974e-01
1.160660660660660781e+01 1.277128609468308196e-01
1.161661661661661782e+01 1.279152079347262438e-01
1.162662662662662783e+01 1.281178846176700692e-01
1.163663663663663783e+01 1.283205613006139223e-01
1.164664664664664784e+01 1.285235333615484532e-01
1.165665665665665784e+01 1.287269322400686200e-01
1.166666666666666785e+01 1.289303311185887868e-01
1.167667667667667786e+01 1.291339428969747183e-01
1.168668668668668786e+01 1.293380833284929754e-01
1.169669669669669787e+01 1.295422237600112603e-01
1.170670670670670788e+01 1.297464898907309816e-01
1.171671671671671788e+01 1.299513912132990723e-01
1.172672672672672789e+01 1.301562925358671907e-01
1.173673673673673790e+01 1.303612276412658144e-01
1.174674674674674790e+01 1.305669091677722493e-01
1.175675675675675791e+01 1.307725906942786842e-01
1.176676676676676792e+01 1.309782722207851191e-01
1.177677677677677792e+01 1.311846903936502995e-01
1.178678678678678793e+01 1.313911714061115066e-01
1.179679679679679793e+01 1.315976524185727137e-01
1.180680680680680794e+01 1.318047880068483335e-01
1.181681681681681795e+01 1.320120877507846846e-01
1.182682682682682795e+01 1.322193874947210912e-01
1.183683683683683796e+01 1.324272550233880075e-01
1.184684684684684797e+01 1.326353927022868306e-01
1.185685685685685797e+01 1.328435303811856261e-01
1.186686686686686798e+01 1.330521443455337793e-01
1.187687687687687799e+01 1.332611391153977476e-01
1.188688688688688799e+01 1.334701338852617158e-01
1.189689689689689800e+01 1.336795087481351674e-01
1.190690690690690801e+01 1.338893797121197271e-01
1.191691691691691801e+01 1.340992506761042313e-01
1.192692692692692802e+01 1.343094008651807558e-01
1.193693693693693803e+01 1.345201670683188466e-01
1.194694694694694803e+01 1.347309332714569374e-01
1.195695695695695804e+01 1.349418731765618940e-01
1.196696696696696804e+01 1.351535536005783189e-01
1.197697697697697805e+01 1.353652340245947439e-01
1.198698698698698806e+01 1.355769779950500853e-01
1.199699699699699806e+01 1.357895915532649211e-01
1.200700700700700807e+01 1.360022051114797570e-01
1.201701701701701808e+01 1.362148186696945651e-01
1.202702702702702808e+01 1.364283329858098082e-01
1.203703703703703809e+01 1.366418985181319656e-01
1.204704704704704810e+01 1.368554640504541786e-01
1.205705705705705810e+01 1.370698297602051807e-01
1.206706706706706811e+01 1.372843660282167810e-01
1.207707707707707812e+01 1.374989022962283813e-01
1.208708708708708812e+01 1.377141335287173640e-01
1.209709709709709813e+01 1.379296592108481823e-01
1.210710710710710813e+01 1.381451848929790005e-01
1.211711711711711814e+01 1.383612957218169903e-01
1.212712712712712815e+01 1.385778294086112694e-01
1.213713713713713815e+01 1.387943630954055763e-01
1.214714714714714816e+01 1.390113675363286727e-01
1.215715715715715817e+01 1.392289277258025038e-01
1.216716716716716817e+01 1.394464879152763626e-01
1.217717717717717818e+01 1.396643999237981437e-01
1.218718718718718819e+01 1.398830050168893002e-01
1.219719719719719819e+01 1.401016101099804845e-01
1.220720720720720820e+01 1.403204435790800508e-01
1.221721721721721821e+01 1.405401118751897493e-01
1.222722722722722821e+01 1.407597801712994479e-01
1.223723723723723822e+01 1.409795489291455206e-01
1.224724724724724823e+01 1.412002986217718303e-01
1.225725725725725823e+01 1.414210483143980845e-01
1.226726726726726824e+01 1.416417980070243665e-01
1.227727727727727824e+01 1.418636152945733364e-01
1.228728728728728825e+01 1.420854644670375699e-01
1.229729729729729826e+01 1.423073136395018312e-01
1.230730730730730826e+01 1.425301116377431510e-01
1.231731731731731827e+01 1.427530782590085423e-01
1.232732732732732828e+01 1.429760448802739614e-01
1.233733733733733828e+01 1.431998370912024032e-01
1.234734734734734829e+01 1.434239390117843793e-01
1.235735735735735830e+01 1.436480409323663832e-01
1.236736736736736830e+01 1.438728407804263365e-01
1.237737737737737831e+01 1.440980957283963249e-01
1.238738738738738832e+01 1.443233506763663132e-01
1.239739739739739832e+01 1.445491715064483040e-01
1.240740740740740833e+01 1.447755970835287176e-01
1.241741741741741833e+01 1.450020226606091034e-01
1.242742742742742834e+01 1.452288777360823957e-01
1.243743743743743835e+01 1.454564914138345710e-01
1.244744744744744835e+01 1.456841050915867464e-01
1.245745745745745836e+01 1.459120075923680537e-01
1.246746746746746837e+01 1.461408267084719215e-01
1.247747747747747837e+01 1.463696458245758170e-01
1.248748748748748838e+01 1.465986088452337077e-01
1.249749749749749839e+01 1.468286505998592784e-01
1.250750750750750839e+01 1.470586923544848490e-01
1.251751751751751840e+01 1.472887341091104196e-01
1.252752752752752841e+01 1.475200103546508990e-01
1.253753753753753841e+01 1.477512918069214531e-01
1.254754754754754842e+01 1.479825732591920351e-01
1.255755755755755843e+01 1.482149528649307213e-01
1.256756756756756843e+01 1.484474909294774270e-01
1.257757757757757844e+01 1.486800289940241326e-01
1.258758758758758844e+01 1.489135246396244561e-01
1.259759759759759845e+01 1.491473360832318573e-01
1.260760760760760846e+01 1.493811475268392308e-01
1.261761761761761846e+01 1.496157717961292266e-01
1.262762762762762847e+01 1.498508732344717709e-01
1.263763763763763848e+01 1.500859746728142874e-01
1.264764764764764848e+01 1.503217400521601188e-01
1.265765765765765849e+01 1.505581479466288619e-01
1.266766766766766850e+01 1.507945558410976050e-01
1.267767767767767850e+01 1.510314747178124750e-01
1.268768768768768851e+01 1.512692053724317420e-01
1.269769769769769852e+01 1.515069360270510090e-01
1.270770770770770852e+01 1.517450206878388497e-01
1.271771771771771853e+01 1.519840902462726295e-01
1.272772772772772854e+01 1.522231598047064649e-01
1.273773773773773854e+01 1.524624224341407652e-01
1.274774774774774855e+01 1.527028468767883118e-01
1.275775775775775855e+01 1.529432713194358862e-01
1.276776776776776856e+01 1.531837239984732146e-01
1.277777777777777857e+01 1.534255191396527718e-01
1.278778778778778857e+01 1.536673142808323567e-01
1.279779779779779858e+01 1.539091094220118860e-01
1.280780780780780859e+01 1.541521504705815893e-01
1.281781781781781859e+01 1.543953319558026838e-01
1.282782782782782860e+01 1.546385134410237783e-01
1.283783783783783861e+01 1.548827838585466465e-01
1.284784784784784861e+01 1.551273671618698669e-01
1.285785785785785862e+01 1.553719504651931149e-01
1.286786786786786863e+01 1.556174618391997500e-01
1.287787787787787863e+01 1.558634622606835940e-01
1.288788788788788864e+01 1.561094626821674103e-01
1.289789789789789864e+01 1.563562264885039466e-01
1.290790790790790865e+01 1.566036591517376841e-01
1.291791791791791866e+01 1.568510918149714217e-01
1.292792792792792866e+01 1.570991194165708704e-01
1.293793793793793867e+01 1.573479992662938087e-01
1.294794794794794868e+01 1.575968791160167470e-01
1.295795795795795868e+01 1.578461817617035634e-01
1.296796796796796869e+01 1.580965235615090780e-01
1.297797797797797870e+01 1.583468653613146204e-01
1.298798798798798870e+01 1.585974541846424668e-01
1.299799799799799871e+01 1.588492725147667151e-01
1.300800800800800872e+01 1.591010908448909633e-01
1.301801801801801872e+01 1.593529768630133625e-01
1.302802802802802873e+01 1.596062861182075132e-01
1.303803803803803874e+01 1.598595953734016639e-01
1.304804804804804874e+01 1.601129046285957869e-01
1.305805805805805875e+01 1.603676038734616616e-01
1.306806806806806875e+01 1.606224182609478912e-01
1.307807807807807876e+01 1.608772326484340931e-01
1.308808808808808877e+01 1.611332647865785228e-01
1.309809809809809877e+01 1.613895983240874743e-01
1.310810810810810878e+01 1.616459318615964258e-01
1.311811811811811879e+01 1.619033073631523933e-01
1.312812812812812879e+01 1.621611738770435684e-01
1.313813813813813880e+01 1.624190403909347713e-01
1.314814814814814881e+01 1.626777696036441900e-01
1.315815815815815881e+01 1.629371827271055284e-01
1.316816816816816882e+01 1.631965958505668945e-01
1.317817817817817883e+01 1.634566889988940397e-01
1.318818818818818883e+01 1.637176621702237378e-01
1.319819819819819884e+01 1.639786353415534081e-01
1.320820820820820884e+01 1.642401025258288516e-01
1.321821821821821885e+01 1.645026489867945640e-01
1.322822822822822886e+01 1.647651954477603042e-01
1.323823823823823886e+01 1.650280466433552695e-01
1.324824824824824887e+01 1.652921794376330522e-01
1.325825825825825888e+01 1.655563122319108627e-01
1.326826826826826888e+01 1.658205572884430268e-01
1.327827827827827889e+01 1.660862892601335239e-01
1.328828828828828890e+01 1.663520212318240488e-01
1.329829829829829890e+01 1.666177532035145459e-01
1.330830830830830891e+01 1.668850136646148064e-01
1.331831831831831892e+01 1.671523574568365145e-01
1.332832832832832892e+01 1.674197012490582226e-01
1.333833833833833893e+01 1.676883873308487594e-01
1.334834834834834894e+01 1.679573553844073697e-01
1.335835835835835894e+01 1.682263234379660077e-01
1.336836836836836895e+01 1.684964444047699350e-01
1.337837837837837895e+01 1.687670489569024490e-01
1.338838838838838896e+01 1.690376535090349630e-01
1.339839839839839897e+01 1.693092184953636226e-01
1.340840840840840897e+01 1.695814715785572135e-01
1.341841841841841898e+01 1.698537246617507768e-01
1.342842842842842899e+01 1.701267426717325282e-01
1.343843843843843899e+01 1.704006561126168440e-01
1.344844844844844900e+01 1.706745695535011875e-01
1.345845845845845901e+01 1.709490494603379263e-01
1.346846846846846901e+01 1.712246348786496397e-01
1.347847847847847902e+01 1.715002202969613254e-01
1.348848848848848903e+01 1.717761708424138667e-01
1.349849849849849903e+01 1.720534396500331686e-01
1.350850850850850904e+01 1.723307084576524706e-01
1.351851851851851904e+01 1.726081382515533558e-01
1.352852852852852905e+01 1.728871016516106973e-01
1.353853853853853906e+01 1.731660650516680389e-01
1.354854854854854906e+01 1.734450284517253804e-01
1.355855855855855907e+01 1.737256515575157090e-01
1.356856856856856908e+01 1.740063205435692928e-01
1.357857857857857908e+01 1.742869895296229321e-01
1.358858858858858909e+01 1.745691194891628995e-01
1.359859859859859910e+01 1.748515048444438946e-01
1.360860860860860910e+01 1.751338901997248898e-01
1.361861861861861911e+01 1.754175350134024869e-01
1.362862862862862912e+01 1.757016473101294940e-01
1.363863863863863912e+01 1.759857596068565289e-01
1.364864864864864913e+01 1.762709271408378908e-01
1.365865865865865914e+01 1.765567767395970489e-01
1.366866866866866914e+01 1.768426263383562069e-01
1.367867867867867915e+01 1.771293243243008131e-01
1.368868868868868915e+01 1.774169213734933803e-01
1.369869869869869916e+01 1.777045184226859476e-01
1.370870870870870917e+01 1.779927544574868015e-01
1.371871871871871917e+01 1.782821088928407127e-01
1.372872872872872918e+01 1.785714633281946240e-01
1.373873873873873919e+01 1.788612448737436911e-01
1.374874874874874919e+01 1.791523664178902575e-01
1.375875875875875920e+01 1.794434879620367962e-01
1.376876876876876921e+01 1.797348223450157545e-01
1.377877877877877921e+01 1.800277205071290354e-01
1.378878878878878922e+01 1.803206186692423163e-01
1.379879879879879923e+01 1.806135168313555972e-01
1.380880880880880923e+01 1.809081971564362179e-01
1.381881881881881924e+01 1.812028812319349813e-01
1.382882882882882924e+01 1.814975653074337170e-01
1.383883883883883925e+01 1.817938217983877391e-01
1.384884884884884926e+01 1.820903008686984292e-01
1.385885885885885926e+01 1.823867799390091471e-01
1.386886886886886927e+01 1.826846193017067355e-01
1.387887887887887928e+01 1.829829022340873634e-01
1.388888888888888928e+01 1.832811851664679637e-01
1.389889889889889929e+01 1.835806139708583695e-01
1.390890890890890930e+01 1.838807094182813295e-01
1.391891891891891930e+01 1.841808048657043173e-01
1.392892892892892931e+01 1.844818295457853752e-01
1.393893893893893932e+01 1.847837459468789356e-01
1.394894894894894932e+01 1.850856623479724405e-01
1.395895895895895933e+01 1.853882892017832129e-01
1.396896896896896934e+01 1.856920347808303784e-01
1.397897897897897934e+01 1.859957803598775994e-01
1.398898898898898935e+01 1.863000155495126986e-01
1.399899899899899935e+01 1.866055983165069987e-01
1.400900900900900936e+01 1.869111810835013265e-01
1.401901901901901937e+01 1.872170306351475799e-01
1.402902902902902937e+01 1.875244583859036474e-01
1.403903903903903938e+01 1.878318861366597425e-01
1.404904904904904939e+01 1.881393559406540905e-01
1.405905905905905939e+01 1.884486362569735840e-01
1.406906906906906940e+01 1.887579165732930775e-01
1.407907907907907941e+01 1.890671968896125710e-01
1.408908908908908941e+01 1.893781526340934662e-01
1.409909909909909942e+01 1.896892928839846448e-01
1.410910910910910943e+01 1.900004331338758512e-01
1.411911911911911943e+01 1.903130276586555147e-01
1.412912912912912944e+01 1.906260349966048817e-01
1.413913913913913944e+01 1.909390423345542209e-01
1.414914914914914945e+01 1.912532809097841624e-01
1.415915915915915946e+01 1.915681622770799841e-01
1.416916916916916946e+01 1.918830436443757781e-01
1.417917917917917947e+01 1.921989314051765485e-01
1.418918918918918948e+01 1.925156935302839434e-01
1.419919919919919948e+01 1.928324556553913660e-01
1.420920920920920949e+01 1.931499976020648879e-01
1.421921921921921950e+01 1.934686470010496540e-01
1.422922922922922950e+01 1.937872964000344200e-01
1.423923923923923951e+01 1.941064973982955799e-01
1.424924924924924952e+01 1.944270403752975385e-01
1.425925925925925952e+01 1.947475833522994970e-01
1.426926926926926953e+01 1.950684481335269171e-01
1.427927927927927954e+01 1.953908907812815510e-01
1.428928928928928954e+01 1.957133334290361293e-01
1.429929929929929955e+01 1.960358665905416464e-01
1.430930930930930955e+01 1.963602147909467577e-01
1.431931931931931956e+01 1.966845629913518412e-01
1.432932932932932957e+01 1.970089111917569247e-01
1.433933933933933957e+01 1.973350284213987726e-01
1.434934934934934958e+01 1.976612878461304901e-01
1.435935935935935959e+01 1.979875472708622630e-01
1.436936936936936959e+01 1.983153471364850207e-01
1.437937937937937960e+01 1.986435232476557455e-01
1.438938938938938961e+01 1.989716993588264982e-01
1.439939939939939961e+01 1.993011858484789178e-01
1.440940940940940962e+01 1.996312838993411776e-01
1.441941941941941963e+01 1.999613819502034651e-01
1.442942942942942963e+01 2.002925589198726319e-01
1.443943943943943964e+01 2.006245839555659549e-01
1.444944944944944965e+01 2.009566089912592501e-01
1.445945945945945965e+01 2.012894801652716503e-01
1.446946946946946966e+01 2.016234370236112405e-01
1.447947947947947966e+01 2.019573938819508585e-01
1.448948948948948967e+01 2.022919628533897396e-01
1.449949949949949968e+01 2.026278561656972566e-01
1.450950950950950968e+01 2.029637494780048013e-01
1.451951951951951969e+01 2.033000197091436589e-01
1.452952952952952970e+01 2.036378539011180488e-01
1.453953953953953970e+01 2.039756880930924665e-01
1.454954954954954971e+01 2.043136629158441298e-01
1.455955955955955972e+01 2.046534422084723692e-01
1.456956956956956972e+01 2.049932215011005809e-01
1.457957957957957973e+01 2.053330007937287927e-01
1.458958958958958974e+01 2.056746325279880383e-01
1.459959959959959974e+01 2.060163609384939865e-01
1.460960960960960975e+01 2.063580893489999346e-01
1.461961961961961975e+01 2.067014357639383737e-01
1.462962962962962976e+01 2.070451171067707874e-01
1.463963963963963977e+01 2.073887984496032011e-01
1.464964964964964977e+01 2.077338622871490459e-01
1.465965965965965978e+01 2.080795001750047613e-01
1.466966966966966979e+01 2.084251380628604489e-01
1.467967967967967979e+01 2.087719219375908930e-01
1.468968968968968980e+01 2.091195197824753937e-01
1.469969969969969981e+01 2.094671176273598667e-01
1.470970970970970981e+01 2.098156240270605821e-01
1.471971971971971982e+01 2.101651850413837064e-01
1.472972972972972983e+01 2.105147460557068306e-01
1.473973973973973983e+01 2.108649773419447870e-01
1.474974974974974984e+01 2.112165045396495466e-01
1.475975975975975985e+01 2.115680317373543340e-01
1.476976976976976985e+01 2.119199901460638857e-01
1.477977977977977986e+01 2.122734863437904240e-01
1.478978978978978986e+01 2.126269825415170178e-01
1.479979979979979987e+01 2.129806701835994243e-01
1.480980980980980988e+01 2.133361380018806153e-01
1.481981981981981988e+01 2.136916058201618063e-01
1.482982982982982989e+01 2.140470736384429973e-01
1.483983983983983990e+01 2.144044665465855704e-01
1.484984984984984990e+01 2.147619084110740373e-01
1.485985985985985991e+01 2.151193502755625320e-01
1.486986986986986992e+01 2.154784784982726464e-01
1.487987987987987992e+01 2.158378966410004762e-01
1.488988988988988993e+01 2.161973147837283060e-01
1.489989989989989994e+01 2.165581798681962267e-01
1.490990990990990994e+01 2.169195763288624679e-01
1.491991991991991995e+01 2.172809727895286536e-01
1.492992992992992995e+01 2.176435761617515341e-01
1.493993993993993996e+01 2.180069527890406977e-01
1.494994994994994997e+01 2.183703294163298614e-01
1.495995995995995997e+01 2.187346723818010263e-01
1.496996996996996998e+01 2.191000308347300640e-01
1.497997997997997999e+01 2.194653892876591017e-01
1.498998998998998999e+01 2.198314730320678201e-01
1.500000000000000000e+01 2.201988147813591645e-01
