5.000000000000000000e+00 1.302729151827864210e-02
5.010010010010010006e+00 1.305749507964748535e-02
5.020020020020020013e+00 1.308845767332228287e-02
5.030030030030030019e+00 1.312040453351049317e-02
5.040040040040040026e+00 1.315235139369870521e-02
5.050050050050050032e+00 1.318534325456296140e-02
5.060060060060060039e+00 1.321903819216174898e-02
5.070070070070070045e+00 1.325273312976054003e-02
5.080080080080080052e+00 1.328776042366750822e-02
5.090090090090090058e+00 1.332320800045095829e-02
5.100100100100100065e+00 1.335865557723440837e-02
5.110110110110110071e+00 1.339572413397663829e-02
5.120120120120120077e+00 1.343292868014961915e-02
5.130130130130130084e+00 1.347028291588702777e-02
5.140140140140140090e+00 1.350924851575916255e-02
5.150150150150150097e+00 1.354821411563129560e-02
5.160160160160160103e+00 1.358761634637850775e-02
5.170170170170170110e+00 1.362834682448458776e-02
5.180180180180180116e+00 1.366907730259066776e-02
5.190190190190190123e+00 1.371053248313859260e-02
5.200200200200200129e+00 1.375303139082457993e-02
5.210210210210210136e+00 1.379553029851056725e-02
5.220220220220220142e+00 1.383904296996496010e-02
5.230230230230230148e+00 1.388331357245766937e-02
5.240240240240240155e+00 1.392758417495038037e-02
5.250250250250250161e+00 1.397315844376972524e-02
5.260260260260260168e+00 1.401920370774710142e-02
5.270270270270270174e+00 1.406524897172447587e-02
5.280280280280280181e+00 1.411288848967885701e-02
5.290290290290290187e+00 1.416071107135634909e-02
5.300300300300300194e+00 1.420863936436680443e-02
5.310310310310310200e+00 1.425824159811440485e-02
5.320320320320320207e+00 1.430784383186200527e-02
5.330330330330330213e+00 1.435784123641255065e-02
5.340340340340340219e+00 1.440922512391555090e-02
5.350350350350350226e+00 1.446060901141854940e-02
5.360360360360360232e+00 1.451267804757338381e-02
5.370370370370370239e+00 1.456584524754862310e-02
5.380380380380380245e+00 1.461901244752386239e-02
5.390390390390390252e+00 1.467315511997294500e-02
5.400400400400400258e+00 1.472810693845137339e-02
5.410410410410410265e+00 1.478305875692980005e-02
5.420420420420420271e+00 1.483927653936686214e-02
5.430430430430430278e+00 1.489601392055140035e-02
5.440440440440440284e+00 1.495275130173594029e-02
5.450450450450450290e+00 1.501104512228614539e-02
5.460460460460460297e+00 1.506956863999313681e-02
5.470470470470470303e+00 1.512815253572118331e-02
5.480480480480480310e+00 1.518846238541204756e-02
5.490490490490490316e+00 1.524877223510291528e-02
5.500500500500500323e+00 1.530943252579880683e-02
5.510510510510510329e+00 1.537152851720744243e-02
5.520520520520520336e+00 1.543362450861607976e-02
5.530530530530530342e+00 1.549636080146476504e-02
5.540540540540540349e+00 1.556024235182501547e-02
5.550550550550550355e+00 1.562412390218526417e-02
5.560560560560560361e+00 1.568893521743131708e-02
5.570570570570570368e+00 1.575460134530751177e-02
5.580580580580580374e+00 1.582026747318370299e-02
5.590590590590590381e+00 1.588715223436770393e-02
5.600600600600600387e+00 1.595460155409025860e-02
5.610610610610610394e+00 1.602205087381282020e-02
5.620620620620620400e+00 1.609100689910460472e-02
5.630630630630630407e+00 1.616023761581134727e-02
5.640640640640640413e+00 1.622948292186441807e-02
5.650650650650650419e+00 1.630049282714730527e-02
5.660660660660660426e+00 1.637150273243019247e-02
5.670670670670670432e+00 1.644281571933918842e-02
5.680680680680680439e+00 1.651560218749494047e-02
5.690690690690690445e+00 1.658838865565069251e-02
5.700700700700700452e+00 1.666176570487635025e-02
5.710710710710710458e+00 1.673632568975854523e-02
5.720720720720720465e+00 1.681088567464073674e-02
5.730730730730730471e+00 1.688632254109745379e-02
5.740740740740740478e+00 1.696265257356649805e-02
5.750750750750750484e+00 1.703898260603554232e-02
5.760760760760760490e+00 1.711647441427526298e-02
5.770770770770770497e+00 1.719457060024184164e-02
5.780780780780780503e+00 1.727266678620842377e-02
5.790790790790790510e+00 1.735220802767537679e-02
5.800800800800800516e+00 1.743206604673190954e-02
5.810810810810810523e+00 1.751192406578843536e-02
5.820820820820820529e+00 1.759350859713317353e-02
5.830830830830830536e+00 1.767512370176695449e-02
5.840840840840840542e+00 1.775699283345909957e-02
5.850850850850850549e+00 1.784035984884022388e-02
5.860860860860860555e+00 1.792372686422134473e-02
5.870870870870870561e+00 1.800763069497510541e-02
5.880880880880880568e+00 1.809274401931081772e-02
5.890890890890890574e+00 1.817785734364652309e-02
5.900900900900900581e+00 1.826378825204843723e-02
5.910910910910910587e+00 1.835064185749568644e-02
5.920920920920920594e+00 1.843749546294293912e-02
5.930930930930930600e+00 1.852544519488118560e-02
5.940940940940940607e+00 1.861403262900764716e-02
5.950950950950950613e+00 1.870262006313410871e-02
5.960960960960960620e+00 1.879257973463661566e-02
5.970970970970970626e+00 1.888289412242032117e-02
5.980980980980980632e+00 1.897320851020402668e-02
5.990990990990990639e+00 1.906516861124212675e-02
6.001001001001000645e+00 1.915720265759887284e-02
6.011011011011010652e+00 1.924944111036420297e-02
6.021021021021020658e+00 1.934318710319156073e-02
6.031031031031030665e+00 1.943693309601891503e-02
6.041041041041040671e+00 1.953115922557554715e-02
6.051051051051050678e+00 1.962660903930169357e-02
6.061061061061060684e+00 1.972205885302783651e-02
6.071071071071070691e+00 1.981826171275023057e-02
6.081081081081080697e+00 1.991540681237517763e-02
6.091091091091090703e+00 2.001255191200012121e-02
6.101101101101100710e+00 2.011071994910360039e-02
6.111111111111110716e+00 2.020955139472019671e-02
6.121121121121120723e+00 2.030838284033679303e-02
6.131131131131130729e+00 2.040850390369424588e-02
6.141141141141140736e+00 2.050901235547581206e-02
6.151151151151150742e+00 2.060952080725737476e-02
6.161161161161160749e+00 2.071158215604862116e-02
6.171171171171170755e+00 2.081375787968941030e-02
6.181181181181180762e+00 2.091608904390211340e-02
6.191191191191190768e+00 2.101992191649720496e-02
6.201201201201200774e+00 2.112375478909230345e-02
6.211211211211210781e+00 2.122800953181738434e-02
6.221221221221220787e+00 2.133348904816731451e-02
6.231231231231230794e+00 2.143896856451723773e-02
6.241241241241240800e+00 2.154513281124900703e-02
6.251251251251250807e+00 2.165224809057514355e-02
6.261261261261260813e+00 2.175936336990127312e-02
6.271271271271270820e+00 2.186742249170429628e-02
6.281281281281280826e+00 2.197616228476001118e-02
6.291291291291290833e+00 2.208490207781572609e-02
6.301301301301300839e+00 2.219484090333875143e-02
6.311311311311310845e+00 2.230519359990174033e-02
6.321321321321320852e+00 2.241554629646472577e-02
6.331331331331330858e+00 2.252734912463150163e-02
6.341341341341340865e+00 2.263930276136206371e-02
6.351351351351350871e+00 2.275136474278955864e-02
6.361361361361360878e+00 2.286490701143996038e-02
6.371371371371370884e+00 2.297844928009036558e-02
6.381381381381380891e+00 2.309235497141422233e-02
6.391391391391390897e+00 2.320747322737360882e-02
6.401401401401400904e+00 2.332259148333299531e-02
6.411411411411410910e+00 2.343832400426616724e-02
6.421421421421420916e+00 2.355500527542602959e-02
6.431431431431430923e+00 2.367168654658589194e-02
6.441441441441440929e+00 2.378922853488009068e-02
6.451451451451450936e+00 2.390745953080469083e-02
6.461461461461460942e+00 2.402569052672929445e-02
6.471471471471470949e+00 2.414502415351053866e-02
6.481481481481480955e+00 2.426479127489716489e-02
6.491491491491490962e+00 2.438455839628379113e-02
6.501501501501500968e+00 2.450566538189953916e-02
6.511511511511510975e+00 2.462695473031311158e-02
6.521521521521520981e+00 2.474830832120739413e-02
6.531531531531530987e+00 2.487110570907420659e-02
6.541541541541540994e+00 2.499390309694101558e-02
6.551551551551551000e+00 2.511700666726842182e-02
6.561561561561561007e+00 2.524129762811374786e-02
6.571571571571571013e+00 2.536558858895907390e-02
6.581581581581581020e+00 2.549042287491092018e-02
6.591591591591591026e+00 2.561619267382517912e-02
6.601601601601601033e+00 2.574196247273943458e-02
6.611611611611611927e+00 2.586850781694901777e-02
6.621621621621621934e+00 2.599574146126779756e-02
6.631631631631631940e+00 2.612297510558657387e-02
6.641641641641641947e+00 2.625121147488428119e-02
6.651651651651651953e+00 2.637989372506686914e-02
6.661661661661661959e+00 2.650857597524945708e-02
6.671671671671671966e+00 2.663848297876529603e-02
6.681681681681681972e+00 2.676859835945719079e-02
6.691691691691691979e+00 2.689873783646882024e-02
6.701701701701701985e+00 2.703027064773337942e-02
6.711711711711711992e+00 2.716180345899793860e-02
6.721721721721721998e+00 2.729358770249128152e-02
6.731731731731732005e+00 2.742652203119609958e-02
6.741741741741742011e+00 2.755945635990091763e-02
6.751751751751752018e+00 2.769286421922774466e-02
6.761761761761762024e+00 2.782718395057154695e-02
6.771771771771772030e+00 2.796150368191535618e-02
6.781781781781782037e+00 2.809651371238099105e-02
6.791791791791792043e+00 2.823220254154676367e-02
6.801801801801802050e+00 2.836789137071252936e-02
6.811811811811812056e+00 2.850448185287374550e-02
6.821821821821822063e+00 2.864152329679416076e-02
6.831831831831832069e+00 2.877856474071457948e-02
6.841841841841842076e+00 2.891671369986979767e-02
6.851851851851852082e+00 2.905509110909154299e-02
6.861861861861862089e+00 2.919346851831329179e-02
6.871871871871872095e+00 2.933315374415843696e-02
6.881881881881882101e+00 2.947285031479171882e-02
6.891891891891892108e+00 2.961274716610841351e-02
6.901901901901902114e+00 2.975374595184842458e-02
6.911911911911912121e+00 2.989474473758843565e-02
6.921921921921922127e+00 3.003614988411187556e-02
6.931931931931932134e+00 3.017843380831939162e-02
6.941941941941942140e+00 3.032071773252690769e-02
6.951951951951952147e+00 3.046360849455137521e-02
6.961961961961962153e+00 3.060716036237975946e-02
6.971971971971972160e+00 3.075071223020814717e-02
6.981981981981982166e+00 3.089506576002490693e-02
6.991991991991992172e+00 3.103986827058085804e-02
7.002002002002002179e+00 3.118467078113681609e-02
7.012012012012012185e+00 3.133046408311202652e-02
7.022022022022022192e+00 3.147649984163818776e-02
7.032032032032032198e+00 3.162253560016434206e-02
7.042042042042042205e+00 3.176974555084490642e-02
7.052052052052052211e+00 3.191699708091218224e-02
7.062062062062062218e+00 3.206440222350532415e-02
7.072072072072072224e+00 3.221285197920336490e-02
7.082082082082082231e+00 3.236130173490141954e-02
7.092092092092092237e+00 3.251009457947373615e-02
7.102102102102102243e+00 3.265972495758838468e-02
7.112112112112112250e+00 3.280935533570303320e-02
7.122122122122122256e+00 3.295951254106304490e-02
7.132132132132132263e+00 3.311030589322926099e-02
7.142142142142142269e+00 3.326109924539547708e-02
7.152152152152152276e+00 3.341259741066088945e-02
7.162162162162162282e+00 3.356453605548099378e-02
7.172172172172172289e+00 3.371647470030109117e-02
7.182182182182182295e+00 3.386929038485347876e-02
7.192192192192192302e+00 3.402235661996965560e-02
7.202202202202202308e+00 3.417542285508582550e-02
7.212212212212212314e+00 3.432953259843313232e-02
7.222222222222222321e+00 3.448370871254433784e-02
7.232232232232232327e+00 3.463799688336960392e-02
7.242242242242242334e+00 3.479326516818301990e-02
7.252252252252252340e+00 3.494853345299644282e-02
7.262262262262262347e+00 3.510408647429270196e-02
7.272272272272272353e+00 3.526042923639984700e-02
7.282282282282282360e+00 3.541677199850700591e-02
7.292292292292292366e+00 3.557356644144806651e-02
7.302302302302302373e+00 3.573096601411655110e-02
7.312312312312312379e+00 3.588836558678503569e-02
7.322322322322322385e+00 3.604637806911709791e-02
7.332332332332332392e+00 3.620481682398900974e-02
7.342342342342342398e+00 3.636325557886092158e-02
7.352352352352352405e+00 3.652246278412328573e-02
7.362362362362362411e+00 3.668192314281129573e-02
7.372372372372372418e+00 3.684138350149929880e-02
7.382382382382382424e+00 3.700176219805232508e-02
7.392392392392392431e+00 3.716222664362534706e-02
7.402402402402402437e+00 3.732276706069219407e-02
7.412412412412412444e+00 3.748421814904227128e-02
7.422422422422422450e+00 3.764566923739234849e-02
7.432432432432432456e+00 3.780735237202868804e-02
7.442442442442442463e+00 3.796977274311167522e-02
7.452452452452452469e+00 3.813219311419466240e-02
7.462462462462462476e+00 3.829499600605337090e-02
7.472472472472472482e+00 3.845836839499530008e-02
7.482482482482482489e+00 3.862174078393722926e-02
7.492492492492492495e+00 3.878564062039498161e-02
7.502502502502502502e+00 3.894994786845748513e-02
7.512512512512512508e+00 3.911425511651998171e-02
7.522522522522522515e+00 3.927922925065803483e-02
7.532532532532532521e+00 3.944445431605545643e-02
7.542542542542542527e+00 3.960967938145287803e-02
7.552552552552552534e+00 3.977570534976345579e-02
7.562562562562562540e+00 3.994183131832528683e-02
7.572572572572572547e+00 4.010800273102058111e-02
7.582582582582582553e+00 4.027501282669267157e-02
7.592592592592592560e+00 4.044202292236476898e-02
7.602602602602602566e+00 4.060921848943133822e-02
7.612612612612612573e+00 4.077709608460990121e-02
7.622622622622622579e+00 4.094497367978845725e-02
7.632632632632632586e+00 4.111317143264636015e-02
7.642642642642642592e+00 4.128190005833886483e-02
7.652652652652652598e+00 4.145062868403136952e-02
7.662662662662662605e+00 4.161980689536380618e-02
7.672672672672672611e+00 4.178937025117130527e-02
7.682682682682682618e+00 4.195893360697880436e-02
7.692692692692692624e+00 4.212907080707022772e-02
7.702702702702702631e+00 4.229945277098603323e-02
7.712712712712712637e+00 4.246983473490183875e-02
7.722722722722722644e+00 4.264090972763854431e-02
7.732732732732732650e+00 4.281209436565777682e-02
7.742742742742742657e+00 4.298329930666493215e-02
7.752752752752752663e+00 4.315527088220080798e-02
7.762762762762762669e+00 4.332724245773668381e-02
7.772772772772772676e+00 4.349935921217649992e-02
7.782782782782782682e+00 4.367210219527849213e-02
7.792792792792792689e+00 4.384484517838048434e-02
7.802802802802802695e+00 4.401785324778213077e-02
7.812812812812812702e+00 4.419135232415186132e-02
7.822822822822822708e+00 4.436485140052158493e-02
7.832832832832832715e+00 4.453873061165169317e-02
7.842842842842842721e+00 4.471297069145298286e-02
7.852852852852852727e+00 4.488721077125426562e-02
7.862862862862862734e+00 4.506194129050803548e-02
7.872872872872872740e+00 4.523690751696684414e-02
7.882882882882882747e+00 4.541187374342563893e-02
7.892892892892892753e+00 4.558743609083466125e-02
7.902902902902902760e+00 4.576311384862578879e-02
7.912912912912912766e+00 4.593879174585003416e-02
7.922922922922922773e+00 4.611516666926754326e-02
7.932932932932932779e+00 4.629154159268505236e-02
7.942942942942942786e+00 4.646802758125053584e-02
7.952952952952952792e+00 4.664508556215865576e-02
7.962962962962962798e+00 4.682214354306676873e-02
7.972972972972972805e+00 4.699941901873730399e-02
7.982982982982982811e+00 4.717714621429899141e-02
7.992992992992992818e+00 4.735487340986069271e-02
8.003003003003001936e+00 4.753292016660991270e-02
8.013013013013011943e+00 4.771130300679109204e-02
8.023023023023021949e+00 4.788968584697227832e-02
8.033033033033031955e+00 4.806848608921502480e-02
8.043043043043041962e+00 4.824751128406159356e-02
8.053053053053051968e+00 4.842653647890816232e-02
8.063063063063061975e+00 4.860607283331890710e-02
8.073073073073071981e+00 4.878572738000515330e-02
8.083083083083081988e+00 4.896538192669138562e-02
8.093093093093091994e+00 4.914563745360592956e-02
8.103103103103102001e+00 4.932590864325163416e-02
8.113113113113112007e+00 4.950626261303891357e-02
8.123123123123122014e+00 4.968713803729466610e-02
8.133133133133132020e+00 4.986801346155041170e-02
8.143143143143142026e+00 5.004906617046900319e-02
8.153153153153152033e+00 5.023053372786715626e-02
8.163163163163162039e+00 5.041200128526531626e-02
8.173173173173172046e+00 5.059373684583342440e-02
8.183183183183182052e+00 5.077578474790448576e-02
8.193193193193192059e+00 5.095783264997555406e-02
8.203203203203202065e+00 5.114023564387257248e-02
8.213213213213213848e+00 5.132285242102531397e-02
8.223223223223223854e+00 5.150546919817801383e-02
8.233233233233233861e+00 5.168852468575820674e-02
8.243243243243243867e+00 5.187169919292296955e-02
8.253253253253253874e+00 5.205487370008773929e-02
8.263263263263263880e+00 5.223856722946428749e-02
8.273273273273273887e+00 5.242228865149920619e-02
8.283283283283283893e+00 5.260606983237352957e-02
8.293293293293293900e+00 5.279032768923254404e-02
8.303303303303303906e+00 5.297458554609155157e-02
8.313313313313313913e+00 5.315898750246788457e-02
8.323323323323323919e+00 5.334377165413085875e-02
8.333333333333333925e+00 5.352855580579382599e-02
8.343343343343343932e+00 5.371356525453946373e-02
8.353353353353353938e+00 5.389886590570421021e-02
8.363363363363363945e+00 5.408416655686894975e-02
8.373373373373373951e+00 5.426977073018192377e-02
8.383383383383383958e+00 5.445557843471825199e-02
8.393393393393393964e+00 5.464138613925458021e-02
8.403403403403403971e+00 5.482757279183000237e-02
8.413413413413413977e+00 5.501387845699588081e-02
8.423423423423423984e+00 5.520018412216175230e-02
8.433433433433433990e+00 5.538694153792789177e-02
8.443443443443443996e+00 5.557373642834853578e-02
8.453453453453454003e+00 5.576057257578410226e-02
8.463463463463464009e+00 5.594784831719437634e-02
8.473473473473474016e+00 5.613512405860465737e-02
8.483483483483484022e+00 5.632251715923567575e-02
8.493493493493494029e+00 5.651026574198655950e-02
8.503503503503504035e+00 5.669801432473745711e-02
8.513513513513514042e+00 5.688595391843559446e-02
8.523523523523524048e+00 5.707416770076575996e-02
8.533533533533534055e+00 5.726238148309592546e-02
8.543543543543544061e+00 5.745085765859603288e-02
8.553553553553554067e+00 5.763952936966954682e-02
8.563563563563564074e+00 5.782820108074306076e-02
8.573573573573574080e+00 5.801720448048315604e-02
8.583583583583584087e+00 5.820632722319466629e-02
8.593593593593594093e+00 5.839544996590618348e-02
8.603603603603604100e+00 5.858497179044696440e-02
8.613613613613614106e+00 5.877453904399525947e-02
8.623623623623624113e+00 5.896413268733834145e-02
8.633633633633634119e+00 5.915413830957060026e-02
8.643643643643644126e+00 5.934414393180285907e-02
8.653653653653654132e+00 5.953424585241903766e-02
8.663663663663664138e+00 5.972468408194649137e-02
8.673673673673674145e+00 5.991512231147393813e-02
8.683683683683684151e+00 6.010572502399701839e-02
8.693693693693694158e+00 6.029659048208454303e-02
8.703703703703704164e+00 6.048745594017206073e-02
8.713713713713714171e+00 6.067855252922964293e-02
8.723723723723724177e+00 6.086984022146048334e-02
8.733733733733734184e+00 6.106112791369133069e-02
8.743743743743744190e+00 6.125271203649330226e-02
8.753753753753754197e+00 6.144441735421178608e-02
8.763763763763764203e+00 6.163612267193027683e-02
8.773773773773774209e+00 6.182818856045608352e-02
8.783783783783784216e+00 6.202030728198941467e-02
8.793793793793794222e+00 6.221244017464921949e-02
8.803803803803804229e+00 6.240496846631142513e-02
8.813813813813814235e+00 6.259749675797363078e-02
8.823823823823824242e+00 6.279010505630372441e-02
8.833833833833834248e+00 6.298303947318358020e-02
8.843843843843844255e+00 6.317597389006343600e-02
8.853853853853854261e+00 6.336905317017764439e-02
8.863863863863864268e+00 6.356239065671348554e-02
8.873873873873874274e+00 6.375572814324929893e-02
8.883883883883884280e+00 6.394927456049180614e-02
8.893893893893894287e+00 6.414301245083499359e-02
8.903903903903904293e+00 6.433675034117816716e-02
8.913913913913914300e+00 6.453076063058096890e-02
8.923923923923924306e+00 6.472489664875172299e-02
8.933933933933934313e+00 6.491903266692249097e-02
8.943943943943944319e+00 6.511350414328810621e-02
8.953953953953954326e+00 6.530803640312536629e-02
8.963963963963964332e+00 6.550257221566826993e-02
8.973973973973974338e+00 6.569749922057696589e-02
8.983983983983984345e+00 6.589242622548566186e-02
8.993993993993994351e+00 6.608742069987733059e-02
9.004004004004004358e+00 6.628274134237631399e-02
9.014014014014014364e+00 6.647806198487529739e-02
9.024024024024024371e+00 6.667351378359402669e-02
9.034034034034034377e+00 6.686922734466627105e-02
9.044044044044044384e+00 6.706494090573848765e-02
9.054054054054054390e+00 6.726084926856834567e-02
9.064064064064064397e+00 6.745695541681841212e-02
9.074074074074074403e+00 6.765306156506846469e-02
9.084084084084084409e+00 6.784942630758346305e-02
9.094094094094094416e+00 6.804592509820357737e-02
9.104104104104104422e+00 6.824242388882369170e-02
9.114114114114114429e+00 6.843924540052856442e-02
9.124124124124124435e+00 6.863613727407773257e-02
9.134134134134134442e+00 6.883302914762690072e-02
9.144144144144144448e+00 6.903030838976190187e-02
9.154154154154154455e+00 6.922759417076053412e-02
9.164164164164164461e+00 6.942493755943072997e-02
9.174174174174174468e+00 6.962261845477468736e-02
9.184184184184184474e+00 6.982029935011864474e-02
9.194194194194194480e+00 7.001810250897370913e-02
9.204204204204204487e+00 7.021618010617068639e-02
9.214214214214214493e+00 7.041425770336764978e-02
9.224224224224224500e+00 7.061252291374184309e-02
9.234234234234234506e+00 7.081099917897371032e-02
9.244244244244244513e+00 7.100947544420557755e-02
9.254254254254254519e+00 7.120820554926308998e-02
9.264264264264264526e+00 7.140708282527795381e-02
9.274274274274274532e+00 7.160596010129284539e-02
9.284284284284284539e+00 7.180515850241750431e-02
9.294294294294294545e+00 7.200443950625459721e-02
9.304304304304304551e+00 7.220372051009169012e-02
9.314314314314314558e+00 7.240339116297742073e-02
9.324324324324324564e+00 7.260307898352849620e-02
9.334334334334334571e+00 7.280281611911772199e-02
9.344344344344344577e+00 7.300291421452875795e-02
9.354354354354354584e+00 7.320301230993978003e-02
9.364364364364364590e+00 7.340322742987116789e-02
9.374374374374374597e+00 7.360373962478804211e-02
9.384384384384384603e+00 7.380425181970491633e-02
9.394394394394394610e+00 7.400495015266821131e-02
9.404404404404404616e+00 7.420588063532984613e-02
9.414414414414414622e+00 7.440681111799146707e-02
9.424424424424424629e+00 7.460799843155595246e-02
9.434434434434434635e+00 7.480935175073857857e-02
9.444444444444444642e+00 7.501070506992121856e-02
9.454454454454454648e+00 7.521238766538376752e-02
9.464464464464464655e+00 7.541416872720073383e-02
9.474474474474474661e+00 7.561594978901770014e-02
9.484484484484484668e+00 7.581813449599177079e-02
9.494494494494494674e+00 7.602034856055180090e-02
9.504504504504504681e+00 7.622260411793646551e-02
9.514514514514514687e+00 7.642525679586455178e-02
9.524524524524524693e+00 7.662790947379265194e-02
9.534534534534534700e+00 7.683067640644127005e-02
9.544544544544544706e+00 7.703377365526642429e-02
9.554554554554554713e+00 7.723687090409157852e-02
9.564564564564564719e+00 7.744015724846065041e-02
9.574574574574574726e+00 7.764370536887361951e-02
9.584584584584584732e+00 7.784725348928660249e-02
9.594594594594594739e+00 7.805106778993234351e-02
9.604604604604604745e+00 7.825507342191764804e-02
9.614614614614614752e+00 7.845907905390296644e-02
9.624624624624624758e+00 7.866343035701017783e-02
9.634634634634634764e+00 7.886790047585642838e-02
9.644644644644644771e+00 7.907237059470267893e-02
9.654654654654654777e+00 7.927726844139583451e-02
9.664664664664664784e+00 7.948221035358743469e-02
9.674674674674674790e+00 7.968718534622852567e-02
9.684684684684684797e+00 7.989260668522407682e-02
9.694694694694694803e+00 8.009802802421961410e-02
9.704704704704704810e+00 8.030356214361912548e-02
9.714714714714714816e+00 8.050947086551857312e-02
9.724724724724724823e+00 8.071537958741803465e-02
9.734734734734734829e+00 8.092148349912553495e-02
9.744744744744744835e+00 8.112788787823180248e-02
9.754754754754754842e+00 8.133429225733807000e-02
9.764764764764764848e+00 8.154097709760858848e-02
9.774774774774774855e+00 8.174788572188611269e-02
9.784784784784784861e+00 8.195479434616363690e-02
9.794794794794794868e+00 8.216207171439549040e-02
9.804804804804804874e+00 8.236949348083047462e-02
9.814814814814814881e+00 8.257691524726544496e-02
9.824824824824824887e+00 8.278479719826306593e-02
9.834834834834834894e+00 8.299274130812896166e-02
9.844844844844844900e+00 8.320070850003168095e-02
9.854854854854854906e+00 8.340918445406381165e-02
9.864864864864864913e+00 8.361766040809595624e-02
9.874874874874874919e+00 8.382624783152708980e-02
9.884884884884884926e+00 8.403526542501010832e-02
9.894894894894894932e+00 8.424428301849312684e-02
9.904904904904904939e+00 8.445350375685956035e-02
9.914914914914914945e+00 8.466307307463213916e-02
9.924924924924924952e+00 8.487264239240469021e-02
9.934934934934934958e+00 8.508250995704529085e-02
9.944944944944944965e+00 8.529264136842513999e-02
9.954954954954954971e+00 8.550277277980498913e-02
9.964964964964964977e+00 8.571330110156674675e-02
9.974974974974974984e+00 8.592400525520045573e-02
9.984984984984984990e+00 8.613470940883415083e-02
9.994994994994994997e+00 8.634591282951496749e-02
1.000500500500500500e+01 8.655720064815582149e-02
1.001501501501501501e+01 8.676849905524372519e-02
1.002502502502502502e+01 8.698038173046197807e-02
1.003503503503503502e+01 8.719226440568021708e-02
1.004504504504504503e+01 8.740425633825066321e-02
1.005505505505505504e+01 8.761674532507927882e-02
1.006506506506506504e+01 8.782923431190789443e-02
1.007507507507507505e+01 8.804193503399594667e-02
1.008508508508508505e+01 8.825504204551642973e-02
1.009509509509509506e+01 8.846814905703689891e-02
1.010510510510510507e+01 8.868157421368420834e-02
1.011511511511511507e+01 8.889531121555485638e-02
1.012512512512512508e+01 8.910904821742549053e-02
1.013513513513513509e+01 8.932321382561936307e-02
1.014514514514514509e+01 8.953759303055147667e-02
1.015515515515515510e+01 8.975197223548360415e-02
1.016516516516516511e+01 8.996689467500318393e-02
1.017517517517517511e+01 9.018192853718701163e-02
1.018518518518518512e+01 9.039696239937083933e-02
1.019519519519519513e+01 9.061265840354719436e-02
1.020520520520520513e+01 9.082835961303249717e-02
1.021521521521521514e+01 9.104416599188087933e-02
1.022522522522522515e+01 9.126054746891530678e-02
1.023523523523523515e+01 9.147692894594973423e-02
1.024524524524524516e+01 9.169353023468131136e-02
1.025525525525525516e+01 9.191060512400964222e-02
1.026526526526526517e+01 9.212768001333794532e-02
1.027527527527527518e+01 9.234509373098505336e-02
1.028528528528528518e+01 9.256287539611390836e-02
1.029529529529529519e+01 9.278065706124276335e-02
1.030530530530530520e+01 9.299890104847868821e-02
1.031531531531531520e+01 9.321740306590897696e-02
1.032532532532532521e+01 9.343590508333926570e-02
1.033533533533533522e+01 9.365499749294145526e-02
1.034534534534534522e+01 9.387423364637259571e-02
1.035535535535535523e+01 9.409346979980373615e-02
1.036536536536536524e+01 9.431342908706935591e-02
1.037537537537537524e+01 9.453341336157898567e-02
1.038538538538538525e+01 9.475349597300690430e-02
1.039539539539539525e+01 9.497424254920860953e-02
1.040540540540540526e+01 9.519498912541030089e-02
1.041541541541541527e+01 9.541596202382729430e-02
1.042542542542542527e+01 9.563748527201006155e-02
1.043543543543543528e+01 9.585900852019282881e-02
1.044544544544544529e+01 9.608089082676629644e-02
1.045545545545545529e+01 9.630320530101933729e-02
1.046546546546546530e+01 9.652551977527240590e-02
1.047547547547547531e+01 9.674833088088977129e-02
1.048548548548548531e+01 9.697145131321538436e-02
1.049549549549549532e+01 9.719457174554099743e-02
1.050550550550550533e+01 9.741833130109124606e-02
1.051551551551551533e+01 9.764227259550858906e-02
1.052552552552552534e+01 9.786621388992594595e-02
1.053553553553553535e+01 9.809094179656865919e-02
1.054554554554554535e+01 9.831571902321273315e-02
1.055555555555555536e+01 9.854058426006695459e-02
1.056556556556556536e+01 9.876621264928484023e-02
1.057557557557557537e+01 9.899184103850273975e-02
1.058558558558558538e+01 9.921769975597424795e-02
1.059559559559559538e+01 9.944419469242173071e-02
1.060560560560560539e+01 9.967068962886919958e-02
1.061561561561561540e+01 9.989756227209874162e-02
1.062562562562562540e+01 1.001249392888406420e-01
1.063563563563563541e+01 1.003523163055825423e-01
1.064564564564564542e+01 1.005802235369443465e-01
1.065565565565565542e+01 1.008084983095614284e-01
1.066566566566566543e+01 1.010367730821785243e-01
1.067567567567567544e+01 1.012657357715658762e-01
1.068568568568568544e+01 1.014949241122709428e-01
1.069569569569569545e+01 1.017241124529760232e-01
1.070570570570570545e+01 1.019541516681063270e-01
1.071571571571571546e+01 1.021842695198724171e-01
1.072572572572572547e+01 1.024144609376798493e-01
1.073573573573573547e+01 1.026455243683836172e-01
1.074574574574574548e+01 1.028765877990873573e-01
1.075575575575575549e+01 1.031078822459551292e-01
1.076576576576576549e+01 1.033399074425373210e-01
1.077577577577577550e+01 1.035719326391195266e-01
1.078578578578578551e+01 1.038043516050993348e-01
1.079579579579579551e+01 1.040373548677461235e-01
1.080580580580580552e+01 1.042703581303929122e-01
1.081581581581581553e+01 1.045039232706802546e-01
1.082582582582582553e+01 1.047379210070271266e-01
1.083583583583583554e+01 1.049719187433740264e-01
1.084584584584584555e+01 1.052066518687654051e-01
1.085585585585585555e+01 1.054416605881264707e-01
1.086586586586586556e+01 1.056766693074875363e-01
1.087587587587587556e+01 1.059125923748860665e-01
1.088588588588588557e+01 1.061486286825113062e-01
1.089589589589589558e+01 1.063847195017476460e-01
1.090590590590590558e+01 1.066218000931104387e-01
1.091591591591591559e+01 1.068588806844732453e-01
1.092592592592592560e+01 1.070961889801178291e-01
1.093593593593593560e+01 1.073343306352354531e-01
1.094594594594594561e+01 1.075724722903530911e-01
1.095595595595595562e+01 1.078110203223177632e-01
1.096596596596596562e+01 1.080502399001066205e-01
1.097597597597597563e+01 1.082894594778954778e-01
1.098598598598598564e+01 1.085292696204061824e-01
1.099599599599599564e+01 1.087695840530742558e-01
1.100600600600600565e+01 1.090098984857423153e-01
1.101601601601601566e+01 1.092509932181168764e-01
1.102602602602602566e+01 1.094924195055961280e-01
1.103603603603603567e+01 1.097338457930753658e-01
1.104604604604604567e+01 1.099762476905747355e-01
1.105605605605605568e+01 1.102188028949946247e-01
1.106606606606606569e+01 1.104613885839664383e-01
1.107607607607607569e+01 1.107050898241717513e-01
1.108608608608608570e+01 1.109487910643770781e-01
1.109609609609609571e+01 1.111927121504991262e-01
1.110610610610610571e+01 1.114375765966131027e-01
1.111611611611611572e+01 1.116824410427270792e-01
1.112612612612612573e+01 1.119277202891041517e-01
1.113613613613613573e+01 1.121737651571392824e-01
1.114614614614614574e+01 1.124198100251744270e-01
1.115615615615615575e+01 1.126664702604146945e-01
1.116616616616616575e+01 1.129137128069339496e-01
1.117617617617617576e+01 1.131609553534532048e-01
1.118618618618618576e+01 1.134090194628956799e-01
1.119619619619619577e+01 1.136574769797243645e-01
1.120620620620620578e+01 1.139059344965530490e-01
1.121621621621621578e+01 1.141554254135893898e-01
1.122622622622622579e+01 1.144051152225808027e-01
1.123623623623623580e+01 1.146548062812110802e-01
1.124624624624624580e+01 1.149057457290674072e-01
1.125625625625625581e+01 1.151566851769237343e-01
1.126626626626626582e+01 1.154078316534449672e-01
1.127627627627627582e+01 1.156600381065944483e-01
1.128628628628628583e+01 1.159122445597439294e-01
1.129629629629629584e+01 1.161648694659771497e-01
1.130630630630630584e+01 1.164183603055100880e-01
1.131631631631631585e+01 1.166718511450430540e-01
1.132632632632632586e+01 1.169259775121716805e-01
1.133633633633633586e+01 1.171807701288362785e-01
1.134634634634634587e+01 1.174355627455008766e-01
1.135635635635635587e+01 1.176912136158558553e-01
1.136636636636636588e+01 1.179473254051155579e-01
1.137637637637637589e+01 1.182034371943752465e-01
1.138638638638638589e+01 1.184606356133327820e-01
1.139639639639639590e+01 1.187180839704864849e-01
1.140640640640640591e+01 1.189755323276402016e-01
1.141641641641641769e+01 1.192343013356350068e-01
1.142642642642642770e+01 1.194931036510018252e-01
1.143643643643643770e+01 1.197520949368556659e-01
1.144644644644644771e+01 1.200122685910254561e-01
1.145645645645645772e+01 1.202724422451952324e-01
1.146646646646646772e+01 1.205330327886002528e-01
1.147647647647647773e+01 1.207945951477507884e-01
1.148648648648648773e+01 1.210561575069013379e-01
1.149649649649649774e+01 1.213183703057682528e-01
1.150650650650650775e+01 1.215813387170510129e-01
1.151651651651651775e+01 1.218443071283337731e-01
1.152652652652652776e+01 1.221081651494369674e-01
1.153653653653653777e+01 1.223725569364324389e-01
1.154654654654654777e+01 1.226369487234278827e-01
1.155655655655655778e+01 1.229024748949636980e-01
1.156656656656656779e+01 1.231683073532067324e-01
1.157657657657657779e+01 1.234341398114497668e-01
1.158658658658658780e+01 1.237013570157235454e-01
1.159659659659659781e+01 1.239686474083008944e-01
1.160660660660660781e+01 1.242361033139024046e-01
1.161661661661661782e+01 1.245048688671228504e-01
1.162662662662662783e+01 1.247736344203432962e-01
1.163663663663663783e+01 1.250428097717526110e-01
1.164664664664664784e+01 1.253130676708902602e-01
1.165665665665665784e+01 1.255833255700279649e-01
1.166666666666666785e+01 1.258542431145368568e-01
1.167667667667667786e+01 1.261260104996499154e-01
1.168668668668668786e+01 1.263977778847629185e-01
1.169669669669669787e+01 1.266704602999563223e-01
1.170670670670670788e+01 1.269437542617800063e-01
1.171671671671671788e+01 1.272170482236036904e-01
1.172672672672672789e+01 1.274915181106437145e-01
1.173673673673673790e+01 1.277663556865607786e-01
1.174674674674674790e+01 1.280411932624778149e-01
1.175675675675675791e+01 1.283174731395270440e-01
1.176676676676676792e+01 1.285938713096144159e-01
1.177677677677677792e+01 1.288704060923332728e-01
1.178678678678678793e+01 1.291483817754865426e-01
1.179679679679679793e+01 1.294263574586397847e-01
1.180680680680680794e+01 1.297047301391717755e-01
1.181681681681681795e+01 1.299843001893079553e-01
1.182682682682682795e+01 1.302638702394441350e-01
1.183683683683683796e+01 1.305441031175970656e-01
1.184684684684684797e+01 1.308252843199373683e-01
1.185685685685685797e+01 1.311064655222776154e-01
1.186686686686686798e+01 1.313885807936064631e-01
1.187687687687687799e+01 1.316713898610365752e-01
1.188688688688688799e+01 1.319541989284667149e-01
1.189689689689689800e+01 1.322382186783299940e-01
1.190690690690690801e+01 1.325226722478426433e-01
1.191691691691691801e+01 1.328071258173552649e-01
1.192692692692692802e+01 1.330930720151177193e-01
1.193693693693693803e+01 1.333791866443341800e-01
1.194694694694694803e+01 1.336654036031585946e-01
1.195695695695695804e+01 1.339531957669319595e-01
1.196696696696696804e+01 1.342409879307053244e-01
1.197697697697697805e+01 1.345291585169496873e-01
1.198698698698698806e+01 1.348186446040489928e-01
1.199699699699699806e+01 1.351081306911482982e-01
1.200700700700700807e+01 1.353982765821949985e-01
1.201701701701701808e+01 1.356894728920713389e-01
1.202702702702702808e+01 1.359806692019476793e-01
1.203703703703703809e+01 1.362728119406174943e-01
1.204704704704704810e+01 1.365657346802520988e-01
1.205705705705705810e+01 1.368586574198866757e-01
1.206706706706706811e+01 1.371528184092976055e-01
1.207707707707707812e+01 1.374474836901316277e-01
1.208708708708708812e+01 1.377421489709656499e-01
1.209709709709709813e+01 1.380383494695405500e-01
1.210710710710710813e+01 1.383347733044877903e-01
1.211711711711711814e+01 1.386312599555170888e-01
1.212712712712712815e+01 1.389294582560589575e-01
1.213713713713713815e+01 1.392276565566007984e-01
1.214714714714714816e+01 1.395262089731066635e-01
1.215715715715715817e+01 1.398261975464696605e-01
1.216716716716716817e+01 1.401261861198326575e-01
1.217717717717717818e+01 1.404268252046894649e-01
1.218718718718718819e+01 1.407286197511057046e-01
1.219719719719719819e+01 1.410304142975219721e-01
1.220720720720720820e+01 1.413331607930934097e-01
1.221721721721721821e+01 1.416367769031436907e-01
1.222722722722722821e+01 1.419403930131939717e-01
1.223723723723723822e+01 1.422452674970070274e-01
1.224724724724724823e+01 1.425507206490467527e-01
1.225725725725725823e+01 1.428561738010865056e-01
1.226726726726726824e+01 1.431631966816549473e-01
1.227727727727727824e+01 1.434705022393221174e-01
1.228728728728728825e+01 1.437778260999802993e-01
1.229729729729729826e+01 1.440869993097873281e-01
1.230730730730730826e+01 1.443961725195943291e-01
1.231731731731731827e+01 1.447056699439795702e-01
1.232732732732732828e+01 1.450167259329863401e-01
1.233733733733733828e+01 1.453277819219931377e-01
1.234734734734734829e+01 1.456394729097146568e-01
1.235735735735735830e+01 1.459524266832843697e-01
1.236736736736736830e+01 1.462653804568540827e-01
1.237737737737737831e+01 1.465792848254595659e-01
1.238738738738738832e+01 1.468941512650971948e-01
1.239739739739739832e+01 1.472090177047347959e-01
1.240740740740740833e+01 1.475251550861977623e-01
1.241741741741741833e+01 1.478419489474691595e-01
1.242742742742742834e+01 1.481587428087405844e-01
1.243743743743743835e+01 1.484771326460960494e-01
1.244744744744744835e+01 1.487958685566301287e-01
1.245745745745745836e+01 1.491146044671642079e-01
1.246746746746746837e+01 1.494352660112919784e-01
1.247747747747747837e+01 1.497559584688629430e-01
1.248748748748748838e+01 1.500769398622973094e-01
1.249749749749749839e+01 1.503996032329884824e-01
1.250750750750750839e+01 1.507222666036796555e-01
1.251751751751751840e+01 1.510455433844097861e-01
1.252752752752752841e+01 1.513701919008581531e-01
1.253753753753753841e+01 1.516948404173065479e-01
1.254754754754754842e+01 1.520204313770334437e-01
1.255755755755755843e+01 1.523470791367541044e-01
1.256756756756756843e+01 1.526737268964747096e-01
1.257757757757757844e+01 1.530016506249347041e-01
1.258758758758758844e+01 1.533303115887249823e-01
1.259759759759759845e+01 1.536589725525152883e-01
1.260760760760760846e+01 1.539892474349107143e-01
1.261761761761761846e+01 1.543199354253339262e-01
1.262762762762762847e+01 1.546506234157571380e-01
1.263763763763763848e+01 1.549832676303310730e-01
1.264764764764764848e+01 1.553159963302793711e-01
1.265765765765765849e+01 1.556489735946453845e-01
1.266766766766766850e+01 1.559837565459797071e-01
1.267767767767767850e+01 1.563185394973140574e-01
1.268768768768768851e+01 1.566539084209234434e-01
1.269769769769769852e+01 1.569907590231929273e-01
1.270770770770770852e+01 1.573276096254624667e-01
1.271771771771771853e+01 1.576653878960583288e-01
1.272772772772772854e+01 1.580043194052959399e-01
1.273773773773773854e+01 1.583432509145335509e-01
1.274774774774774855e+01 1.586834560057356347e-01
1.275775775775775855e+01 1.590244815333298478e-01
1.276776776776776856e+01 1.593655070609240887e-01
1.277777777777777857e+01 1.597081562304271674e-01
1.278778778778778857e+01 1.600512887420712793e-01
1.279779779779779858e+01 1.603944212537153913e-01
1.280780780780780859e+01 1.607395315416250692e-01
1.281781781781781859e+01 1.610847838563405354e-01
1.282782782782782860e+01 1.614302396091251146e-01
1.283783783783783861e+01 1.617776243983596596e-01
1.284784784784784861e+01 1.621250091875942323e-01
1.285785785785785862e+01 1.624729469572013252e-01
1.286786786786786863e+01 1.628224767440019649e-01
1.287787787787787863e+01 1.631720065308026046e-01
1.288788788788788864e+01 1.635224428450897938e-01
1.289789789789789864e+01 1.638741300033481341e-01
1.290790790790790865e+01 1.642258171616064744e-01
1.291791791791791866e+01 1.645787683262101564e-01
1.292792792792792866e+01 1.649326250799806048e-01
1.293793793793793867e+01 1.652864818337510533e-01
1.294794794794794868e+01 1.656419639310154623e-01
1.295795795795795868e+01 1.659980023539053273e-01
1.296796796796796869e+01 1.663540407767952201e-01
1.297797797797797870e+01 1.667120696648306255e-01
1.298798798798798870e+01 1.670703016794612139e-01
1.299799799799799871e+01 1.674286876284226955e-01
1.300800800800800872e+01 1.677891250059602157e-01
1.301801801801801872e+01 1.681495623834977082e-01
1.302802802802802873e+01 1.685105145443064889e-01
1.303803803803803874e+01 1.688731689040630646e-01
1.304804804804804874e+01 1.692358232638196402e-01
1.305805805805805875e+01 1.695993569696882253e-01
1.306806806806806875e+01 1.699642397787909653e-01
1.307807807807807876e+01 1.703291225878937054e-01
1.308808808808808877e+01 1.706952529455583734e-01
1.309809809809809877e+01 1.710623755186861661e-01
1.310810810810810878e+01 1.714294980918139033e-01
1.311811811811811879e+01 1.717982399811489036e-01
1.312812812812812879e+01 1.721676134803362401e-01
1.313813813813813880e+01 1.725369869795235211e-01
1.314814814814814881e+01 1.729083550532755920e-01
1.315815815815815881e+01 1.732799904877824759e-01
1.316816816816816882e+01 1.736517263796842070e-01
1.317817817817817883e+01 1.740256346059309012e-01
1.318818818818818883e+01 1.743995428321775953e-01
1.319819819819819884e+01 1.747739228285573043e-01
1.320820820820820884e+01 1.751501145501235535e-01
1.321821821821821885e+01 1.755263062716897748e-01
1.322822822822822886e+01 1.759033444962745385e-01
1.323823823823823886e+01 1.762818302639613255e-01
1.324824824824824887e+01 1.766603160316480570e-01
1.325825825825825888e+01 1.770400263810189834e-01
1.326826826826826888e+01 1.774208165929739567e-01
1.327827827827827889e+01 1.778016068049289022e-01
1.328828828828828890e+01 1.781840029487697097e-01
1.329829829829829890e+01 1.785671078506725629e-01
1.330830830830830891e+01 1.789502127525754160e-01
1.331831831831831892e+01 1.793353081340305633e-01
1.332832832832832892e+01 1.797207378193395322e-01
1.333833833833833893e+01 1.801062109305325287e-01
1.334834834834834894e+01 1.804939753407903691e-01
1.335835835835835894e+01 1.808817397510481817e-01
1.336836836836836895e+01 1.812699285185102316e-01
1.337837837837837895e+01 1.816600374437086496e-01
1.338838838838838896e+01 1.820501463689070953e-01
1.339839839839839897e+01 1.824410637105213784e-01
1.340840840840840897e+01 1.828335267895226102e-01
1.341841841841841898e+01 1.832259898685238420e-01
1.342842842842842899e+01 1.836196484776556892e-01
1.343843843843843899e+01 1.840144751986708127e-01
1.344844844844844900e+01 1.844093019196859362e-01
1.345845845845845901e+01 1.848057142660090857e-01
1.346846846846846901e+01 1.852029139671320379e-01
1.347847847847847902e+01 1.856001136682549624e-01
1.348848848848848903e+01 1.859992919986771798e-01
1.349849849849849903e+01 1.863988738684725088e-01
1.350850850850850904e+01 1.867984557382678101e-01
1.351851851851851904e+01 1.872004120779546532e-01
1.352852852852852905e+01 1.876023851560998934e-01
1.353853853853853906e+01 1.880047312097593015e-01
1.354854854854854906e+01 1.884091043877381133e-01
1.355855855855855907e+01 1.888134775657169251e-01
1.356856856856856908e+01 1.892186162742775790e-01
1.357857857857857908e+01 1.896253982961263462e-01
1.358858858858858909e+01 1.900321803179751134e-01
1.359859859859859910e+01 1.904401231951139140e-01
1.360860860860860910e+01 1.908493226582164415e-01
1.361861861861861911e+01 1.912585221213189690e-01
1.362862862862862912e+01 1.916692804631546232e-01
1.363863863863863912e+01 1.920809058190879881e-01
1.364864864864864913e+01 1.924925311750213808e-01
1.365865865865865914e+01 1.929061160615474779e-01
1.366866866866866914e+01 1.933201756169749541e-01
1.367867867867867915e+01 1.937342351724023748e-01
1.368868868868868915e+01 1.941506574690071707e-01
1.369869869869869916e+01 1.945671593866191984e-01
1.370870870870870917e+01 1.949839793638003249e-01
1.371871871871871917e+01 1.954029316633006941e-01
1.372872872872872918e+01 1.958218839628010632e-01
1.373873873873873919e+01 1.962415545657675287e-01
1.374874874874874919e+01 1.966629651249053867e-01
1.375875875875875920e+01 1.970843756840432448e-01
1.376876876876876921e+01 1.975069072851937113e-01
1.377877877877877921e+01 1.979307838408396469e-01
1.378878878878878922e+01 1.983546603964855826e-01
1.379879879879879923e+01 1.987800631593941436e-01
1.380880880880880923e+01 1.992064133086585698e-01
1.381881881881881924e+01 1.996327634579229959e-01
1.382882882882882924e+01 2.000610473392169519e-01
1.383883883883883925e+01 2.004898785406106221e-01
1.384884884884884926e+01 2.009187097420042922e-01
1.385885885885885926e+01 2.013498844933178100e-01
1.386886886886886927e+01 2.017812040679541064e-01
1.387887887887887928e+01 2.022127836797546763e-01
1.388888888888888928e+01 2.026465988125896733e-01
1.389889889889889929e+01 2.030804139454246982e-01
1.390890890890890930e+01 2.035148962736268163e-01
1.391891891891891930e+01 2.039512140147406172e-01
1.392892892892892931e+01 2.043875317558543903e-01
1.393893893893893932e+01 2.048249260831071228e-01
1.394894894894894932e+01 2.052637533490203614e-01
1.395895895895895933e+01 2.057025806149335723e-01
1.396896896896896934e+01 2.061428960260577592e-01
1.397897897897897934e+01 2.065842396010865445e-01
1.398898898898898935e+01 2.070255831761153298e-01
1.399899899899899935e+01 2.074688285603644433e-01
1.400900900900900936e+01 2.079126950980097477e-01
1.401901901901901937e+01 2.083565616356550243e-01
1.402902902902902937e+01 2.088027456890395039e-01
1.403903903903903938e+01 2.092491417134116349e-01
1.404904904904904939e+01 2.096957370581800095e-01
1.405905905905905939e+01 2.101446689654558608e-01
1.406906906906906940e+01 2.105936008727316844e-01
1.407907907907907941e+01 2.110431454387931838e-01
1.408908908908908941e+01 2.114946194987066819e-01
1.409909909909909942e+01 2.119460935586201522e-01
1.410910910910910943e+01 2.123985956017248045e-01
1.411911911911911943e+01 2.128526179590879697e-01
1.412912912912912944e+01 2.133066403164510794e-01
1.413913913913913944e+01 2.137621079074429054e-01
1.414914914914914945e+01 2.142186845836973330e-01
1.415915915915915946e+01 2.146752612599517607e-01
1.416916916916916946e+01 2.151337022873496541e-01
1.417917917917917947e+01 2.155928391821477219e-01
1.418918918918918948e+01 2.160519760769457898e-01
1.419919919919919948e+01 2.165133982495765219e-01
1.420920920920920949e+01 2.169751011423901588e-01
1.421921921921921950e+01 2.174369403331277706e-01
1.422922922922922950e+01 2.179012148848843422e-01
1.423923923923923951e+01 2.183654894366409138e-01
1.424924924924924952e+01 2.188303191179211682e-01
1.425925925925925952e+01 2.192971708726660085e-01
1.426926926926926953e+01 2.197640226274108766e-01
1.427927927927927954e+01 2.202318501004645601e-01
1.428928928928928954e+01 2.207012844870486212e-01
1.429929929929929955e+01 2.211707188736326546e-01
1.430930930930930955e+01 2.216415512692979373e-01
1.431931931931931956e+01 2.221135736030890595e-01
1.432932932932932957e+01 2.225855959368801540e-01
1.433933933933933957e+01 2.230594402184417346e-01
1.434934934934934958e+01 2.235340557030590647e-01
1.435935935935935959e+01 2.240086711876763670e-01
1.436936936936936959e+01 2.244855341537458637e-01
1.437937937937937960e+01 2.249627478828166161e-01
1.438938938938938961e+01 2.254400329403856706e-01
1.439939939939939961e+01 2.259198498993227611e-01
1.440940940940940962e+01 2.263996668582598237e-01
1.441941941941941963e+01 2.268799788362591829e-01
1.442942942942942963e+01 2.273624039040595124e-01
1.443943943943943964e+01 2.278448289718598696e-01
1.444944944944944965e+01 2.283281742971446371e-01
1.445945945945945965e+01 2.288132122482057496e-01
1.446946946946946966e+01 2.292982501992668343e-01
1.447947947947947966e+01 2.297846351440762103e-01
1.448948948948948967e+01 2.302722906500309641e-01
1.449949949949949968e+01 2.307599461559857179e-01
1.450950950950950968e+01 2.312493768409815409e-01
1.451951951951951969e+01 2.317396544725509322e-01
1.452952952952952970e+01 2.322299321041202680e-01
1.453953953953953970e+01 2.327224145014567813e-01
1.454954954954954971e+01 2.332153187303184216e-01
1.455955955955955972e+01 2.337082276949292992e-01
1.456956956956956972e+01 2.342037628956007145e-01
1.457957957957957973e+01 2.346992980962721020e-01
1.458958958958958974e+01 2.351952660051684074e-01
1.459959959959959974e+01 2.356934364569052698e-01
1.460960960960960975e+01 2.361916069086421321e-01
1.461961961961961975e+01 2.366906394004936465e-01
1.462962962962962976e+01 2.371914492892013282e-01
1.463963963963963977e+01 2.376922591779089822e-01
1.464964964964964977e+01 2.381943617534954816e-01
1.465965965965965978e+01 2.386978151736527387e-01
1.466966966966966979e+01 2.392012685938099681e-01
1.467967967967967979e+01 2.397064466192026511e-01
1.468968968968968980e+01 2.402125475757974638e-01
1.469969969969969981e+01 2.407186485323922764e-01
1.470970970970970981e+01 2.412269072421547866e-01
1.471971971971971982e+01 2.417356596526298029e-01
1.472972972972972983e+01 2.422444120631047915e-01
1.473973973973973983e+01 2.427557565635132253e-01
1.474974974974974984e+01 2.432671642597221406e-01
1.475975975975975985e+01 2.437789404980383323e-01
1.476976976976976985e+01 2.442930072282105403e-01
1.477977977977977986e+01 2.448070739583827482e-01
1.478978978978978986e+01 2.453219421614175055e-01
1.479979979979979987e+01 2.458386715921297982e-01
1.480980980980980988e+01 2.463554010228421187e-01
1.481981981981981988e+01 2.468733660111568362e-01
1.482982982982982989e+01 2.473927617293150971e-01
1.483983983983983990e+01 2.479121574474733580e-01
1.484984984984984990e+01 2.484332239243846052e-01
1.485985985985985991e+01 2.489552894392079996e-01
1.486986986986986992e+01 2.494773549540313384e-01
1.487987987987987992e+01 2.500015275088907085e-01
1.488988988988988993e+01 2.505262662539043395e-01
1.489989989989989994e+01 2.510510049989179704e-01
1.490990990990990994e+01 2.515782881104010604e-01
1.491991991991991995e+01 2.521057034454308177e-01
1.492992992992992995e+01 2.526334216066909999e-01
1.493993993993993996e+01 2.531635168198652641e-01
1.494994994994994997e+01 2.536936120330395839e-01
1.495995995995995997e+01 2.542244461710109205e-01
1.496996996996996998e+01 2.547572244807615460e-01
1.497997997997997999e+01 2.552900027905121716e-01
1.498998998998998999e+01 2.558239571393384759e-01
1.500000000000000000e+01 2.563594216964065753e-01
