5.000000000000000000e+00 1.824171121126471132e-02
5.010010010010010006e+00 1.840910612213127184e-02
5.020020020020020013e+00 1.857650103299782543e-02
5.030030030030030019e+00 1.874389594386438249e-02
5.040040040040040026e+00 1.891129085473093607e-02
5.050050050050050032e+00 1.907868576559748966e-02
5.060060060060060039e+00 1.924608067646405019e-02
5.070070070070070045e+00 1.941347558733060377e-02
5.080080080080080052e+00 1.958087049819716083e-02
5.090090090090090058e+00 1.974957665022094092e-02
5.100100100100100065e+00 1.991842639428090950e-02
5.110110110110110071e+00 2.008727613834088155e-02
5.120120120120120077e+00 2.025723263107439068e-02
5.130130130130130084e+00 2.042746997377219154e-02
5.140140140140140090e+00 2.059770731646999586e-02
5.150150150150150097e+00 2.076886081289667021e-02
5.160160160160160103e+00 2.094041845207648619e-02
5.170170170170170110e+00 2.111197609125630911e-02
5.180180180180180116e+00 2.128427326320049898e-02
5.190190190190190123e+00 2.145708392299091813e-02
5.200200200200200129e+00 2.162989458278133728e-02
5.210210210210210136e+00 2.180328216444677239e-02
5.220220220220220142e+00 2.197727868626188352e-02
5.230230230230230148e+00 2.215127520807699465e-02
5.240240240240240155e+00 2.232570004816798390e-02
5.250250250250250161e+00 2.250081547874975899e-02
5.260260260260260168e+00 2.267593090933153407e-02
5.270270270270270174e+00 2.285134002173185366e-02
5.280280280280280181e+00 2.302750769817010768e-02
5.290290290290290187e+00 2.320367537460835822e-02
5.300300300300300194e+00 2.338001598759542957e-02
5.310310310310310200e+00 2.355716961927210515e-02
5.320320320320320207e+00 2.373432325094877726e-02
5.330330330330330213e+00 2.391154285492394158e-02
5.340340340340340219e+00 2.408961660233965157e-02
5.350350350350350226e+00 2.426769034975536157e-02
5.360360360360360232e+00 2.444576409717107157e-02
5.370370370370370239e+00 2.462466529392341036e-02
5.380380380380380245e+00 2.480359384437282738e-02
5.390390390390390252e+00 2.498252239482224440e-02
5.400400400400400258e+00 2.516213381973331914e-02
5.410410410410410265e+00 2.534185245980631607e-02
5.420420420420420271e+00 2.552157109987931299e-02
5.430430430430430278e+00 2.570184196964307374e-02
5.440440440440440284e+00 2.588228665453695329e-02
5.450450450450450290e+00 2.606273133943083284e-02
5.460460460460460297e+00 2.624361137477672010e-02
5.470470470470470303e+00 2.642471879441257721e-02
5.480480480480480310e+00 2.660582621404844125e-02
5.490490490490490316e+00 2.678726567666580780e-02
5.500500500500500323e+00 2.696897331861097466e-02
5.510510510510510329e+00 2.715068096055613805e-02
5.520520520520520336e+00 2.733263068848440155e-02
5.530530530530530342e+00 2.751487689768896197e-02
5.540540540540540349e+00 2.769712310689352239e-02
5.550550550550550355e+00 2.787953454838377684e-02
5.560560560560560361e+00 2.806225858374707810e-02
5.570570570570570368e+00 2.824498261911037936e-02
5.580580580580580374e+00 2.842780786496584139e-02
5.590590590590590381e+00 2.861094995275442407e-02
5.600600600600600387e+00 2.879409204054300675e-02
5.610610610610610394e+00 2.897728385494726180e-02
5.620620620620620400e+00 2.916078523909185552e-02
5.630630630630630407e+00 2.934428662323644924e-02
5.640640640640640413e+00 2.952779847308011421e-02
5.650650650650650419e+00 2.971160146238524535e-02
5.660660660660660426e+00 2.989540445169037650e-02
5.670670670670670432e+00 3.007920744099550070e-02
5.680680680680680439e+00 3.026323854671224972e-02
5.690690690690690445e+00 3.044728655901590003e-02
5.700700700700700452e+00 3.063133457131954340e-02
5.710710710710710458e+00 3.081553943227687345e-02
5.720720720720720465e+00 3.099977703560394954e-02
5.730730730730730471e+00 3.118401463893101869e-02
5.740740740740740478e+00 3.136835017965761141e-02
5.750750750750750484e+00 3.155272313041353888e-02
5.760760760760760490e+00 3.173709608116945247e-02
5.770770770770770497e+00 3.192152006674263409e-02
5.780780780780780503e+00 3.210597534499855937e-02
5.790790790790790510e+00 3.229043062325447772e-02
5.800800800800800516e+00 3.247490167847579684e-02
5.810810810810810523e+00 3.265938752039967974e-02
5.820820820820820529e+00 3.284387336232355570e-02
5.830830830830830536e+00 3.302835098954411130e-02
5.840840840840840542e+00 3.321281691703566880e-02
5.850850850850850549e+00 3.339728284452723323e-02
5.860860860860860555e+00 3.358172744014512046e-02
5.870870870870870561e+00 3.376612428773489299e-02
5.880880880880880568e+00 3.395052113532466553e-02
5.890890890890890574e+00 3.413489400497825982e-02
5.900900900900900581e+00 3.431917394405421817e-02
5.910910910910910587e+00 3.450345388313017653e-02
5.920920920920920594e+00 3.468771725561115710e-02
5.930930930930930600e+00 3.487183381603837368e-02
5.940940940940940607e+00 3.505595037646559026e-02
5.950950950950950613e+00 3.524006693689280684e-02
5.960960960960960620e+00 3.542397550557675051e-02
5.970970970970970626e+00 3.560788359477685960e-02
5.980980980980980632e+00 3.579179168397698257e-02
5.990990990990990639e+00 3.597547433351924728e-02
6.001001001001000645e+00 3.615913025307971457e-02
6.011011011011010652e+00 3.634278617264018185e-02
6.021021021021020658e+00 3.652620938071742679e-02
6.031031031031030665e+00 3.670957084060026687e-02
6.041041041041040671e+00 3.689293230048310696e-02
6.051051051051050678e+00 3.707606352315841874e-02
6.061061061061060684e+00 3.725908965358083053e-02
6.071071071071070691e+00 3.744211578400324231e-02
6.081081081081080697e+00 3.762492346136379895e-02
6.091091091091090703e+00 3.780757482242293882e-02
6.101101101101100710e+00 3.799022618348207175e-02
6.111111111111110716e+00 3.817267974422578619e-02
6.121121121121120723e+00 3.835491833334121747e-02
6.131131131131130729e+00 3.853715692245666263e-02
6.141141141141140736e+00 3.871922678745603336e-02
6.151151151151150742e+00 3.890101604470445201e-02
6.161161161161160749e+00 3.908280530195287761e-02
6.171171171171170755e+00 3.926446288682395452e-02
6.181181181181180762e+00 3.944576769823963242e-02
6.191191191191190768e+00 3.962707250965531725e-02
6.201201201201200774e+00 3.980829022635988534e-02
6.211211211211210781e+00 3.998907692527638863e-02
6.221221221221220787e+00 4.016986362419289192e-02
6.231231231231230794e+00 4.035061488170223892e-02
6.241241241241240800e+00 4.053085124820954982e-02
6.251251251251250807e+00 4.071108761471686072e-02
6.261261261261260813e+00 4.089132398122417161e-02
6.271271271271270820e+00 4.107100207735672054e-02
6.281281281281280826e+00 4.125065733594818207e-02
6.291291291291290833e+00 4.143031259453963666e-02
6.301301301301300839e+00 4.160944470338785034e-02
6.311311311311310845e+00 4.178848951887166596e-02
6.321321321321320852e+00 4.196753433435548852e-02
6.331331331331330858e+00 4.214609828550354431e-02
6.341341341341340865e+00 4.232450475725210715e-02
6.351351351351350871e+00 4.250291122900066998e-02
6.361361361361360878e+00 4.268088583553641957e-02
6.371371371371370884e+00 4.285862749014703044e-02
6.381381381381380891e+00 4.303636914475764824e-02
6.391391391391390897e+00 4.321373419815006250e-02
6.401401401401400904e+00 4.339078598058958292e-02
6.411411411411410910e+00 4.356783776302910333e-02
6.421421421421420916e+00 4.374457402730747013e-02
6.431431431431430923e+00 4.392091229061276941e-02
6.441441441441440929e+00 4.409725055391806869e-02
6.451451451451450936e+00 4.427333975917986664e-02
6.461461461461460942e+00 4.444894225278504113e-02
6.471471471471470949e+00 4.462454474639021562e-02
6.481481481481480955e+00 4.479996958166423959e-02
6.491491491491490962e+00 4.497481543842463125e-02
6.501501501501500968e+00 4.514966129518503679e-02
6.511511511511510975e+00 4.532440540067599055e-02
6.521521521521520981e+00 4.549847512265799143e-02
6.531531531531530987e+00 4.567254484463999925e-02
6.541541541541540994e+00 4.584659280338074933e-02
6.551551551551551000e+00 4.601986824648533064e-02
6.561561561561561007e+00 4.619314368958990502e-02
6.571571571571571013e+00 4.636641913269447940e-02
6.581581581581581020e+00 4.653894537601360043e-02
6.591591591591591026e+00 4.671140973350006165e-02
6.601601601601601033e+00 4.688387409098652980e-02
6.611611611611611927e+00 4.705566065901423123e-02
6.621621621621621934e+00 4.722729844398998456e-02
6.631631631631631940e+00 4.739893622896574482e-02
6.641641641641641947e+00 4.756997177896050977e-02
6.651651651651651953e+00 4.774076880590053668e-02
6.661661661661661959e+00 4.791156583284057052e-02
6.671671671671671966e+00 4.808183990669622626e-02
6.681681681681681972e+00 4.825178327205548873e-02
6.691691691691691979e+00 4.842172663741475813e-02
6.701701701701701985e+00 4.859122964988429882e-02
6.711711711711711992e+00 4.876030771186427165e-02
6.721721721721721998e+00 4.892938577384424448e-02
6.731731731731732005e+00 4.909810900038073106e-02
6.741741741741742011e+00 4.926631135790986160e-02
6.751751751751752018e+00 4.943451371543898520e-02
6.761761761761762024e+00 4.960244927967562278e-02
6.771771771771772030e+00 4.976976675066249745e-02
6.781781781781782037e+00 4.993708422164937211e-02
6.791791791791792043e+00 5.010422508254069179e-02
6.801801801801802050e+00 5.027064968145699558e-02
6.811811811811812056e+00 5.043707428037329243e-02
6.821821821821822063e+00 5.060341421901878856e-02
6.831831831831832069e+00 5.076893913386701374e-02
6.841841841841842076e+00 5.093446404871524585e-02
6.851851851851852082e+00 5.109998896356347797e-02
6.861861861861862089e+00 5.126461722360670797e-02
6.871871871871872095e+00 5.142923679232710293e-02
6.881881881881882101e+00 5.159385636104750483e-02
6.891891891891892108e+00 5.175766913708686884e-02
6.901901901901902114e+00 5.192137882345582850e-02
6.911911911911912121e+00 5.208508850982478122e-02
6.921921921921922127e+00 5.224808306874919456e-02
6.931931931931932134e+00 5.241087943781987807e-02
6.941941941941942140e+00 5.257367580689057546e-02
6.951951951951952147e+00 5.273585015729780751e-02
6.961961961961962153e+00 5.289773085043231182e-02
6.971971971971972160e+00 5.305961154356680920e-02
6.981981981981982166e+00 5.322096442094475383e-02
6.991991991991992172e+00 5.338192813048553420e-02
7.002002002002002179e+00 5.354289184002630764e-02
7.012012012012012185e+00 5.370342269178219469e-02
7.022022022022022192e+00 5.386346913540881326e-02
7.032032032032032198e+00 5.402351557903544571e-02
7.042042042042042205e+00 5.418322454938998695e-02
7.052052052052052211e+00 5.434235444420597305e-02
7.062062062062062218e+00 5.450148433902195222e-02
7.072072072072072224e+00 5.466037225378485992e-02
7.082082082082082231e+00 5.481858729017711346e-02
7.092092092092092237e+00 5.497680232656936700e-02
7.102102102102102243e+00 5.513487067781204509e-02
7.112112112112112250e+00 5.529217349312481183e-02
7.122122122122122256e+00 5.544947630843759245e-02
7.132132132132132263e+00 5.560672723907880699e-02
7.142142142142142269e+00 5.576312139114195793e-02
7.152152152152152276e+00 5.591951554320510887e-02
7.162162162162162282e+00 5.607590969526825286e-02
7.172172172172172289e+00 5.623144177207427957e-02
7.182182182182182295e+00 5.638693171262375292e-02
7.192192192192192302e+00 5.654242165317324015e-02
7.202202202202202308e+00 5.669714780474729987e-02
7.212212212212212314e+00 5.685173885277539085e-02
7.222222222222222321e+00 5.700632990080349571e-02
7.232232232232232327e+00 5.716025497004479511e-02
7.242242242242242334e+00 5.731395328511472431e-02
7.252252252252252340e+00 5.746765160018466045e-02
7.262262262262262347e+00 5.762078099192086827e-02
7.272272272272272353e+00 5.777359354748011488e-02
7.282282282282282360e+00 5.792640610303935456e-02
7.292292292292292366e+00 5.807874576842615016e-02
7.302302302302302373e+00 5.823068032515056613e-02
7.312312312312312379e+00 5.838261488187497517e-02
7.322322322322322385e+00 5.853417130282397018e-02
7.332332332332332392e+00 5.868523638202385179e-02
7.342342342342342398e+00 5.883630146122372645e-02
7.352352352352352405e+00 5.898708163486985484e-02
7.362362362362362411e+00 5.913728649198714965e-02
7.372372372372372418e+00 5.928749134910443058e-02
7.382382382382382424e+00 5.943750277232373591e-02
7.392392392392392431e+00 5.958685737054877918e-02
7.402402402402402437e+00 5.973621196877382938e-02
7.412412412412412444e+00 5.988546262276207843e-02
7.422422422422422450e+00 6.003397760679651113e-02
7.432432432432432456e+00 6.018249259083094382e-02
7.442442442442442463e+00 6.033099092575310712e-02
7.452452452452452469e+00 6.047867759574426100e-02
7.462462462462462476e+00 6.062636426573542875e-02
7.472472472472472482e+00 6.077405093572658956e-02
7.482482482482482489e+00 6.092098947112666030e-02
7.492492492492492495e+00 6.106785975679755729e-02
7.502502502502502502e+00 6.121473004246844735e-02
7.512512512512512508e+00 6.136094703869739153e-02
7.522522522522522515e+00 6.150701347369528366e-02
7.532532532532532521e+00 6.165307990869316884e-02
7.542542542542542527e+00 6.179858571008509799e-02
7.552552552552552534e+00 6.194386140656965578e-02
7.562562562562562540e+00 6.208913710305420663e-02
7.572572572572572547e+00 6.223394243725630104e-02
7.582582582582582553e+00 6.237844106074819095e-02
7.592592592592592560e+00 6.252293968424009474e-02
7.602602602602602566e+00 6.266705564763400127e-02
7.612612612612612573e+00 6.281079139214271190e-02
7.622622622622622579e+00 6.295452713665140865e-02
7.632632632632632586e+00 6.309796517991629605e-02
7.642642642642642592e+00 6.324095274336491435e-02
7.652652652652652598e+00 6.338394030681353264e-02
7.662662662662662605e+00 6.352671222063703549e-02
7.672672672672672611e+00 6.366896678060127157e-02
7.682682682682682618e+00 6.381122134056550765e-02
7.692692692692692624e+00 6.395333924150899130e-02
7.702702702702702631e+00 6.409487643128551626e-02
7.712712712712712637e+00 6.423641362106205510e-02
7.722722722722722644e+00 6.437788993758564171e-02
7.732732732732732650e+00 6.451872582260460842e-02
7.742742742742742657e+00 6.465956170762357513e-02
7.752752752752752663e+00 6.480039759264254184e-02
7.762762762762762669e+00 6.494056022087198177e-02
7.772772772772772676e+00 6.508071127546725954e-02
7.782782782782782682e+00 6.522086233006253730e-02
7.792792792792792689e+00 6.536042597179944624e-02
7.802802802802802695e+00 6.549990905634883731e-02
7.812812812812812702e+00 6.563939214089821450e-02
7.822822822822822708e+00 6.577837044169618230e-02
7.832832832832832715e+00 6.591720278014343015e-02
7.842842842842842721e+00 6.605603511859070576e-02
7.852852852852852727e+00 6.619444195962205513e-02
7.862862862862862734e+00 6.633264111739087254e-02
7.872872872872872740e+00 6.647084027515970384e-02
7.882882882882882747e+00 6.660868976051924351e-02
7.892892892892892753e+00 6.674627362282921361e-02
7.902902902902902760e+00 6.688385748513918372e-02
7.912912912912912766e+00 6.702116392934537314e-02
7.922922922922922773e+00 6.715815067993820275e-02
7.932932932932932779e+00 6.729513743053104624e-02
7.942942942942942786e+00 6.743191534622751393e-02
7.952952952952952792e+00 6.756832344651179934e-02
7.962962962962962798e+00 6.770473154679608474e-02
7.972972972972972805e+00 6.784099563265659494e-02
7.982982982982982811e+00 6.797684380127773374e-02
7.992992992992992818e+00 6.811269196989885866e-02
8.003003003003001936e+00 6.824845709873783584e-02
8.013013013013011943e+00 6.838376429157951020e-02
8.023023023023021949e+00 6.851907148442118456e-02
8.033033033033031955e+00 6.865435269151236308e-02
8.043043043043041962e+00 6.878913808213517334e-02
8.053053053053051968e+00 6.892392347275798359e-02
8.063063063063061975e+00 6.905870886338079384e-02
8.073073073073071981e+00 6.919301890488470386e-02
8.083083083083081988e+00 6.932730186540612960e-02
8.093093093093091994e+00 6.946158482592756922e-02
8.103103103103102001e+00 6.959546100993643791e-02
8.113113113113112007e+00 6.972926109235653980e-02
8.123123123123122014e+00 6.986306117477664168e-02
8.133133133133132020e+00 6.999651911762184986e-02
8.143143143143142026e+00 7.012985603559780678e-02
8.153153153153152033e+00 7.026319295357376371e-02
8.163163163163162039e+00 7.039624837166565119e-02
8.173173173173172046e+00 7.052914198273758928e-02
8.183183183183182052e+00 7.066203559380952737e-02
8.193193193193192059e+00 7.079470429347702043e-02
8.203203203203202065e+00 7.092717458174747913e-02
8.213213213213213848e+00 7.105964487001795171e-02
8.223223223223223854e+00 7.119194273756683511e-02
8.233233233233233861e+00 7.132400979683455045e-02
8.243243243243243867e+00 7.145607685610227966e-02
8.253253253253253874e+00 7.158801984809276542e-02
8.263263263263263880e+00 7.171970386544250509e-02
8.273273273273273887e+00 7.185138788279225863e-02
8.283283283283283893e+00 7.198299201653601820e-02
8.293293293293293900e+00 7.211431325638353873e-02
8.303303303303303906e+00 7.224563449623107314e-02
8.313313313313313913e+00 7.237691584050744142e-02
8.323323323323323919e+00 7.250789462910031680e-02
8.333333333333333925e+00 7.263887341769320605e-02
8.343343343343343932e+00 7.276984808368487656e-02
8.353353353353353938e+00 7.290050479405751904e-02
8.363363363363363945e+00 7.303116150443017540e-02
8.373373373373373951e+00 7.316181821480281788e-02
8.383383383383383958e+00 7.329220067425970542e-02
8.393393393393393964e+00 7.342255571164174599e-02
8.403403403403403971e+00 7.355291074902378656e-02
8.413413413413413977e+00 7.368303926789276925e-02
8.423423423423423984e+00 7.381311305556900737e-02
8.433433433433433990e+00 7.394318684324524549e-02
8.443443443443443996e+00 7.407307761208424546e-02
8.453453453453454003e+00 7.420289057770371177e-02
8.463463463463464009e+00 7.433270354332317809e-02
8.473473473473474016e+00 7.446237274777656179e-02
8.483483483483484022e+00 7.459194531010826523e-02
8.493493493493494029e+00 7.472151787243998255e-02
8.503503503503504035e+00 7.485098168570733512e-02
8.513513513513514042e+00 7.498033424183965512e-02
8.523523523523524048e+00 7.510968679797196124e-02
8.533533533533534055e+00 7.523896137348910773e-02
8.543543543543544061e+00 7.536811428646937594e-02
8.553553553553554067e+00 7.549726719944965803e-02
8.563563563563564074e+00 7.562636866378059930e-02
8.573573573573574080e+00 7.575534225069135985e-02
8.583583583583584087e+00 7.588431583760213428e-02
8.593593593593594093e+00 7.601326028354052355e-02
8.603603603603604100e+00 7.614207480400808636e-02
8.613613613613614106e+00 7.627088932447566305e-02
8.623623623623624113e+00 7.639969280435399135e-02
8.633633633633634119e+00 7.652836844948518458e-02
8.643643643643644126e+00 7.665704409461637781e-02
8.653653653653654132e+00 7.678571973974754328e-02
8.663663663663664138e+00 7.691427949556393917e-02
8.673673673673674145e+00 7.704283637730631462e-02
8.683683683683684151e+00 7.717139325904869007e-02
8.693693693693694158e+00 7.729986402892041752e-02
8.703703703703704164e+00 7.742832216984105176e-02
8.713713713713714171e+00 7.755678031076167211e-02
8.723723723723724177e+00 7.768517788835906102e-02
8.733733733733734184e+00 7.781355721183662311e-02
8.743743743743744190e+00 7.794193653531419907e-02
8.753753753753754197e+00 7.807027663972859743e-02
8.763763763763764203e+00 7.819859696055359022e-02
8.773773773773774209e+00 7.832691728137859688e-02
8.783783783783784216e+00 7.845521555184731266e-02
8.793793793793794222e+00 7.858349656722438126e-02
8.803803803803804229e+00 7.871177758260143598e-02
8.813813813813814235e+00 7.884004957342366504e-02
8.823823823823824242e+00 7.896831085437068520e-02
8.833833833833834248e+00 7.909657213531771924e-02
8.843843843843844255e+00 7.922483331095933612e-02
8.853853853853854261e+00 7.935309429409694026e-02
8.863863863863864268e+00 7.948135527723453053e-02
8.873873873873874274e+00 7.960962100761943827e-02
8.883883883883884280e+00 7.973790098734491461e-02
8.893893893893894287e+00 7.986618096707040482e-02
8.903903903903904293e+00 7.999446652305594596e-02
8.913913913913914300e+00 8.012278464409512690e-02
8.923923923923924306e+00 8.025110276513432173e-02
8.933933933933934313e+00 8.037942331416840502e-02
8.943943943943944319e+00 8.050779856449911953e-02
8.953953953953954326e+00 8.063617381482984792e-02
8.963963963963964332e+00 8.076454906516057630e-02
8.973973973973974338e+00 8.089299562092801266e-02
8.983983983983984345e+00 8.102144682506863538e-02
8.993993993993994351e+00 8.114989802920924422e-02
9.004004004004004358e+00 8.127842824092100515e-02
9.014014014014014364e+00 8.140697405357695537e-02
9.024024024024024371e+00 8.153551986623291947e-02
9.034034034034034377e+00 8.166414839101758527e-02
9.044044044044044384e+00 8.179280729107950287e-02
9.054054054054054390e+00 8.192146619114142048e-02
9.064064064064064397e+00 8.205020756145775529e-02
9.074074074074074403e+00 8.217899784634426219e-02
9.084084084084084409e+00 8.230778813123078297e-02
9.094094094094094416e+00 8.243665675173383889e-02
9.104104104104104422e+00 8.256559653207173888e-02
9.114114114114114429e+00 8.269453631240965275e-02
9.124124124124124435e+00 8.282354645697655171e-02
9.134134134134134442e+00 8.295265365161137716e-02
9.144144144144144448e+00 8.308176084624621649e-02
9.154154154154154455e+00 8.321092665515884834e-02
9.164164164164164461e+00 8.334021898648923121e-02
9.174174174174174468e+00 8.346951131781961408e-02
9.184184184184184474e+00 8.359884679510155847e-02
9.194194194194194480e+00 8.372834178472957078e-02
9.204204204204204487e+00 8.385783677435758310e-02
9.214214214214214493e+00 8.398735578526242418e-02
9.224224224224224500e+00 8.411707074995304623e-02
9.234234234234234506e+00 8.424678571464365440e-02
9.244244244244244513e+00 8.437650198329216256e-02
9.254254254254254519e+00 8.450645403123492605e-02
9.264264264264264526e+00 8.463640607917768954e-02
9.274274274274274532e+00 8.476635812712045304e-02
9.284284284284284539e+00 8.489653921370614309e-02
9.294294294294294545e+00 8.502674524107108056e-02
9.304304304304304551e+00 8.515695126843603191e-02
9.314314314314314558e+00 8.528737330987910814e-02
9.324324324324324564e+00 8.541784999766020847e-02
9.334334334334334571e+00 8.554832668544132268e-02
9.344344344344344577e+00 8.567900275168233160e-02
9.354354354354354584e+00 8.580976656282159054e-02
9.364364364364364590e+00 8.594053037396087724e-02
9.374374374374374597e+00 8.607147338318640872e-02
9.384384384384384603e+00 8.620254055997030040e-02
9.394394394394394610e+00 8.633360773675419209e-02
9.404404404404404616e+00 8.646483045400307765e-02
9.414414414414414622e+00 8.659621701572536856e-02
9.424424424424424629e+00 8.672760357744763171e-02
9.434434434434434635e+00 8.685911861334209838e-02
9.444444444444444642e+00 8.699084035422480210e-02
9.454454454454454648e+00 8.712256209510747806e-02
9.464464464464464655e+00 8.725438190470689859e-02
9.474474474474474661e+00 8.738645439207293197e-02
9.484484484484484668e+00 8.751852687943895148e-02
9.494494494494494674e+00 8.765066376121349867e-02
9.504504504504504681e+00 8.778310233390376749e-02
9.514514514514514687e+00 8.791554090659400855e-02
9.524524524524524693e+00 8.804800700151539650e-02
9.534534534534534700e+00 8.818082676854267776e-02
9.544544544544544706e+00 8.831364653556997291e-02
9.554554554554554713e+00 8.844646630259725417e-02
9.564564564564564719e+00 8.857966966575007983e-02
9.574574574574574726e+00 8.871288550518371951e-02
9.584584584584584732e+00 8.884610134461734532e-02
9.594594594594594739e+00 8.897967237353061887e-02
9.604604604604604745e+00 8.911329893160396809e-02
9.614614614614614752e+00 8.924692548967733119e-02
9.624624624624624758e+00 8.938087561599057651e-02
9.634634634634634764e+00 8.951492730642485185e-02
9.644644644644644771e+00 8.964897899685914107e-02
9.654654654654654777e+00 8.978331949172763116e-02
9.664664664664664784e+00 8.991781049526538505e-02
9.674674674674674790e+00 9.005230149880313895e-02
9.684684684684684797e+00 9.018704347273694133e-02
9.694694694694694803e+00 9.032198773687800941e-02
9.704704704704704810e+00 9.045693200101909137e-02
9.714714714714714816e+00 9.059208640381667677e-02
9.724724724724724823e+00 9.072749764274999629e-02
9.734734734734734829e+00 9.086290888168331581e-02
9.744744744744744835e+00 9.099848650245714876e-02
9.754754754754754842e+00 9.113437819718174515e-02
9.764764764764764848e+00 9.127026989190632766e-02
9.774774774774774855e+00 9.140628135919810771e-02
9.784784784784784861e+00 9.154266675782708751e-02
9.794794794794794868e+00 9.167905215645605344e-02
9.804804804804804874e+00 9.181550793843903935e-02
9.814814814814814881e+00 9.195240005667934535e-02
9.824824824824824887e+00 9.208929217491965136e-02
9.834834834834834894e+00 9.222620257968533464e-02
9.844844844844844900e+00 9.236361420148736512e-02
9.854854854854854906e+00 9.250102582328938172e-02
9.864864864864864913e+00 9.263843744509139833e-02
9.874874874874874919e+00 9.277634467758719139e-02
9.884884884884884926e+00 9.291428835595794133e-02
9.894894894894894932e+00 9.305223203432869128e-02
9.904904904904904939e+00 9.319062635013421192e-02
9.914914914914914945e+00 9.332911440810726100e-02
9.924924924924924952e+00 9.346760246608031009e-02
9.934934934934934958e+00 9.360649346672020310e-02
9.944944944944944965e+00 9.374553799847706870e-02
9.954954954954954971e+00 9.388458253023393429e-02
9.964964964964964977e+00 9.402397966036209198e-02
9.974974974974974984e+00 9.416359253249820260e-02
9.984984984984984990e+00 9.430320540463431322e-02
9.994994994994994997e+00 9.444311795284654476e-02
1.000500500500500500e+01 9.458331080577637995e-02
1.001501501501501501e+01 9.472350365870621514e-02
1.002502502502502502e+01 9.486394075841750317e-02
1.003503503503503502e+01 9.500472500791259933e-02
1.004504504504504503e+01 9.514550925740770937e-02
1.005505505505505504e+01 9.528647988779169464e-02
1.006506506506506504e+01 9.542786672664625713e-02
1.007507507507507505e+01 9.556925356550081962e-02
1.008508508508508505e+01 9.571076655248943188e-02
1.009509509509509506e+01 9.585276695230725286e-02
1.010510510510510507e+01 9.599476735212507383e-02
1.011511511511511507e+01 9.613683136946611640e-02
1.012512512512512508e+01 9.627945608256391341e-02
1.013513513513513509e+01 9.642208079566168266e-02
1.014514514514514509e+01 9.656470550875947967e-02
1.015515515515515510e+01 9.670796392745334424e-02
1.016516516516516511e+01 9.685122348887420518e-02
1.017517517517517511e+01 9.699448305029505224e-02
1.018518518518518512e+01 9.713831971468116222e-02
1.019519519519519513e+01 9.728222444431361415e-02
1.020520520520520513e+01 9.742612917394606609e-02
1.021521521521521514e+01 9.757055209517863370e-02
1.022522522522522515e+01 9.771511209997564562e-02
1.023523523523523515e+01 9.785967210477265754e-02
1.024524524524524516e+01 9.800468914890413108e-02
1.025525525525525516e+01 9.814991432519652725e-02
1.026526526526526517e+01 9.829513950148890955e-02
1.027527527527527518e+01 9.844075839087634838e-02
1.028528528528528518e+01 9.858665842677628854e-02
1.029529529529529519e+01 9.873255846267622871e-02
1.030530530530530520e+01 9.887878677742839573e-02
1.031531531531531520e+01 9.902537115531757916e-02
1.032532532532532521e+01 9.917195553320676260e-02
1.033533533533533522e+01 9.931880071267025489e-02
1.034534534534534522e+01 9.946607871176769977e-02
1.035535535535535523e+01 9.961335671086514465e-02
1.036536536536536524e+01 9.976082605514752233e-02
1.037537537537537524e+01 9.990880675415290957e-02
1.038538538538538525e+01 1.000567874531582968e-01
1.039539539539539525e+01 1.002048881246869333e-01
1.040540540540540526e+01 1.003535804044944496e-01
1.041541541541541527e+01 1.005022726843019659e-01
1.042542542542542527e+01 1.006510117094163853e-01
1.043543543543543528e+01 1.008004242558940833e-01
1.044544544544544529e+01 1.009498368023717674e-01
1.045545545545545529e+01 1.010992493488494792e-01
1.046546546546546530e+01 1.012493623797789816e-01
1.047547547547547531e+01 1.013995036866102151e-01
1.048548548548548531e+01 1.015496449934414347e-01
1.049549549549549532e+01 1.017004183332962386e-01
1.050550550550550533e+01 1.018512967048779694e-01
1.051551551551551533e+01 1.020021750764597140e-01
1.052552552552552534e+01 1.021536151668457210e-01
1.053553553553553535e+01 1.023052387212402131e-01
1.054554554554554535e+01 1.024568622756347053e-01
1.055555555555555536e+01 1.026089754317420638e-01
1.056556556556556536e+01 1.027613521036767341e-01
1.057557557557557537e+01 1.029137287756113905e-01
1.058558558558558538e+01 1.030665211879950305e-01
1.059559559559559538e+01 1.032196587319080400e-01
1.060560560560560539e+01 1.033727962758210495e-01
1.061561561561561540e+01 1.035262740122006725e-01
1.062562562562562540e+01 1.036801800053267636e-01
1.063563563563563541e+01 1.038340859984528408e-01
1.064564564564564542e+01 1.039882550055315769e-01
1.065565565565565542e+01 1.041429368510253528e-01
1.066566566566566543e+01 1.042976186965191565e-01
1.067567567567567544e+01 1.044524848018190122e-01
1.068568568568568544e+01 1.046079497319115093e-01
1.069569569569569545e+01 1.047634146620040063e-01
1.070570570570570545e+01 1.049189835757170786e-01
1.071571571571571546e+01 1.050752386549021339e-01
1.072572572572572547e+01 1.052314937340871892e-01
1.073573573573573547e+01 1.053877710509410759e-01
1.074574574574574548e+01 1.055448231791882019e-01
1.075575575575575549e+01 1.057018753074353279e-01
1.076576576576576549e+01 1.058589274356824539e-01
1.077577577577577550e+01 1.060167224245612272e-01
1.078578578578578551e+01 1.061745783405509125e-01
1.079579579579579551e+01 1.063324342565405700e-01
1.080580580580580552e+01 1.064909550797935311e-01
1.081581581581581553e+01 1.066496213641723173e-01
1.082582582582582553e+01 1.068082876485511035e-01
1.083583583583583554e+01 1.069675394110650574e-01
1.084584584584584555e+01 1.071270224897172413e-01
1.085585585585585555e+01 1.072865055683694252e-01
1.086586586586586556e+01 1.074464932704290859e-01
1.087587587587587556e+01 1.076067994177609122e-01
1.088588588588588557e+01 1.077671055650927384e-01
1.089589589589589558e+01 1.079278341043080763e-01
1.090590590590590558e+01 1.080889694465427819e-01
1.091591591591591559e+01 1.082501047887774875e-01
1.092592592592592560e+01 1.084115789620147541e-01
1.093593593593593560e+01 1.085735494804944135e-01
1.094594594594594561e+01 1.087355199989740590e-01
1.095595595595595562e+01 1.088977445042894204e-01
1.096596596596596562e+01 1.090605560387813561e-01
1.097597597597597563e+01 1.092233675732732778e-01
1.098598598598598564e+01 1.093863470118479758e-01
1.099599599599599564e+01 1.095500052638525845e-01
1.100600600600600565e+01 1.097136635158571932e-01
1.101601601601601566e+01 1.098774023939332461e-01
1.102602602602602566e+01 1.100419129299910620e-01
1.103603603603603567e+01 1.102064234660489056e-01
1.104604604604604567e+01 1.103709340021067214e-01
1.105605605605605568e+01 1.105362944518592516e-01
1.106606606606606569e+01 1.107016627068541231e-01
1.107607607607607569e+01 1.108670309618489669e-01
1.108608608608608570e+01 1.110331648930332343e-01
1.109609609609609571e+01 1.111993961734895342e-01
1.110610610610610571e+01 1.113656274539458479e-01
1.111611611611611572e+01 1.115325389745199652e-01
1.112612612612612573e+01 1.116996384618911542e-01
1.113613613613613573e+01 1.118667379492623432e-01
1.114614614614614574e+01 1.120344310832514095e-01
1.115615615615615575e+01 1.122024038371978588e-01
1.116616616616616575e+01 1.123703765911443220e-01
1.117617617617617576e+01 1.125388552805509090e-01
1.118618618618618576e+01 1.127077062422045944e-01
1.119619619619619577e+01 1.128765572038582798e-01
1.120620620620620578e+01 1.130458253105657840e-01
1.121621621621621578e+01 1.132155593057796589e-01
1.122622622622622579e+01 1.133852933009935338e-01
1.123623623623623580e+01 1.135553546086613547e-01
1.124624624624624580e+01 1.137259763512415145e-01
1.125625625625625581e+01 1.138965980938216604e-01
1.126626626626626582e+01 1.140674563097715116e-01
1.127627627627627582e+01 1.142389704046901239e-01
1.128628628628628583e+01 1.144104844996087500e-01
1.129629629629629584e+01 1.145821432567014214e-01
1.130630630630630584e+01 1.147545542032880200e-01
1.131631631631631585e+01 1.149269651498746186e-01
1.132632632632632586e+01 1.150994280083761645e-01
1.133633633633633586e+01 1.152727402034864346e-01
1.134634634634634587e+01 1.154460523985966769e-01
1.135635635635635587e+01 1.156193645937069470e-01
1.136636636636636588e+01 1.157935405891932917e-01
1.137637637637637589e+01 1.159677583303524856e-01
1.138638638638638589e+01 1.161419760715116795e-01
1.139639639639639590e+01 1.163169672798771981e-01
1.140640640640640591e+01 1.164920947683973917e-01
1.141641641641641769e+01 1.166672222569176270e-01
1.142642642642642770e+01 1.168430319386051658e-01
1.143643643643643770e+01 1.170190732826743713e-01
1.144644644644644771e+01 1.171951146267435906e-01
1.145645645645645772e+01 1.173717459800091151e-01
1.146646646646646772e+01 1.175487051977502639e-01
1.147647647647647773e+01 1.177256644154913989e-01
1.148648648648648773e+01 1.179031205781776170e-01
1.149649649649649774e+01 1.180810016006768187e-01
1.150650650650650775e+01 1.182588826231760343e-01
1.151651651651651775e+01 1.184371666744700735e-01
1.152652652652652776e+01 1.186159733487718859e-01
1.153653653653653777e+01 1.187947800230736983e-01
1.154654654654654777e+01 1.189738949852490318e-01
1.155655655655655778e+01 1.191536310773184948e-01
1.156656656656656779e+01 1.193333671693879716e-01
1.157657657657657779e+01 1.195133160095294966e-01
1.158658658658658780e+01 1.196939852071780552e-01
1.159659659659659781e+01 1.198746544048266138e-01
1.160660660660660781e+01 1.200554400365383689e-01
1.161661661661661782e+01 1.202370459523138951e-01
1.162662662662662783e+01 1.204186518680894075e-01
1.163663663663663783e+01 1.206002771531851786e-01
1.164664664664664784e+01 1.207828233272244395e-01
1.165665665665665784e+01 1.209653695012637142e-01
1.166666666666666785e+01 1.211479156753029890e-01
1.167667667667667786e+01 1.213313271542816180e-01
1.168668668668668786e+01 1.215148170571237751e-01
1.169669669669669787e+01 1.216983069599659184e-01
1.170670670670670788e+01 1.218825670709722253e-01
1.171671671671671788e+01 1.220670041063330186e-01
1.172672672672672789e+01 1.222514411416938118e-01
1.173673673673673790e+01 1.224365525370408742e-01
1.174674674674674790e+01 1.226219400445457963e-01
1.175675675675675791e+01 1.228073275520507324e-01
1.176676676676676792e+01 1.229932928415305438e-01
1.177677677677677792e+01 1.231796340994066596e-01
1.178678678678678793e+01 1.233659753572827894e-01
1.179679679679679793e+01 1.235527971097201833e-01
1.180680680680680794e+01 1.237400953374455104e-01
1.181681681681681795e+01 1.239273935651708236e-01
1.182682682682682795e+01 1.241150743099567189e-01
1.183683683683683796e+01 1.243033326708662262e-01
1.184684684684684797e+01 1.244915910317757196e-01
1.185685685685685797e+01 1.246801332603791612e-01
1.186686686686686798e+01 1.248693548642269974e-01
1.187687687687687799e+01 1.250585764680748613e-01
1.188688688688688799e+01 1.252479826355338000e-01
1.189689689689689800e+01 1.254381705410106129e-01
1.190690690690690801e+01 1.256283584464874536e-01
1.191691691691691801e+01 1.258186309728781538e-01
1.192692692692692802e+01 1.260097881900833494e-01
1.193693693693693803e+01 1.262009454072885450e-01
1.194694694694694803e+01 1.263921026244937407e-01
1.195695695695695804e+01 1.265842161720410197e-01
1.196696696696696804e+01 1.267763456649091680e-01
1.197697697697697805e+01 1.269684751577773163e-01
1.198698698698698806e+01 1.271614627254405161e-01
1.199699699699699806e+01 1.273545674141207396e-01
1.200700700700700807e+01 1.275476721028009908e-01
1.201701701701701808e+01 1.277415359729151823e-01
1.202702702702702808e+01 1.279356187361044561e-01
1.203703703703703809e+01 1.281297014992937855e-01
1.204704704704704810e+01 1.283244439271744031e-01
1.205705705705705810e+01 1.285195076044028661e-01
1.206706706706706811e+01 1.287145712816313015e-01
1.207707707707707812e+01 1.289101944968846780e-01
1.208708708708708812e+01 1.291062418907532039e-01
1.209709709709709813e+01 1.293022892846217575e-01
1.210710710710710813e+01 1.294987954924319562e-01
1.211711711711711814e+01 1.296958293708020127e-01
1.212712712712712815e+01 1.298928632491720692e-01
1.213713713713713815e+01 1.300902546315649000e-01
1.214714714714714816e+01 1.302882777296991701e-01
1.215715715715715817e+01 1.304863008278334680e-01
1.216716716716716817e+01 1.306845795449168013e-01
1.217717717717717818e+01 1.308835945675719536e-01
1.218718718718718819e+01 1.310826095902270783e-01
1.219719719719719819e+01 1.312817777814077325e-01
1.220720720720720820e+01 1.314817874048776203e-01
1.221721721721721821e+01 1.316817970283475081e-01
1.222722722722722821e+01 1.318818568135245728e-01
1.223723723723723822e+01 1.320828636876342499e-01
1.224724724724724823e+01 1.322838705617439548e-01
1.225725725725725823e+01 1.324848774358536319e-01
1.226726726726726824e+01 1.326868307925292423e-01
1.227727727727727824e+01 1.328888375425801294e-01
1.228728728728728825e+01 1.330908442926309887e-01
1.229729729729729826e+01 1.332936960319056896e-01
1.230730730730730826e+01 1.334967052605707527e-01
1.231731731731731827e+01 1.336997144892357603e-01
1.232732732732732828e+01 1.339034666586258193e-01
1.233733733733733828e+01 1.341074809477954544e-01
1.234734734734734829e+01 1.343114952369650894e-01
1.235735735735735830e+01 1.345161498708110637e-01
1.236736736736736830e+01 1.347211717833895761e-01
1.237737737737737831e+01 1.349261936959680885e-01
1.238738738738738832e+01 1.351317528164599491e-01
1.239739739739739832e+01 1.353377848981121012e-01
1.240740740740740833e+01 1.355438169797642811e-01
1.241741741741741833e+01 1.357502825979422512e-01
1.242742742742742834e+01 1.359573273787905157e-01
1.243743743743743835e+01 1.361643721596387524e-01
1.244744744744744835e+01 1.363717462763704424e-01
1.245745745745745836e+01 1.365798062726423789e-01
1.246746746746746837e+01 1.367878662689143154e-01
1.247747747747747837e+01 1.369961508758478774e-01
1.248748748748748838e+01 1.372052285914746872e-01
1.249749749749749839e+01 1.374143063071014692e-01
1.250750750750750839e+01 1.376235033875952141e-01
1.251751751751751840e+01 1.378336013157603623e-01
1.252752752752752841e+01 1.380436992439254829e-01
1.253753753753753841e+01 1.382538107739536837e-01
1.254754754754754842e+01 1.384649313985923946e-01
1.255755755755755843e+01 1.386760520232310501e-01
1.256756756756756843e+01 1.388871726478697333e-01
1.257757757757757844e+01 1.390992257695159440e-01
1.258758758758758844e+01 1.393113715667662622e-01
1.259759759759759845e+01 1.395235173640165527e-01
1.260760760760760846e+01 1.397364913382399265e-01
1.261761761761761846e+01 1.399496647778442071e-01
1.262762762762762847e+01 1.401628382174484877e-01
1.263763763763763848e+01 1.403767349982262269e-01
1.264764764764764848e+01 1.405909385448846638e-01
1.265765765765765849e+01 1.408051420915431562e-01
1.266766766766766850e+01 1.410199636301595894e-01
1.267767767767767850e+01 1.412351997448347274e-01
1.268768768768768851e+01 1.414504358595098654e-01
1.269769769769769852e+01 1.416661841052966331e-01
1.270770770770770852e+01 1.418824552464706124e-01
1.271771771771771853e+01 1.420987263876445916e-01
1.272772772772772854e+01 1.423154032886973230e-01
1.273773773773773854e+01 1.425327119135806619e-01
1.274774774774774855e+01 1.427500205384640009e-01
1.275775775775775855e+01 1.429676280423360923e-01
1.276776776776776856e+01 1.431859766080293417e-01
1.277777777777777857e+01 1.434043251737225633e-01
1.278778778778778857e+01 1.436228652280964468e-01
1.279779779779779858e+01 1.438422561927044652e-01
1.280780780780780859e+01 1.440616471573125112e-01
1.281781781781781859e+01 1.442811217106478860e-01
1.282782782782782860e+01 1.445015575343479852e-01
1.283783783783783861e+01 1.447219933580480844e-01
1.284784784784784861e+01 1.449424291817481836e-01
1.285785785785785862e+01 1.451638875062710721e-01
1.286786786786786863e+01 1.453853706523339784e-01
1.287787787787787863e+01 1.456068537983968847e-01
1.288788788788788864e+01 1.458292529909542556e-01
1.289789789789789864e+01 1.460517859267197460e-01
1.290790790790790865e+01 1.462743188624852086e-01
1.291791791791791866e+01 1.464976608825339366e-01
1.292792792792792866e+01 1.467212460803403173e-01
1.293793793793793867e+01 1.469448312781466703e-01
1.294794794794794868e+01 1.471691180891760431e-01
1.295795795795795868e+01 1.473937580272455250e-01
1.296796796796796869e+01 1.476183979653149791e-01
1.297797797797797870e+01 1.478436315353389430e-01
1.298798798798798870e+01 1.480693286986167756e-01
1.299799799799799871e+01 1.482950258618946360e-01
1.300800800800800872e+01 1.485212081639233350e-01
1.301801801801801872e+01 1.487479650448745583e-01
1.302802802802802873e+01 1.489747219258257815e-01
1.303803803803803874e+01 1.492018549383159753e-01
1.304804804804804874e+01 1.494296740376772348e-01
1.305805805805805875e+01 1.496574931370384942e-01
1.306806806806806875e+01 1.498855788443228254e-01
1.307807807807807876e+01 1.501144626718113329e-01
1.308808808808808877e+01 1.503433464992998680e-01
1.309809809809809877e+01 1.505723868919953967e-01
1.310810810810810878e+01 1.508023379669753694e-01
1.311811811811811879e+01 1.510322890419553699e-01
1.312812812812812879e+01 1.512622861173518185e-01
1.313813813813813880e+01 1.514933069694585632e-01
1.314814814814814881e+01 1.517243278215652802e-01
1.315815815815815881e+01 1.519553486736720249e-01
1.316816816816816882e+01 1.521873767537155475e-01
1.317817817817817883e+01 1.524194699234384109e-01
1.318818818818818883e+01 1.526515630931612744e-01
1.319819819819819884e+01 1.528845544238386644e-01
1.320820820820820884e+01 1.531177224630619615e-01
1.321821821821821885e+01 1.533508905022852864e-01
1.322822822822822886e+01 1.535848471149272032e-01
1.323823823823823886e+01 1.538190925874318993e-01
1.324824824824824887e+01 1.540533380599365676e-01
1.325825825825825888e+01 1.542882619943588829e-01
1.326826826826826888e+01 1.545235874762835304e-01
1.327827827827827889e+01 1.547589129582081779e-01
1.328828828828828890e+01 1.549948062629609158e-01
1.329829829829829890e+01 1.552312143432232061e-01
1.330830830830830891e+01 1.554676224234855519e-01
1.331831831831831892e+01 1.557044871560839538e-01
1.332832832832832892e+01 1.559419804367647155e-01
1.333833833833833893e+01 1.561794737174455050e-01
1.334834834834834894e+01 1.564173119445819993e-01
1.335835835835835894e+01 1.566558930412694228e-01
1.336836836836836895e+01 1.568944741379568186e-01
1.337837837837837895e+01 1.571332879356948098e-01
1.338838838838838896e+01 1.573729594777924512e-01
1.339839839839839897e+01 1.576126310198901204e-01
1.340840840840840897e+01 1.578524224738400428e-01
1.341841841841841898e+01 1.580931871048374682e-01
1.342842842842842899e+01 1.583339517358348658e-01
1.343843843843843899e+01 1.585747229413125292e-01
1.344844844844844900e+01 1.588165833190197940e-01
1.345845845845845901e+01 1.590584436967270032e-01
1.346846846846846901e+01 1.593003040744342680e-01
1.347847847847847902e+01 1.595431555556406922e-01
1.348848848848848903e+01 1.597861143523872374e-01
1.349849849849849903e+01 1.600290731491338103e-01
1.350850850850850904e+01 1.602729112891737306e-01
1.351851851851851904e+01 1.605169711919726128e-01
1.352852852852852905e+01 1.607610310947714671e-01
1.353853853853853906e+01 1.610058580336647949e-01
1.354854854854854906e+01 1.612510217443417215e-01
1.355855855855855907e+01 1.614961854550186759e-01
1.356856856856856908e+01 1.617420033430469750e-01
1.357857857857857908e+01 1.619882735783371996e-01
1.358858858858858909e+01 1.622345438136274243e-01
1.359859859859859910e+01 1.624813548113738793e-01
1.360860860860860910e+01 1.627287343029845679e-01
1.361861861861861911e+01 1.629761137945952842e-01
1.362862862862862912e+01 1.632239200729691531e-01
1.363863863863863912e+01 1.634724115676105538e-01
1.364864864864864913e+01 1.637209030622519546e-01
1.365865865865865914e+01 1.639697068024978110e-01
1.366866866866866914e+01 1.642193130618819497e-01
1.367867867867867915e+01 1.644689193212660883e-01
1.368868868868868915e+01 1.647187227149576605e-01
1.369869869869869916e+01 1.649694465157671708e-01
1.370870870870870917e+01 1.652201703165766811e-01
1.371871871871871917e+01 1.654709755655964509e-01
1.372872872872872918e+01 1.657228196994218472e-01
1.373873873873873919e+01 1.659746638332472435e-01
1.374874874874874919e+01 1.662265079670726398e-01
1.375875875875875920e+01 1.664794404229985314e-01
1.376876876876876921e+01 1.667324076962464763e-01
1.377877877877877921e+01 1.669853749694944489e-01
1.378878878878878922e+01 1.672393165363850187e-01
1.379879879879879923e+01 1.674934097701583358e-01
1.380880880880880923e+01 1.677475030039316251e-01
1.381881881881881924e+01 1.680024559288715580e-01
1.382882882882882924e+01 1.682576779588195459e-01
1.383883883883883925e+01 1.685128999887674783e-01
1.384884884884884926e+01 1.687688665287466194e-01
1.385885885885885926e+01 1.690252202048888597e-01
1.386886886886886927e+01 1.692815738810310999e-01
1.387887887887887928e+01 1.695385563028263820e-01
1.388888888888888928e+01 1.697960444893494847e-01
1.389889889889889929e+01 1.700535326758726151e-01
1.390890890890890930e+01 1.703115332559171635e-01
1.391891891891891930e+01 1.705701588309451455e-01
1.392892892892892931e+01 1.708287844059731553e-01
1.393893893893893932e+01 1.710878054302131801e-01
1.394894894894894932e+01 1.713475712855526134e-01
1.395895895895895933e+01 1.716073371408920190e-01
1.396896896896896934e+01 1.718673809046314671e-01
1.397897897897897934e+01 1.721282899454913695e-01
1.398898898898898935e+01 1.723891989863512442e-01
1.399899899899899935e+01 1.726502677940847108e-01
1.400900900900900936e+01 1.729123229387725669e-01
1.401901901901901937e+01 1.731743780834604229e-01
1.402902902902902937e+01 1.734364742486944333e-01
1.403903903903903938e+01 1.736996784282891226e-01
1.404904904904904939e+01 1.739628826078838120e-01
1.405905905905905939e+01 1.742260867874785013e-01
1.406906906906906940e+01 1.744903646109481066e-01
1.407907907907907941e+01 1.747547207689493787e-01
1.408908908908908941e+01 1.750190769269506508e-01
1.409909909909909942e+01 1.752843897167467857e-01
1.410910910910910943e+01 1.755499008087030022e-01
1.411911911911911943e+01 1.758154119006592186e-01
1.412912912912912944e+01 1.760817620077947676e-01
1.413913913913913944e+01 1.763484310009094114e-01
1.414914914914914945e+01 1.766150999940240274e-01
1.415915915915915946e+01 1.768824897772839633e-01
1.416916916916916946e+01 1.771503196500013311e-01
1.417917917917917947e+01 1.774181495227186711e-01
1.418918918918918948e+01 1.776865813484068690e-01
1.419919919919919948e+01 1.779555750899773636e-01
1.420920920920920949e+01 1.782245688315478305e-01
1.421921921921921950e+01 1.784940450732248884e-01
1.422922922922922950e+01 1.787642056832514093e-01
1.423923923923923951e+01 1.790343662932779301e-01
1.424924924924924952e+01 1.793048893314898862e-01
1.425925925925925952e+01 1.795762198194551795e-01
1.426926926926926953e+01 1.798475503074204729e-01
1.427927927927927954e+01 1.801191225294185849e-01
1.428928928928928954e+01 1.803916259141951917e-01
1.429929929929929955e+01 1.806641292989717706e-01
1.430930930930930955e+01 1.809367530984238304e-01
1.431931931931931956e+01 1.812104324077654371e-01
1.432932932932932957e+01 1.814841117171070994e-01
1.433933933933933957e+01 1.817577910264487062e-01
1.434934934934934958e+01 1.820326477638173346e-01
1.435935935935935959e+01 1.823075060338348319e-01
1.436936936936936959e+01 1.825823643038523292e-01
1.437937937937937960e+01 1.828582804679896034e-01
1.438938938938938961e+01 1.831343207426101849e-01
1.439939939939939961e+01 1.834103610172307663e-01
1.440940940940940962e+01 1.836873390264981976e-01
1.441941941941941963e+01 1.839645643569090827e-01
1.442942942942942963e+01 1.842417896873199956e-01
1.443943943943943964e+01 1.845198319646885465e-01
1.444944944944944965e+01 1.847982454087668258e-01
1.445945945945945965e+01 1.850766588528450773e-01
1.446946946946946966e+01 1.853557678255523533e-01
1.447947947947947966e+01 1.856353724472792066e-01
1.448948948948948967e+01 1.859149770690060322e-01
1.449949949949949968e+01 1.861951551682076988e-01
1.450950950950950968e+01 1.864759540370707624e-01
1.451951951951951969e+01 1.867567529059338260e-01
1.452952952952952970e+01 1.870380025663486712e-01
1.453953953953953970e+01 1.873199987567304159e-01
1.454954954954954971e+01 1.876019949471121606e-01
1.455955955955955972e+01 1.878843186066610216e-01
1.456956956956956972e+01 1.881675151972154181e-01
1.457957957957957973e+01 1.884507117877698146e-01
1.458958958958958974e+01 1.887341118872087609e-01
1.459959959959959974e+01 1.890185119602263708e-01
1.460960960960960975e+01 1.893029120332439807e-01
1.461961961961961975e+01 1.895873910157920561e-01
1.462962962962962976e+01 1.898729976565538824e-01
1.463963963963963977e+01 1.901586042973156809e-01
1.464964964964964977e+01 1.904442109380774795e-01
1.465965965965965978e+01 1.907309809043985505e-01
1.466966966966966979e+01 1.910177972005198954e-01
1.467967967967967979e+01 1.913046134966412404e-01
1.468968968968968980e+01 1.915924703276659091e-01
1.469969969969969981e+01 1.918804993684298521e-01
1.470970970970970981e+01 1.921685284091937951e-01
1.471971971971971982e+01 1.924574745542371179e-01
1.472972972972972983e+01 1.927467194299200270e-01
1.473973973973973983e+01 1.930359643056029639e-01
1.474974974974974984e+01 1.933260022142187229e-01
1.475975975975975985e+01 1.936164660154056083e-01
1.476976976976976985e+01 1.939069298165924660e-01
1.477977977977977986e+01 1.941980619381691864e-01
1.478978978978978986e+01 1.944897477550624476e-01
1.479979979979979987e+01 1.947814335719557088e-01
1.480980980980980988e+01 1.950736623553082638e-01
1.481981981981981988e+01 1.953665732770284436e-01
1.482982982982982989e+01 1.956594841987486233e-01
1.483983983983983990e+01 1.959528120917068683e-01
1.484984984984984990e+01 1.962469512055863563e-01
1.485985985985985991e+01 1.965410903194658720e-01
1.486986986986986992e+01 1.968355197684600044e-01
1.487987987987987992e+01 1.971308901593311902e-01
1.488988988988988993e+01 1.974262605502024037e-01
1.489989989989989994e+01 1.977217939998454632e-01
1.490990990990990994e+01 1.980183987493225606e-01
1.491991991991991995e+01 1.983150034987996579e-01
1.492992992992992995e+01 1.986116433914670854e-01
1.493993993993993996e+01 1.989094855772229054e-01
1.494994994994994997e+01 1.992073277629786976e-01
1.495995995995995997e+01 1.995051699487345453e-01
1.496996996996996998e+01 1.998041592334242056e-01
1.497997997997997999e+01 2.001032419284628217e-01
1.498998998998998999e+01 2.004023246235014932e-01
1.500000000000000000e+01 2.007024282951636873e-01
