5.000000000000000000e+00 2.067717915822533947e-02
5.010010010010010006e+00 2.083369072652360016e-02
5.020020020020020013e+00 2.099020229482186431e-02
5.030030030030030019e+00 2.114671386312012499e-02
5.040040040040040026e+00 2.130467067958576738e-02
5.050050050050050032e+00 2.146317185163867935e-02
5.060060060060060039e+00 2.162167302369159827e-02
5.070070070070070045e+00 2.178143447612050643e-02
5.080080080080080052e+00 2.194186681638671602e-02
5.090090090090090058e+00 2.210229915665292560e-02
5.100100100100100065e+00 2.226381520874563466e-02
5.110110110110110071e+00 2.242611989149024751e-02
5.120120120120120077e+00 2.258842457423486036e-02
5.130130130130130084e+00 2.275164492345504649e-02
5.140140140140140090e+00 2.291576280714138769e-02
5.150150150150150097e+00 2.307988069082772889e-02
5.160160160160160103e+00 2.324475481996645526e-02
5.170170170170170110e+00 2.341062651963699004e-02
5.180180180180180116e+00 2.357649821930752135e-02
5.190190190190190123e+00 2.374297544675667629e-02
5.200200200200200129e+00 2.391054140434164393e-02
5.210210210210210136e+00 2.407810736192661505e-02
5.220220220220220142e+00 2.424613689063009198e-02
5.230230230230230148e+00 2.441533744313222412e-02
5.240240240240240155e+00 2.458453799563435280e-02
5.250250250250250161e+00 2.475406896069000731e-02
5.260260260260260168e+00 2.492484440620224354e-02
5.270270270270270174e+00 2.509561985171447976e-02
5.280280280280280181e+00 2.526660136660394823e-02
5.290290290290290187e+00 2.543889202812522204e-02
5.300300300300300194e+00 2.561118268964649586e-02
5.310310310310310200e+00 2.578356389107395313e-02
5.320320320320320207e+00 2.595731017809651750e-02
5.330330330330330213e+00 2.613105646511908534e-02
5.340340340340340219e+00 2.630480275214165317e-02
5.350350350350350226e+00 2.647992902429243886e-02
5.360360360360360232e+00 2.665507149214080274e-02
5.370370370370370239e+00 2.683021395998916661e-02
5.380380380380380245e+00 2.700657919230256554e-02
5.390390390390390252e+00 2.718305859921175960e-02
5.400400400400400258e+00 2.735953800612095019e-02
5.410410410410410265e+00 2.753709191760907865e-02
5.420420420420420271e+00 2.771484927953603988e-02
5.430430430430430278e+00 2.789260664146299765e-02
5.440440440440440284e+00 2.807129919210173130e-02
5.450450450450450290e+00 2.825027583526959485e-02
5.460460460460460297e+00 2.842925247843745493e-02
5.470470470470470303e+00 2.860903390463212861e-02
5.480480480480480310e+00 2.878917151581326939e-02
5.490490490490490316e+00 2.896930912699441363e-02
5.500500500500500323e+00 2.915012997562514696e-02
5.510510510510510329e+00 2.933137065017340367e-02
5.520520520520520336e+00 2.951261132472165691e-02
5.530530530530530342e+00 2.969442248577703475e-02
5.540540540540540349e+00 2.987670877342485376e-02
5.550550550550550355e+00 3.005899506107267277e-02
5.560560560560560361e+00 3.024174779888248038e-02
5.570570570570570368e+00 3.042502274732298423e-02
5.580580580580580374e+00 3.060829769576348808e-02
5.590590590590590381e+00 3.079194367884330666e-02
5.600600600600600387e+00 3.097615087512128190e-02
5.610610610610610394e+00 3.116035807139926062e-02
5.620620620620620400e+00 3.134484940092152616e-02
5.630630630630630407e+00 3.152993301066121107e-02
5.640640640640640413e+00 3.171501662040090291e-02
5.650650650650650419e+00 3.190030585730877638e-02
5.660660660660660426e+00 3.208621066180959713e-02
5.670670670670670432e+00 3.227211546631042483e-02
5.680680680680680439e+00 3.245815565709238987e-02
5.690690690690690445e+00 3.264482708832681240e-02
5.700700700700700452e+00 3.283149851956123494e-02
5.710710710710710458e+00 3.301824322070575496e-02
5.720720720720720465e+00 3.320562739425636511e-02
5.730730730730730471e+00 3.339301156780698221e-02
5.740740740740740478e+00 3.358041486895790850e-02
5.750750750750750484e+00 3.376845861493320972e-02
5.760760760760760490e+00 3.395650236090851787e-02
5.770770770770770497e+00 3.414454610688381908e-02
5.780780780780780503e+00 3.433316979871360586e-02
5.790790790790790510e+00 3.452182069068397002e-02
5.800800800800800516e+00 3.471047158265432725e-02
5.810810810810810523e+00 3.489961208353483529e-02
5.820820820820820529e+00 3.508881846553258549e-02
5.830830830830830536e+00 3.527802484753032874e-02
5.840840840840840542e+00 3.546763876841803331e-02
5.850850850850850549e+00 3.565734978004672651e-02
5.860860860860860555e+00 3.584706079167542664e-02
5.870870870870870561e+00 3.603710538003041669e-02
5.880880880880880568e+00 3.622727097972983784e-02
5.890890890890890574e+00 3.641743657942925205e-02
5.900900900900900581e+00 3.660786973442733266e-02
5.910910910910910587e+00 3.679844072094289736e-02
5.920920920920920594e+00 3.698901170745847594e-02
5.930930930930930600e+00 3.717979199409838370e-02
5.940940940940940607e+00 3.737072002620307754e-02
5.950950950950950613e+00 3.756164805830777137e-02
5.960960960960960620e+00 3.775273472044170242e-02
5.970970970970970626e+00 3.794397233496098198e-02
5.980980980980980632e+00 3.813520994948026155e-02
5.990990990990990639e+00 3.832656292179557889e-02
6.001001001001000645e+00 3.851806354998572879e-02
6.011011011011010652e+00 3.870956417817588563e-02
6.021021021021020658e+00 3.890114409715648286e-02
6.031031031031030665e+00 3.909286207948713121e-02
6.041041041041040671e+00 3.928458006181777956e-02
6.051051051051050678e+00 3.947634827571335631e-02
6.061061061061060684e+00 3.966823887510560753e-02
6.071071071071070691e+00 3.986012947449785876e-02
6.081081081081080697e+00 4.005204805232989718e-02
6.091091091091090703e+00 4.024406746590165895e-02
6.101101101101100710e+00 4.043608687947342073e-02
6.111111111111110716e+00 4.062811861910663874e-02
6.121121121121120723e+00 4.082022398847661576e-02
6.131131131131130729e+00 4.101232935784657890e-02
6.141141141141140736e+00 4.120443779315445532e-02
6.151151151151150742e+00 4.139658721335633118e-02
6.161161161161160749e+00 4.158873663355821398e-02
6.171171171171170755e+00 4.178088605376008291e-02
6.181181181181180762e+00 4.197303856776928715e-02
6.191191191191190768e+00 4.216519109482729649e-02
6.201201201201200774e+00 4.235734362188529195e-02
6.211211211211210781e+00 4.254946215494977840e-02
6.221221221221220787e+00 4.274157781216665619e-02
6.231231231231230794e+00 4.293369346938353398e-02
6.241241241241240800e+00 4.312574477009649410e-02
6.251251251251250807e+00 4.331778455310456716e-02
6.261261261261260813e+00 4.350982433611264022e-02
6.271271271271270820e+00 4.370177591311532467e-02
6.281281281281280826e+00 4.389370179374039310e-02
6.291291291291290833e+00 4.408562767436546848e-02
6.301301301301300839e+00 4.427744779827368776e-02
6.311311311311310845e+00 4.446922272726180209e-02
6.321321321321320852e+00 4.466099765624993029e-02
6.331331331331330858e+00 4.485265536089357713e-02
6.341341341341340865e+00 4.504424326954911684e-02
6.351351351351350871e+00 4.523583117820464267e-02
6.361361361361360878e+00 4.542729626120682596e-02
6.371371371371370884e+00 4.561866206199010482e-02
6.381381381381380891e+00 4.581002786277338368e-02
6.391391391391390897e+00 4.600127088549577775e-02
6.401401401401400904e+00 4.619238047162779054e-02
6.411411411411410910e+00 4.638349005775980333e-02
6.421421421421420916e+00 4.657448234464042769e-02
6.431431431431430923e+00 4.676530258876111790e-02
6.441441441441440929e+00 4.695612283288180117e-02
6.451451451451450936e+00 4.714683647019059926e-02
6.461461461461460942e+00 4.733733522211620165e-02
6.471471471471470949e+00 4.752783397404181098e-02
6.481481481481480955e+00 4.771824180807941046e-02
6.491491491491490962e+00 4.790838789170397127e-02
6.501501501501500968e+00 4.809853397532852515e-02
6.511511511511510975e+00 4.828860961009293767e-02
6.521521521521520981e+00 4.847837281947756788e-02
6.531531531531530987e+00 4.866813602886220502e-02
6.541541541541540994e+00 4.885785382320775860e-02
6.551551551551551000e+00 4.904720491790028752e-02
6.561561561561561007e+00 4.923655601259281644e-02
6.571571571571571013e+00 4.942589107690496808e-02
6.581581581581581020e+00 4.961480177653247725e-02
6.591591591591591026e+00 4.980371247615997948e-02
6.601601601601601033e+00 4.999262317578748865e-02
6.611611611611611927e+00 5.018108364674378485e-02
6.621621621621621934e+00 5.036952662491769872e-02
6.631631631631631940e+00 5.055796960309160565e-02
6.641641641641641947e+00 5.074597342465283351e-02
6.651651651651651953e+00 5.093392230222742317e-02
6.661661661661661959e+00 5.112187117980200590e-02
6.671671671671671966e+00 5.130939663239688503e-02
6.681681681681681972e+00 5.149682597011905755e-02
6.691691691691691979e+00 5.168425530784124394e-02
6.701701701701701985e+00 5.187128139782766489e-02
6.711711711711711992e+00 5.205816668841579259e-02
6.721721721721721998e+00 5.224505197900392722e-02
6.731731731731732005e+00 5.243155843272956362e-02
6.741741741741742011e+00 5.261787609241794228e-02
6.751751751751752018e+00 5.280419375210632787e-02
6.761761761761762024e+00 5.299016100965290438e-02
6.771771771771772030e+00 5.317588836923716616e-02
6.781781781781782037e+00 5.336161572882143489e-02
6.791791791791792043e+00 5.354702493745180925e-02
6.801801801801802050e+00 5.373214023286930485e-02
6.811811811811812056e+00 5.391725552828679352e-02
6.821821821821822063e+00 5.410208853561359471e-02
6.831831831831832069e+00 5.428657089809230812e-02
6.841841841841842076e+00 5.447105326057102154e-02
6.851851851851852082e+00 5.465529260746483653e-02
6.861861861861862089e+00 5.483912205327267503e-02
6.871871871871872095e+00 5.502295149908052047e-02
6.881881881881882101e+00 5.520658041233518498e-02
6.891891891891892108e+00 5.538973783216054325e-02
6.901901901901902114e+00 5.557289525198588764e-02
6.911911911911912121e+00 5.575589763675783961e-02
6.921921921921922127e+00 5.593836478475149726e-02
6.931931931931932134e+00 5.612083193274514797e-02
6.941941941941942140e+00 5.630319236478346923e-02
6.951951951951952147e+00 5.648495184729082630e-02
6.961961961961962153e+00 5.666671132979818337e-02
6.971971971971972160e+00 5.684841504748129604e-02
6.981981981981982166e+00 5.702945031149207061e-02
6.991991991991992172e+00 5.721048557550284519e-02
7.002002002002002179e+00 5.739151847169707971e-02
7.012012012012012185e+00 5.757181379303991792e-02
7.022022022022022192e+00 5.775210911438274919e-02
7.032032032032032198e+00 5.793240443572558740e-02
7.042042042042042205e+00 5.811199819944520145e-02
7.052052052052052211e+00 5.829153867075229090e-02
7.062062062062062218e+00 5.847107914205937340e-02
7.072072072072072224e+00 5.864996169731629544e-02
7.082082082082082231e+00 5.882873321578307307e-02
7.092092092092092237e+00 5.900750473424984377e-02
7.102102102102102243e+00 5.918566467910956613e-02
7.112112112112112250e+00 5.936365393407281449e-02
7.122122122122122256e+00 5.954164318903606284e-02
7.132132132132132263e+00 5.971906972941812969e-02
7.142142142142142269e+00 5.989626418977518629e-02
7.152152152152152276e+00 6.007345865013224984e-02
7.162162162162162282e+00 6.025014159085648191e-02
7.172172172172172289e+00 6.042652949234753046e-02
7.182182182182182295e+00 6.060291739383857207e-02
7.192192192192192302e+00 6.077884712959617103e-02
7.202202202202202308e+00 6.095441746196973015e-02
7.212212212212212314e+00 6.112998779434328234e-02
7.222222222222222321e+00 6.130515530060420132e-02
7.232232232232232327e+00 6.147989779468627375e-02
7.242242242242242334e+00 6.165464028876833924e-02
7.252252252252252340e+00 6.182903711263541130e-02
7.262262262262262347e+00 6.200294222732069538e-02
7.272272272272272353e+00 6.217684734200597252e-02
7.282282282282282360e+00 6.235046559302610814e-02
7.292292292292292366e+00 6.252352450220947933e-02
7.302302302302302373e+00 6.269658341139285052e-02
7.312312312312312379e+00 6.286941575233495616e-02
7.322322322322322385e+00 6.304162033180017721e-02
7.332332332332332392e+00 6.321382491126539827e-02
7.342342342342342398e+00 6.338586454887454313e-02
7.352352352352352405e+00 6.355720736315660646e-02
7.362362362362362411e+00 6.372855017743865591e-02
7.372372372372372418e+00 6.389979085317533392e-02
7.382382382382382424e+00 6.407026514241170867e-02
7.392392392392392431e+00 6.424073943164809730e-02
7.402402402402402437e+00 6.441117541242112610e-02
7.412412412412412444e+00 6.458077507920678695e-02
7.422422422422422450e+00 6.475037474599244780e-02
7.432432432432432456e+00 6.491997441277810865e-02
7.442442442442442463e+00 6.508872041115368323e-02
7.452452452452452469e+00 6.525744000741347250e-02
7.462462462462462476e+00 6.542615960367324790e-02
7.472472472472472482e+00 6.559408616835449291e-02
7.482482482482482489e+00 6.576192088224591670e-02
7.492492492492492495e+00 6.592975559613732661e-02
7.502502502502502502e+00 6.609685913801183199e-02
7.512512512512512508e+00 6.626380478087100234e-02
7.522522522522522515e+00 6.643075042373017269e-02
7.532532532532532521e+00 6.659702782916067376e-02
7.542542542542542527e+00 6.676308082250248521e-02
7.552552552552552534e+00 6.692913381584431054e-02
7.562562562562562540e+00 6.709458243755073159e-02
7.572572572572572547e+00 6.725973980013470743e-02
7.582582582582582553e+00 6.742489716271866940e-02
7.592592592592592560e+00 6.758951481070754608e-02
7.602602602602602566e+00 6.775377414567906875e-02
7.612612612612612573e+00 6.791803348065056367e-02
7.622622622622622579e+00 6.808181841319717320e-02
7.632632632632632586e+00 6.824517789531416023e-02
7.642642642642642592e+00 6.840853737743111951e-02
7.652652652652652598e+00 6.857148829211956453e-02
7.662662662662662605e+00 6.873394665507345791e-02
7.672672672672672611e+00 6.889640501802737904e-02
7.682682682682682618e+00 6.905852104285335746e-02
7.692692692692692624e+00 6.922007756669260048e-02
7.702702702702702631e+00 6.938163409053185737e-02
7.712712712712712637e+00 6.954291477507254515e-02
7.722722722722722644e+00 6.970356927373665135e-02
7.732732732732732650e+00 6.986422377240072978e-02
7.742742742742742657e+00 7.002466907905600946e-02
7.752752752752752663e+00 7.018442188802689885e-02
7.762762762762762669e+00 7.034417469699778824e-02
7.772772772772772676e+00 7.050378499230665341e-02
7.782782782782782682e+00 7.066263695638479170e-02
7.792792792792792689e+00 7.082148892046294386e-02
7.802802802802802695e+00 7.098026496649907646e-02
7.812812812812812702e+00 7.113821742770957968e-02
7.822822822822822708e+00 7.129616988892008289e-02
7.832832832832832715e+00 7.145411283476950370e-02
7.842842842842842721e+00 7.161116762040488359e-02
7.852852852852852727e+00 7.176822240604026348e-02
7.862862862862862734e+00 7.192527719167564337e-02
7.872872872872872740e+00 7.208149319016865508e-02
7.882882882882882747e+00 7.223765260097228524e-02
7.892892892892892753e+00 7.239381201177591540e-02
7.902902902902902760e+00 7.254920109815803098e-02
7.912912912912912766e+00 7.270446789665400977e-02
7.922922922922922773e+00 7.285973469514998857e-02
7.932932932932932779e+00 7.301429957954262695e-02
7.942942942942942786e+00 7.316867697851586749e-02
7.952952952952952792e+00 7.332305437748910804e-02
7.962962962962962798e+00 7.347679811245548531e-02
7.972972972972972805e+00 7.363028976358572397e-02
7.982982982982982811e+00 7.378378141471597651e-02
7.992992992992992818e+00 7.393670738735157177e-02
8.003003003003001936e+00 7.408931737000509776e-02
8.013013013013011943e+00 7.424192735265863763e-02
8.023023023023021949e+00 7.439403927678281403e-02
8.033033033033031955e+00 7.454577208696475110e-02
8.043043043043041962e+00 7.469750489714668817e-02
8.053053053053051968e+00 7.484880680559681532e-02
8.063063063063061975e+00 7.499966734506663402e-02
8.073073073073071981e+00 7.515052788453643884e-02
8.083083083083081988e+00 7.530102412156626512e-02
8.093093093093091994e+00 7.545101768711891255e-02
8.103103103103102001e+00 7.560101125267155997e-02
8.113113113113112007e+00 7.575070646645447325e-02
8.123123123123122014e+00 7.589983873936932690e-02
8.133133133133132020e+00 7.604897101228416667e-02
8.143143143143142026e+00 7.619787014752293919e-02
8.153153153153152033e+00 7.634614718318148696e-02
8.163163163163162039e+00 7.649442421884004861e-02
8.173173173173172046e+00 7.664253250948344087e-02
8.183183183183182052e+00 7.678996072715835175e-02
8.193193193193192059e+00 7.693738894483327651e-02
8.203203203203202065e+00 7.708471190690073527e-02
8.213213213213213848e+00 7.723129807971608474e-02
8.223223223223223854e+00 7.737788425253143421e-02
8.233233233233233861e+00 7.752442767704591231e-02
8.243243243243243867e+00 7.767017892211008911e-02
8.253253253253253874e+00 7.781593016717427980e-02
8.263263263263263880e+00 7.796168141223847048e-02
8.273273273273273887e+00 7.810662388191584593e-02
8.283283283283283893e+00 7.825154765062766749e-02
8.293293293293293900e+00 7.839647141933948904e-02
8.303303303303303906e+00 7.854065450696542938e-02
8.313313313313313913e+00 7.868475857549366015e-02
8.323323323323323919e+00 7.882886264402191867e-02
8.333333333333333925e+00 7.897229323974033766e-02
8.343343343343343932e+00 7.911558569967638843e-02
8.353353353353353938e+00 7.925887815961243921e-02
8.363363363363363945e+00 7.940156339222018134e-02
8.373373373373373951e+00 7.954405264140451681e-02
8.383383383383383958e+00 7.968654189058885229e-02
8.393393393393393964e+00 7.982848912118789553e-02
8.403403403403403971e+00 7.997018385470923418e-02
8.413413413413413977e+00 8.011187858823057284e-02
8.423423423423423984e+00 8.025309540398919972e-02
8.433433433433433990e+00 8.039400460535618687e-02
8.443443443443443996e+00 8.053491380672314626e-02
8.453453453453454003e+00 8.067540801474558376e-02
8.463463463463464009e+00 8.081554094723014670e-02
8.473473473473474016e+00 8.095567387971470963e-02
8.483483483483484022e+00 8.109545350101869665e-02
8.493493493493494029e+00 8.123481969917042966e-02
8.503503503503504035e+00 8.137418589732214880e-02
8.513513513513514042e+00 8.151325916092390378e-02
8.523523523523524048e+00 8.165186842225405361e-02
8.533533533533534055e+00 8.179047768358418957e-02
8.543543543543544061e+00 8.192885302069016773e-02
8.553553553553554067e+00 8.206671539752430355e-02
8.563563563563564074e+00 8.220457777435841162e-02
8.573573573573574080e+00 8.234226381266307460e-02
8.583583583583584087e+00 8.247938960416112408e-02
8.593593593593594093e+00 8.261651539565917357e-02
8.603603603603604100e+00 8.275352095374820249e-02
8.613613613613614106e+00 8.288992069809029972e-02
8.623623623623624113e+00 8.302632044243238307e-02
8.633633633633634119e+00 8.316265452429029426e-02
8.643643643643644126e+00 8.329833899102669081e-02
8.653653653653654132e+00 8.343402345776310125e-02
8.663663663663664138e+00 8.356969524738439015e-02
8.673673673673674145e+00 8.370467542994847188e-02
8.683683683683684151e+00 8.383965561251255361e-02
8.693693693693694158e+00 8.397463579507662146e-02
8.703703703703704164e+00 8.410896157699741804e-02
8.713713713713714171e+00 8.424324868537881594e-02
8.723723723723724177e+00 8.437753579376021384e-02
8.733733733733734184e+00 8.451122958980017419e-02
8.743743743743744190e+00 8.464483504337751152e-02
8.753753753753754197e+00 8.477844049695483497e-02
8.763763763763764203e+00 8.491151220220684304e-02
8.773773773773774209e+00 8.504444762273706548e-02
8.783783783783784216e+00 8.517738304326730181e-02
8.793793793793794222e+00 8.530984270544089698e-02
8.803803803803804229e+00 8.544211991020377039e-02
8.813813813813814235e+00 8.557439711496665768e-02
8.823823823823824242e+00 8.570625492965537606e-02
8.833833833833834248e+00 8.583788592475083412e-02
8.843843843843844255e+00 8.596951691984629218e-02
8.853853853853854261e+00 8.610078322589038990e-02
8.863863863863864268e+00 8.623178019968653907e-02
8.873873873873874274e+00 8.636277717348267435e-02
8.883883883883884280e+00 8.649346244842574805e-02
8.893893893893894287e+00 8.662383776515551748e-02
8.903903903903904293e+00 8.675421308188528691e-02
8.913913913913914300e+00 8.688432793752376426e-02
8.923923923923924306e+00 8.701409413102784152e-02
8.933933933933934313e+00 8.714386032453193265e-02
8.943943943943944319e+00 8.727341550255598990e-02
8.953953953953954326e+00 8.740258527016965540e-02
8.963963963963964332e+00 8.753175503778332089e-02
8.973973973973974338e+00 8.766076140550804752e-02
8.983983983983984345e+00 8.778934760208971511e-02
8.993993993993994351e+00 8.791793379867139657e-02
9.004004004004004358e+00 8.804640234485677786e-02
9.014014014014014364e+00 8.817441797695593775e-02
9.024024024024024371e+00 8.830243360905511152e-02
9.034034034034034377e+00 8.843037543981374649e-02
9.044044044044044384e+00 8.855783365997546563e-02
9.054054054054054390e+00 8.868529188013715703e-02
9.064064064064064397e+00 8.881271821492797702e-02
9.074074074074074403e+00 8.893963231613243037e-02
9.084084084084084409e+00 8.906654641733686983e-02
9.094094094094094416e+00 8.919346051854130930e-02
9.104104104104104422e+00 8.931985199527769925e-02
9.114114114114114429e+00 8.944623540551131791e-02
9.124124124124124435e+00 8.957261881574495044e-02
9.134134134134134442e+00 8.969853111756323494e-02
9.144144144144144448e+00 8.982439739451987537e-02
9.154154154154154455e+00 8.995026367147650193e-02
9.164164164164164461e+00 9.007570845921604452e-02
9.174174174174174468e+00 9.020107128512501460e-02
9.184184184184184474e+00 9.032643411103399855e-02
9.194194194194194480e+00 9.045142313864452943e-02
9.204204204204204487e+00 9.057629631522358393e-02
9.214214214214214493e+00 9.070116949180263843e-02
9.224224224224224500e+00 9.082571460287161558e-02
9.234234234234234506e+00 9.095011204640240932e-02
9.244244244244244513e+00 9.107450948993318918e-02
9.254254254254254519e+00 9.119862261428862693e-02
9.264264264264264526e+00 9.132255835081172501e-02
9.274274274274274532e+00 9.144649408733482310e-02
9.284284284284284539e+00 9.157018723772251956e-02
9.294294294294294545e+00 9.169367539835004965e-02
9.304304304304304551e+00 9.181716355897756587e-02
9.314314314314314558e+00 9.194044882781127193e-02
9.324324324324324564e+00 9.206350364415465115e-02
9.334334334334334571e+00 9.218655846049804425e-02
9.344344344344344577e+00 9.230944801668129751e-02
9.354354354354354584e+00 9.243208381639145266e-02
9.364364364364364590e+00 9.255471961610160780e-02
9.374374374374374597e+00 9.267722570191982978e-02
9.384384384384384603e+00 9.279945690433759331e-02
9.394394394394394610e+00 9.292168810675535684e-02
9.404404404404404616e+00 9.304382303483697825e-02
9.414414414414414622e+00 9.316566414675166163e-02
9.424424424424424629e+00 9.328750525866633114e-02
9.434434434434434635e+00 9.340928140901151588e-02
9.444444444444444642e+00 9.353074702052442679e-02
9.454454454454454648e+00 9.365221263203730995e-02
9.464464464464464655e+00 9.377364244911289004e-02
9.474474474474474661e+00 9.389474722960440556e-02
9.484484484484484668e+00 9.401585201009590720e-02
9.494494494494494674e+00 9.413694799999555718e-02
9.504504504504504681e+00 9.425770669419301917e-02
9.514514514514514687e+00 9.437846538839048116e-02
9.524524524524524693e+00 9.449922408258795703e-02
9.534534534534534700e+00 9.461966754020229020e-02
9.544544544544544706e+00 9.474009496434604438e-02
9.554554554554554713e+00 9.486052238848979856e-02
9.564564564564564719e+00 9.498067208896986136e-02
9.574574574574574726e+00 9.510078312707613557e-02
9.584584584584584732e+00 9.522089416518240979e-02
9.594594594594594739e+00 9.534076284722597938e-02
9.604604604604604745e+00 9.546057244744331205e-02
9.614614614614614752e+00 9.558038204766064472e-02
9.624624624624624758e+00 9.569998249730575501e-02
9.634634634634634764e+00 9.581950566836364147e-02
9.644644644644644771e+00 9.593902883942151405e-02
9.654654654654654777e+00 9.605837388760200823e-02
9.664664664664664784e+00 9.617762569534883677e-02
9.674674674674674790e+00 9.629687750309563754e-02
9.684684684684684797e+00 9.641598002325239836e-02
9.694694694694694803e+00 9.653497558728130201e-02
9.704704704704704810e+00 9.665397115131021955e-02
9.714714714714714816e+00 9.677284405705628700e-02
9.724724724724724823e+00 9.689159854741610789e-02
9.734734734734734829e+00 9.701035303777591490e-02
9.744744744744744835e+00 9.712900928061472816e-02
9.754754754754754842e+00 9.724753791460447050e-02
9.764764764764764848e+00 9.736606654859419896e-02
9.774774774774774855e+00 9.748451911568971340e-02
9.784784784784784861e+00 9.760283715473420940e-02
9.794794794794794868e+00 9.772115519377870541e-02
9.804804804804804874e+00 9.783941710577610806e-02
9.814814814814814881e+00 9.795753985238113415e-02
9.824824824824824887e+00 9.807566259898614636e-02
9.834834834834834894e+00 9.819374690788230942e-02
9.844844844844844900e+00 9.831168970266672413e-02
9.854854854854854906e+00 9.842963249745112497e-02
9.864864864864864913e+00 9.854755228451342330e-02
9.874874874874874919e+00 9.866533050331695309e-02
9.884884884884884926e+00 9.878310872212046900e-02
9.894894894894894932e+00 9.890087709585324016e-02
9.904904904904904939e+00 9.901850614691769248e-02
9.914914914914914945e+00 9.913613519798214480e-02
9.924924924924924952e+00 9.925376424904659711e-02
9.934934934934934958e+00 9.937126061336137850e-02
9.944944944944944965e+00 9.948875593458339495e-02
9.954954954954954971e+00 9.960625125580539752e-02
9.964964964964964977e+00 9.972363796248030765e-02
9.974974974974974984e+00 9.984101501873378359e-02
9.984984984984984990e+00 9.995839207498727341e-02
9.994994994994994997e+00 1.000756823268620782e-01
1.000500500500500500e+01 1.001929566073889721e-01
1.001501501501501501e+01 1.003102308879158522e-01
1.002502502502502502e+01 1.004274379048429033e-01
1.003503503503503502e+01 1.005446249207099102e-01
1.004504504504504503e+01 1.006618119365769032e-01
1.005505505505505504e+01 1.007789489536736471e-01
1.006506506506506504e+01 1.008960642352935144e-01
1.007507507507507505e+01 1.010131795169133817e-01
1.008508508508508505e+01 1.011302597828546701e-01
1.009509509509509506e+01 1.012473188775705329e-01
1.010510510510510507e+01 1.013643779722864097e-01
1.011511511511511507e+01 1.014814147476352929e-01
1.012512512512512508e+01 1.015984332173657523e-01
1.013513513513513509e+01 1.017154516870962117e-01
1.014514514514514509e+01 1.018324582426728409e-01
1.015515515515515510e+01 1.019494516616173130e-01
1.016516516516516511e+01 1.020664450805617712e-01
1.017517517517517511e+01 1.021834346958491735e-01
1.018518518518518512e+01 1.023004186482504435e-01
1.019519519519519513e+01 1.024174026006517135e-01
1.020520520520520513e+01 1.025343885622375661e-01
1.021521521521521514e+01 1.026513786402015876e-01
1.022522522522522515e+01 1.027683687181656230e-01
1.023523523523523515e+01 1.028853643182194855e-01
1.024524524524524516e+01 1.030023761195896365e-01
1.025525525525525516e+01 1.031193879209597875e-01
1.026526526526526517e+01 1.032364064557445976e-01
1.027527527527527518e+01 1.033534555820296574e-01
1.028528528528528518e+01 1.034705047083147172e-01
1.029529529529529519e+01 1.035875594767319691e-01
1.030530530530530520e+01 1.037046615310860814e-01
1.031531531531531520e+01 1.038217635854402215e-01
1.032532532532532521e+01 1.039388678876078526e-01
1.033533533533533522e+01 1.040560384728614757e-01
1.034534534534534522e+01 1.041732090581150849e-01
1.035535535535535523e+01 1.042903796433687080e-01
1.036536536536536524e+01 1.044076309107172945e-01
1.037537537537537524e+01 1.045248856274567789e-01
1.038538538538538525e+01 1.046421403441962772e-01
1.039539539539539525e+01 1.047594833401228609e-01
1.040540540540540526e+01 1.048768377848188632e-01
1.041541541541541527e+01 1.049941922295148516e-01
1.042542542542542527e+01 1.051116402436304276e-01
1.043543543543543528e+01 1.052291100068124818e-01
1.044544544544544529e+01 1.053465797699945222e-01
1.045545545545545529e+01 1.054641460859713359e-01
1.046546546546546530e+01 1.055817467504478330e-01
1.047547547547547531e+01 1.056993474149243162e-01
1.048548548548548531e+01 1.058170453092709545e-01
1.049549549549549532e+01 1.059347924483936276e-01
1.050550550550550533e+01 1.060525395875163146e-01
1.051551551551551533e+01 1.061703823283796644e-01
1.052552552552552534e+01 1.062882915043509291e-01
1.053553553553553535e+01 1.064062006803221938e-01
1.054554554554554535e+01 1.065242015263160591e-01
1.055555555555555536e+01 1.066422882885380008e-01
1.056556556556556536e+01 1.067603750507599564e-01
1.057557557557557537e+01 1.068785472498195582e-01
1.058558558558558538e+01 1.069968271332839282e-01
1.059559559559559538e+01 1.071151070167483121e-01
1.060560560560560539e+01 1.072334638050099626e-01
1.061561561561561540e+01 1.073519523287273930e-01
1.062562562562562540e+01 1.074704408524448374e-01
1.063563563563563541e+01 1.075889954531503434e-01
1.064564564564564542e+01 1.077077081186184337e-01
1.065565565565565542e+01 1.078264207840865102e-01
1.066566566566566543e+01 1.079451864065117256e-01
1.067567567567567544e+01 1.080641386962202521e-01
1.068568568568568544e+01 1.081830909859287787e-01
1.069569569569569545e+01 1.083020808243353866e-01
1.070570570570570545e+01 1.084212882003080941e-01
1.071571571571571546e+01 1.085404955762808016e-01
1.072572572572572547e+01 1.086597228088912181e-01
1.073573573573573547e+01 1.087792007112631243e-01
1.074574574574574548e+01 1.088986786136350304e-01
1.075575575575575549e+01 1.090181565160069366e-01
1.076576576576576549e+01 1.091379202472585186e-01
1.077577577577577550e+01 1.092576840928873999e-01
1.078578578578578551e+01 1.093774479385162812e-01
1.079579579579579551e+01 1.094974907605351239e-01
1.080580580580580552e+01 1.096175559416468076e-01
1.081581581581581553e+01 1.097376211227584913e-01
1.082582582582582553e+01 1.098579561337649640e-01
1.083583583583583554e+01 1.099783380166310942e-01
1.084584584584584555e+01 1.100987198994972383e-01
1.085585585585585555e+01 1.102193601764993175e-01
1.086586586586586556e+01 1.103400741001466789e-01
1.087587587587587556e+01 1.104607880237940265e-01
1.088588588588588557e+01 1.105817466216997003e-01
1.089589589589589558e+01 1.107028078966507678e-01
1.090590590590590558e+01 1.108238691716018354e-01
1.091591591591591559e+01 1.109451591223501593e-01
1.092592592592592560e+01 1.110665830293932899e-01
1.093593593593593560e+01 1.111880069364364065e-01
1.094594594594594561e+01 1.113096412481470177e-01
1.095595595595595562e+01 1.114314430371360493e-01
1.096596596596596562e+01 1.115532448261250670e-01
1.097597597597597563e+01 1.116752364822657939e-01
1.098598598598598564e+01 1.117974313709478029e-01
1.099599599599599564e+01 1.119196262596297980e-01
1.100600600600600565e+01 1.120419882182019655e-01
1.101601601601601566e+01 1.121645913910730430e-01
1.102602602602602566e+01 1.122871945639441066e-01
1.103603603603603567e+01 1.124099397566848402e-01
1.104604604604604567e+01 1.125329663638721944e-01
1.105605605605605568e+01 1.126559929710595209e-01
1.106606606606606569e+01 1.127791343026609411e-01
1.107607607607607569e+01 1.129025994588317011e-01
1.108608608608608570e+01 1.130260646150024612e-01
1.109609609609609571e+01 1.131496149623471559e-01
1.110610610610610571e+01 1.132735337456420577e-01
1.111611611611611572e+01 1.133974525289369734e-01
1.112612612612612573e+01 1.135214247403494026e-01
1.113613613613613573e+01 1.136458121913418023e-01
1.114614614614614574e+01 1.137701996423342021e-01
1.115615615615615575e+01 1.138946065368479782e-01
1.116616616616616575e+01 1.140194776575264024e-01
1.117617617617617576e+01 1.141443487782048127e-01
1.118618618618618576e+01 1.142692198988832508e-01
1.119619619619619577e+01 1.143945728976192011e-01
1.120620620620620578e+01 1.145199426503935580e-01
1.121621621621621578e+01 1.146453124031679427e-01
1.122622622622622579e+01 1.147711405542038154e-01
1.123623623623623580e+01 1.148970238609346023e-01
1.124624624624624580e+01 1.150229071676653753e-01
1.125625625625625581e+01 1.151492231564160418e-01
1.126626626626626582e+01 1.152756348974651873e-01
1.127627627627627582e+01 1.154020466385143190e-01
1.128628628628628583e+01 1.155288631173934100e-01
1.129629629629629584e+01 1.156558181306974881e-01
1.130630630630630584e+01 1.157827731440015800e-01
1.131631631631631585e+01 1.159101027317818167e-01
1.132632632632632586e+01 1.160376158119454659e-01
1.133633633633633586e+01 1.161651288921091152e-01
1.134634634634634587e+01 1.162929841732959491e-01
1.135635635635635587e+01 1.164210700707062895e-01
1.136636636636636588e+01 1.165491559681166439e-01
1.137637637637637589e+01 1.166775494923343731e-01
1.138638638638638589e+01 1.168062229122951157e-01
1.139639639639639590e+01 1.169348963322558582e-01
1.140640640640640591e+01 1.170638406136461362e-01
1.141641641641641769e+01 1.171931162155311484e-01
1.142642642642642770e+01 1.173223918174161329e-01
1.143643643643643770e+01 1.174518993340484402e-01
1.144644644644644771e+01 1.175817917304741583e-01
1.145645645645645772e+01 1.177116841268998904e-01
1.146646646646646772e+01 1.178417673201938437e-01
1.147647647647647773e+01 1.179722910762100035e-01
1.148648648648648773e+01 1.181028148322261495e-01
1.149649649649649774e+01 1.182334861063851633e-01
1.150650650650650775e+01 1.183646557386835857e-01
1.151651651651651775e+01 1.184958253709820081e-01
1.152652652652652776e+01 1.186270970924384327e-01
1.153653653653653777e+01 1.187589270685790871e-01
1.154654654654654777e+01 1.188907570447197415e-01
1.155655655655655778e+01 1.190226415415906736e-01
1.156656656656656779e+01 1.191551462792447280e-01
1.157657657657657779e+01 1.192876510168987964e-01
1.158658658658658780e+01 1.194201605784527415e-01
1.159659659659659781e+01 1.195533544446622382e-01
1.160660660660660781e+01 1.196865483108717210e-01
1.161661661661661782e+01 1.198197421770812315e-01
1.162662662662662783e+01 1.199535924974591966e-01
1.163663663663663783e+01 1.200874898079126452e-01
1.164664664664664784e+01 1.202213871183661215e-01
1.165665665665665784e+01 1.203559012269635603e-01
1.166666666666666785e+01 1.204905162452875877e-01
1.167667667667667786e+01 1.206251312636116291e-01
1.168668668668668786e+01 1.207603212772991735e-01
1.169669669669669787e+01 1.208956682143649541e-01
1.170670670670670788e+01 1.210310151514307347e-01
1.171671671671671788e+01 1.211668931455209264e-01
1.172672672672672789e+01 1.213029861587659880e-01
1.173673673673673790e+01 1.214390791720110496e-01
1.174674674674674790e+01 1.215756571797893398e-01
1.175675675675675791e+01 1.217125103725535673e-01
1.176676676676676792e+01 1.218493635653178087e-01
1.177677677677677792e+01 1.219866535775826211e-01
1.178678678678678793e+01 1.221242809984584843e-01
1.179679679679679793e+01 1.222619084193343614e-01
1.180680680680680794e+01 1.223999223839460498e-01
1.181681681681681795e+01 1.225383380261429733e-01
1.182682682682682795e+01 1.226767536683398829e-01
1.183683683683683796e+01 1.228155034897781411e-01
1.184684684684684797e+01 1.229547212904996134e-01
1.185685685685685797e+01 1.230939390912210857e-01
1.186686686686686798e+01 1.232334366301504891e-01
1.187687687687687799e+01 1.233734704699849666e-01
1.188688688688688799e+01 1.235135043098194441e-01
1.189689689689689800e+01 1.236537613826636933e-01
1.190690690690690801e+01 1.237946250849879942e-01
1.191691691691691801e+01 1.239354887873122951e-01
1.192692692692692802e+01 1.240765171658360505e-01
1.193693693693693803e+01 1.242182244962312526e-01
1.194694694694694803e+01 1.243599318266264547e-01
1.195695695695695804e+01 1.245017432375251920e-01
1.196696696696696804e+01 1.246443079032047707e-01
1.197697697697697805e+01 1.247868725688843911e-01
1.198698698698698806e+01 1.249294786933819040e-01
1.199699699699699806e+01 1.250729143426316248e-01
1.200700700700700807e+01 1.252163499918813316e-01
1.201701701701701808e+01 1.253597856411310107e-01
1.202702702702702808e+01 1.255040826869641690e-01
1.203703703703703809e+01 1.256484029085936649e-01
1.204704704704704810e+01 1.257927231302231608e-01
1.205705705705705810e+01 1.259378516429112693e-01
1.206706706706706811e+01 1.260830699657170262e-01
1.207707707707707812e+01 1.262282882885227553e-01
1.208708708708708812e+01 1.263742597499943610e-01
1.209709709709709813e+01 1.265203896422334717e-01
1.210710710710710813e+01 1.266665195344726103e-01
1.211711711711711814e+01 1.268133453791326082e-01
1.212712712712712815e+01 1.269604002480076987e-01
1.213713713713713815e+01 1.271074551168827338e-01
1.214714714714714816e+01 1.272551467312564855e-01
1.215715715715715817e+01 1.274031399224107020e-01
1.216716716716716817e+01 1.275511331135649462e-01
1.217717717717717818e+01 1.276997018359484759e-01
1.218718718718718819e+01 1.278486466329712135e-01
1.219719719719719819e+01 1.279975914299939510e-01
1.220720720720720820e+01 1.281470485501110534e-01
1.221721721721721821e+01 1.282969581740534826e-01
1.222722722722722821e+01 1.284468677979959395e-01
1.223723723723723822e+01 1.285972245566611993e-01
1.224724724724724823e+01 1.287481121655617011e-01
1.225725725725725823e+01 1.288989997744622029e-01
1.226726726726726824e+01 1.290502673632500930e-01
1.227727727727727824e+01 1.292021460516690201e-01
1.228728728728728825e+01 1.293540247400879473e-01
1.229729729729729826e+01 1.295062143010079492e-01
1.230730730730730826e+01 1.296590970995724068e-01
1.231731731731731827e+01 1.298119798981368922e-01
1.232732732732732828e+01 1.299651025233146684e-01
1.233733733733733828e+01 1.301190023982715660e-01
1.234734734734734829e+01 1.302729022732284636e-01
1.235735735735735830e+01 1.304269690045925523e-01
1.236736736736736830e+01 1.305818988573717865e-01
1.237737737737737831e+01 1.307368287101510207e-01
1.238738738738738832e+01 1.308918505391255815e-01
1.239739739739739832e+01 1.310478232059105186e-01
1.240740740740740833e+01 1.312037958726954834e-01
1.241741741741741833e+01 1.313597837398975954e-01
1.242742742742742834e+01 1.315168119912056843e-01
1.243743743743743835e+01 1.316738402425138288e-01
1.244744744744744835e+01 1.318308684938219455e-01
1.245745745745745836e+01 1.319889015777283570e-01
1.246746746746746837e+01 1.321469981179991815e-01
1.247747747747747837e+01 1.323050946582700060e-01
1.248748748748748838e+01 1.324641281459956743e-01
1.249749749749749839e+01 1.326233056131871646e-01
1.250750750750750839e+01 1.327824830803786549e-01
1.251751751751751840e+01 1.329425276914856235e-01
1.252752752752752841e+01 1.331027986566789556e-01
1.253753753753753841e+01 1.332630696218722599e-01
1.254754754754754842e+01 1.334241360235736418e-01
1.255755755755755843e+01 1.335855129905856864e-01
1.256756756756756843e+01 1.337468899575977588e-01
1.257757757757757844e+01 1.339089887644894505e-01
1.258758758758758844e+01 1.340714841694929382e-01
1.259759759759759845e+01 1.342339795744964259e-01
1.260760760760760846e+01 1.343971213482938187e-01
1.261761761761761846e+01 1.345607475594448599e-01
1.262762762762762847e+01 1.347243737705959010e-01
1.263763763763763848e+01 1.348885690198752818e-01
1.264764764764764848e+01 1.350533383369489915e-01
1.265765765765765849e+01 1.352181076540227567e-01
1.266766766766766850e+01 1.353833668339670393e-01
1.267767767767767850e+01 1.355492914879996846e-01
1.268768768768768851e+01 1.357152161420322745e-01
1.269769769769769852e+01 1.358815496541818379e-01
1.270770770770770852e+01 1.360486418071205905e-01
1.271771771771771853e+01 1.362157339600593708e-01
1.272772772772772854e+01 1.363831521520668388e-01
1.273773773773773854e+01 1.365514238964263549e-01
1.274774774774774855e+01 1.367196956407858710e-01
1.275775775775775855e+01 1.368882088061754987e-01
1.276776776776776856e+01 1.370576721647014662e-01
1.277777777777777857e+01 1.372271355232274059e-01
1.278778778778778857e+01 1.373967539011589634e-01
1.279779779779779858e+01 1.375674208264982823e-01
1.280780780780780859e+01 1.377380877518376567e-01
1.281781781781781859e+01 1.379088215268740869e-01
1.282782782782782860e+01 1.380807039012520165e-01
1.283783783783783861e+01 1.382525862756299462e-01
1.284784784784784861e+01 1.384244686500078758e-01
1.285785785785785862e+01 1.385975552124131260e-01
1.286786786786786863e+01 1.387706648473162607e-01
1.287787787787787863e+01 1.389437744822193954e-01
1.288788788788788864e+01 1.391180083865965755e-01
1.289789789789789864e+01 1.392923570224630092e-01
1.290790790790790865e+01 1.394667056583294151e-01
1.291791791791791866e+01 1.396420968527486983e-01
1.292792792792792866e+01 1.398176961586640732e-01
1.293793793793793867e+01 1.399932954645794758e-01
1.294794794794794868e+01 1.401698538413294892e-01
1.295795795795795868e+01 1.403467154147292062e-01
1.296796796796796869e+01 1.405235769881289232e-01
1.297797797797797870e+01 1.407013123835116342e-01
1.298798798798798870e+01 1.408794477498894471e-01
1.299799799799799871e+01 1.410575831162672322e-01
1.300800800800800872e+01 1.412365053103957213e-01
1.301801801801801872e+01 1.414159259230176324e-01
1.302802802802802873e+01 1.415953465356395713e-01
1.303803803803803874e+01 1.417754652522401904e-01
1.304804804804804874e+01 1.419561824918656456e-01
1.305805805805805875e+01 1.421368997314911009e-01
1.306806806806806875e+01 1.423182246377089899e-01
1.307807807807807876e+01 1.425002498123159878e-01
1.308808808808808877e+01 1.426822749869230134e-01
1.309809809809809877e+01 1.428648156931311142e-01
1.310810810810810878e+01 1.430481600376487805e-01
1.311811811811811879e+01 1.432315043821664191e-01
1.312812812812812879e+01 1.434152704417785418e-01
1.313813813813813880e+01 1.435999451178243957e-01
1.314814814814814881e+01 1.437846197938702775e-01
1.315815815815815881e+01 1.439696207031573028e-01
1.316816816816816882e+01 1.441556367987801013e-01
1.317817817817817883e+01 1.443416528944029276e-01
1.318818818818818883e+01 1.445278980923125067e-01
1.319819819819819884e+01 1.447152666217413619e-01
1.320820820820820884e+01 1.449026351511702171e-01
1.321821821821821885e+01 1.450901340191505240e-01
1.322822822822822886e+01 1.452788659225482393e-01
1.323823823823823886e+01 1.454675978259459546e-01
1.324824824824824887e+01 1.456563596877718525e-01
1.325825825825825888e+01 1.458464658309948092e-01
1.326826826826826888e+01 1.460365719742177659e-01
1.327827827827827889e+01 1.462266781174407226e-01
1.328828828828828890e+01 1.464180972701838446e-01
1.329829829829829890e+01 1.466095884445462183e-01
1.330830830830830891e+01 1.468010796189085920e-01
1.331831831831831892e+01 1.469937909558941824e-01
1.332832832832832892e+01 1.471866778779380991e-01
1.333833833833833893e+01 1.473795647999819880e-01
1.334834834834834894e+01 1.475735773959628017e-01
1.335835835835835894e+01 1.477678707072331565e-01
1.336836836836836895e+01 1.479621640185035392e-01
1.337837837837837895e+01 1.481574868896798902e-01
1.338838838838838896e+01 1.483531971565048568e-01
1.339839839839839897e+01 1.485489074233298235e-01
1.340840840840840897e+01 1.487455495271977901e-01
1.341841841841841898e+01 1.489426872404734370e-01
1.342842842842842899e+01 1.491398249537490561e-01
1.343843843843843899e+01 1.493377951889520161e-01
1.344844844844844900e+01 1.495363707639328910e-01
1.345845845845845901e+01 1.497349463389137381e-01
1.346846846846846901e+01 1.499342535450969849e-01
1.347847847847847902e+01 1.501342773211910842e-01
1.348848848848848903e+01 1.503343010972851557e-01
1.349849849849849903e+01 1.505349540549537901e-01
1.350850850850850904e+01 1.507364362955230241e-01
1.351851851851851904e+01 1.509379185360922027e-01
1.352852852852852905e+01 1.511399259664718275e-01
1.353853853853853906e+01 1.513428768586362605e-01
1.354854854854854906e+01 1.515458277508006379e-01
1.355855855855855907e+01 1.517491983157011060e-01
1.356856856856856908e+01 1.519536279701490245e-01
1.357857857857857908e+01 1.521580576245969429e-01
1.358858858858858909e+01 1.523627999262793520e-01
1.359859859859859910e+01 1.525687183770819688e-01
1.360860860860860910e+01 1.527746368278846134e-01
1.361861861861861911e+01 1.529807594089313272e-01
1.362862862862862912e+01 1.531881766133617317e-01
1.363863863863863912e+01 1.533955938177921086e-01
1.364864864864864913e+01 1.536031051609795528e-01
1.365865865865865914e+01 1.538120309993368517e-01
1.366866866866866914e+01 1.540209568376941507e-01
1.367867867867867915e+01 1.542298826760514774e-01
1.368868868868868915e+01 1.544403096413065335e-01
1.369869869869869916e+01 1.546507539167442935e-01
1.370870870870870917e+01 1.548611981921820258e-01
1.371871871871871917e+01 1.550730404310608490e-01
1.372872872872872918e+01 1.552850128694206189e-01
1.373873873873873919e+01 1.554969853077803610e-01
1.374874874874874919e+01 1.557102510454343447e-01
1.375875875875875920e+01 1.559237612950832852e-01
1.376876876876876921e+01 1.561372715447322534e-01
1.377877877877877921e+01 1.563519689458703898e-01
1.378878878878878922e+01 1.565670265775438441e-01
1.379879879879879923e+01 1.567820842092173261e-01
1.380880880880880923e+01 1.569982213779985980e-01
1.381881881881881924e+01 1.572148358846472416e-01
1.382882882882882924e+01 1.574314503912959129e-01
1.383883883883883925e+01 1.576490353712238779e-01
1.384884884884884926e+01 1.578672161678649488e-01
1.385885885885885926e+01 1.580853969645060475e-01
1.386886886886886927e+01 1.583044377383269474e-01
1.387887887887887928e+01 1.585241941619006945e-01
1.388888888888888928e+01 1.587439505854744415e-01
1.389889889889889929e+01 1.589644550750779484e-01
1.390890890890890930e+01 1.591857963843079371e-01
1.391891891891891930e+01 1.594071376935379813e-01
1.392892892892892931e+01 1.596291137598603305e-01
1.393893893893893932e+01 1.598520491351184125e-01
1.394894894894894932e+01 1.600749845103764391e-01
1.395895895895895933e+01 1.602984399533070592e-01
1.396896896896896934e+01 1.605229784964829487e-01
1.397897897897897934e+01 1.607475170396588104e-01
1.398898898898898935e+01 1.609724595979493411e-01
1.399899899899899935e+01 1.611986103323248543e-01
1.400900900900900936e+01 1.614247610667003952e-01
1.401901901901901937e+01 1.616511984178767014e-01
1.402902902902902937e+01 1.618789702880033265e-01
1.403903903903903938e+01 1.621067421581299517e-01
1.404904904904904939e+01 1.623346819184064982e-01
1.405905905905905939e+01 1.625640837899887392e-01
1.406906906906906940e+01 1.627934856615710080e-01
1.407907907907907941e+01 1.630229353857686747e-01
1.408908908908908941e+01 1.632539760455511413e-01
1.409909909909909942e+01 1.634850167053336356e-01
1.410910910910910943e+01 1.637160573651161022e-01
1.411911911911911943e+01 1.639486720424586097e-01
1.412912912912912944e+01 1.641813601981172155e-01
1.413913913913913944e+01 1.644140483537757935e-01
1.414914914914914945e+01 1.646481965486872590e-01
1.415915915915915946e+01 1.648825408287251937e-01
1.416916916916916946e+01 1.651168851087631839e-01
1.417917917917917947e+01 1.653525741121436021e-01
1.418918918918918948e+01 1.655885830657919389e-01
1.419919919919919948e+01 1.658245920194402756e-01
1.420920920920920949e+01 1.660618290603982361e-01
1.421921921921921950e+01 1.662995111575201745e-01
1.422922922922922950e+01 1.665371932546420852e-01
1.423923923923923951e+01 1.667759855004301572e-01
1.424924924924924952e+01 1.670153491314298744e-01
1.425925925925925952e+01 1.672547127624295915e-01
1.426926926926926953e+01 1.674950673183828453e-01
1.427927927927927954e+01 1.677361207941191201e-01
1.428928928928928954e+01 1.679771742698553949e-01
1.429929929929929955e+01 1.682190981793326434e-01
1.430930930930930955e+01 1.684618497310364504e-01
1.431931931931931956e+01 1.687046012827402575e-01
1.432932932932932957e+01 1.689481015270677400e-01
1.433933933933933957e+01 1.691925593062640065e-01
1.434934934934934958e+01 1.694370170854602453e-01
1.435935935935935959e+01 1.696821005838783092e-01
1.436936936936936959e+01 1.699282726623123352e-01
1.437937937937937960e+01 1.701744447407463057e-01
1.438938938938938961e+01 1.704211183503586136e-01
1.439939939939939961e+01 1.706690127199268214e-01
1.440940940940940962e+01 1.709169070894950015e-01
1.441941941941941963e+01 1.711651776052207363e-01
1.442942942942942963e+01 1.714148021779053621e-01
1.443943943943943964e+01 1.716644267505900434e-01
1.444944944944944965e+01 1.719143009051185000e-01
1.445945945945945965e+01 1.721656635129270863e-01
1.446946946946946966e+01 1.724170261207357002e-01
1.447947947947947966e+01 1.726685105844839030e-01
1.448948948948948967e+01 1.729216189793929548e-01
1.449949949949949968e+01 1.731747273743020066e-01
1.450950950950950968e+01 1.734278357692110584e-01
1.451951951951951969e+01 1.736826906092777678e-01
1.452952952952952970e+01 1.739375524631804337e-01
1.453953953953953970e+01 1.741924143170830996e-01
1.454954954954954971e+01 1.744489002119928300e-01
1.455955955955955972e+01 1.747055231166513567e-01
1.456956956956956972e+01 1.749621460213099111e-01
1.457957957957957973e+01 1.752202693742609119e-01
1.458958958958958974e+01 1.754786608412632343e-01
1.459959959959959974e+01 1.757370523082655844e-01
1.460960960960960975e+01 1.759968194600020908e-01
1.461961961961961975e+01 1.762569869207227247e-01
1.462962962962962976e+01 1.765171543814433308e-01
1.463963963963963977e+01 1.767785716102310278e-01
1.464964964964964977e+01 1.770405224157962365e-01
1.465965965965965978e+01 1.773024732213614452e-01
1.466966966966966979e+01 1.775655467429657353e-01
1.467967967967967979e+01 1.778292881642232481e-01
1.468968968968968980e+01 1.780930295854807888e-01
1.469969969969969981e+01 1.783577655531477235e-01
1.470970970970970981e+01 1.786233047806406182e-01
1.471971971971971982e+01 1.788888440081335129e-01
1.472972972972972983e+01 1.791552485125735006e-01
1.473973973973973983e+01 1.794225926565184148e-01
1.474974974974974984e+01 1.796899368004633568e-01
1.475975975975975985e+01 1.799580158698376453e-01
1.476976976976976985e+01 1.802271719601075128e-01
1.477977977977977986e+01 1.804963280503773249e-01
1.478978978978978986e+01 1.807660876502872049e-01
1.479979979979979987e+01 1.810370626363980440e-01
1.480980980980980988e+01 1.813080376225088552e-01
1.481981981981981988e+01 1.815794836559875003e-01
1.482982982982982989e+01 1.818522844070898370e-01
1.483983983983983990e+01 1.821250851581921459e-01
1.484984984984984990e+01 1.823982234656993384e-01
1.485985985985985991e+01 1.826728567705739881e-01
1.486986986986986992e+01 1.829474900754486377e-01
1.487987987987987992e+01 1.832223264348682712e-01
1.488988988988988993e+01 1.834987990019259496e-01
1.489989989989989994e+01 1.837752715689836558e-01
1.490990990990990994e+01 1.840518116956236794e-01
1.491991991991991995e+01 1.843301301529099434e-01
1.492992992992992995e+01 1.846084486101962630e-01
1.493993993993993996e+01 1.848867670674825547e-01
1.494994994994994997e+01 1.851668690519957250e-01
1.495995995995995997e+01 1.854470399471994380e-01
1.496996996996996998e+01 1.857272108424031232e-01
1.497997997997997999e+01 1.860090343043854233e-01
1.498998998998998999e+01 1.862910641048519111e-01
1.500000000000000000e+01 1.865730939053183712e-01
