5.000000000000000000e+00 2.517437075273620817e-02
5.010010010010010006e+00 2.526633135009308251e-02
5.020020020020020013e+00 2.535829194744994991e-02
5.030030030030030019e+00 2.545105134823845774e-02
5.040040040040040026e+00 2.554446953123741884e-02
5.050050050050050032e+00 2.563919082912641603e-02
5.060060060060060039e+00 2.573463772132835586e-02
5.070070070070070045e+00 2.583073689194151021e-02
5.080080080080080052e+00 2.592819005326904916e-02
5.090090090090090058e+00 2.602629686048473640e-02
5.100100100100100065e+00 2.612510500914258516e-02
5.110110110110110071e+00 2.622520512432837195e-02
5.120120120120120077e+00 2.632594388762565102e-02
5.130130130130130084e+00 2.642743986946405679e-02
5.140140140140140090e+00 2.653015038414636637e-02
5.150150150150150097e+00 2.663349277559761211e-02
5.160160160160160103e+00 2.673764674250350692e-02
5.170170170170170110e+00 2.684293905367819699e-02
5.180180180180180116e+00 2.694885638961183952e-02
5.190190190190190123e+00 2.705563811480416608e-02
5.200200200200200129e+00 2.716348327381719677e-02
5.210210210210210136e+00 2.727194652778271861e-02
5.220220220220220142e+00 2.738132542003371070e-02
5.230230230230230148e+00 2.749169414532146721e-02
5.240240240240240155e+00 2.760267396076804269e-02
5.250250250250250161e+00 2.771461907830030311e-02
5.260260260260260168e+00 2.782748176784566665e-02
5.270270270270270174e+00 2.794094847051717054e-02
5.280280280280280181e+00 2.805542853458059885e-02
5.290290290290290187e+00 2.817075527808852661e-02
5.300300300300300194e+00 2.828667888813905101e-02
5.310310310310310200e+00 2.840366229627280456e-02
5.320320320320320207e+00 2.852142288707073051e-02
5.330330330330330213e+00 2.863977313090623061e-02
5.340340340340340219e+00 2.875922796989326471e-02
5.350350350350350226e+00 2.887939191656304846e-02
5.360360360360360232e+00 2.900013823841614269e-02
5.370370370370370239e+00 2.912203229693891351e-02
5.380380380380380245e+00 2.924456883468820947e-02
5.390390390390390252e+00 2.936768040793397150e-02
5.400400400400400258e+00 2.949198118894089810e-02
5.410410410410410265e+00 2.961685929072249007e-02
5.420420420420420271e+00 2.974235116059813222e-02
5.430430430430430278e+00 2.986897976173834290e-02
5.440440440440440284e+00 2.999616814912722113e-02
5.450450450450450290e+00 3.012401748652873343e-02
5.460460460460460297e+00 3.025293236900246027e-02
5.470470470470470303e+00 3.038239952284045933e-02
5.480480480480480310e+00 3.051257316868822428e-02
5.490490490490490316e+00 3.064374263504392182e-02
5.500500500500500323e+00 3.077545680586264362e-02
5.510510510510510329e+00 3.090792135651275474e-02
5.520520520520520336e+00 3.104131348693693962e-02
5.530530530530530342e+00 3.117524270516977558e-02
5.540540540540540349e+00 3.130996452362352911e-02
5.550550550550550355e+00 3.144554718599527204e-02
5.560560560560560361e+00 3.158165927198973433e-02
5.570570570570570368e+00 3.171860449888072586e-02
5.580580580580580374e+00 3.185634535863494238e-02
5.590590590590590381e+00 3.199460793247628498e-02
5.600600600600600387e+00 3.213374249684818745e-02
5.610610610610610394e+00 3.227360902665954434e-02
5.620620620620620400e+00 3.241398951781718218e-02
5.630630630630630407e+00 3.255527914770511150e-02
5.640640640640640413e+00 3.269723863700294691e-02
5.650650650650650419e+00 3.283970429381034839e-02
5.660660660660660426e+00 3.298311452663904575e-02
5.670670670670670432e+00 3.312713409096502970e-02
5.680680680680680439e+00 3.327165198994439660e-02
5.690690690690690445e+00 3.341714818275523524e-02
5.700700700700700452e+00 3.356319477297386306e-02
5.710710710710710458e+00 3.370973182801618312e-02
5.720720720720720465e+00 3.385727916753596828e-02
5.730730730730730471e+00 3.400531957890865625e-02
5.740740740740740478e+00 3.415387938629886599e-02
5.750750750750750484e+00 3.430340606288177774e-02
5.760760760760760490e+00 3.445340694401452519e-02
5.770770770770770497e+00 3.460396538053085724e-02
5.780780780780780503e+00 3.475542700876756153e-02
5.790790790790790510e+00 3.490735487044193536e-02
5.800800800800800516e+00 3.505987674014021671e-02
5.810810810810810523e+00 3.521323973054193979e-02
5.820820820820820529e+00 3.536706095443841597e-02
5.830830830830830536e+00 3.552151092521853293e-02
5.840840840840840542e+00 3.567674156589987350e-02
5.850850850850850549e+00 3.583242241322254218e-02
5.860860860860860555e+00 3.598876502632345625e-02
5.870870870870870561e+00 3.614582949155525221e-02
5.880880880880880568e+00 3.630333611156592866e-02
5.890890890890890574e+00 3.646153579096089031e-02
5.900900900900900581e+00 3.662040014963875711e-02
5.910910910910910587e+00 3.677969858810827691e-02
5.920920920920920594e+00 3.693971964980905659e-02
5.930930930930930600e+00 3.710034987384475125e-02
5.940940940940940607e+00 3.726140608142858995e-02
5.950950950950950613e+00 3.742321274270701825e-02
5.960960960960960620e+00 3.758557471534961641e-02
5.970970970970970626e+00 3.774835455589464067e-02
5.980980980980980632e+00 3.791191094442886156e-02
5.990990990990990639e+00 3.807597046852158329e-02
6.001001001001000645e+00 3.824043972730965107e-02
6.011011011011010652e+00 3.840570989026151349e-02
6.021021021021020658e+00 3.857143269644006806e-02
6.031031031031030665e+00 3.873755708837425815e-02
6.041041041041040671e+00 3.890450500140465312e-02
6.051051051051050678e+00 3.907185675624204324e-02
6.061061061061060684e+00 3.923963001529122419e-02
6.071071071071070691e+00 3.940819151020686500e-02
6.081081081081080697e+00 3.957713782430900135e-02
6.091091091091090703e+00 3.974653468244455229e-02
6.101101101101100710e+00 3.991666448525284239e-02
6.111111111111110716e+00 4.008717092130921478e-02
6.121121121121120723e+00 4.025815521451722029e-02
6.131131131131130729e+00 4.042981885631245775e-02
6.141141141141140736e+00 4.060185093710498572e-02
6.151151151151150742e+00 4.077438646100363384e-02
6.161161161161160749e+00 4.094754943916275453e-02
6.171171171171170755e+00 4.112107265553577307e-02
6.181181181181180762e+00 4.129512317416678818e-02
6.191191191191190768e+00 4.146975096029049263e-02
6.201201201201200774e+00 4.164473077908417004e-02
6.211211211211210781e+00 4.182026003366379197e-02
6.221221221221220787e+00 4.199631808148272111e-02
6.231231231231230794e+00 4.217271995343199048e-02
6.241241241241240800e+00 4.234969167106338028e-02
6.251251251251250807e+00 4.252714542431085265e-02
6.261261261261260813e+00 4.270493479191082853e-02
6.271271271271270820e+00 4.288331269425871284e-02
6.281281281281280826e+00 4.306212759451064076e-02
6.291291291291290833e+00 4.324126989984986014e-02
6.301301301301300839e+00 4.342101771177957897e-02
6.311311311311310845e+00 4.360115920626292385e-02
6.321321321321320852e+00 4.378161989882464744e-02
6.331331331331330858e+00 4.396270135700411363e-02
6.341341341341340865e+00 4.414413490637307536e-02
6.351351351351350871e+00 4.432587945080482261e-02
6.361361361361360878e+00 4.450825831227124552e-02
6.371371371371370884e+00 4.469094939835169256e-02
6.381381381381380891e+00 4.487396337904923926e-02
6.391391391391390897e+00 4.505758333289175410e-02
6.401401401401400904e+00 4.524149746639301306e-02
6.411411411411410910e+00 4.542575454277341523e-02
6.421421421421420916e+00 4.561057127105644371e-02
6.431431431431430923e+00 4.579567399924926174e-02
6.441441441441440929e+00 4.598113801650613452e-02
6.451451451451450936e+00 4.616711709963743776e-02
6.461461461461460942e+00 4.635337401399738239e-02
6.471471471471470949e+00 4.654000886737839210e-02
6.481481481481480955e+00 4.672711593587878381e-02
6.491491491491490962e+00 4.691449267969281106e-02
6.501501501501500968e+00 4.710226232288974857e-02
6.511511511511510975e+00 4.729046306496984681e-02
6.521521521521520981e+00 4.747892534090471239e-02
6.531531531531530987e+00 4.766779379439977510e-02
6.541541541541540994e+00 4.785705396349707041e-02
6.551551551551551000e+00 4.804656754112725248e-02
6.561561561561561007e+00 4.823649890049196837e-02
6.571571571571571013e+00 4.842678432276530803e-02
6.581581581581581020e+00 4.861731504605820015e-02
6.591591591591591026e+00 4.880827349020325223e-02
6.601601601601601033e+00 4.899955007198242285e-02
6.611611611611611927e+00 4.919106386673767484e-02
6.621621621621621934e+00 4.938301366610935855e-02
6.631631631631631940e+00 4.957524740129751195e-02
6.641641641641641947e+00 4.976771028253900581e-02
6.651651651651651953e+00 4.996061580726014056e-02
6.661661661661661959e+00 5.015377278468535760e-02
6.671671671671671966e+00 5.034715086400144701e-02
6.681681681681681972e+00 5.054097659195269654e-02
6.691691691691691979e+00 5.073502300266653775e-02
6.701701701701701985e+00 5.092929554730657449e-02
6.711711711711711992e+00 5.112399302033439341e-02
6.721721721721721998e+00 5.131889516485338421e-02
6.731731731731732005e+00 5.151403484911165620e-02
6.741741741741742011e+00 5.170956243682518078e-02
6.751751751751752018e+00 5.190528673231302459e-02
6.761761761761762024e+00 5.210125833839642645e-02
6.771771771771772030e+00 5.229758255234864123e-02
6.781781781781782037e+00 5.249409553973487241e-02
6.791791791791792043e+00 5.269086398537067145e-02
6.801801801801802050e+00 5.288795146636172256e-02
6.811811811811812056e+00 5.308521981739395407e-02
6.821821821821822063e+00 5.328275016359662608e-02
6.831831831831832069e+00 5.348056768867157779e-02
6.841841841841842076e+00 5.367855821289770069e-02
6.851851851851852082e+00 5.387681567165530233e-02
6.861861861861862089e+00 5.407533016102919476e-02
6.871871871871872095e+00 5.427400981270624758e-02
6.881881881881882101e+00 5.447295975458201628e-02
6.891891891891892108e+00 5.467213827848863700e-02
6.901901901901902114e+00 5.487147416341454920e-02
6.911911911911912121e+00 5.507108212505940070e-02
6.921921921921922127e+00 5.527089191052023814e-02
6.931931931931932134e+00 5.547085129278526289e-02
6.941941941941942140e+00 5.567108298435800157e-02
6.951951951951952147e+00 5.587149142186807749e-02
6.961961961961962153e+00 5.607204173052206253e-02
6.971971971971972160e+00 5.627286304301215569e-02
6.981981981981982166e+00 5.647383769313935042e-02
6.991991991991992172e+00 5.667494652877188427e-02
7.002002002002002179e+00 5.687632354122115763e-02
7.012012012012012185e+00 5.707783214111509379e-02
7.022022022022022192e+00 5.727947434390025933e-02
7.032032032032032198e+00 5.748136626896496737e-02
7.042042042042042205e+00 5.768337673877285687e-02
7.052052052052052211e+00 5.788552412821772186e-02
7.062062062062062218e+00 5.808789358582289869e-02
7.072072072072072224e+00 5.829037403500832160e-02
7.082082082082082231e+00 5.849299319118454743e-02
7.092092092092092237e+00 5.869580844048642027e-02
7.102102102102102243e+00 5.889872717404844721e-02
7.112112112112112250e+00 5.910178488950595943e-02
7.122122122122122256e+00 5.930501438995448155e-02
7.132132132132132263e+00 5.950833991454328176e-02
7.142142142142142269e+00 5.971180320103059574e-02
7.152152152152152276e+00 5.991541561840272451e-02
7.162162162162162282e+00 6.011911664832943897e-02
7.172172172172172289e+00 6.032295274339185415e-02
7.182182182182182295e+00 6.052691695571576352e-02
7.192192192192192302e+00 6.073096241885287544e-02
7.202202202202202308e+00 6.093513879230627595e-02
7.212212212212212314e+00 6.113942389567457447e-02
7.222222222222222321e+00 6.134378293924476477e-02
7.232232232232232327e+00 6.154826729952107139e-02
7.242242242242242334e+00 6.175284261378949369e-02
7.252252252252252340e+00 6.195748461003905416e-02
7.262262262262262347e+00 6.216224491039995526e-02
7.272272272272272353e+00 6.236707998476972992e-02
7.282282282282282360e+00 6.257197453652559027e-02
7.292292292292292366e+00 6.277697898114230346e-02
7.302302302302302373e+00 6.298204359962275567e-02
7.312312312312312379e+00 6.318716054572892649e-02
7.322322322322322385e+00 6.339237759562481311e-02
7.332332332332332392e+00 6.359764178237460597e-02
7.342342342342342398e+00 6.380295338965044638e-02
7.352352352352352405e+00 6.400834958185948331e-02
7.362362362362362411e+00 6.421378360640367378e-02
7.372372372372372418e+00 6.441926100474527905e-02
7.382382382382382424e+00 6.462480452806151909e-02
7.392392392392392431e+00 6.483037891038276324e-02
7.402402402402402437e+00 6.503599122801748122e-02
7.412412412412412444e+00 6.524165279831921349e-02
7.422422422422422450e+00 6.544733831382067157e-02
7.432432432432432456e+00 6.565305495550874393e-02
7.442442442442442463e+00 6.585880554786063823e-02
7.452452452452452469e+00 6.606457323219923350e-02
7.462462462462462476e+00 6.627036388452807458e-02
7.472472472472472482e+00 6.647617473791130049e-02
7.482482482482482489e+00 6.668199589169913899e-02
7.492492492492492495e+00 6.688783052822777631e-02
7.502502502502502502e+00 6.709367315013733957e-02
7.512512512512512508e+00 6.729951934351005582e-02
7.522522522522522515e+00 6.750536822976165030e-02
7.532532532532532521e+00 6.771121440066940611e-02
7.542542542542542527e+00 6.791705747772008861e-02
7.552552552552552534e+00 6.812289117602163269e-02
7.562562562562562540e+00 6.832871295370375464e-02
7.572572572572572547e+00 6.853452503678066077e-02
7.582582582582582553e+00 6.874031441094768935e-02
7.592592592592592560e+00 6.894608413467528951e-02
7.602602602602602566e+00 6.915183762854298921e-02
7.612612612612612573e+00 6.935755384840844306e-02
7.622622622622622579e+00 6.956324414300057990e-02
7.632632632632632586e+00 6.976891173886291819e-02
7.642642642642642592e+00 6.997452628464928548e-02
7.652652652652652598e+00 7.018011006438713839e-02
7.662662662662662605e+00 7.038566317637061365e-02
7.672672672672672611e+00 7.059114941030454615e-02
7.682682682682682618e+00 7.079659988270646520e-02
7.692692692692692624e+00 7.100200913209969711e-02
7.702702702702702631e+00 7.120734182197335782e-02
7.712712712712712637e+00 7.141263249142983105e-02
7.722722722722722644e+00 7.161787015251856736e-02
7.732732732732732650e+00 7.182302303335523497e-02
7.742742742742742657e+00 7.202812770462364844e-02
7.752752752752752663e+00 7.223316637613749758e-02
7.762762762762762669e+00 7.243811348594610122e-02
7.772772772772772676e+00 7.264300626750458401e-02
7.782782782782782682e+00 7.284781887627404806e-02
7.792792792792792689e+00 7.305253455929271167e-02
7.802802802802802695e+00 7.325718986655321840e-02
7.812812812812812702e+00 7.346174967100693731e-02
7.822822822822822708e+00 7.366620858080576151e-02
7.832832832832832715e+00 7.387060113918640647e-02
7.842842842842842721e+00 7.407488173268830800e-02
7.852852852852852727e+00 7.427905883513118146e-02
7.862862862862862734e+00 7.448316368298756041e-02
7.872872872872872740e+00 7.468713899701462378e-02
7.882882882882882747e+00 7.489100957308054973e-02
7.892892892892892753e+00 7.509480206449682671e-02
7.902902902902902760e+00 7.529844637165755694e-02
7.912912912912912766e+00 7.550198602012124505e-02
7.922922922922922773e+00 7.570544182756014373e-02
7.932932932932932779e+00 7.590872974445403432e-02
7.942942942942942786e+00 7.611191438442731216e-02
7.952952952952952792e+00 7.631500950124149585e-02
7.962962962962962798e+00 7.651791599115977116e-02
7.972972972972972805e+00 7.672072186449289954e-02
7.982982982982982811e+00 7.692342836119879512e-02
7.992992992992992818e+00 7.712593298276615439e-02
8.003003003003001936e+00 7.732833665631110021e-02
8.013013013013011943e+00 7.753062482654742016e-02
8.023023023023021949e+00 7.773270959238284816e-02
8.033033033033031955e+00 7.793468796011814026e-02
8.043043043043041962e+00 7.813653364469226592e-02
8.053053053053051968e+00 7.833817570168984112e-02
8.063063063063061975e+00 7.853970598670874381e-02
8.073073073073071981e+00 7.874108538133921253e-02
8.083083083083081988e+00 7.894226220696026752e-02
8.093093093093091994e+00 7.914332196332300728e-02
8.103103103103102001e+00 7.934421162063985677e-02
8.113113113113112007e+00 7.954490102465915091e-02
8.123123123123122014e+00 7.974546813910993182e-02
8.133133133133132020e+00 7.994584497050166716e-02
8.143143143143142026e+00 8.014602509661977736e-02
8.153153153153152033e+00 8.034607779017005624e-02
8.163163163163162039e+00 8.054591906747943231e-02
8.173173173173172046e+00 8.074556839480220849e-02
8.183183183183182052e+00 8.094508522418206176e-02
8.193193193193192059e+00 8.114436858125285978e-02
8.203203203203202065e+00 8.134346592563936051e-02
8.213213213213213848e+00 8.154242578461680380e-02
8.223223223223223854e+00 8.174112921869164383e-02
8.233233233233233861e+00 8.193965373397260610e-02
8.243243243243243867e+00 8.213803585454422518e-02
8.253253253253253874e+00 8.233613772751657844e-02
8.263263263263263880e+00 8.253406890658374073e-02
8.273273273273273887e+00 8.273185286003655048e-02
8.283283283283283893e+00 8.292933189955840889e-02
8.293293293293293900e+00 8.312664957532772680e-02
8.303303303303303906e+00 8.332380933556078617e-02
8.313313313313313913e+00 8.352065057362101363e-02
8.323323323323323919e+00 8.371733491986990683e-02
8.333333333333333925e+00 8.391384062599888116e-02
8.343343343343343932e+00 8.411003363795381549e-02
8.353353353353353938e+00 8.430606517003567946e-02
8.363363363363363945e+00 8.450189646802201693e-02
8.373373373373373951e+00 8.469742203233951439e-02
8.383383383383383958e+00 8.489278160777613547e-02
8.393393393393393964e+00 8.508791851210575907e-02
8.403403403403403971e+00 8.528275774980208224e-02
8.413413413413413977e+00 8.547742656875632894e-02
8.423423423423423984e+00 8.567184946292151493e-02
8.433433433433433990e+00 8.586598383794163958e-02
8.443443443443443996e+00 8.605994344357235926e-02
8.453453453453454003e+00 8.625363308042063859e-02
8.463463463463464009e+00 8.644704439990195943e-02
8.473473473473474016e+00 8.664027667860295379e-02
8.483483483483484022e+00 8.683321418055521546e-02
8.493493493493494029e+00 8.702588459497698214e-02
8.503503503503504035e+00 8.721837177650193507e-02
8.513513513513514042e+00 8.741053863564270110e-02
8.523523523523524048e+00 8.760245063886346051e-02
8.533533533533534055e+00 8.779417529633916362e-02
8.543543543543544061e+00 8.798555337437991009e-02
8.553553553553554067e+00 8.817668980356445363e-02
8.563563563563564074e+00 8.836763485339459157e-02
8.573573573573574080e+00 8.855820638151512547e-02
8.583583583583584087e+00 8.874855041695364766e-02
8.593593593593594093e+00 8.893869911861436439e-02
8.603603603603604100e+00 8.912844669718199275e-02
8.613613613613614106e+00 8.931798186200330669e-02
8.623623623623624113e+00 8.950731105619763595e-02
8.633633633633634119e+00 8.969622441590517636e-02
8.643643643643644126e+00 8.988493457568640099e-02
8.653653653653654132e+00 9.007341441220220735e-02
8.663663663663664138e+00 9.026149068528330210e-02
8.673673673673674145e+00 9.044936004755813053e-02
8.683683683683684151e+00 9.063697404773579658e-02
8.693693693693694158e+00 9.082419770435622153e-02
8.703703703703704164e+00 9.101121081802424073e-02
8.713713713713714171e+00 9.119794287049656778e-02
8.723723723723724177e+00 9.138429872166486945e-02
8.733733733733734184e+00 9.157044047630384653e-02
8.743743743743744190e+00 9.175627483620389657e-02
8.753753753753754197e+00 9.194174803300939058e-02
8.763763763763764203e+00 9.212700365809328718e-02
8.773773773773774209e+00 9.231192494615657329e-02
8.783783783783784216e+00 9.249650097891506939e-02
8.793793793793794222e+00 9.268085604293975488e-02
8.803803803803804229e+00 9.286484924450201517e-02
8.813813813813814235e+00 9.304851394181090640e-02
8.823823823823824242e+00 9.323195435133035947e-02
8.833833833833834248e+00 9.341500481522557742e-02
8.843843843843844255e+00 9.359774434293136047e-02
8.853853853853854261e+00 9.378025634150620460e-02
8.863863863863864268e+00 9.396234977886490369e-02
8.873873873873874274e+00 9.414415063894482349e-02
8.883883883883884280e+00 9.432572080600602760e-02
8.893893893893894287e+00 9.450684328896026554e-02
8.903903903903904293e+00 9.468769231832104005e-02
8.913913913913914300e+00 9.486830756795068542e-02
8.923923923923924306e+00 9.504844552824517900e-02
8.933933933933934313e+00 9.522832989744085819e-02
8.943943943943944319e+00 9.540797062028671949e-02
8.953953953953954326e+00 9.558711770458647172e-02
8.963963963963964332e+00 9.576602491645815063e-02
8.973973973973974338e+00 9.594466143527745350e-02
8.983983983983984345e+00 9.612282204668232133e-02
8.993993993993994351e+00 9.630073993492142825e-02
9.004004004004004358e+00 9.647835957383366079e-02
9.014014014014014364e+00 9.665552179952298373e-02
9.024024024024024371e+00 9.683243852716147404e-02
9.034034034034034377e+00 9.700902896435066591e-02
9.044044044044044384e+00 9.718518121962459178e-02
9.054054054054054390e+00 9.736108527745360175e-02
9.064064064064064397e+00 9.753663454339804584e-02
9.074074074074074403e+00 9.771176557004236651e-02
9.084084084084084409e+00 9.788664577496231090e-02
9.094094094094094416e+00 9.806114225058701339e-02
9.104104104104104422e+00 9.823524111517055457e-02
9.114114114114114429e+00 9.840908660847443035e-02
9.124124124124124435e+00 9.858251902322902327e-02
9.134134134134134442e+00 9.875557511533700206e-02
9.144144144144144448e+00 9.892837536093007644e-02
9.154154154154154455e+00 9.910073279079537056e-02
9.164164164164164461e+00 9.927273582120008100e-02
9.174174174174174468e+00 9.944448060375736531e-02
9.184184184184184474e+00 9.961575246918237536e-02
9.194194194194194480e+00 9.978669246795439374e-02
9.204204204204204487e+00 9.995737189101937259e-02
9.214214214214214493e+00 1.001275479547929087e-01
9.224224224224224500e+00 1.002974152693543869e-01
9.234234234234234506e+00 1.004670197533798909e-01
9.244244244244244513e+00 1.006360901184379653e-01
9.254254254254254519e+00 1.008048754115610651e-01
9.264264264264264526e+00 1.009733893215440381e-01
9.274274274274274532e+00 1.011413507990688715e-01
9.284284284284284539e+00 1.013090450468210474e-01
9.294294294294294545e+00 1.014764390453239823e-01
9.304304304304304551e+00 1.016433027973451808e-01
9.314314314314314558e+00 1.018098972869838359e-01
9.324324324324324564e+00 1.019761623173267850e-01
9.334334334334334571e+00 1.021419198690464575e-01
9.344344344344344577e+00 1.023074061968653470e-01
9.354354354354354584e+00 1.024725335343808080e-01
9.364364364364364590e+00 1.026371767183348188e-01
9.374374374374374597e+00 1.028015467874641431e-01
9.384384384384384603e+00 1.029655280370519593e-01
9.394394394394394610e+00 1.031290489908756325e-01
9.404404404404404616e+00 1.032922950090382763e-01
9.414414414414414622e+00 1.034551221026709100e-01
9.424424424424424629e+00 1.036175132668221421e-01
9.434434434434434635e+00 1.037796277440482667e-01
9.444444444444444642e+00 1.039412929382305673e-01
9.454454454454454648e+00 1.041025470536732639e-01
9.464464464464464655e+00 1.042635227999749725e-01
9.474474474474474661e+00 1.044240186731588693e-01
9.484484484484484668e+00 1.045841287790083701e-01
9.494494494494494674e+00 1.047439589020176948e-01
9.504504504504504681e+00 1.049032783519761869e-01
9.514514514514514687e+00 1.050622377831087056e-01
9.524524524524524693e+00 1.052209156856791922e-01
9.534534534534534700e+00 1.053790519268411052e-01
9.544544544544544706e+00 1.055368543114700852e-01
9.554554554554554713e+00 1.056943736892462932e-01
9.564564564564564719e+00 1.058513202499942185e-01
9.574574574574574726e+00 1.060079595072145053e-01
9.584584584584584732e+00 1.061643088982623523e-01
9.594594594594594739e+00 1.063200650661037111e-01
9.604604604604604745e+00 1.064755354034064155e-01
9.614614614614614752e+00 1.066306859892834497e-01
9.624624624624624758e+00 1.067852690045208441e-01
9.634634634634634764e+00 1.069395649152808797e-01
9.644644644644644771e+00 1.070935109972144944e-01
9.654654654654654777e+00 1.072469155714515926e-01
9.664664664664664784e+00 1.074000318323893588e-01
9.674674674674674790e+00 1.075527680158499949e-01
9.684684684684684797e+00 1.077049891420500533e-01
9.694694694694694803e+00 1.078569208106694988e-01
9.704704704704704810e+00 1.080084420025327480e-01
9.714714714714714816e+00 1.081594749524395355e-01
9.724724724724724823e+00 1.083102173644447941e-01
9.734734734734734829e+00 1.084605187701300072e-01
9.744744744744744835e+00 1.086103590916685652e-01
9.754754754754754842e+00 1.087599078583605661e-01
9.764764764764764848e+00 1.089089849789475206e-01
9.774774774774774855e+00 1.090576284936067147e-01
9.784784784784784861e+00 1.092059794992619876e-01
9.794794794794794868e+00 1.093538281285881125e-01
9.804804804804804874e+00 1.095012709287864205e-01
9.814814814814814881e+00 1.096484203280196218e-01
9.824824824824824887e+00 1.097950365497595421e-01
9.834834834834834894e+00 1.099412749961965752e-01
9.844844844844844900e+00 1.100872192113089426e-01
9.854854854854854906e+00 1.102325993960389522e-01
9.864864864864864913e+00 1.103776301150336120e-01
9.874874874874874919e+00 1.105223658333485959e-01
9.884884884884884926e+00 1.106665066355974475e-01
9.894894894894894932e+00 1.108103265164151752e-01
9.904904904904904939e+00 1.109538464607976449e-01
9.914914914914914945e+00 1.110967490428921567e-01
9.924924924924924952e+00 1.112393552350626480e-01
9.934934934934934958e+00 1.113816313046896433e-01
9.944944944944944965e+00 1.115233181903296095e-01
9.954954954954954971e+00 1.116647081009566611e-01
9.964964964964964977e+00 1.118057376472665759e-01
9.974974974974974984e+00 1.119462064399072004e-01
9.984984984984984990e+00 1.120863777309724502e-01
9.994994994994994997e+00 1.122261583789579409e-01
1.000500500500500500e+01 1.123654069348360984e-01
1.001501501501501501e+01 1.125043575204981161e-01
1.002502502502502502e+01 1.126428871657212949e-01
1.003503503503503502e+01 1.127809135911523875e-01
1.004504504504504503e+01 1.129186416350427685e-01
1.005505505505505504e+01 1.130559184406471629e-01
1.006506506506506504e+01 1.131927210893200336e-01
1.007507507507507505e+01 1.133292250018383823e-01
1.008508508508508505e+01 1.134652473955603674e-01
1.009509509509509506e+01 1.136008248658317427e-01
1.010510510510510507e+01 1.137361033014401418e-01
1.011511511511511507e+01 1.138708699726208445e-01
1.012512512512512508e+01 1.140052211048113301e-01
1.013513513513513509e+01 1.141392729593307537e-01
1.014514514514514509e+01 1.142727828559300662e-01
1.015515515515515510e+01 1.144059067296226001e-01
1.016516516516516511e+01 1.145387311375322403e-01
1.017517517517517511e+01 1.146709834631474551e-01
1.018518518518518512e+01 1.148028793944898124e-01
1.019519519519519513e+01 1.149344757262304589e-01
1.020520520520520513e+01 1.150654699371201073e-01
1.021521521521521514e+01 1.151961374761332618e-01
1.022522522522522515e+01 1.153265025039017788e-01
1.023523523523523515e+01 1.154562411375325143e-01
1.024524524524524516e+01 1.155856800654254252e-01
1.025525525525525516e+01 1.157147866301045519e-01
1.026526526526526517e+01 1.158432966325774749e-01
1.027527527527527518e+01 1.159715069590700337e-01
1.028528528528528518e+01 1.160993551356032938e-01
1.029529529529529519e+01 1.162266366906549719e-01
1.030530530530530520e+01 1.163536186513109277e-01
1.031531531531531520e+01 1.164802087569548616e-01
1.032532532532532521e+01 1.166062622721018432e-01
1.033533533533533522e+01 1.167320163256716087e-01
1.034534534534534522e+01 1.168573489170642715e-01
1.035535535535535523e+01 1.169821750209560501e-01
1.036536536536536524e+01 1.171067018467324000e-01
1.037537537537537524e+01 1.172307777169765558e-01
1.038538538538538525e+01 1.173543772567604976e-01
1.039539539539539525e+01 1.174776777519463689e-01
1.040540540540540526e+01 1.176004979277073120e-01
1.041541541541541527e+01 1.177228719664084183e-01
1.042542542542542527e+01 1.178449472434999756e-01
1.043543543543543528e+01 1.179665129821203390e-01
1.044544544544544529e+01 1.180876627960358166e-01
1.045545545545545529e+01 1.182085141802204920e-01
1.046546546546546530e+01 1.183288269668535259e-01
1.047547547547547531e+01 1.184487540429636637e-01
1.048548548548548531e+01 1.185683830695345164e-01
1.049549549549549532e+01 1.186874446142958256e-01
1.050550550550550533e+01 1.188061506476925516e-01
1.051551551551551533e+01 1.189245590594808777e-01
1.052552552552552534e+01 1.190423712946215018e-01
1.053553553553553535e+01 1.191598581859550920e-01
1.054554554554554535e+01 1.192770465595290735e-01
1.055555555555555536e+01 1.193936130078820657e-01
1.056556556556556536e+01 1.195098828608276847e-01
1.057557557557557537e+01 1.196258252335303529e-01
1.058558558558558538e+01 1.197411763761608433e-01
1.059559559559559538e+01 1.198562314949053187e-01
1.060560560560560539e+01 1.199709303421024609e-01
1.061561561561561540e+01 1.200850686357927272e-01
1.062562562562562540e+01 1.201989115225427507e-01
1.063563563563563541e+01 1.203123695320189451e-01
1.064564564564564542e+01 1.204252976296523725e-01
1.065565565565565542e+01 1.205379309821656142e-01
1.066566566566566543e+01 1.206501510514042946e-01
1.067567567567567544e+01 1.207618717995138230e-01
1.068568568568568544e+01 1.208732985086526102e-01
1.069569569569569545e+01 1.209842837421421513e-01
1.070570570570570545e+01 1.210948001784837025e-01
1.071571571571571546e+01 1.212050233257938592e-01
1.072572572572572547e+01 1.213147770323622504e-01
1.073573573573573547e+01 1.214240923835121361e-01
1.074574574574574548e+01 1.215331152388257063e-01
1.075575575575575549e+01 1.216416409290037304e-01
1.076576576576576549e+01 1.217497586079829691e-01
1.077577577577577550e+01 1.218575846270484181e-01
1.078578578578578551e+01 1.219648860104625976e-01
1.079579579579579551e+01 1.220718096143866560e-01
1.080580580580580552e+01 1.221784424365243427e-01
1.081581581581581553e+01 1.222845234193203623e-01
1.082582582582582553e+01 1.223902567270771374e-01
1.083583583583583554e+01 1.224957001728633754e-01
1.084584584584584555e+01 1.226005648551620197e-01
1.085585585585585555e+01 1.227051118251175493e-01
1.086586586586586556e+01 1.228093698940963402e-01
1.087587587587587556e+01 1.229130225674810173e-01
1.088588588588588557e+01 1.230163873352143888e-01
1.089589589589589558e+01 1.231194356726391659e-01
1.090590590590590558e+01 1.232219093486769806e-01
1.091591591591591559e+01 1.233240962247443839e-01
1.092592592592592560e+01 1.234259393442100478e-01
1.093593593593593560e+01 1.235272385271460188e-01
1.094594594594594561e+01 1.236282519948758707e-01
1.095595595595595562e+01 1.237288946558532943e-01
1.096596596596596562e+01 1.238290239604674797e-01
1.097597597597597563e+01 1.239288686737858719e-01
1.098598598598598564e+01 1.240283158186848422e-01
1.099599599599599564e+01 1.241272800286887246e-01
1.100600600600600565e+01 1.242259608099770263e-01
1.101601601601601566e+01 1.243242175617904760e-01
1.102602602602602566e+01 1.244220216277095031e-01
1.103603603603603567e+01 1.245195434656940214e-01
1.104604604604604567e+01 1.246166151256796473e-01
1.105605605605605568e+01 1.247132641627689276e-01
1.106606606606606569e+01 1.248096322104437078e-01
1.107607607607607569e+01 1.249055242558429341e-01
1.108608608608608570e+01 1.250010235420359328e-01
1.109609609609609571e+01 1.250962431146188658e-01
1.110610610610610571e+01 1.251909611964143465e-01
1.111611611611611572e+01 1.252853161703061102e-01
1.112612612612612573e+01 1.253793927432294009e-01
1.113613613613613573e+01 1.254729426839409634e-01
1.114614614614614574e+01 1.255661589428052061e-01
1.115615615615615575e+01 1.256590981497402171e-01
1.116616616616616575e+01 1.257514859412612318e-01
1.117617617617617576e+01 1.258435692391033367e-01
1.118618618618618576e+01 1.259353768700210707e-01
1.119619619619619577e+01 1.260266086714944278e-01
1.120620620620620578e+01 1.261175649171393243e-01
1.121621621621621578e+01 1.262082210849622410e-01
1.122622622622622579e+01 1.262983290521413060e-01
1.123623623623623580e+01 1.263881643073580530e-01
1.124624624624624580e+01 1.264776740328951710e-01
1.125625625625625581e+01 1.265666657292992547e-01
1.126626626626626582e+01 1.266553862069616787e-01
1.127627627627627582e+01 1.267437560584573075e-01
1.128628628628628583e+01 1.268316378119924426e-01
1.129629629629629584e+01 1.269192498742775510e-01
1.130630630630630584e+01 1.270064865801171228e-01
1.131631631631631585e+01 1.270932648666187881e-01
1.132632632632632586e+01 1.271797750232421809e-01
1.133633633633633586e+01 1.272658854700170483e-01
1.134634634634634587e+01 1.273515669115155013e-01
1.135635635635635587e+01 1.274369818180047520e-01
1.136636636636636588e+01 1.275219730486191749e-01
1.137637637637637589e+01 1.276065644116429199e-01
1.138638638638638589e+01 1.276908908676498422e-01
1.139639639639639590e+01 1.277747700794726327e-01
1.140640640640640591e+01 1.278582782733911627e-01
1.141641641641641769e+01 1.279415232210425746e-01
1.142642642642642770e+01 1.280242977641023183e-01
1.143643643643643770e+01 1.281067298395070220e-01
1.144644644644644771e+01 1.281889003617945055e-01
1.145645645645645772e+01 1.282705777370199141e-01
1.146646646646646772e+01 1.283519408841455878e-01
1.147647647647647773e+01 1.284330442033551345e-01
1.148648648648648773e+01 1.285136320608598892e-01
1.149649649649649774e+01 1.285939336080452744e-01
1.150650650650650775e+01 1.286739770842271480e-01
1.151651651651651775e+01 1.287534832216410408e-01
1.152652652652652776e+01 1.288327306338299116e-01
1.153653653653653777e+01 1.289116988809630993e-01
1.154654654654654777e+01 1.289901541241529614e-01
1.155655655655655778e+01 1.290683550014357639e-01
1.156656656656656779e+01 1.291462534979763987e-01
1.157657657657657779e+01 1.292236680874715438e-01
1.158658658658658780e+01 1.293008301636679458e-01
1.159659659659659781e+01 1.293776670690346964e-01
1.160660660660660781e+01 1.294540488406026868e-01
1.161661661661661782e+01 1.295301799818850130e-01
1.162662662662662783e+01 1.296059635975333191e-01
1.163663663663663783e+01 1.296813205182538453e-01
1.164664664664664784e+01 1.297564287218125334e-01
1.165665665665665784e+01 1.298311674897758283e-01
1.166666666666666785e+01 1.299055076567388889e-01
1.167667667667667786e+01 1.299796010494892184e-01
1.168668668668668786e+01 1.300533035509655877e-01
1.169669669669669787e+01 1.301266351900110529e-01
1.170670670670670788e+01 1.301997220273422018e-01
1.171671671671671788e+01 1.302723969813304183e-01
1.172672672672672789e+01 1.303447284458303657e-01
1.173673673673673790e+01 1.304168171103968765e-01
1.174674674674674790e+01 1.304884733723797596e-01
1.175675675675675791e+01 1.305598131420629415e-01
1.176676676676676792e+01 1.306309121426181274e-01
1.177677677677677792e+01 1.307015587032947790e-01
1.178678678678678793e+01 1.307719153831141123e-01
1.179679679679679793e+01 1.308420333533872049e-01
1.180680680680680794e+01 1.309116793374533738e-01
1.181681681681681795e+01 1.309810616564963948e-01
1.182682682682682795e+01 1.310502073541120749e-01
1.183683683683683796e+01 1.311188620190898713e-01
1.184684684684684797e+01 1.311872788295322112e-01
1.185685685685685797e+01 1.312554413477369231e-01
1.186686686686686798e+01 1.313231338700903972e-01
1.187687687687687799e+01 1.313905941461928351e-01
1.188688688688688799e+01 1.314577794782027520e-01
1.189689689689689800e+01 1.315245223869244973e-01
1.190690690690690801e+01 1.315910352240738102e-01
1.191691691691691801e+01 1.316572529546801429e-01
1.192692692692692802e+01 1.317230554377142870e-01
1.193693693693693803e+01 1.317886300515075382e-01
1.194694694694694803e+01 1.318538898946206017e-01
1.195695695695695804e+01 1.319187612594404091e-01
1.196696696696696804e+01 1.319834069848135338e-01
1.197697697697697805e+01 1.320477187825154497e-01
1.198698698698698806e+01 1.321116684552866294e-01
1.199699699699699806e+01 1.321753947456872080e-01
1.200700700700700807e+01 1.322387684673350106e-01
1.201701701701701808e+01 1.323018059921230172e-01
1.202702702702702808e+01 1.323646224187274567e-01
1.203703703703703809e+01 1.324270681601067701e-01
1.204704704704704810e+01 1.324892031981289575e-01
1.205705705705705810e+01 1.325511194491038602e-01
1.206706706706706811e+01 1.326126474316327852e-01
1.207707707707707812e+01 1.326738897605546919e-01
1.208708708708708812e+01 1.327349156403632435e-01
1.209709709709709813e+01 1.327955362103472592e-01
1.210710710710710813e+01 1.328558957236244120e-01
1.211711711711711814e+01 1.329160411523776508e-01
1.212712712712712815e+01 1.329757647803149201e-01
1.213713713713713815e+01 1.330352514865790758e-01
1.214714714714714816e+01 1.330945264994319310e-01
1.215715715715715817e+01 1.331533637793706759e-01
1.216716716716716817e+01 1.332119878018609427e-01
1.217717717717717818e+01 1.332703859190145224e-01
1.218718718718718819e+01 1.333283641973994349e-01
1.219719719719719819e+01 1.333861357734393294e-01
1.220720720720720820e+01 1.334436636640415896e-01
1.221721721721721821e+01 1.335007973747592280e-01
1.222722722722722821e+01 1.335577268552783081e-01
1.223723723723723822e+01 1.336143954197744621e-01
1.224724724724724823e+01 1.336706950008455241e-01
1.225725725725725823e+01 1.337267928499469016e-01
1.226726726726726824e+01 1.337826131104850880e-01
1.227727727727727824e+01 1.338380891127983752e-01
1.228728728728728825e+01 1.338933659073716365e-01
1.229729729729729826e+01 1.339483490073915539e-01
1.230730730730730826e+01 1.340030120943526692e-01
1.231731731731731827e+01 1.340574785237322319e-01
1.232732732732732828e+01 1.341116357276050108e-01
1.233733733733733828e+01 1.341654966748306588e-01
1.234734734734734829e+01 1.342191635405002026e-01
1.235735735735735830e+01 1.342725062332209285e-01
1.236736736736736830e+01 1.343255759282791784e-01
1.237737737737737831e+01 1.343784541436217339e-01
1.238738738738738832e+01 1.344309938305533192e-01
1.239739739739739832e+01 1.344832832727496374e-01
1.240740740740740833e+01 1.345353838628434995e-01
1.241741741741741833e+01 1.345871321695130129e-01
1.242742742742742834e+01 1.346386524697222864e-01
1.243743743743743835e+01 1.346899865711830846e-01
1.244744744744744835e+01 1.347409552431302060e-01
1.245745745745745836e+01 1.347917176236747283e-01
1.246746746746746837e+01 1.348422964845435168e-01
1.247747747747747837e+01 1.348924973872215327e-01
1.248748748748748838e+01 1.349425131817953705e-01
1.249749749749749839e+01 1.349923346868423801e-01
1.250750750750750839e+01 1.350417932802010779e-01
1.251751751751751840e+01 1.350910739338401778e-01
1.252752752752752841e+01 1.351401456925473143e-01
1.253753753753753841e+01 1.351888779430369947e-01
1.254754754754754842e+01 1.352374350121358926e-01
1.255755755755755843e+01 1.352857691896495185e-01
1.256756756756756843e+01 1.353337867393528404e-01
1.257757757757757844e+01 1.353816318917277217e-01
1.258758758758758844e+01 1.354292407731728931e-01
1.259759759759759845e+01 1.354765553756729912e-01
1.260760760760760846e+01 1.355237003906703819e-01
1.261761761761761846e+01 1.355705963812882942e-01
1.262762762762762847e+01 1.356172199018157443e-01
1.263763763763763848e+01 1.356636766704686636e-01
1.264764764764764848e+01 1.357098722958054726e-01
1.265765765765765849e+01 1.357558167114292225e-01
1.266766766766766850e+01 1.358015972366588553e-01
1.267767767767767850e+01 1.358471051428083998e-01
1.268768768768768851e+01 1.358923825426743837e-01
1.269769769769769852e+01 1.359374989395385758e-01
1.270770770770770852e+01 1.359823318934371694e-01
1.271771771771771853e+01 1.360269544790536356e-01
1.272772772772772854e+01 1.360714189750419356e-01
1.273773773773773854e+01 1.361155898648157558e-01
1.274774774774774855e+01 1.361595699503841128e-01
1.275775775775775855e+01 1.362033948857591936e-01
1.276776776776776856e+01 1.362469167211252663e-01
1.277777777777777857e+01 1.362902667339184193e-01
1.278778778778778857e+01 1.363334645621041563e-01
1.279779779779779858e+01 1.363763504748229105e-01
1.280780780780780859e+01 1.364190829556094775e-01
1.281781781781781859e+01 1.364616558696906123e-01
1.282782782782782860e+01 1.365039294880076859e-01
1.283783783783783861e+01 1.365460570915232874e-01
1.284784784784784861e+01 1.365880140105518725e-01
1.285785785785785862e+01 1.366296924739311136e-01
1.286786786786786863e+01 1.366712279693959586e-01
1.287787787787787863e+01 1.367125823325721079e-01
1.288788788788788864e+01 1.367536784986544685e-01
1.289789789789789864e+01 1.367946347703374865e-01
1.290790790790790865e+01 1.368354001409075316e-01
1.291791791791791866e+01 1.368759269828521419e-01
1.292792792792792866e+01 1.369163170306819666e-01
1.293793793793793867e+01 1.369565070966298759e-01
1.294794794794794868e+01 1.369964777037611658e-01
1.295795795795795868e+01 1.370363146439835256e-01
1.296796796796796869e+01 1.370759432187745874e-01
1.297797797797797870e+01 1.371153707972761204e-01
1.298798798798798870e+01 1.371546678631581917e-01
1.299799799799799871e+01 1.371937488865360710e-01
1.300800800800800872e+01 1.372326467601912292e-01
1.301801801801801872e+01 1.372714173027716755e-01
1.302802802802802873e+01 1.373099648416079011e-01
1.303803803803803874e+01 1.373483464525868392e-01
1.304804804804804874e+01 1.373866039414734508e-01
1.305805805805805875e+01 1.374246321906699708e-01
1.306806806806806875e+01 1.374625111003637823e-01
1.307807807807807876e+01 1.375002691245773567e-01
1.308808808808808877e+01 1.375377924080222192e-01
1.309809809809809877e+01 1.375751822979229266e-01
1.310810810810810878e+01 1.376124545667873345e-01
1.311811811811811879e+01 1.376494873383621309e-01
1.312812812812812879e+01 1.376864020109892783e-01
1.313813813813813880e+01 1.377231949877465444e-01
1.314814814814814881e+01 1.377597591997098414e-01
1.315815815815815881e+01 1.377962125795841875e-01
1.316816816816816882e+01 1.378325369713678528e-01
1.317817817817817883e+01 1.378686505864788192e-01
1.318818818818818883e+01 1.379046567211421048e-01
1.319819819819819884e+01 1.379405273115755226e-01
1.320820820820820884e+01 1.379762044726912384e-01
1.321821821821821885e+01 1.380117775337721397e-01
1.322822822822822886e+01 1.380472092404165796e-01
1.323823823823823886e+01 1.380824642153402337e-01
1.324824824824824887e+01 1.381176184996674716e-01
1.325825825825825888e+01 1.381526263752672901e-01
1.326826826826826888e+01 1.381874735578963453e-01
1.327827827827827889e+01 1.382222234886572032e-01
1.328828828828828890e+01 1.382568227224376667e-01
1.329829829829829890e+01 1.382912766339602084e-01
1.330830830830830891e+01 1.383256367619065674e-01
1.331831831831831892e+01 1.383598426809244664e-01
1.332832832832832892e+01 1.383939179710600154e-01
1.333833833833833893e+01 1.384279029757594370e-01
1.334834834834834894e+01 1.384617310463060746e-01
1.335835835835835894e+01 1.384954424945939733e-01
1.336836836836836895e+01 1.385290671857279943e-01
1.337837837837837895e+01 1.385625330147845780e-01
1.338838838838838896e+01 1.385958955319178953e-01
1.339839839839839897e+01 1.386291748506258414e-01
1.340840840840840897e+01 1.386622941873713877e-01
1.341841841841841898e+01 1.386953228165772045e-01
1.342842842842842899e+01 1.387282718368465784e-01
1.343843843843843899e+01 1.387610605742175818e-01
1.344844844844844900e+01 1.387937704926835436e-01
1.345845845845845901e+01 1.388263999355819067e-01
1.346846846846846901e+01 1.388588785990892138e-01
1.347847847847847902e+01 1.388912851194354092e-01
1.348848848848848903e+01 1.389236080754508718e-01
1.349849849849849903e+01 1.389557951039863681e-01
1.350850850850850904e+01 1.389879136757840028e-01
1.351851851851851904e+01 1.390199464044149791e-01
1.352852852852852905e+01 1.390518573539058222e-01
1.353853853853853906e+01 1.390837035652413567e-01
1.354854854854854906e+01 1.391154624756150149e-01
1.355855855855855907e+01 1.391471130417477886e-01
1.356856856856856908e+01 1.391787026208325673e-01
1.357857857857857908e+01 1.392102042734990608e-01
1.358858858858858909e+01 1.392416102933664301e-01
1.359859859859859910e+01 1.392729591101929121e-01
1.360860860860860910e+01 1.393042202189716250e-01
1.361861861861861911e+01 1.393353976727626509e-01
1.362862862862862912e+01 1.393665217408049661e-01
1.363863863863863912e+01 1.393975591746824672e-01
1.364864864864864913e+01 1.394285241874205772e-01
1.365865865865865914e+01 1.394594396653819901e-01
1.366866866866866914e+01 1.394902704504617508e-01
1.367867867867867915e+01 1.395210392937866473e-01
1.368868868868868915e+01 1.395517624873915952e-01
1.369869869869869916e+01 1.395824038088946950e-01
1.370870870870870917e+01 1.396129929028901984e-01
1.371871871871871917e+01 1.396435402667217662e-01
1.372872872872872918e+01 1.396740094710400282e-01
1.373873873873873919e+01 1.397044353861074950e-01
1.374874874874874919e+01 1.397348235254903814e-01
1.375875875875875920e+01 1.397651381222890510e-01
1.376876876876876921e+01 1.397954175810652011e-01
1.377877877877877921e+01 1.398256614918398366e-01
1.378878878878878922e+01 1.398558409183678353e-01
1.379879879879879923e+01 1.398859907976881811e-01
1.380880880880880923e+01 1.399161066763083272e-01
1.381881881881881924e+01 1.399461694914781174e-01
1.382882882882882924e+01 1.399762068243852464e-01
1.383883883883883925e+01 1.400062125982406980e-01
1.384884884884884926e+01 1.400361759565810493e-01
1.385885885885885926e+01 1.400661179343775931e-01
1.386886886886886927e+01 1.400960317018969947e-01
1.387887887887887928e+01 1.401259129178198670e-01
1.388888888888888928e+01 1.401557768921662395e-01
1.389889889889889929e+01 1.401856169251503303e-01
1.390890890890890930e+01 1.402154334750837228e-01
1.391891891891891930e+01 1.402452369601401572e-01
1.392892892892892931e+01 1.402750217061441151e-01
1.393893893893893932e+01 1.403047912307091027e-01
1.394894894894894932e+01 1.403345519053227075e-01
1.395895895895895933e+01 1.403642999900907573e-01
1.396896896896896934e+01 1.403940402963227974e-01
1.397897897897897934e+01 1.404237760062580775e-01
1.398898898898898935e+01 1.404535062362063935e-01
1.399899899899899935e+01 1.404832352998207079e-01
1.400900900900900936e+01 1.405129640600348007e-01
1.401901901901901937e+01 1.405426954247859517e-01
1.402902902902902937e+01 1.405724313924875402e-01
1.403903903903903938e+01 1.406021713894495817e-01
1.404904904904904939e+01 1.406319230644155205e-01
1.405905905905905939e+01 1.406616842562521119e-01
1.406906906906906940e+01 1.406914538503055423e-01
1.407907907907907941e+01 1.407212451993210822e-01
1.408908908908908941e+01 1.407510501110804391e-01
1.409909909909909942e+01 1.407808686181732660e-01
1.410910910910910943e+01 1.408107184168557735e-01
1.411911911911911943e+01 1.408405857225061841e-01
1.412912912912912944e+01 1.408704733085754668e-01
1.413913913913913944e+01 1.409003998551209558e-01
1.414914914914914945e+01 1.409303484092953862e-01
1.415915915915915946e+01 1.409603249210774067e-01
1.416916916916916946e+01 1.409903472107261191e-01
1.417917917917917947e+01 1.410203960512492194e-01
1.418918918918918948e+01 1.410504815335070217e-01
1.419919919919919948e+01 1.410806187466811246e-01
1.420920920920920949e+01 1.411107870971395617e-01
1.421921921921921950e+01 1.411410017955171681e-01
1.422922922922922950e+01 1.411712733004240328e-01
1.423923923923923951e+01 1.412015805727790119e-01
1.424924924924924952e+01 1.412319449367043789e-01
1.425925925925925952e+01 1.412623702919839630e-01
1.426926926926926953e+01 1.412928360892275470e-01
1.427927927927927954e+01 1.413233707748625667e-01
1.428928928928928954e+01 1.413539697322753474e-01
1.429929929929929955e+01 1.413846138511277162e-01
1.430930930930930955e+01 1.414153397243677612e-01
1.431931931931931956e+01 1.414461322315263003e-01
1.432932932932932957e+01 1.414769746651764470e-01
1.433933933933933957e+01 1.415079128046964618e-01
1.434934934934934958e+01 1.415389190078380766e-01
1.435935935935935959e+01 1.415699799487255273e-01
1.436936936936936959e+01 1.416011516490746913e-01
1.437937937937937960e+01 1.416323918958769246e-01
1.438938938938938961e+01 1.416636917385160344e-01
1.439939939939939961e+01 1.416951185132586388e-01
1.440940940940940962e+01 1.417266133556952801e-01
1.441941941941941963e+01 1.417581758045340645e-01
1.442942942942942963e+01 1.417898762844445604e-01
1.443943943943943964e+01 1.418216464816837996e-01
1.444944944944944965e+01 1.418534966929035912e-01
1.445945945945945965e+01 1.418854884903092417e-01
1.446946946946946966e+01 1.419175550116526796e-01
1.447947947947947966e+01 1.419497150604074887e-01
1.448948948948948967e+01 1.419820193081779702e-01
1.449949949949949968e+01 1.420144033360402624e-01
1.450950950950950968e+01 1.420468955278625101e-01
1.451951951951951969e+01 1.420795335743206544e-01
1.452952952952952970e+01 1.421122565072502064e-01
1.453953953953953970e+01 1.421451033814015441e-01
1.454954954954954971e+01 1.421780967933758133e-01
1.455955955955955972e+01 1.422111802491157762e-01
1.456956956956956972e+01 1.422444045819834246e-01
1.457957957957957973e+01 1.422777751478999375e-01
1.458958958958958974e+01 1.423112409664889222e-01
1.459959959959959974e+01 1.423448657750273627e-01
1.460960960960960975e+01 1.423786355080419175e-01
1.461961961961961975e+01 1.424125057549549267e-01
1.462962962962962976e+01 1.424465543001731949e-01
1.463963963963963977e+01 1.424807454413437313e-01
1.464964964964964977e+01 1.425150424106728375e-01
1.465965965965965978e+01 1.425495382011655043e-01
1.466966966966966979e+01 1.425841732226626746e-01
1.467967967967967979e+01 1.426189194403360005e-01
1.468968968968968980e+01 1.426538862358597837e-01
1.469969969969969981e+01 1.426889878442177684e-01
1.470970970970970981e+01 1.427242060712589355e-01
1.471971971971971982e+01 1.427596678863521651e-01
1.472972972972972983e+01 1.427952590257571819e-01
1.473973973973973983e+01 1.428309774367070573e-01
1.474974974974974984e+01 1.428669533692291105e-01
1.475975975975975985e+01 1.429030572248471409e-01
1.476976976976976985e+01 1.429393071629169176e-01
1.477977977977977986e+01 1.429758136459381712e-01
1.478978978978978986e+01 1.430124536472803798e-01
1.479979979979979987e+01 1.430492597800872290e-01
1.480980980980980988e+01 1.430863204332768479e-01
1.481981981981981988e+01 1.431235202576030541e-01
1.482982982982982989e+01 1.431609075205585446e-01
1.483983983983983990e+01 1.431985462140009657e-01
1.484984984984984990e+01 1.432363297897604471e-01
1.485985985985985991e+01 1.432743233898840785e-01
1.486986986986986992e+01 1.433125642475489847e-01
1.487987987987987992e+01 1.433509557578585558e-01
1.488988988988988993e+01 1.433895811776340623e-01
1.489989989989989994e+01 1.434284485808834109e-01
1.490990990990990994e+01 1.434674724670422230e-01
1.491991991991991995e+01 1.435067554683147895e-01
1.492992992992992995e+01 1.435462740594459496e-01
1.493993993993993996e+01 1.435859550244868721e-01
1.494994994994994997e+01 1.436259216524022331e-01
1.495995995995995997e+01 1.436661163382280115e-01
1.496996996996996998e+01 1.437064793505050120e-01
1.497997997997997999e+01 1.437471559374890739e-01
1.498998998998998999e+01 1.437880518929529339e-01
1.500000000000000000e+01 1.438291221897641248e-01
