5.000000000000000000e+00 1.936329831819295563e-02
5.010010010010010006e+00 1.950287831445595213e-02
5.020020020020020013e+00 1.964296470006469952e-02
5.030030030030030019e+00 1.978305108567344692e-02
5.040040040040040026e+00 1.992472921666216951e-02
5.050050050050050032e+00 2.006679834439844060e-02
5.060060060060060039e+00 2.020886747213470822e-02
5.070070070070070045e+00 2.035259690759820897e-02
5.080080080080080052e+00 2.049660632717417372e-02
5.090090090090090058e+00 2.064061574675014540e-02
5.100100100100100065e+00 2.078634918505457493e-02
5.110110110110110071e+00 2.093225604985227140e-02
5.120120120120120077e+00 2.107816291464996786e-02
5.130130130130130084e+00 2.122585264054684118e-02
5.140140140140140090e+00 2.137361375505767228e-02
5.150150150150150097e+00 2.152140094439088103e-02
5.160160160160160103e+00 2.167097281045587964e-02
5.170170170170170110e+00 2.182054467652088173e-02
5.180180180180180116e+00 2.197023546140015188e-02
5.190190190190190123e+00 2.212157432321950126e-02
5.200200200200200129e+00 2.227291318503885065e-02
5.210210210210210136e+00 2.242445915459133007e-02
5.220220220220220142e+00 2.257752104247663302e-02
5.230230230230230148e+00 2.273058293036193597e-02
5.240240240240240155e+00 2.288393543323425511e-02
5.250250250250250161e+00 2.303867620608207600e-02
5.260260260260260168e+00 2.319341697892989690e-02
5.270270270270270174e+00 2.334852717445636341e-02
5.280280280280280181e+00 2.350490256092648347e-02
5.290290290290290187e+00 2.366127794739660700e-02
5.300300300300300194e+00 2.381809685512604677e-02
5.310310310310310200e+00 2.397606249351196678e-02
5.320320320320320207e+00 2.413402813189788332e-02
5.330330330330330213e+00 2.429250667946415351e-02
5.340340340340340219e+00 2.445201815624776023e-02
5.350350350350350226e+00 2.461152963303136348e-02
5.360360360360360232e+00 2.477161870235829524e-02
5.370370370370370239e+00 2.493263158944428182e-02
5.380380380380380245e+00 2.509364447653026839e-02
5.390390390390390252e+00 2.525529494836684097e-02
5.400400400400400258e+00 2.541776483899621866e-02
5.410410410410410265e+00 2.558023472962558942e-02
5.420420420420420271e+00 2.574339752641199158e-02
5.430430430430430278e+00 2.590728006975701395e-02
5.440440440440440284e+00 2.607116261310203631e-02
5.450450450450450290e+00 2.623578874017160403e-02
5.460460460460460297e+00 2.640103967461810558e-02
5.470470470470470303e+00 2.656629060906460713e-02
5.480480480480480310e+00 2.673233119419075182e-02
5.490490490490490316e+00 2.689890637931584630e-02
5.500500500500500323e+00 2.706548156444093384e-02
5.510510510510510329e+00 2.723288789574180788e-02
5.520520520520520336e+00 2.740074334299841263e-02
5.530530530530530342e+00 2.756859879025501392e-02
5.540540540540540349e+00 2.773732235247209840e-02
5.550550550550550355e+00 2.790641425459336813e-02
5.560560560560560361e+00 2.807550615671463787e-02
5.570570570570570368e+00 2.824549866588444910e-02
5.580580580580580374e+00 2.841578342502365170e-02
5.590590590590590381e+00 2.858606818416286124e-02
5.600600600600600387e+00 2.875728162070404978e-02
5.610610610610610394e+00 2.892871587532782479e-02
5.620620620620620400e+00 2.910015012995159980e-02
5.630630630630630407e+00 2.927253677019156855e-02
5.640640640640640413e+00 2.944507742074493201e-02
5.650650650650650419e+00 2.961761807129829893e-02
5.660660660660660426e+00 2.979113051746661717e-02
5.670670670670670432e+00 2.996473475083157728e-02
5.680680680680680439e+00 3.013833898419653740e-02
5.690690690690690445e+00 3.031293019291352378e-02
5.700700700700700452e+00 3.048755550568260642e-02
5.710710710710710458e+00 3.066219990715417579e-02
5.720720720720720465e+00 3.083780412774284052e-02
5.730730730730730471e+00 3.101340834833150525e-02
5.740740740740740478e+00 3.118908041416620924e-02
5.750750750750750484e+00 3.136562172378853236e-02
5.760760760760760490e+00 3.154216303341084854e-02
5.770770770770770497e+00 3.171881656708987890e-02
5.780780780780780503e+00 3.189625351962294131e-02
5.790790790790790510e+00 3.207369047215598984e-02
5.800800800800800516e+00 3.225127971231166873e-02
5.810810810810810523e+00 3.242957125307490557e-02
5.820820820820820529e+00 3.260786279383814934e-02
5.830830830830830536e+00 3.278634243676243482e-02
5.840840840840840542e+00 3.296544792023896331e-02
5.850850850850850549e+00 3.314455340371550568e-02
5.860860860860860555e+00 3.332387862453843608e-02
5.870870870870870561e+00 3.350375783106566974e-02
5.880880880880880568e+00 3.368363703759290340e-02
5.890890890890890574e+00 3.386376351016714970e-02
5.900900900900900581e+00 3.404437666162464515e-02
5.910910910910910587e+00 3.422498981308214061e-02
5.920920920920920594e+00 3.440587372861059895e-02
5.930930930930930600e+00 3.458718150313367518e-02
5.940940940940940607e+00 3.476848927765674446e-02
5.950950950950950613e+00 3.495008736210063888e-02
5.960960960960960620e+00 3.513205090784760759e-02
5.970970970970970626e+00 3.531401445359458324e-02
5.980980980980980632e+00 3.549628398389934741e-02
5.990990990990990639e+00 3.567886493190177560e-02
6.001001001001000645e+00 3.586144587990419685e-02
6.011011011011010652e+00 3.604434469908118083e-02
6.021021021021020658e+00 3.622750517520496177e-02
6.031031031031030665e+00 3.641066565132873578e-02
6.041041041041040671e+00 3.659415218243020074e-02
6.051051051051050678e+00 3.677785481847697935e-02
6.061061061061060684e+00 3.696155745452375796e-02
6.071071071071070691e+00 3.714559071354915643e-02
6.081081081081080697e+00 3.732979865752596160e-02
6.091091091091090703e+00 3.751400660150276678e-02
6.101101101101100710e+00 3.769854620927353545e-02
6.111111111111110716e+00 3.788322313485945753e-02
6.121121121121120723e+00 3.806790006044537961e-02
6.131131131131130729e+00 3.825290625348580498e-02
6.141141141141140736e+00 3.843801636872375832e-02
6.151151151151150742e+00 3.862312648396170472e-02
6.161161161161160749e+00 3.880856012442250591e-02
6.171171171171170755e+00 3.899406817966396405e-02
6.181181181181180762e+00 3.917957623490542218e-02
6.191191191191190768e+00 3.936539881956687553e-02
6.201201201201200774e+00 3.955127011469746628e-02
6.211211211211210781e+00 3.973714140982806398e-02
6.221221221221220787e+00 3.992331507821846037e-02
6.231231231231230794e+00 4.010951546919124672e-02
6.241241241241240800e+00 4.029571586016403306e-02
6.251251251251250807e+00 4.048220340182925175e-02
6.261261261261260813e+00 4.066869930653305154e-02
6.271271271271270820e+00 4.085520166870695857e-02
6.281281281281280826e+00 4.104196007219564069e-02
6.291291291291290833e+00 4.122871847568432280e-02
6.301301301301300839e+00 4.141549470848359532e-02
6.311311311311310845e+00 4.160248316759277559e-02
6.321321321321320852e+00 4.178947162670194893e-02
6.331331331331330858e+00 4.197648592956115809e-02
6.341341341341340865e+00 4.216367257693742765e-02
6.351351351351350871e+00 4.235085922431369720e-02
6.361361361361360878e+00 4.253807646449507540e-02
6.371371371371370884e+00 4.272543001206290797e-02
6.381381381381380891e+00 4.291278355963074054e-02
6.391391391391390897e+00 4.310016927629761047e-02
6.401401401401400904e+00 4.328765901818820011e-02
6.411411411411410910e+00 4.347514876007878976e-02
6.421421421421420916e+00 4.366266916769549061e-02
6.431431431431430923e+00 4.385026498266151457e-02
6.441441441441440929e+00 4.403786079762755240e-02
6.451451451451450936e+00 4.422548278871732408e-02
6.461461461461460942e+00 4.441315514205686904e-02
6.471471471471470949e+00 4.460082749539641400e-02
6.481481481481480955e+00 4.478851864268756228e-02
6.491491491491490962e+00 4.497623858769993210e-02
6.501501501501500968e+00 4.516395853271231581e-02
6.511511511511510975e+00 4.535168709070223902e-02
6.521521521521520981e+00 4.553942626969752910e-02
6.531531531531530987e+00 4.572716544869282612e-02
6.541541541541540994e+00 4.591490035465878305e-02
6.551551551551551000e+00 4.610263099954316907e-02
6.561561561561561007e+00 4.629036164442754120e-02
6.571571571571571013e+00 4.647807251891222791e-02
6.581581581581581020e+00 4.666576745136941790e-02
6.591591591591591026e+00 4.685346238382660095e-02
6.601601601601601033e+00 4.704111953062546647e-02
6.611611611611611927e+00 4.722875216191478598e-02
6.621621621621621934e+00 4.741638479320408467e-02
6.631631631631631940e+00 4.760395919888091992e-02
6.641641641641641947e+00 4.779150352927171580e-02
6.651651651651651953e+00 4.797904785966251168e-02
6.661661661661661959e+00 4.816651119261867314e-02
6.671671671671671966e+00 4.835394181048015272e-02
6.681681681681681972e+00 4.854137242834162536e-02
6.691691691691691979e+00 4.872869703746358916e-02
6.701701701701701985e+00 4.891598911802826077e-02
6.711711711711711992e+00 4.910328119859292545e-02
6.721721721721721998e+00 4.929044011150170851e-02
6.731731731731732005e+00 4.947756941532040209e-02
6.741741741741742011e+00 4.966469871913909567e-02
6.751751751751752018e+00 4.985166564006499046e-02
6.761761761761762024e+00 5.003860851117095110e-02
6.771771771771772030e+00 5.022555138227690480e-02
6.781781781781782037e+00 5.041230068958110766e-02
6.791791791791792043e+00 5.059903405337917714e-02
6.801801801801802050e+00 5.078576741717725357e-02
6.811811811811812056e+00 5.097227416054222332e-02
6.821821821821822063e+00 5.115877552143990176e-02
6.831831831831832069e+00 5.134526934085112404e-02
6.841841841841842076e+00 5.153151677964599303e-02
6.851851851851852082e+00 5.171776421844086896e-02
6.861861861861862089e+00 5.190398892011915261e-02
6.871871871871872095e+00 5.208996109115870965e-02
6.881881881881882101e+00 5.227593326219825975e-02
6.891891891891892108e+00 5.246186531942314407e-02
6.901901901901902114e+00 5.264754144755003085e-02
6.911911911911912121e+00 5.283321757567692456e-02
6.921921921921922127e+00 5.301883412214754288e-02
6.931931931931932134e+00 5.320419399944499583e-02
6.941941941941942140e+00 5.338955387674244185e-02
6.951951951951952147e+00 5.357483270258910080e-02
6.961961961961962153e+00 5.375985668493917652e-02
6.971971971971972160e+00 5.394488066728925918e-02
6.981981981981982166e+00 5.412980021485205850e-02
6.991991991991992172e+00 5.431446921831947772e-02
7.002002002002002179e+00 5.449913822178688999e-02
7.012012012012012185e+00 5.468367758117805705e-02
7.022022022022022192e+00 5.486797307823161607e-02
7.032032032032032198e+00 5.505226857528516121e-02
7.042042042042042205e+00 5.523640747975061549e-02
7.052052052052052211e+00 5.542031149533390572e-02
7.062062062062062218e+00 5.560421551091719594e-02
7.072072072072072224e+00 5.578793433201267860e-02
7.082082082082082231e+00 5.597142943947538973e-02
7.092092092092092237e+00 5.615492454693810781e-02
7.102102102102102243e+00 5.633820428953400378e-02
7.112112112112112250e+00 5.652127360643361548e-02
7.122122122122122256e+00 5.670434292333322024e-02
7.132132132132132263e+00 5.688716522046176338e-02
7.142142142142142269e+00 5.706979240424688016e-02
7.152152152152152276e+00 5.725241958803198999e-02
7.162162162162162282e+00 5.743476669558993108e-02
7.172172172172172289e+00 5.761693593917366352e-02
7.182182182182182295e+00 5.779910518275740983e-02
7.192192192192192302e+00 5.798095997407654023e-02
7.202202202202202308e+00 5.816265600131022978e-02
7.212212212212212314e+00 5.834435202854391933e-02
7.222222222222222321e+00 5.852569798884119101e-02
7.232232232232232327e+00 5.870690604989643735e-02
7.242242242242242334e+00 5.888811411095168369e-02
7.252252252252252340e+00 5.906893533166992366e-02
7.262262262262262347e+00 5.924964119833726894e-02
7.272272272272272353e+00 5.943034706500460729e-02
7.282282282282282360e+00 5.961062823805492877e-02
7.292292292292292366e+00 5.979081819896787942e-02
7.302302302302302373e+00 5.997100815988082312e-02
7.312312312312312379e+00 6.015073457179599681e-02
7.322322322322322385e+00 6.033039542758648899e-02
7.332332332332332392e+00 6.051005628337698811e-02
7.342342342342342398e+00 6.068921380938608473e-02
7.352352352352352405e+00 6.086833286778003255e-02
7.362362362362362411e+00 6.104745192617398036e-02
7.372372372372372418e+00 6.122602702420641002e-02
7.382382382382382424e+00 6.140459209506443639e-02
7.392392392392392431e+00 6.158313748023943462e-02
7.402402402402402437e+00 6.176113687055077156e-02
7.412412412412412444e+00 6.193913626086210156e-02
7.422422422422422450e+00 6.211708505866787161e-02
7.432432432432432456e+00 6.229450756750178758e-02
7.442442442442442463e+00 6.247193007633570355e-02
7.452452452452452469e+00 6.264926996925469782e-02
7.462462462462462476e+00 6.282610488267656446e-02
7.472472472472472482e+00 6.300293979609844497e-02
7.482482482482482489e+00 6.317965902990571592e-02
7.492492492492492495e+00 6.335589611586196768e-02
7.502502502502502502e+00 6.353213320181821944e-02
7.512512512512512508e+00 6.370822057937772231e-02
7.522522522522522515e+00 6.388385008255495490e-02
7.532532532532532521e+00 6.405947958573217360e-02
7.542542542542542527e+00 6.423492446076185802e-02
7.552552552552552534e+00 6.440993709742540152e-02
7.562562562562562540e+00 6.458494973408894502e-02
7.572572572572572547e+00 6.475974200490115795e-02
7.582582582582582553e+00 6.493412895771651094e-02
7.592592592592592560e+00 6.510851591053187781e-02
7.602602602602602566e+00 6.528264601375402543e-02
7.612612612612612573e+00 6.545639892659599335e-02
7.622622622622622579e+00 6.563015183943797515e-02
7.632632632632632586e+00 6.580361074371929297e-02
7.642642642642642592e+00 6.597672171647252226e-02
7.652652652652652598e+00 6.614983268922576543e-02
7.662662662662662605e+00 6.632261188893497084e-02
7.672672672672672611e+00 6.649507347228907073e-02
7.682682682682682618e+00 6.666753505564319837e-02
7.692692692692692624e+00 6.683962656456143847e-02
7.702702702702702631e+00 6.701143175480478442e-02
7.712712712712712637e+00 6.718323694504813037e-02
7.722722722722722644e+00 6.735463329006180500e-02
7.732732732732732650e+00 6.752577552387628579e-02
7.742742742742742657e+00 6.769691775769079434e-02
7.752752752752752663e+00 6.786761197248790400e-02
7.762762762762762669e+00 6.803808512174838730e-02
7.772772772772772676e+00 6.820855827100887059e-02
7.782782782782782682e+00 6.837854388978280296e-02
7.792792792792792689e+00 6.854834225636295686e-02
7.802802802802802695e+00 6.871814062294308301e-02
7.812812812812812702e+00 6.888741167410687705e-02
7.822822822822822708e+00 6.905652998469480330e-02
7.832832832832832715e+00 6.922564829528272956e-02
7.842842842842842721e+00 6.939419929519716201e-02
7.852852852852852727e+00 6.956263269612250610e-02
7.862862862862862734e+00 6.973106609704786407e-02
7.872872872872872740e+00 6.989889204376606435e-02
7.882882882882882747e+00 7.006663609584082297e-02
7.892892892892892753e+00 7.023438014791556772e-02
7.902902902902902760e+00 7.040147651494677028e-02
7.912912912912912766e+00 7.056852718832162807e-02
7.922922922922922773e+00 7.073557786169649975e-02
7.932932932932932779e+00 7.090194059179107111e-02
7.942942942942942786e+00 7.106829426082925116e-02
7.952952952952952792e+00 7.123461999065580641e-02
7.962962962962962798e+00 7.140027342882597494e-02
7.972972972972972805e+00 7.156592686699617123e-02
7.982982982982982811e+00 7.173151506088457086e-02
7.992992992992992818e+00 7.189646543567361492e-02
8.003003003003001936e+00 7.206141581046265898e-02
8.013013013013011943e+00 7.222626339289038577e-02
8.023023023023021949e+00 7.239050826073828437e-02
8.033033033033031955e+00 7.255475312858619685e-02
8.043043043043041962e+00 7.271885747370922248e-02
8.053053053053051968e+00 7.288239477496666341e-02
8.063063063063061975e+00 7.304593207622407658e-02
8.073073073073071981e+00 7.320929100177350768e-02
8.083083083083081988e+00 7.337211905568301329e-02
8.093093093093091994e+00 7.353494710959251890e-02
8.103103103103102001e+00 7.369755887080134404e-02
8.113113113113112007e+00 7.385967637050355750e-02
8.123123123123122014e+00 7.402179387020579870e-02
8.133133133133132020e+00 7.418365715376748493e-02
8.143143143143142026e+00 7.434506316133278336e-02
8.153153153153152033e+00 7.450646916889806792e-02
8.163163163163162039e+00 7.466758308695771451e-02
8.173173173173172046e+00 7.482827702844391249e-02
8.183183183183182052e+00 7.498897096993009659e-02
8.193193193193192059e+00 7.514933505410874293e-02
8.203203203203202065e+00 7.530931671464582977e-02
8.213213213213213848e+00 7.546929837518293049e-02
8.223223223223223854e+00 7.562891257063647510e-02
8.233233233233233861e+00 7.578818208953878865e-02
8.243243243243243867e+00 7.594745160844111609e-02
8.253253253253253874e+00 7.610631626795373583e-02
8.263263263263263880e+00 7.626487413385955871e-02
8.273273273273273887e+00 7.642343199976538159e-02
8.283283283283283893e+00 7.658154787787828377e-02
8.293293293293293900e+00 7.673939492391770867e-02
8.303303303303303906e+00 7.689724196995714744e-02
8.313313313313313913e+00 7.705461021713323755e-02
8.323323323323323919e+00 7.721174761612462079e-02
8.333333333333333925e+00 7.736888501511599014e-02
8.343343343343343932e+00 7.752550717194041374e-02
8.353353353353353938e+00 7.768193643161490358e-02
8.363363363363363945e+00 7.783836569128939342e-02
8.373373373373373951e+00 7.799424368270641006e-02
8.383383383383383958e+00 7.814996664096197920e-02
8.393393393393393964e+00 7.830568959921753447e-02
8.403403403403403971e+00 7.846082572880358486e-02
8.413413413413413977e+00 7.861584454898677687e-02
8.423423423423423984e+00 7.877086336916998277e-02
8.433433433433433990e+00 7.892526031344358761e-02
8.443443443443443996e+00 7.907957747966132267e-02
8.453453453453454003e+00 7.923389464587907161e-02
8.463463463463464009e+00 7.938755544864703473e-02
8.473473473473474016e+00 7.954117376110649007e-02
8.483483483483484022e+00 7.969479207356594541e-02
8.493493493493494029e+00 7.984772014030561138e-02
8.503503503503504035e+00 8.000064271068284272e-02
8.513513513513514042e+00 8.015353412650079445e-02
8.523523523523524048e+00 8.030576437333861173e-02
8.533533533533534055e+00 8.045799462017644288e-02
8.543543543543544061e+00 8.061015745280956935e-02
8.553553553553554067e+00 8.076169909694358440e-02
8.563563563563564074e+00 8.091324074107762720e-02
8.573573573573574080e+00 8.106467914992621093e-02
8.583583583583584087e+00 8.121553620993932077e-02
8.593593593593594093e+00 8.136639326995241672e-02
8.603603603603604100e+00 8.151711175849636615e-02
8.613613613613614106e+00 8.166728854620142197e-02
8.623623623623624113e+00 8.181746533390647780e-02
8.633633633633634119e+00 8.196746874423942175e-02
8.643643643643644126e+00 8.211696986019025035e-02
8.653653653653654132e+00 8.226647097614107895e-02
8.663663663663664138e+00 8.241576448353991891e-02
8.673673673673674145e+00 8.256459481256987754e-02
8.683683683683684151e+00 8.271342514159982229e-02
8.693693693693694158e+00 8.286201424912924274e-02
8.703703703703704164e+00 8.301017895591712714e-02
8.713713713713714171e+00 8.315834366270501155e-02
8.723723723723724177e+00 8.330623419585674039e-02
8.733733733733734184e+00 8.345373872052050390e-02
8.743743743743744190e+00 8.360124324518425354e-02
8.753753753753754197e+00 8.374844134655078098e-02
8.763763763763764203e+00 8.389529140026787124e-02
8.773773773773774209e+00 8.404214145398496150e-02
8.783783783783784216e+00 8.418865357796720406e-02
8.793793793793794222e+00 8.433485513862183647e-02
8.803803803803804229e+00 8.448105669927648276e-02
8.813813813813814235e+00 8.462688960682522576e-02
8.823823823823824242e+00 8.477244891468212196e-02
8.833833833833834248e+00 8.491800822253901815e-02
8.843843843843844255e+00 8.506316897592937354e-02
8.853853853853854261e+00 8.520809252933334021e-02
8.863863863863864268e+00 8.535301608273729301e-02
8.873873873873874274e+00 8.549751204037646379e-02
8.883883883883884280e+00 8.564180659147857533e-02
8.893893893893894287e+00 8.578610114258071462e-02
8.903903903903904293e+00 8.592993995384788641e-02
8.913913913913914300e+00 8.607361250435638378e-02
8.923923923923924306e+00 8.621728505486489502e-02
8.933933933933934313e+00 8.636047465498356002e-02
8.943943943943944319e+00 8.650353245194085383e-02
8.953953953953954326e+00 8.664659024889814765e-02
8.963963963963964332e+00 8.678913885383998661e-02
8.973973973973974338e+00 8.693158938542407121e-02
8.983983983983984345e+00 8.707403991700815582e-02
8.993993993993994351e+00 8.721595601842827006e-02
9.004004004004004358e+00 8.735780700977906210e-02
9.014014014014014364e+00 8.749965800112985415e-02
9.024024024024024371e+00 8.764095036133325023e-02
9.034034034034034377e+00 8.778220977040362971e-02
9.044044044044044384e+00 8.792346917947400919e-02
9.054054054054054390e+00 8.806414682641247604e-02
9.064064064064064397e+00 8.820482283984315552e-02
9.074074074074074403e+00 8.834547004655478319e-02
9.084084084084084409e+00 8.848557107557319945e-02
9.094094094094094416e+00 8.862567210459162959e-02
9.104104104104104422e+00 8.876571479928450914e-02
9.114114114114114429e+00 8.890524947562768177e-02
9.124124124124124435e+00 8.904478415197085439e-02
9.134134134134134442e+00 8.918423191336513622e-02
9.144144144144144448e+00 8.932320908522536906e-02
9.154154154154154455e+00 8.946218625708561578e-02
9.164164164164164461e+00 8.960104891386665160e-02
9.174174174174174468e+00 8.973947764186097908e-02
9.184184184184184474e+00 8.987790636985530657e-02
9.194194194194194480e+00 9.001619399579610659e-02
9.204204204204204487e+00 9.015408354895844412e-02
9.214214214214214493e+00 9.029197310212079552e-02
9.224224224224224500e+00 9.042969601123336532e-02
9.234234234234234506e+00 9.056705586302961353e-02
9.244244244244244513e+00 9.070441571482586174e-02
9.254254254254254519e+00 9.084158445654136327e-02
9.264264264264264526e+00 9.097842428090696654e-02
9.274274274274274532e+00 9.111526410527258368e-02
9.284284284284284539e+00 9.125188945964976539e-02
9.294294294294294545e+00 9.138821912704954420e-02
9.304304304304304551e+00 9.152454879444932301e-02
9.314314314314314558e+00 9.166064176741139935e-02
9.324324324324324564e+00 9.179647134092204508e-02
9.334334334334334571e+00 9.193230091443270469e-02
9.344344344344344577e+00 9.206787273303228269e-02
9.354354354354354584e+00 9.220321246444661278e-02
9.364364364364364590e+00 9.233855219586094287e-02
9.374374374374374597e+00 9.247361430357274592e-02
9.384384384384384603e+00 9.260847462952602471e-02
9.394394394394394610e+00 9.274333495547928963e-02
9.404404404404404616e+00 9.287789900752067840e-02
9.414414414414414622e+00 9.301229054563868448e-02
9.424424424424424629e+00 9.314668208375670444e-02
9.434434434434434635e+00 9.328075994243555102e-02
9.444444444444444642e+00 9.341469348750469637e-02
9.454454454454454648e+00 9.354862703257382783e-02
9.464464464464464655e+00 9.368223076266413152e-02
9.474474474474474661e+00 9.381571728282295242e-02
9.484484484484484668e+00 9.394920380298177331e-02
9.494494494494494674e+00 9.408234566712619928e-02
9.504504504504504681e+00 9.421539630007823296e-02
9.514514514514514687e+00 9.434844693303026664e-02
9.524524524524524693e+00 9.448113938717041249e-02
9.534534534534534700e+00 9.461376543641938919e-02
9.544544544544544706e+00 9.474639148566837976e-02
9.554554554554554713e+00 9.487864717450174290e-02
9.564564564564564719e+00 9.501086010560724771e-02
9.574574574574574726e+00 9.514307303671273863e-02
9.584584584584584732e+00 9.527490478917721717e-02
9.594594594594594739e+00 9.540671622603265345e-02
9.604604604604604745e+00 9.553852676654191189e-02
9.614614614614614752e+00 9.566994848767319815e-02
9.624624624624624758e+00 9.580137020880449827e-02
9.634634634634634764e+00 9.593277107613507049e-02
9.644644644644644771e+00 9.606381501102152776e-02
9.654654654654654777e+00 9.619485894590798503e-02
9.664664664664664784e+00 9.632586334760066815e-02
9.674674674674674790e+00 9.645654157301657150e-02
9.684684684684684797e+00 9.658721979843247485e-02
9.694694694694694803e+00 9.671784111211331747e-02
9.704704704704704810e+00 9.684816584849155474e-02
9.714714714714714816e+00 9.697849058486980589e-02
9.724724724724724823e+00 9.710874235384880926e-02
9.734734734734734829e+00 9.723872596166584226e-02
9.744744744744744835e+00 9.736870956948286138e-02
9.754754754754754842e+00 9.749860549837971457e-02
9.764764764764764848e+00 9.762826047456189815e-02
9.774774774774774855e+00 9.775791545074408173e-02
9.784784784784784861e+00 9.788746940114118056e-02
9.794794794794794868e+00 9.801680837549325842e-02
9.804804804804804874e+00 9.814614734984530853e-02
9.814814814814814881e+00 9.827537333596834956e-02
9.824824824824824887e+00 9.840440906762309980e-02
9.834834834834834894e+00 9.853344479927786392e-02
9.844844844844844900e+00 9.866235698370379170e-02
9.854854854854854906e+00 9.879110235759400171e-02
9.864864864864864913e+00 9.891984773148419785e-02
9.874874874874874919e+00 9.904846042087687985e-02
9.884884884884884926e+00 9.917692844422877629e-02
9.894894894894894932e+00 9.930539646758068661e-02
9.904904904904904939e+00 9.943372410845431608e-02
9.914914914914914945e+00 9.956192790730357400e-02
9.924924924924924952e+00 9.969013170615281805e-02
9.934934934934934958e+00 9.981818888066347484e-02
9.944944944944944965e+00 9.994614169639290391e-02
9.954954954954954971e+00 1.000740945121223469e-01
9.964964964964964977e+00 1.002018959338873971e-01
9.974974974974974984e+00 1.003296111197873042e-01
9.984984984984984990e+00 1.004573263056872112e-01
9.994994994994994997e+00 1.005848868156331843e-01
1.000500500500500500e+01 1.007123778334839126e-01
1.001501501501501501e+01 1.008398688513346408e-01
1.002502502502502502e+01 1.009672034135736668e-01
1.003503503503503502e+01 1.010944838302510057e-01
1.004504504504504503e+01 1.012217642469283446e-01
1.005505505505505504e+01 1.013488879446631519e-01
1.006506506506506504e+01 1.014759714287663123e-01
1.007507507507507505e+01 1.016030549128694588e-01
1.008508508508508505e+01 1.017299829443274184e-01
1.009509509509509506e+01 1.018568832628300308e-01
1.010510510510510507e+01 1.019837835813326293e-01
1.011511511511511507e+01 1.021105312557290257e-01
1.012512512512512508e+01 1.022372622706533285e-01
1.013513513513513509e+01 1.023639932855776313e-01
1.014514514514514509e+01 1.024905760191082565e-01
1.015515515515515510e+01 1.026171516842225018e-01
1.016516516516516511e+01 1.027437263036607151e-01
1.017517517517517511e+01 1.028701606612001801e-01
1.018518518518518512e+01 1.029965950187396451e-01
1.019519519519519513e+01 1.031230217073173666e-01
1.020520520520520513e+01 1.032493288847288887e-01
1.021521521521521514e+01 1.033756360621403969e-01
1.022522522522522515e+01 1.035019304512685562e-01
1.023523523523523515e+01 1.036281246579791177e-01
1.024524524524524516e+01 1.037543188646896791e-01
1.025525525525525516e+01 1.038804966802368140e-01
1.026526526526526517e+01 1.040065922044463437e-01
1.027527527527527518e+01 1.041326877286558455e-01
1.028528528528528518e+01 1.042587647870675954e-01
1.029529529529529519e+01 1.043847759925657509e-01
1.030530530530530520e+01 1.045107871980639064e-01
1.031531531531531520e+01 1.046367794025129805e-01
1.032532532532532521e+01 1.047627207255209109e-01
1.033533533533533522e+01 1.048886620485288412e-01
1.034534534534534522e+01 1.050145853850963928e-01
1.035535535535535523e+01 1.051404713311327038e-01
1.036536536536536524e+01 1.052663572771690148e-01
1.037537537537537524e+01 1.053922278110571847e-01
1.038538538538538525e+01 1.055180729518296751e-01
1.039539539539539525e+01 1.056439180926021654e-01
1.040540540540540526e+01 1.057697519643785306e-01
1.041541541541541527e+01 1.058955709347001867e-01
1.042542542542542527e+01 1.060213899050218428e-01
1.043543543543543528e+01 1.061472033268955478e-01
1.044544544544544529e+01 1.062730108216268371e-01
1.045545545545545529e+01 1.063988183163581264e-01
1.046546546546546530e+01 1.065246275684886279e-01
1.047547547547547531e+01 1.066504383395048411e-01
1.048548548548548531e+01 1.067762491105210404e-01
1.049549549549549532e+01 1.069020705373591590e-01
1.050550550550550533e+01 1.070278993905438708e-01
1.051551551551551533e+01 1.071537282437286104e-01
1.052552552552552534e+01 1.072795782503905282e-01
1.053553553553553535e+01 1.074054400426553008e-01
1.054554554554554535e+01 1.075313018349200594e-01
1.055555555555555536e+01 1.076571968835946524e-01
1.056556556556556536e+01 1.077831065199247734e-01
1.057557557557557537e+01 1.079090161562548944e-01
1.058558558558558538e+01 1.080349727626443712e-01
1.059559559559559538e+01 1.081609451931715010e-01
1.060560560560560539e+01 1.082869176236986170e-01
1.061561561561561540e+01 1.084129523534928946e-01
1.062562562562562540e+01 1.085390025705940675e-01
1.063563563563563541e+01 1.086650527876952405e-01
1.064564564564564542e+01 1.087911822530804318e-01
1.065565565565565542e+01 1.089173252885044241e-01
1.066566566566566543e+01 1.090434683239284025e-01
1.067567567567567544e+01 1.091697091801298175e-01
1.068568568568568544e+01 1.092959601021507160e-01
1.069569569569569545e+01 1.094222110241716145e-01
1.070570570570570545e+01 1.095485799660312481e-01
1.071571571571571546e+01 1.096749538766294135e-01
1.072572572572572547e+01 1.098013295137459655e-01
1.073573573573573547e+01 1.099278415458163072e-01
1.074574574574574548e+01 1.100543535778866627e-01
1.075575575575575549e+01 1.101808756346337320e-01
1.076576576576576549e+01 1.103075409492226822e-01
1.077577577577577550e+01 1.104342062638116184e-01
1.078578578578578551e+01 1.105608915082809951e-01
1.079579579579579551e+01 1.106877252918506693e-01
1.080580580580580552e+01 1.108145590754203574e-01
1.081581581581581553e+01 1.109414243046895759e-01
1.082582582582582553e+01 1.110684417664108276e-01
1.083583583583583554e+01 1.111954592281320792e-01
1.084584584584584555e+01 1.113225212649910228e-01
1.085585585585585555e+01 1.114497376340647522e-01
1.086586586586586556e+01 1.115769540031384677e-01
1.087587587587587556e+01 1.117042296928518058e-01
1.088588588588588557e+01 1.118316602158590939e-01
1.089589589589589558e+01 1.119590907388663958e-01
1.090590590590590558e+01 1.120865969459724498e-01
1.091591591591591559e+01 1.122142568842533356e-01
1.092592592592592560e+01 1.123419168225342352e-01
1.093593593593593560e+01 1.124696704276803433e-01
1.094594594594594561e+01 1.125975750547418830e-01
1.095595595595595562e+01 1.127254796818034227e-01
1.096596596596596562e+01 1.128534975786183031e-01
1.097597597597597563e+01 1.129816621775718427e-01
1.098598598598598564e+01 1.131098267765253823e-01
1.099599599599599564e+01 1.132381258685283554e-01
1.100600600600600565e+01 1.133665657295560431e-01
1.101601601601601566e+01 1.134950055905837307e-01
1.102602602602602566e+01 1.136236027881314115e-01
1.103603603603603567e+01 1.137523332059827419e-01
1.104604604604604567e+01 1.138810636238340585e-01
1.105605605605605568e+01 1.140099758411045328e-01
1.106606606606606569e+01 1.141390121126220208e-01
1.107607607607607569e+01 1.142680483841394951e-01
1.108608608608608570e+01 1.143972925361540632e-01
1.109609609609609571e+01 1.145266499578292824e-01
1.110610610610610571e+01 1.146560073795044876e-01
1.111611611611611572e+01 1.147856003791875440e-01
1.112612612612612573e+01 1.149152942447471404e-01
1.113613613613613573e+01 1.150449881103067507e-01
1.114614614614614574e+01 1.151749468655837300e-01
1.115615615615615575e+01 1.153049924636056489e-01
1.116616616616616575e+01 1.154350380616275956e-01
1.117617617617617576e+01 1.155653794725610278e-01
1.118618618618618576e+01 1.156957920841207854e-01
1.119619619619619577e+01 1.158262046956805569e-01
1.120620620620620578e+01 1.159569456516448410e-01
1.121621621621621578e+01 1.160877405479927432e-01
1.122622622622622579e+01 1.162185354443406315e-01
1.123623623623623580e+01 1.163496928212354037e-01
1.124624624624624580e+01 1.164808852615039914e-01
1.125625625625625581e+01 1.166120777017725790e-01
1.126626626626626582e+01 1.167436683592747437e-01
1.127627627627627582e+01 1.168752735882171157e-01
1.128628628628628583e+01 1.170068863502554402e-01
1.129629629629629584e+01 1.171389195960142737e-01
1.130630630630630584e+01 1.172709528417730934e-01
1.131631631631631585e+01 1.174030173349753930e-01
1.132632632632632586e+01 1.175354938068828570e-01
1.133633633633633586e+01 1.176679702787903209e-01
1.134634634634634587e+01 1.178005033190472617e-01
1.135635635635635587e+01 1.179334382054561398e-01
1.136636636636636588e+01 1.180663730918650178e-01
1.137637637637637589e+01 1.181993914703815124e-01
1.138638638638638589e+01 1.183327999365273442e-01
1.139639639639639590e+01 1.184662084026731621e-01
1.140640640640640591e+01 1.185997288833852692e-01
1.141641641641641769e+01 1.187336260692791884e-01
1.142642642642642770e+01 1.188675232551731076e-01
1.143643643643643770e+01 1.190015625722039144e-01
1.144644644644644771e+01 1.191359635905574893e-01
1.145645645645645772e+01 1.192703646089110781e-01
1.146646646646646772e+01 1.194049394640667172e-01
1.147647647647647773e+01 1.195398593982473501e-01
1.148648648648648773e+01 1.196747793324279829e-01
1.149649649649649774e+01 1.198099063927328539e-01
1.150650650650650775e+01 1.199453602947511549e-01
1.151651651651651775e+01 1.200808141967694559e-01
1.152652652652652776e+01 1.202165100920412621e-01
1.153653653653653777e+01 1.203525129805693150e-01
1.154654654654654777e+01 1.204885158690973679e-01
1.155655655655655778e+01 1.206247971895615528e-01
1.156656656656656779e+01 1.207613640479825168e-01
1.157657657657657779e+01 1.208979309064034946e-01
1.158658658658658780e+01 1.210348142003476873e-01
1.159659659659659781e+01 1.211719599748374704e-01
1.160660660660660781e+01 1.213091057493272534e-01
1.161661661661661782e+01 1.214466075207955159e-01
1.162662662662662783e+01 1.215843471184354097e-01
1.163663663663663783e+01 1.217220867160752895e-01
1.164664664664664784e+01 1.218602234226019154e-01
1.165665665665665784e+01 1.219985717095225380e-01
1.166666666666666785e+01 1.221369199964431468e-01
1.167667667667667786e+01 1.222757080468263174e-01
1.168668668668668786e+01 1.224146798463834895e-01
1.169669669669669787e+01 1.225536516459406478e-01
1.170670670670670788e+01 1.226931073980560283e-01
1.171671671671671788e+01 1.228327174890379014e-01
1.172672672672672789e+01 1.229723275800197746e-01
1.173673673673673790e+01 1.231124673386736618e-01
1.174674674674674790e+01 1.232527304535391971e-01
1.175675675675675791e+01 1.233929935684047186e-01
1.176676676676676792e+01 1.235338335832271844e-01
1.177677677677677792e+01 1.236747644063762169e-01
1.178678678678678793e+01 1.238156952295252494e-01
1.179679679679679793e+01 1.239572516929026980e-01
1.180680680680680794e+01 1.240988648589772814e-01
1.181681681681681795e+01 1.242404780250518648e-01
1.182682682682682795e+01 1.243827670700994592e-01
1.183683683683683796e+01 1.245250771623165609e-01
1.184684684684684797e+01 1.246674034045916341e-01
1.185685685685685797e+01 1.248104249531071935e-01
1.186686686686686798e+01 1.249534465016227530e-01
1.187687687687687799e+01 1.250965229305815440e-01
1.188688688688688799e+01 1.252402704108858678e-01
1.189689689689689800e+01 1.253840178911902192e-01
1.190690690690690801e+01 1.255278605066031394e-01
1.191691691691691801e+01 1.256723483379472983e-01
1.192692692692692802e+01 1.258168361692914572e-01
1.193693693693693803e+01 1.259614609054847678e-01
1.194694694694694803e+01 1.261067034493382755e-01
1.195695695695695804e+01 1.262519459931917554e-01
1.196696696696696804e+01 1.263973687171861260e-01
1.197697697697697805e+01 1.265433802757254533e-01
1.198698698698698806e+01 1.266893918342647529e-01
1.199699699699699806e+01 1.268356283439528165e-01
1.200700700700700807e+01 1.269824231585811869e-01
1.201701701701701808e+01 1.271292179732095295e-01
1.202702702702702808e+01 1.272762839955730307e-01
1.203703703703703809e+01 1.274238762454707741e-01
1.204704704704704810e+01 1.275714684953685452e-01
1.205705705705705810e+01 1.277193796847339302e-01
1.206706706706706811e+01 1.278677834854399786e-01
1.207707707707707812e+01 1.280161872861460548e-01
1.208708708708708812e+01 1.281649592224795298e-01
1.209709709709709813e+01 1.283141886245029450e-01
1.210710710710710813e+01 1.284634180265263326e-01
1.211711711711711814e+01 1.286130662137668912e-01
1.212712712712712815e+01 1.287631352012296171e-01
1.213713713713713815e+01 1.289132041886923985e-01
1.214714714714714816e+01 1.290637440531242353e-01
1.215715715715715817e+01 1.292146665424341589e-01
1.216716716716716817e+01 1.293655890317440826e-01
1.217717717717717818e+01 1.295170359204066979e-01
1.218718718718718819e+01 1.296688257589601878e-01
1.219719719719719819e+01 1.298206155975136500e-01
1.220720720720720820e+01 1.299729847766506186e-01
1.221721721721721821e+01 1.301256557415668147e-01
1.222722722722722821e+01 1.302783267064829831e-01
1.223723723723723822e+01 1.304316333600286648e-01
1.224724724724724823e+01 1.305851991569120518e-01
1.225725725725725823e+01 1.307387649537954388e-01
1.226726726726726824e+01 1.308930241818994367e-01
1.227727727727727824e+01 1.310474984436336698e-01
1.228728728728728825e+01 1.312019727053678753e-01
1.229729729729729826e+01 1.313571995229572686e-01
1.230730730730730826e+01 1.315125958085278102e-01
1.231731731731731827e+01 1.316679920940983517e-01
1.232732732732732828e+01 1.318242014294775111e-01
1.233733733733733828e+01 1.319805332228246308e-01
1.234734734734734829e+01 1.321368650161716951e-01
1.235735735735735830e+01 1.322940717096588448e-01
1.236736736736736830e+01 1.324513524185590985e-01
1.237737737737737831e+01 1.326086331274593799e-01
1.238738738738738832e+01 1.327668519300607142e-01
1.239739739739739832e+01 1.329250948850386194e-01
1.240740740740740833e+01 1.330833649588689938e-01
1.241741741741741833e+01 1.332425834121369612e-01
1.242742742742742834e+01 1.334018018654049009e-01
1.243743743743743835e+01 1.335611001044354762e-01
1.244744744744744835e+01 1.337213072288631621e-01
1.245745745745745836e+01 1.338815143532908758e-01
1.246746746746746837e+01 1.340418553133468083e-01
1.247747747747747837e+01 1.342030642014588604e-01
1.248748748748748838e+01 1.343642730895708848e-01
1.249749749749749839e+01 1.345256712331999449e-01
1.250750750750750839e+01 1.346878948962023370e-01
1.251751751751751840e+01 1.348501185592047014e-01
1.252752752752752841e+01 1.350125882545045453e-01
1.253753753753753841e+01 1.351758396213392222e-01
1.254754754754754842e+01 1.353390909881738990e-01
1.255755755755755843e+01 1.355026465076545339e-01
1.256756756756756843e+01 1.356669384240820342e-01
1.257757757757757844e+01 1.358312303405095345e-01
1.258758758758758844e+01 1.359958858599917830e-01
1.259759759759759845e+01 1.361612310877018672e-01
1.260760760760760846e+01 1.363265763154119514e-01
1.261761761761761846e+01 1.364923459129607497e-01
1.262762762762762847e+01 1.366587571287108394e-01
1.263763763763763848e+01 1.368251683444609290e-01
1.264764764764764848e+01 1.369920659993537904e-01
1.265765765765765849e+01 1.371595557941344690e-01
1.266766766766766850e+01 1.373270455889151753e-01
1.267767767767767850e+01 1.374950851806449881e-01
1.268768768768768851e+01 1.376636660588730354e-01
1.269769769769769852e+01 1.378322469371010828e-01
1.270770770770770852e+01 1.380014422444132971e-01
1.271771771771771853e+01 1.381711266231516744e-01
1.272772772772772854e+01 1.383408110018900794e-01
1.273773773773773854e+01 1.385111757018540057e-01
1.274774774774774855e+01 1.386819759100585969e-01
1.275775775775775855e+01 1.388527761182631604e-01
1.276776776776776856e+01 1.390243237853769354e-01
1.277777777777777857e+01 1.391962520631697675e-01
1.278778778778778857e+01 1.393681803409625997e-01
1.279779779779779858e+01 1.395409244462914311e-01
1.280780780780780859e+01 1.397139929442603734e-01
1.281781781781781859e+01 1.398870614422293157e-01
1.282782782782782860e+01 1.400610153525770341e-01
1.283783783783783861e+01 1.402352361311014206e-01
1.284784784784784861e+01 1.404094569096257794e-01
1.285785785785785862e+01 1.405846338867390022e-01
1.286786786786786863e+01 1.407600189153410952e-01
1.287787787787787863e+01 1.409354039439431883e-01
1.288788788788788864e+01 1.411118171437478197e-01
1.289789789789789864e+01 1.412883783004699190e-01
1.290790790790790865e+01 1.414649394571920460e-01
1.291791791791791866e+01 1.416426019290621674e-01
1.292792792792792866e+01 1.418203509998690603e-01
1.293793793793793867e+01 1.419981000706759533e-01
1.294794794794794868e+01 1.421770247567342715e-01
1.295795795795795868e+01 1.423559734349405803e-01
1.296796796796796869e+01 1.425349619618741515e-01
1.297797797797797870e+01 1.427151218475965211e-01
1.298798798798798870e+01 1.428952817333188907e-01
1.299799799799799871e+01 1.430755465278948924e-01
1.300800800800800872e+01 1.432569291275292978e-01
1.301801801801801872e+01 1.434383117271636754e-01
1.302802802802802873e+01 1.436198655000864854e-01
1.303803803803803874e+01 1.438024822258088531e-01
1.304804804804804874e+01 1.439850989515312485e-01
1.305805805805805875e+01 1.441679543042414802e-01
1.306806806806806875e+01 1.443518164735330955e-01
1.307807807807807876e+01 1.445356786428247664e-01
1.308808808808808877e+01 1.447198480669301401e-01
1.309809809809809877e+01 1.449049669021266751e-01
1.310810810810810878e+01 1.450900857373231823e-01
1.311811811811811879e+01 1.452755816140589573e-01
1.312812812812812879e+01 1.454619682419227289e-01
1.313813813813813880e+01 1.456483548697864450e-01
1.314814814814814881e+01 1.458351894695054385e-01
1.315815815815815881e+01 1.460228549208211213e-01
1.316816816816816882e+01 1.462105203721368318e-01
1.317817817817817883e+01 1.463987058538288588e-01
1.318818818818818883e+01 1.465876610630224286e-01
1.319819819819819884e+01 1.467766162722160261e-01
1.320820820820820884e+01 1.469661646830562884e-01
1.321821821821821885e+01 1.471564204878356430e-01
1.322822822822822886e+01 1.473466762926150253e-01
1.323823823823823886e+01 1.475375995675406449e-01
1.324824824824824887e+01 1.477291667085602611e-01
1.325825825825825888e+01 1.479207338495798496e-01
1.326826826826826888e+01 1.481130438108953506e-01
1.327827827827827889e+01 1.483059329314413699e-01
1.328828828828828890e+01 1.484988220519874169e-01
1.329829829829829890e+01 1.486925304089970756e-01
1.330830830830830891e+01 1.488867520546953982e-01
1.331831831831831892e+01 1.490809737003937208e-01
1.332832832832832892e+01 1.492760920490621701e-01
1.333833833833833893e+01 1.494716566676077829e-01
1.334834834834834894e+01 1.496672212861533957e-01
1.335835835835835894e+01 1.498637611087927923e-01
1.336836836836836895e+01 1.500606790497000520e-01
1.337837837837837895e+01 1.502575969906072839e-01
1.338838838838838896e+01 1.504555696555916200e-01
1.339839839839839897e+01 1.506538511699663241e-01
1.340840840840840897e+01 1.508521326843410282e-01
1.341841841841841898e+01 1.510515494458463948e-01
1.342842842842842899e+01 1.512512046861778092e-01
1.343843843843843899e+01 1.514508599265092514e-01
1.344844844844844900e+01 1.516517319242802753e-01
1.345845845845845901e+01 1.518527709442541451e-01
1.346846846846846901e+01 1.520538099642279872e-01
1.347847847847847902e+01 1.522561482233698582e-01
1.348848848848848903e+01 1.524585809777011802e-01
1.349849849849849903e+01 1.526610137320324745e-01
1.350850850850850904e+01 1.528648291628282030e-01
1.351851851851851904e+01 1.530686655071142321e-01
1.352852852852852905e+01 1.532725555585599531e-01
1.353853853853853906e+01 1.534778052491528044e-01
1.354854854854854906e+01 1.536830549397456280e-01
1.355855855855855907e+01 1.538884339813389457e-01
1.356856856856856908e+01 1.540951066752371257e-01
1.357857857857857908e+01 1.543017793691353334e-01
1.358858858858858909e+01 1.545086580652854091e-01
1.359859859859859910e+01 1.547167633200449699e-01
1.360860860860860910e+01 1.549248685748045029e-01
1.361861861861861911e+01 1.551332574746825399e-01
1.362862862862862912e+01 1.553428047483464414e-01
1.363863863863863912e+01 1.555523520220103428e-01
1.364864864864864913e+01 1.557622615594688453e-01
1.365865865865865914e+01 1.559732602105149690e-01
1.366866866866866914e+01 1.561842588615611482e-01
1.367867867867867915e+01 1.563956993550764674e-01
1.368868868868868915e+01 1.566081586423844485e-01
1.369869869869869916e+01 1.568206179296924296e-01
1.370870870870870917e+01 1.570335995823305408e-01
1.371871871871871917e+01 1.572475286651651427e-01
1.372872872872872918e+01 1.574614577479997446e-01
1.373873873873873919e+01 1.576759906474039241e-01
1.374874874874874919e+01 1.578913985854175084e-01
1.375875875875875920e+01 1.581068065234310649e-01
1.376876876876876921e+01 1.583229006418322427e-01
1.377877877877877921e+01 1.585397963950834488e-01
1.378878878878878922e+01 1.587566921483346827e-01
1.379879879879879923e+01 1.589743573425833056e-01
1.380880880880880923e+01 1.591927497715735496e-01
1.381881881881881924e+01 1.594111422005637380e-01
1.382882882882882924e+01 1.596303882121833662e-01
1.383883883883883925e+01 1.598502860779097423e-01
1.384884884884884926e+01 1.600701839436361185e-01
1.385885885885885926e+01 1.602910203988976712e-01
1.386886886886886927e+01 1.605124323629225080e-01
1.387887887887887928e+01 1.607338443269473172e-01
1.388888888888888928e+01 1.609562807369643578e-01
1.389889889889889929e+01 1.611792153615007883e-01
1.390890890890890930e+01 1.614021499860372189e-01
1.391891891891891930e+01 1.616261957468810850e-01
1.392892892892892931e+01 1.618506614948947986e-01
1.393893893893893932e+01 1.620751272429084566e-01
1.394894894894894932e+01 1.623007916357440128e-01
1.395895895895895933e+01 1.625267968710706334e-01
1.396896896896896934e+01 1.627528021063972818e-01
1.397897897897897934e+01 1.629800942976374900e-01
1.398898898898898935e+01 1.632076472851151649e-01
1.399899899899899935e+01 1.634352002725928399e-01
1.400900900900900936e+01 1.636641293140733977e-01
1.401901901901901937e+01 1.638932382196909288e-01
1.402902902902902937e+01 1.641223471253085153e-01
1.403903903903903938e+01 1.643529219544805076e-01
1.404904904904904939e+01 1.645835948455397213e-01
1.405905905905905939e+01 1.648142677365989350e-01
1.406906906906906940e+01 1.650464971767406919e-01
1.407907907907907941e+01 1.652787420220339920e-01
1.408908908908908941e+01 1.655110549577722134e-01
1.409909909909909942e+01 1.657448796277735392e-01
1.410910910910910943e+01 1.659787042977748928e-01
1.411911911911911943e+01 1.662126813770949674e-01
1.412912912912912944e+01 1.664480936441663506e-01
1.413913913913913944e+01 1.666835059112377337e-01
1.414914914914914945e+01 1.669191557142412075e-01
1.415915915915915946e+01 1.671561632528514030e-01
1.416916916916916946e+01 1.673931707914615985e-01
1.417917917917917947e+01 1.676305017848682966e-01
1.418918918918918948e+01 1.678691121718258739e-01
1.419919919919919948e+01 1.681077225587834512e-01
1.420920920920920949e+01 1.683467430962168609e-01
1.421921921921921950e+01 1.685869638109162572e-01
1.422922922922922950e+01 1.688271845256156256e-01
1.423923923923923951e+01 1.690679028479052382e-01
1.424924924924924952e+01 1.693097412725859119e-01
1.425925925925925952e+01 1.695515796972665579e-01
1.426926926926926953e+01 1.697940039327663908e-01
1.427927927927927954e+01 1.700374673527845493e-01
1.428928928928928954e+01 1.702809307728026800e-01
1.429929929929929955e+01 1.705250689377255657e-01
1.430930930930930955e+01 1.707701645418383263e-01
1.431931931931931956e+01 1.710152601459511146e-01
1.432932932932932957e+01 1.712611201447187814e-01
1.433933933933933957e+01 1.715078550253807677e-01
1.434934934934934958e+01 1.717545899060427539e-01
1.435935935935935959e+01 1.720021795316512836e-01
1.436936936936936959e+01 1.722505606853227400e-01
1.437937937937937960e+01 1.724989418389941964e-01
1.438938938938938961e+01 1.727482687733941369e-01
1.439939939939939961e+01 1.729983031008613115e-01
1.440940940940940962e+01 1.732483374283284305e-01
1.441941941941941963e+01 1.734994092428199242e-01
1.442942942942942963e+01 1.737511035495260259e-01
1.443943943943943964e+01 1.740027978562321276e-01
1.444944944944944965e+01 1.742556220118738619e-01
1.445945945945945965e+01 1.745089830082622584e-01
1.446946946946946966e+01 1.747623440046506271e-01
1.447947947947947966e+01 1.750169278526832184e-01
1.448948948948948967e+01 1.752719621545507367e-01
1.449949949949949968e+01 1.755269964564182827e-01
1.450950950950950968e+01 1.757833472387007323e-01
1.451951951951951969e+01 1.760400613675618675e-01
1.452952952952952970e+01 1.762967754964230305e-01
1.453953953953953970e+01 1.765549003458832533e-01
1.454954954954954971e+01 1.768133007293452297e-01
1.455955955955955972e+01 1.770717011128072060e-01
1.456956956956956972e+01 1.773316070539048828e-01
1.457957957957957973e+01 1.775917000260522904e-01
1.458958958958958974e+01 1.778517929981996981e-01
1.459959959959959974e+01 1.781134869474018112e-01
1.460960960960960975e+01 1.783752787491913183e-01
1.461961961961961975e+01 1.786370705509808532e-01
1.462962962962962976e+01 1.789005593172504349e-01
1.463963963963963977e+01 1.791640560969160467e-01
1.464964964964964977e+01 1.794276353484108855e-01
1.465965965965965978e+01 1.796928431618771693e-01
1.466966966966966979e+01 1.799580509753434532e-01
1.467967967967967979e+01 1.802234323772913538e-01
1.468968968968968980e+01 1.804903571885977387e-01
1.469969969969969981e+01 1.807572819999040958e-01
1.470970970970970981e+01 1.810244721332560647e-01
1.471971971971971982e+01 1.812931198149883572e-01
1.472972972972972983e+01 1.815617674967207051e-01
1.473973973973973983e+01 1.818307728365518294e-01
1.474974974974974984e+01 1.821011491702841656e-01
1.475975975975975985e+01 1.823715255040165018e-01
1.476976976976976985e+01 1.826423524200632420e-01
1.477977977977977986e+01 1.829144630968072005e-01
1.478978978978978986e+01 1.831865737735511313e-01
1.479979979979979987e+01 1.834592285307586612e-01
1.480980980980980988e+01 1.837330791514218686e-01
1.481981981981981988e+01 1.840069297720851038e-01
1.482982982982982989e+01 1.842814185311653363e-01
1.483983983983983990e+01 1.845570146070173723e-01
1.484984984984984990e+01 1.848326106828694082e-01
1.485985985985985991e+01 1.851089395008692629e-01
1.486986986986986992e+01 1.853862864540160860e-01
1.487987987987987992e+01 1.856636334071629091e-01
1.488988988988988993e+01 1.859418082380424608e-01
1.489989989989989994e+01 1.862209114019079126e-01
1.490990990990990994e+01 1.865000145657733366e-01
1.491991991991991995e+01 1.867800412609934568e-01
1.492992992992992995e+01 1.870609058808091196e-01
1.493993993993993996e+01 1.873417705006247269e-01
1.494994994994994997e+01 1.876236548097441614e-01
1.495995995995995997e+01 1.879062860430452120e-01
1.496996996996996998e+01 1.881889172763463181e-01
1.497997997997997999e+01 1.884726648476278410e-01
1.498998998998998999e+01 1.887570677647575634e-01
1.500000000000000000e+01 1.890414706818873136e-01
