5.000000000000000000e+00 1.271156397002980686e-02
5.010010010010010006e+00 1.272851395077939998e-02
5.020020020020020013e+00 1.274546393152899484e-02
5.030030030030030019e+00 1.276241391227858797e-02
5.040040040040040026e+00 1.277936389302818110e-02
5.050050050050050032e+00 1.279631387377777423e-02
5.060060060060060039e+00 1.281326385452736909e-02
5.070070070070070045e+00 1.283021383527696048e-02
5.080080080080080052e+00 1.284716381602655534e-02
5.090090090090090058e+00 1.286411379677615020e-02
5.100100100100100065e+00 1.288106377752574333e-02
5.110110110110110071e+00 1.289871111974788542e-02
5.120120120120120077e+00 1.291654327819836447e-02
5.130130130130130084e+00 1.293437543664884004e-02
5.140140140140140090e+00 1.295279148779952989e-02
5.150150150150150097e+00 1.297149008444590211e-02
5.160160160160160103e+00 1.299018868109227086e-02
5.170170170170170110e+00 1.300936171417300252e-02
5.180180180180180116e+00 1.302891162328009486e-02
5.190190190190190123e+00 1.304846153238718547e-02
5.200200200200200129e+00 1.306838023152354089e-02
5.210210210210210136e+00 1.308876696847102901e-02
5.220220220220220142e+00 1.310915370541851713e-02
5.230230230230230148e+00 1.312980718012840553e-02
5.240240240240240155e+00 1.315101692775901346e-02
5.250250250250250161e+00 1.317222667538962312e-02
5.260260260260260168e+00 1.319360447442538553e-02
5.270270270270270174e+00 1.321562410834589002e-02
5.280280280280280181e+00 1.323764374226639624e-02
5.290290290290290187e+00 1.325973586701600059e-02
5.300300300300300194e+00 1.328255297980449230e-02
5.310310310310310200e+00 1.330537009259298402e-02
5.320320320320320207e+00 1.332818720538147574e-02
5.330330330330330213e+00 1.335176993430290011e-02
5.340340340340340219e+00 1.337537285857957198e-02
5.350350350350350226e+00 1.339897578285624384e-02
5.360360360360360232e+00 1.342324334404848205e-02
5.370370370370370239e+00 1.344762117437105220e-02
5.380380380380380245e+00 1.347199900469362235e-02
5.390390390390390252e+00 1.349694361586497617e-02
5.400400400400400258e+00 1.352208622941354112e-02
5.410410410410410265e+00 1.354722884296210607e-02
5.420420420420420271e+00 1.357284324282398077e-02
5.430430430430430278e+00 1.359874131884381866e-02
5.440440440440440284e+00 1.362463939486365655e-02
5.450450450450450290e+00 1.365091685286021379e-02
5.460460460460460297e+00 1.367756189083460701e-02
5.470470470470470303e+00 1.370420692880900196e-02
5.480480480480480310e+00 1.373114125430770216e-02
5.490490490490490316e+00 1.375852559083641860e-02
5.500500500500500323e+00 1.378590992736513504e-02
5.510510510510510329e+00 1.381349547830180644e-02
5.520520520520520336e+00 1.384161230266435678e-02
5.530530530530530342e+00 1.386972912702690713e-02
5.540540540540540349e+00 1.389796081799959428e-02
5.550550550550550355e+00 1.392680418638577756e-02
5.560560560560560361e+00 1.395564755477196085e-02
5.570570570570570368e+00 1.398452086457844731e-02
5.580580580580580374e+00 1.401408571297194441e-02
5.590590590590590381e+00 1.404365056136544151e-02
5.600600600600600387e+00 1.407321540975894035e-02
5.610610610610610394e+00 1.410344369568400369e-02
5.620620620620620400e+00 1.413372585138809347e-02
5.630630630630630407e+00 1.416400800709218324e-02
5.640640640640640413e+00 1.419486731817064078e-02
5.650650650650650419e+00 1.422586350996822048e-02
5.660660660660660426e+00 1.425685970176579845e-02
5.670670670670670432e+00 1.428834815926154425e-02
5.680680680680680439e+00 1.432005602620465765e-02
5.690690690690690445e+00 1.435176389314777104e-02
5.700700700700700452e+00 1.438388021444737819e-02
5.710710710710710458e+00 1.441629831327449936e-02
5.720720720720720465e+00 1.444871641210161879e-02
5.730730730730730471e+00 1.448145991404349922e-02
5.740740740740740478e+00 1.451458772522559899e-02
5.750750750750750484e+00 1.454771553640770050e-02
5.760760760760760490e+00 1.458108613804079585e-02
5.770770770770770497e+00 1.461492407046008357e-02
5.780780780780780503e+00 1.464876200287937129e-02
5.790790790790790510e+00 1.468276022765312508e-02
5.800800800800800516e+00 1.471730962192091541e-02
5.810810810810810523e+00 1.475185901618870574e-02
5.820820820820820529e+00 1.478648599357655462e-02
5.830830830830830536e+00 1.482174912399946039e-02
5.840840840840840542e+00 1.485701225442236442e-02
5.850850850850850549e+00 1.489227538484527019e-02
5.860860860860860555e+00 1.492824979618745558e-02
5.870870870870870561e+00 1.496422987139342693e-02
5.880880880880880568e+00 1.500020994659939828e-02
5.890890890890890574e+00 1.503682133350205639e-02
5.900900900900900581e+00 1.507352249574022383e-02
5.910910910910910587e+00 1.511022365797839127e-02
5.920920920920920594e+00 1.514747590371779556e-02
5.930930930930930600e+00 1.518490322684835567e-02
5.940940940940940607e+00 1.522233054997891404e-02
5.950950950950950613e+00 1.526022814144420772e-02
5.960960960960960620e+00 1.529838762763678639e-02
5.970970970970970626e+00 1.533654711382936506e-02
5.980980980980980632e+00 1.537509513909257781e-02
5.990990990990990639e+00 1.541399371425345062e-02
6.001001001001000645e+00 1.545289228941432516e-02
6.011011011011010652e+00 1.549209643477950787e-02
6.021021021021020658e+00 1.553174194273018900e-02
6.031031031031030665e+00 1.557138745068087013e-02
6.041041041041040671e+00 1.561125399721966130e-02
6.051051051051050678e+00 1.565165519265105526e-02
6.061061061061060684e+00 1.569205638808245096e-02
6.071071071071070691e+00 1.573259220766360517e-02
6.081081081081080697e+00 1.577375874789181676e-02
6.091091091091090703e+00 1.581492528812003182e-02
6.101101101101100710e+00 1.585613783894090564e-02
6.111111111111110716e+00 1.589808027449226419e-02
6.121121121121120723e+00 1.594002271004362620e-02
6.131131131131130729e+00 1.598196514559498821e-02
6.141141141141140736e+00 1.602464979572635478e-02
6.151151151151150742e+00 1.606737955978096086e-02
6.161161161161160749e+00 1.611010932383556693e-02
6.171171171171170755e+00 1.615349966443865512e-02
6.181181181181180762e+00 1.619702906116301383e-02
6.191191191191190768e+00 1.624055845788737948e-02
6.201201201201200774e+00 1.628466453271839448e-02
6.211211211211210781e+00 1.632900672451908369e-02
6.221221221221220787e+00 1.637334891631977291e-02
6.231231231231230794e+00 1.641818131898528654e-02
6.241241241241240800e+00 1.646335031271687482e-02
6.251251251251250807e+00 1.650851930644845617e-02
6.261261261261260813e+00 1.655408917256418616e-02
6.271271271271270820e+00 1.660009980472564040e-02
6.281281281281280826e+00 1.664611043688709463e-02
6.291291291291290833e+00 1.669242943582759445e-02
6.301301301301300839e+00 1.673929735678261754e-02
6.311311311311310845e+00 1.678616527773764411e-02
6.321321321321320852e+00 1.683324560398775926e-02
6.331331331331330858e+00 1.688098726124511936e-02
6.341341341341340865e+00 1.692872891850247252e-02
6.351351351351350871e+00 1.697658328262154764e-02
6.361361361361360878e+00 1.702521590321263295e-02
6.371371371371370884e+00 1.707384852380371479e-02
6.381381381381380891e+00 1.712249014301366404e-02
6.391391391391390897e+00 1.717203171500499004e-02
6.401401401401400904e+00 1.722157328699630910e-02
6.411411411411410910e+00 1.727111485898763510e-02
6.421421421421420916e+00 1.732148512858395009e-02
6.431431431431430923e+00 1.737195438176299817e-02
6.441441441441440929e+00 1.742242363494204277e-02
6.451451451451450936e+00 1.747362852600716637e-02
6.461461461461460942e+00 1.752504491178062673e-02
6.471471471471470949e+00 1.757646129755408362e-02
6.481481481481480955e+00 1.762851618800441791e-02
6.491491491491490962e+00 1.768089985854817345e-02
6.501501501501500968e+00 1.773328352909192898e-02
6.511511511511510975e+00 1.778620424076698611e-02
6.521521521521520981e+00 1.783957602746768720e-02
6.531531531531530987e+00 1.789294781416838134e-02
6.541541541541540994e+00 1.794675060104187689e-02
6.551551551551551000e+00 1.800113199227008215e-02
6.561561561561561007e+00 1.805551338349828741e-02
6.571571571571571013e+00 1.811021491962299529e-02
6.581581581581581020e+00 1.816562803787829042e-02
6.591591591591591026e+00 1.822104115613358208e-02
6.601601601601601033e+00 1.827665852333212534e-02
6.611611611611611927e+00 1.833312610180038577e-02
6.621621621621621934e+00 1.838959368026864619e-02
6.631631631631631940e+00 1.844614435558224186e-02
6.641641641641641947e+00 1.850368971414567340e-02
6.651651651651651953e+00 1.856123507270910494e-02
6.661661661661661959e+00 1.861878043127253649e-02
6.671671671671671966e+00 1.867738393635673053e-02
6.681681681681681972e+00 1.873603095709690594e-02
6.691691691691691979e+00 1.879467797783707789e-02
6.701701701701701985e+00 1.885427529875008737e-02
6.711711711711711992e+00 1.891404840098432141e-02
6.721721721721721998e+00 1.897382150321855546e-02
6.731731731731732005e+00 1.903443173695810314e-02
6.741741741741742011e+00 1.909535585184916548e-02
6.751751751751752018e+00 1.915627996674023129e-02
6.761761761761762024e+00 1.921792252736400503e-02
6.771771771771772030e+00 1.928002307214325001e-02
6.781781781781782037e+00 1.934212361692249499e-02
6.791791791791792043e+00 1.940481822162198541e-02
6.801801801801802050e+00 1.946812107346507573e-02
6.811811811811812056e+00 1.953142392530816604e-02
6.821821821821822063e+00 1.959519058035248326e-02
6.831831831831832069e+00 1.965972204994715505e-02
6.841841841841842076e+00 1.972425351954182685e-02
6.851851851851852082e+00 1.978911250610317779e-02
6.861861861861862089e+00 1.985489931094768998e-02
6.871871871871872095e+00 1.992068611579220216e-02
6.881881881881882101e+00 1.998665797566465119e-02
6.891891891891892108e+00 2.005372721313520082e-02
6.901901901901902114e+00 2.012079645060574698e-02
6.911911911911912121e+00 2.018790197182858057e-02
6.921921921921922127e+00 2.025628109205326877e-02
6.931931931931932134e+00 2.032466021227795697e-02
6.941941941941942140e+00 2.039303933250264170e-02
6.951951951951952147e+00 2.046263719325188551e-02
6.961961961961962153e+00 2.053235397182862770e-02
6.971971971971972160e+00 2.060207075040536989e-02
6.981981981981982166e+00 2.067287260307031430e-02
6.991991991991992172e+00 2.074395511366493652e-02
7.002002002002002179e+00 2.081503762425955181e-02
7.012012012012012185e+00 2.088706517915488517e-02
7.022022022022022192e+00 2.095954176601548882e-02
7.032032032032032198e+00 2.103201835287609595e-02
7.042042042042042205e+00 2.110529348079397821e-02
7.052052052052052211e+00 2.117919273121644450e-02
7.062062062062062218e+00 2.125309198163891425e-02
7.072072072072072224e+00 2.132763669915024515e-02
7.082082082082082231e+00 2.140298741592950096e-02
7.092092092092092237e+00 2.147833813270876024e-02
7.102102102102102243e+00 2.155417458746949552e-02
7.112112112112112250e+00 2.163100576136998271e-02
7.122122122122122256e+00 2.170783693527046990e-02
7.132132132132132263e+00 2.178498739134282491e-02
7.142142142142142269e+00 2.186332817362094533e-02
7.152152152152152276e+00 2.194166895589905880e-02
7.162162162162162282e+00 2.202015577909748750e-02
7.172172172172172289e+00 2.210003545410805376e-02
7.182182182182182295e+00 2.217991512911862348e-02
7.192192192192192302e+00 2.225979480412919320e-02
7.202202202202202308e+00 2.234120873030785021e-02
7.212212212212212314e+00 2.242265668822559024e-02
7.222222222222222321e+00 2.250410464614333028e-02
7.232232232232232327e+00 2.258692938675987624e-02
7.242242242242242334e+00 2.266997509644598507e-02
7.252252252252252340e+00 2.275302080613209391e-02
7.262262262262262347e+00 2.283727899645156961e-02
7.272272272272272353e+00 2.292195197849490607e-02
7.282282282282282360e+00 2.300662496053824599e-02
7.292292292292292366e+00 2.309233925264269835e-02
7.302302302302302373e+00 2.317866905260348998e-02
7.312312312312312379e+00 2.326499885256427813e-02
7.322322322322322385e+00 2.335219190119351002e-02
7.332332332332332392e+00 2.344020806307742233e-02
7.342342342342342398e+00 2.352822422496132770e-02
7.352352352352352405e+00 2.361691867346002449e-02
7.362362362362362411e+00 2.370665071344863276e-02
7.372372372372372418e+00 2.379638275343723755e-02
7.382382382382382424e+00 2.388660121981612400e-02
7.392392392392392431e+00 2.397807860027936083e-02
7.402402402402402437e+00 2.406955598074259767e-02
7.412412412412412444e+00 2.416132104386116419e-02
7.422422422422422450e+00 2.425457314767622691e-02
7.432432432432432456e+00 2.434782525149129309e-02
7.442442442442442463e+00 2.444115943736937732e-02
7.452452452452452469e+00 2.453621554256951373e-02
7.462462462462462476e+00 2.463127164776965014e-02
7.472472472472472482e+00 2.472632775296979002e-02
7.482482482482482489e+00 2.482308667081051939e-02
7.492492492492492495e+00 2.491997592558605965e-02
7.502502502502502502e+00 2.501686518036159990e-02
7.512512512512512508e+00 2.511526705413789570e-02
7.522522522522522515e+00 2.521401845221117599e-02
7.532532532532532521e+00 2.531276985028446322e-02
7.542542542542542527e+00 2.541283678806174548e-02
7.552552552552552534e+00 2.551347914445615053e-02
7.562562562562562540e+00 2.561412150085055212e-02
7.572572572572572547e+00 2.571587548071175428e-02
7.582582582582582553e+00 2.581843740793468914e-02
7.592592592592592560e+00 2.592099933515762053e-02
7.602602602602602566e+00 2.602446219269418173e-02
7.612612612612612573e+00 2.612897207735197583e-02
7.622622622622622579e+00 2.623348196200977686e-02
7.632632632632632586e+00 2.633867537799891578e-02
7.642642642642642592e+00 2.644516135786151995e-02
7.652652652652652598e+00 2.655164733772412411e-02
7.662662662662662605e+00 2.665859282599746319e-02
7.672672672672672611e+00 2.676708276752918711e-02
7.682682682682682618e+00 2.687557270906091450e-02
7.692692692692692624e+00 2.698429160456913140e-02
7.702702702702702631e+00 2.709481308094107560e-02
7.712712712712712637e+00 2.720533455731301634e-02
7.722722722722722644e+00 2.731585603368495360e-02
7.732732732732732650e+00 2.742842827398990144e-02
7.742742742742742657e+00 2.754100854358842651e-02
7.752752752752752663e+00 2.765358881318695852e-02
7.762762762762762669e+00 2.776800346987254656e-02
7.772772772772772676e+00 2.788266945531764351e-02
7.782782782782782682e+00 2.799733544076274394e-02
7.792792792792792689e+00 2.811361288632923533e-02
7.802802802802802695e+00 2.823039115401498184e-02
7.812812812812812702e+00 2.834716942170072834e-02
7.822822822822822708e+00 2.846532978415256682e-02
7.832832832832832715e+00 2.858424652432181925e-02
7.842842842842842721e+00 2.870316326449106822e-02
7.852852852852852727e+00 2.882322641699321120e-02
7.862862862862862734e+00 2.894430742435689929e-02
7.872872872872872740e+00 2.906538843172058392e-02
7.882882882882882747e+00 2.918737398248609158e-02
7.892892892892892753e+00 2.931064463739714576e-02
7.902902902902902760e+00 2.943391529230819995e-02
7.912912912912912766e+00 2.955784257471974485e-02
7.922922922922922773e+00 2.968332782491069077e-02
7.932932932932932779e+00 2.980881307510163669e-02
7.942942942942942786e+00 2.993470113806947011e-02
7.952952952952952792e+00 3.006242548096130923e-02
7.962962962962962798e+00 3.019014982385314835e-02
7.972972972972972805e+00 3.031801742241180264e-02
7.982982982982982811e+00 3.044800488800215865e-02
7.992992992992992818e+00 3.057799235359251466e-02
8.003003003003001936e+00 3.070797981918286026e-02
8.013013013013011943e+00 3.084013207407469356e-02
8.023023023023021949e+00 3.097240620841066813e-02
8.033033033033031955e+00 3.110468034274664617e-02
8.043043043043041962e+00 3.123887177142620902e-02
8.053053053053051968e+00 3.137345562066833071e-02
8.063063063063061975e+00 3.150803946991045240e-02
8.073073073073071981e+00 3.164428737655879814e-02
8.083083083083081988e+00 3.178120347164006820e-02
8.093093093093091994e+00 3.191811956672133133e-02
8.103103103103102001e+00 3.205644091171950399e-02
8.113113113113112007e+00 3.219571125360409097e-02
8.123123123123122014e+00 3.233498159548868489e-02
8.133133133133132020e+00 3.247539298784101608e-02
8.143143143143142026e+00 3.261703903338527416e-02
8.153153153153152033e+00 3.275868507892953224e-02
8.163163163163162039e+00 3.290120276893921530e-02
8.173173173173172046e+00 3.304524541735791299e-02
8.183183183183182052e+00 3.318928806577660373e-02
8.193193193193192059e+00 3.333392793797393394e-02
8.203203203203202065e+00 3.348038751791278939e-02
8.213213213213213848e+00 3.362684709785167952e-02
8.223223223223223854e+00 3.377362466417527243e-02
8.233233233233233861e+00 3.392252092139173836e-02
8.243243243243243867e+00 3.407141717860819041e-02
8.253253253253253874e+00 3.422034757183990000e-02
8.263263263263263880e+00 3.437169965749123368e-02
8.273273273273273887e+00 3.452305174314256042e-02
8.283283283283283893e+00 3.467440382879389410e-02
8.293293293293293900e+00 3.482797617013515257e-02
8.303303303303303906e+00 3.498180262967473531e-02
8.313313313313313913e+00 3.513562908921431110e-02
8.323323323323323919e+00 3.529140128981564373e-02
8.333333333333333925e+00 3.544772005249568342e-02
8.343343343343343932e+00 3.560403881517572311e-02
8.353353353353353938e+00 3.576202420739911514e-02
8.363363363363363945e+00 3.592085257637844808e-02
8.373373373373373951e+00 3.607968094535777409e-02
8.383383383383383958e+00 3.623989244939340715e-02
8.393393393393393964e+00 3.640124709244816487e-02
8.403403403403403971e+00 3.656260173550292258e-02
8.413413413413413977e+00 3.672505185467097449e-02
8.423423423423423984e+00 3.688894879550547873e-02
8.433433433433433990e+00 3.705284573633998296e-02
8.443443443443443996e+00 3.721754655264170736e-02
8.453453453453454003e+00 3.738400116279602670e-02
8.463463463463464009e+00 3.755045577295033910e-02
8.473473473473474016e+00 3.771741894286714802e-02
8.483483483483484022e+00 3.788644593421767320e-02
8.493493493493494029e+00 3.805547292556820532e-02
8.503503503503504035e+00 3.822470967610772791e-02
8.513513513513514042e+00 3.839632309395631798e-02
8.523523523523524048e+00 3.856793651180491500e-02
8.533533533533534055e+00 3.873954992965350508e-02
8.543543543543544061e+00 3.891367085353954203e-02
8.553553553553554067e+00 3.908788407028646744e-02
8.563563563563564074e+00 3.926209728703339286e-02
8.573573573573574080e+00 3.943852563629697550e-02
8.583583583583584087e+00 3.961535134569238448e-02
8.593593593593594093e+00 3.979217705508780040e-02
8.603603603603604100e+00 3.997092206321453678e-02
8.613613613613614106e+00 4.015037227518251928e-02
8.623623623623624113e+00 4.032982248715050178e-02
8.633633633633634119e+00 4.051089294016901876e-02
8.643643643643644126e+00 4.069297897619839760e-02
8.653653653653654132e+00 4.087506501222778338e-02
8.663663663663664138e+00 4.105846924652917229e-02
8.673673673673674145e+00 4.124320173562422837e-02
8.683683683683684151e+00 4.142793422471927750e-02
8.693693693693694158e+00 4.161368012510738290e-02
8.703703703703704164e+00 4.180106900029170042e-02
8.713713713713714171e+00 4.198845787547601099e-02
8.723723723723724177e+00 4.217655287344649478e-02
8.733733733733734184e+00 4.236660736881264072e-02
8.743743743743744190e+00 4.255666186417878666e-02
8.753753753753754197e+00 4.274711293642462218e-02
8.763763763763764203e+00 4.293984158472189533e-02
8.773773773773774209e+00 4.313257023301916848e-02
8.783783783783784216e+00 4.332538390016027474e-02
8.793793793793794222e+00 4.352079453091281525e-02
8.803803803803804229e+00 4.371620516166534881e-02
8.813813813813814235e+00 4.391161579241789625e-02
8.823823823823824242e+00 4.410948722534691058e-02
8.833833833833834248e+00 4.430758696349368364e-02
8.843843843843844255e+00 4.450568670164047058e-02
8.853853853853854261e+00 4.470593881801817465e-02
8.863863863863864268e+00 4.490673408306655734e-02
8.873873873873874274e+00 4.510752934811494003e-02
8.883883883883884280e+00 4.531016658915257289e-02
8.893893893893894287e+00 4.551366309483631523e-02
8.903903903903904293e+00 4.571715960052006450e-02
8.913913913913914300e+00 4.592218594862194220e-02
8.923923923923924306e+00 4.612838870305526612e-02
8.933933933933934313e+00 4.633459145748858310e-02
8.943943943943944319e+00 4.654201043655238623e-02
8.953953953953954326e+00 4.675092374286999447e-02
8.963963963963964332e+00 4.695983704918760271e-02
8.973973973973974338e+00 4.716965172510440008e-02
8.983983983983984345e+00 4.738127918257882543e-02
8.993993993993994351e+00 4.759290664005325772e-02
9.004004004004004358e+00 4.780511962140436555e-02
9.014014014014014364e+00 4.801946412703046729e-02
9.024024024024024371e+00 4.823380863265656210e-02
9.034034034034034377e+00 4.844842207160434538e-02
9.044044044044044384e+00 4.866548582214125923e-02
9.054054054054054390e+00 4.888254957267817308e-02
9.064064064064064397e+00 4.909961332321509386e-02
9.074074074074074403e+00 4.931934966050855601e-02
9.084084084084084409e+00 4.953913415496948025e-02
9.094094094094094416e+00 4.975891864943039061e-02
9.104104104104104422e+00 4.998105918809713638e-02
9.114114114114114429e+00 5.020356523067612264e-02
9.124124124124124435e+00 5.042607127325511585e-02
9.134134134134134442e+00 5.065061611197489017e-02
9.144144144144144448e+00 5.087584381540127126e-02
9.154154154154154455e+00 5.110107151882764542e-02
9.164164164164164461e+00 5.132802030907498980e-02
9.174174174174174468e+00 5.155596909838430775e-02
9.184184184184184474e+00 5.178391788769362569e-02
9.194194194194194480e+00 5.201326983595983694e-02
9.204204204204204487e+00 5.224393845267154279e-02
9.214214214214214493e+00 5.247460706938324865e-02
9.224224224224224500e+00 5.270636093956364981e-02
9.234234234234234506e+00 5.293974744625455642e-02
9.244244244244244513e+00 5.317313395294546302e-02
9.254254254254254519e+00 5.340728806888867669e-02
9.264264264264264526e+00 5.364338985415159633e-02
9.274274274274274532e+00 5.387949163941452291e-02
9.284284284284284539e+00 5.411604388763071455e-02
9.294294294294294545e+00 5.435485767140823404e-02
9.304304304304304551e+00 5.459367145518575354e-02
9.314314314314314558e+00 5.483261928771073629e-02
9.324324324324324564e+00 5.507414112699265257e-02
9.334334334334334571e+00 5.531566296627456886e-02
9.344344344344344577e+00 5.555718480555648514e-02
9.354354354354354584e+00 5.580122869856045387e-02
9.364364364364364590e+00 5.604545399343466988e-02
9.374374374374374597e+00 5.628967928830888590e-02
9.384384384384384603e+00 5.653610712806493577e-02
9.394394394394394610e+00 5.678303062811106139e-02
9.404404404404404616e+00 5.702995412815719395e-02
9.414414414414414622e+00 5.727876143818810134e-02
9.424424424424424629e+00 5.752837724920290691e-02
9.434434434434434635e+00 5.777799306021771247e-02
9.444444444444444642e+00 5.802917494956744832e-02
9.454454454454454648e+00 5.828147654061127669e-02
9.464464464464464655e+00 5.853377813165511201e-02
9.474474474474474661e+00 5.878732929879379454e-02
9.484484484484484668e+00 5.904230950954791196e-02
9.494494494494494674e+00 5.929728972030202244e-02
9.504504504504504681e+00 5.955320445715662353e-02
9.514514514514514687e+00 5.981085550558003922e-02
9.524524524524524693e+00 6.006850655400344796e-02
9.534534534534534700e+00 6.032677875011093621e-02
9.544544544544544706e+00 6.058709224038637958e-02
9.554554554554554713e+00 6.084740573066181601e-02
9.564564564564564719e+00 6.110802887744163497e-02
9.574574574574574726e+00 6.137099580820021966e-02
9.584584584584584732e+00 6.163396273895879740e-02
9.594594594594594739e+00 6.189692993410159105e-02
9.604604604604604745e+00 6.216254070691574346e-02
9.614614614614614752e+00 6.242815147972989587e-02
9.624624624624624758e+00 6.269376225254404134e-02
9.634634634634634764e+00 6.296169985983279815e-02
9.644644644644644771e+00 6.322994428796625821e-02
9.654654654654654777e+00 6.349818871609970439e-02
9.664664664664664784e+00 6.376844463801577267e-02
9.674674674674674790e+00 6.403931195542113264e-02
9.684684684684684797e+00 6.431017927282647872e-02
9.694694694694694803e+00 6.458274488324378115e-02
9.704704704704704810e+00 6.485622375379680726e-02
9.714714714714714816e+00 6.512970262434983337e-02
9.724724724724724823e+00 6.540456893152749029e-02
9.734734734734734829e+00 6.568064745848789521e-02
9.744744744744744835e+00 6.595672598544830012e-02
9.754754754754754842e+00 6.623388363716936622e-02
9.764764764764764848e+00 6.651254937285833169e-02
9.774774774774774855e+00 6.679121510854729715e-02
9.784784784784784861e+00 6.707065439734465062e-02
9.794794794794794868e+00 6.735189435302833816e-02
9.804804804804804874e+00 6.763313430871199794e-02
9.814814814814814881e+00 6.791484517717834291e-02
9.824824824824824887e+00 6.819864583314842743e-02
9.834834834834834894e+00 6.848244648911849808e-02
9.844844844844844900e+00 6.876641853529784354e-02
9.854854854854854906e+00 6.905276585113810650e-02
9.864864864864864913e+00 6.933911316697838334e-02
9.874874874874874919e+00 6.962546048281863242e-02
9.884884884884884926e+00 6.991421507486572651e-02
9.894894894894894932e+00 7.020309449989586836e-02
9.904904904904904939e+00 7.049197392492601022e-02
9.914914914914914945e+00 7.078295282874871863e-02
9.924924924924924952e+00 7.107434931263577338e-02
9.934934934934934958e+00 7.136574579652282813e-02
9.944944944944944965e+00 7.165893712075162292e-02
9.954954954954954971e+00 7.195283512427871897e-02
9.964964964964964977e+00 7.224673312780581502e-02
9.974974974974974984e+00 7.254212466975915041e-02
9.984984984984984990e+00 7.283850817574293035e-02
9.994994994994994997e+00 7.313489168172673804e-02
1.000500500500500500e+01 7.343247093330428077e-02
1.001501501501501501e+01 7.373132345765218143e-02
1.002502502502502502e+01 7.403017598200008209e-02
1.003503503503503502e+01 7.432993013563048146e-02
1.004504504504504503e+01 7.463123473852747991e-02
1.005505505505505504e+01 7.493253934142446449e-02
1.006506506506506504e+01 7.523445529606527515e-02
1.007507507507507505e+01 7.553819459328253716e-02
1.008508508508508505e+01 7.584193389049979916e-02
1.009509509509509506e+01 7.614599825768683661e-02
1.010510510510510507e+01 7.645215443200281680e-02
1.011511511511511507e+01 7.675831060631878311e-02
1.012512512512512508e+01 7.706450971626228885e-02
1.013513513513513509e+01 7.737306452898787268e-02
1.014514514514514509e+01 7.768161934171344263e-02
1.015515515515515510e+01 7.799017415443902645e-02
1.016516516516516511e+01 7.830087405203726980e-02
1.017517517517517511e+01 7.861180885463599222e-02
1.018518518518518512e+01 7.892274365723472851e-02
1.019519519519519513e+01 7.923553109196029842e-02
1.020520520520520513e+01 7.954882683775624241e-02
1.021521521521521514e+01 7.986212258355218641e-02
1.022522522522522515e+01 8.017698269229170394e-02
1.023523523523523515e+01 8.049261994825618327e-02
1.024524524524524516e+01 8.080825720422064873e-02
1.025525525525525516e+01 8.112517487919361503e-02
1.026526526526526517e+01 8.144313383780271698e-02
1.027527527527527518e+01 8.176109279641181893e-02
1.028528528528528518e+01 8.208005269152526817e-02
1.029529529529529519e+01 8.240031318268058180e-02
1.030530530530530520e+01 8.272057367383589543e-02
1.031531531531531520e+01 8.304156021106298691e-02
1.032532532532532521e+01 8.336410171406812009e-02
1.033533533533533522e+01 8.368664321707323939e-02
1.034534534534534522e+01 8.400964059285359609e-02
1.035535535535535523e+01 8.433444224843793247e-02
1.036536536536536524e+01 8.465924390402229660e-02
1.037537537537537524e+01 8.498423609568128700e-02
1.038538538538538525e+01 8.531127671806500168e-02
1.039539539539539525e+01 8.563831734044874411e-02
1.040540540540540526e+01 8.596535796283248654e-02
1.041541541541541527e+01 8.629454620162639589e-02
1.042542542542542527e+01 8.662380429061844467e-02
1.043543543543543528e+01 8.695306237961050733e-02
1.044544544544544529e+01 8.728419095487502388e-02
1.045545545545545529e+01 8.761564470799720894e-02
1.046546546546546530e+01 8.794709846111939400e-02
1.047547547547547531e+01 8.828015044137228762e-02
1.048548548548548531e+01 8.861377776600365408e-02
1.049549549549549532e+01 8.894740509063502054e-02
1.050550550550550533e+01 8.928236336326401956e-02
1.051551551551551533e+01 8.961814188879668741e-02
1.052552552552552534e+01 8.995392041432934138e-02
1.053553553553553535e+01 9.029076769208231601e-02
1.054554554554554535e+01 9.062867478208486149e-02
1.055555555555555536e+01 9.096658187208739310e-02
1.056556556556556536e+01 9.130530069956221961e-02
1.057557557557557537e+01 9.164531346394165501e-02
1.058558558558558538e+01 9.198532622832109040e-02
1.059559559559559538e+01 9.232589898845378062e-02
1.060560560560560539e+01 9.266799429561210777e-02
1.061561561561561540e+01 9.301008960277043491e-02
1.062562562562562540e+01 9.335249852331982401e-02
1.063563563563563541e+01 9.369665301229736232e-02
1.064564564564564542e+01 9.404080750127491450e-02
1.065565565565565542e+01 9.438503466130179764e-02
1.066566566566566543e+01 9.473122475390280406e-02
1.067567567567567544e+01 9.507741484650381047e-02
1.068568568568568544e+01 9.542360493910478914e-02
1.069569569569569545e+01 9.577164409573672710e-02
1.070570570570570545e+01 9.611984600863032746e-02
1.071571571571571546e+01 9.646804792152391395e-02
1.072572572572572547e+01 9.681784507914600879e-02
1.073573573573573547e+01 9.716803483593804136e-02
1.074574574574574548e+01 9.751822459273007393e-02
1.075575575575575549e+01 9.786976124207695527e-02
1.076576576576576549e+01 9.822191468534638426e-02
1.077577577577577550e+01 9.857406812861581324e-02
1.078578578578578551e+01 9.892732564954791197e-02
1.079579579579579551e+01 9.928141845284309264e-02
1.080580580580580552e+01 9.963551125613827331e-02
1.081581581581581553e+01 9.999047092402255088e-02
1.082582582582582553e+01 1.003464786038123224e-01
1.083583583583583554e+01 1.007024862836020662e-01
1.084584584584584555e+01 1.010591292756720799e-01
1.085585585585585555e+01 1.014170272032459685e-01
1.086586586586586556e+01 1.017749251308198710e-01
1.087587587587587556e+01 1.021332325325137735e-01
1.088588588588588557e+01 1.024929959458279610e-01
1.089589589589589558e+01 1.028527593591421763e-01
1.090590590590590558e+01 1.032127121704174838e-01
1.091591591591591559e+01 1.035743161858803246e-01
1.092592592592592560e+01 1.039359202013431654e-01
1.093593593593593560e+01 1.042975242168059924e-01
1.094594594594594561e+01 1.046609189671599688e-01
1.095595595595595562e+01 1.050243385913535443e-01
1.096596596596596562e+01 1.053877582155471337e-01
1.097597597597597563e+01 1.057527350524975485e-01
1.098598598598598564e+01 1.061179451938313312e-01
1.099599599599599564e+01 1.064831553351651278e-01
1.100600600600600565e+01 1.068496949532674184e-01
1.101601601601601566e+01 1.072166704335581894e-01
1.102602602602602566e+01 1.075836459138489604e-01
1.103603603603603567e+01 1.079517289586785084e-01
1.104604604604604567e+01 1.083204445246547104e-01
1.105605605605605568e+01 1.086891600906308986e-01
1.106606606606606569e+01 1.090587671648794721e-01
1.107607607607607569e+01 1.094291974996042388e-01
1.108608608608608570e+01 1.097996278343289916e-01
1.109609609609609571e+01 1.101707395038662302e-01
1.110610610610610571e+01 1.105428592380764546e-01
1.111611611611611572e+01 1.109149789722866791e-01
1.112612612612612573e+01 1.112875757721854819e-01
1.113613613613613573e+01 1.116613594955431638e-01
1.114614614614614574e+01 1.120351432189008734e-01
1.115615615615615575e+01 1.124092056594254846e-01
1.116616616616616575e+01 1.127846279316775530e-01
1.117617617617617576e+01 1.131600502039296213e-01
1.118618618618618576e+01 1.135355587764855095e-01
1.119619619619619577e+01 1.139125941385288471e-01
1.120620620620620578e+01 1.142896295005721985e-01
1.121621621621621578e+01 1.146666648626155499e-01
1.122622622622622579e+01 1.150451876684657759e-01
1.123623623623623580e+01 1.154238106533150565e-01
1.124624624624624580e+01 1.158024336381643371e-01
1.125625625625625581e+01 1.161823380618810658e-01
1.126626626626626582e+01 1.165625232055349930e-01
1.127627627627627582e+01 1.169427083491889202e-01
1.128628628628628583e+01 1.173239748746497668e-01
1.129629629629629584e+01 1.177056967268541032e-01
1.130630630630630584e+01 1.180874185790584396e-01
1.131631631631631585e+01 1.184700277053356982e-01
1.132632632632632586e+01 1.188532608402396162e-01
1.133633633633633586e+01 1.192364939751435482e-01
1.134634634634634587e+01 1.196204262221389619e-01
1.135635635635635587e+01 1.200051452488419823e-01
1.136636636636636588e+01 1.203898642755450304e-01
1.137637637637637589e+01 1.207751001895780579e-01
1.138638638638638589e+01 1.211612797625653409e-01
1.139639639639639590e+01 1.215474593355526101e-01
1.140640640640640591e+01 1.219339794949017702e-01
1.141641641641641769e+01 1.223215943243656095e-01
1.142642642642642770e+01 1.227092091538293794e-01
1.143643643643643770e+01 1.230969941742255935e-01
1.144644644644644771e+01 1.234860190362697119e-01
1.145645645645645772e+01 1.238750438983138302e-01
1.146646646646646772e+01 1.242640744383851498e-01
1.147647647647647773e+01 1.246544841851112279e-01
1.148648648648648773e+01 1.250448939318372921e-01
1.149649649649649774e+01 1.254353036785633702e-01
1.150650650650650775e+01 1.258269202679772047e-01
1.151651651651651775e+01 1.262186898374501043e-01
1.152652652652652776e+01 1.266104594069229761e-01
1.153653653653653777e+01 1.270032580173621750e-01
1.154654654654654777e+01 1.273963624434524544e-01
1.155655655655655778e+01 1.277894668695427338e-01
1.156656656656656779e+01 1.281834284260240375e-01
1.157657657657657779e+01 1.285778428481269275e-01
1.158658658658658780e+01 1.289722572702298176e-01
1.159659659659659781e+01 1.293673627715393182e-01
1.160660660660660781e+01 1.297630624441659664e-01
1.161661661661661782e+01 1.301587621167926145e-01
1.162662662662662783e+01 1.305549926405503991e-01
1.163663663663663783e+01 1.309519529427927431e-01
1.164664664664664784e+01 1.313489132450350594e-01
1.165665665665665784e+01 1.317462499527060349e-01
1.166666666666666785e+01 1.321444463975711969e-01
1.167667667667667786e+01 1.325426428424363867e-01
1.168668668668668786e+01 1.329410669842865378e-01
1.169669669669669787e+01 1.333404752279009897e-01
1.170670670670670788e+01 1.337398834715154139e-01
1.171671671671671788e+01 1.341393763915137705e-01
1.172672672672672789e+01 1.345399722421954936e-01
1.173673673673673790e+01 1.349405680928772444e-01
1.174674674674674790e+01 1.353411639435589675e-01
1.175675675675675791e+01 1.357428706607394508e-01
1.176676676676676792e+01 1.361446300879360638e-01
1.177677677677677792e+01 1.365463895151326768e-01
1.178678678678678793e+01 1.369491041382220886e-01
1.179679679679679793e+01 1.373520032813151104e-01
1.180680680680680794e+01 1.377549024244081322e-01
1.181681681681681795e+01 1.381586067859458811e-01
1.182682682682682795e+01 1.385626219629193245e-01
1.183683683683683796e+01 1.389666371398927402e-01
1.184684684684684797e+01 1.393713131937063532e-01
1.185685685685685797e+01 1.397764209096782895e-01
1.186686686686686798e+01 1.401815286256501980e-01
1.187687687687687799e+01 1.405871584513409822e-01
1.188688688688688799e+01 1.409933354069583811e-01
1.189689689689689800e+01 1.413995123625757522e-01
1.190690690690690801e+01 1.418060781699469752e-01
1.191691691691691801e+01 1.422133012696424614e-01
1.192692692692692802e+01 1.426205243693379476e-01
1.193693693693693803e+01 1.430280085027647863e-01
1.194694694694694803e+01 1.434362548628731193e-01
1.195695695695695804e+01 1.438445012229815079e-01
1.196696696696696804e+01 1.442528861657229877e-01
1.197697697697697805e+01 1.446621331224604290e-01
1.198698698698698806e+01 1.450713800791978425e-01
1.199699699699699806e+01 1.454806484576516290e-01
1.200700700700700807e+01 1.458908735749525898e-01
1.201701701701701808e+01 1.463010986922534951e-01
1.202702702702702808e+01 1.467113238095544281e-01
1.203703703703703809e+01 1.471224143573657550e-01
1.204704704704704810e+01 1.475335954345809719e-01
1.205705705705705810e+01 1.479447765117961888e-01
1.206706706706706811e+01 1.483566942365760200e-01
1.207707707707707812e+01 1.487688093160285663e-01
1.208708708708708812e+01 1.491809243954811126e-01
1.209709709709709813e+01 1.495936526283683787e-01
1.210710710710710813e+01 1.500066800027691494e-01
1.211711711711711814e+01 1.504197073771699200e-01
1.212712712712712815e+01 1.508332296161460362e-01
1.213713713713713815e+01 1.512471478358669574e-01
1.214714714714714816e+01 1.516610660555879064e-01
1.215715715715715817e+01 1.520753659692957727e-01
1.216716716716716817e+01 1.524901538495017916e-01
1.217717717717717818e+01 1.529049417297078384e-01
1.218718718718718819e+01 1.533200031612116376e-01
1.219719719719719819e+01 1.537356397888510195e-01
1.220720720720720820e+01 1.541512764164903737e-01
1.221721721721721821e+01 1.545670833869763616e-01
1.222722722722722821e+01 1.549835481276279348e-01
1.223723723723723822e+01 1.554000128682795079e-01
1.224724724724724823e+01 1.558165495806971279e-01
1.225725725725725823e+01 1.562338220852770021e-01
1.226726726726726824e+01 1.566510945898569040e-01
1.227727727727727824e+01 1.570683670944368060e-01
1.228728728728728825e+01 1.574864056438266546e-01
1.229729729729729826e+01 1.579044658551520541e-01
1.230730730730730826e+01 1.583225260664773981e-01
1.231731731731731827e+01 1.587412435643985598e-01
1.232732732732732828e+01 1.591600717236101581e-01
1.233733733733733828e+01 1.595788998828217009e-01
1.234734734734734829e+01 1.599982814033743539e-01
1.235735735735735830e+01 1.604178580562165557e-01
1.236736736736736830e+01 1.608374347090587020e-01
1.237737737737737831e+01 1.612574655282197622e-01
1.238738738738738832e+01 1.616777715311805974e-01
1.239739739739739832e+01 1.620980775341414604e-01
1.240740740740740833e+01 1.625187431329686849e-01
1.241741741741741833e+01 1.629397596592774278e-01
1.242742742742742834e+01 1.633607761855861151e-01
1.243743743743743835e+01 1.637820622533636417e-01
1.244744744744744835e+01 1.642037707988476813e-01
1.245745745745745836e+01 1.646254793443317488e-01
1.246746746746746837e+01 1.650473717816572650e-01
1.247747747747747837e+01 1.654697541704593655e-01
1.248748748748748838e+01 1.658921365592614106e-01
1.249749749749749839e+01 1.663146214810747869e-01
1.250750750750750839e+01 1.667376598712287383e-01
1.251751751751751840e+01 1.671606982613826342e-01
1.252752752752752841e+01 1.675837619999355488e-01
1.253753753753753841e+01 1.680074388888037895e-01
1.254754754754754842e+01 1.684311157776720302e-01
1.255755755755755843e+01 1.688547926665402432e-01
1.256756756756756843e+01 1.692790431150109909e-01
1.257757757757757844e+01 1.697033413445817873e-01
1.258758758758758844e+01 1.701276395741525560e-01
1.259759759759759845e+01 1.705524253591650941e-01
1.260760760760760846e+01 1.709773281212117191e-01
1.261761761761761846e+01 1.714022308832583441e-01
1.262762762762762847e+01 1.718275393610450286e-01
1.263763763763763848e+01 1.722530302021466342e-01
1.264764764764764848e+01 1.726785210432482953e-01
1.265765765765765849e+01 1.731043398035358449e-01
1.266766766766766850e+01 1.735304026299609448e-01
1.267767767767767850e+01 1.739564654563860446e-01
1.268768768768768851e+01 1.743827823249391451e-01
1.269769769769769852e+01 1.748094014073922897e-01
1.270770770770770852e+01 1.752360204898454066e-01
1.271771771771771853e+01 1.756628235309529718e-01
1.272772772772772854e+01 1.760899835091850052e-01
1.273773773773773854e+01 1.765171434874170664e-01
1.274774774774774855e+01 1.769444210063220724e-01
1.275775775775775855e+01 1.773721068936054968e-01
1.276776776776776856e+01 1.777997927808889211e-01
1.277777777777777857e+01 1.782275333261621741e-01
1.278778778778778857e+01 1.786557305136313722e-01
1.279779779779779858e+01 1.790839277011005981e-01
1.280780780780780859e+01 1.795121248885697962e-01
1.281781781781781859e+01 1.799408143278153072e-01
1.282782782782782860e+01 1.803695085886726779e-01
1.283783783783783861e+01 1.807982028495300209e-01
1.284784784784784861e+01 1.812273193108252800e-01
1.285785785785785862e+01 1.816564968044145911e-01
1.286786786786786863e+01 1.820856742980039022e-01
1.287787787787787863e+01 1.825152074636654798e-01
1.288788788788788864e+01 1.829448547394133540e-01
1.289789789789789864e+01 1.833745020151612282e-01
1.290790790790790865e+01 1.838044418235770527e-01
1.291791791791791866e+01 1.842345458248018375e-01
1.292792792792792866e+01 1.846646498260266500e-01
1.293793793793793867e+01 1.850949864736204931e-01
1.294794794794794868e+01 1.855255345412111512e-01
1.295795795795795868e+01 1.859560826088018093e-01
1.296796796796796869e+01 1.863868065519436734e-01
1.297797797797797870e+01 1.868177864279095546e-01
1.298798798798798870e+01 1.872487663038754080e-01
1.299799799799799871e+01 1.876798682607380420e-01
1.300800800800800872e+01 1.881112680916292579e-01
1.301801801801801872e+01 1.885426679225204460e-01
1.302802802802802873e+01 1.889741388748822915e-01
1.303803803803803874e+01 1.894059472150821377e-01
1.304804804804804874e+01 1.898377555552819840e-01
1.305805805805805875e+01 1.902695867502765259e-01
1.306806806806806875e+01 1.907017925651673385e-01
1.307807807807807876e+01 1.911339983800581233e-01
1.308808808808808877e+01 1.915662041949489358e-01
1.309809809809809877e+01 1.919987740008744781e-01
1.310810810810810878e+01 1.924313666698780623e-01
1.311811811811811879e+01 1.928639593388816464e-01
1.312812812812812879e+01 1.932968624808832359e-01
1.313813813813813880e+01 1.937298318003756736e-01
1.314814814814814881e+01 1.941628011198681392e-01
1.315815815815815881e+01 1.945960300708609314e-01
1.316816816816816882e+01 1.950293662569639597e-01
1.317817817817817883e+01 1.954627024430670157e-01
1.318818818818818883e+01 1.958962499504621757e-01
1.319819819819819884e+01 1.963299436417116905e-01
1.320820820820820884e+01 1.967636373329612332e-01
1.321821821821821885e+01 1.971974964200320923e-01
1.322822822822822886e+01 1.976315386799251950e-01
1.323823823823823886e+01 1.980655809398182698e-01
1.324824824824824887e+01 1.984997449070161069e-01
1.325825825825825888e+01 1.989341272264362748e-01
1.326826826826826888e+01 1.993685095458564427e-01
1.327827827827827889e+01 1.998029719720759156e-01
1.328828828828828890e+01 2.002376862716009065e-01
1.329829829829829890e+01 2.006724005711259251e-01
1.330830830830830891e+01 2.011071553149215985e-01
1.331831831831831892e+01 2.015421939470100898e-01
1.332832832832832892e+01 2.019772325790985534e-01
1.333833833833833893e+01 2.024122737798507154e-01
1.334834834834834894e+01 2.028476295309136201e-01
1.335835835835835894e+01 2.032829852819765248e-01
1.336836836836836895e+01 2.037183410330394295e-01
1.337837837837837895e+01 2.041539734533635297e-01
1.338838838838838896e+01 2.045896395457177663e-01
1.339839839839839897e+01 2.050253056380719752e-01
1.340840840840840897e+01 2.054612073010749496e-01
1.341841841841841898e+01 2.058971773947825823e-01
1.342842842842842899e+01 2.063331474884901873e-01
1.343843843843843899e+01 2.067693138220106641e-01
1.344844844844844900e+01 2.072055820166037177e-01
1.345845845845845901e+01 2.076418502111967712e-01
1.346846846846846901e+01 2.080782769296903589e-01
1.347847847847847902e+01 2.085148377657833618e-01
1.348848848848848903e+01 2.089513986018763647e-01
1.349849849849849903e+01 2.093880817072278355e-01
1.350850850850850904e+01 2.098249301680173151e-01
1.351851851851851904e+01 2.102617786288067947e-01
1.352852852852852905e+01 2.106987144110966104e-01
1.353853853853853906e+01 2.111358459237510921e-01
1.354854854854854906e+01 2.115729774364056015e-01
1.355855855855855907e+01 2.120101624746305313e-01
1.356856856856856908e+01 2.124475729115708755e-01
1.357857857857857908e+01 2.128849833485112197e-01
1.358858858858858909e+01 2.133224145112593007e-01
1.359859859859859910e+01 2.137601001913298215e-01
1.360860860860860910e+01 2.141977858714003979e-01
1.361861861861861911e+01 2.146354715514709466e-01
1.362862862862862912e+01 2.150734180070137946e-01
1.363863863863863912e+01 2.155113756965474914e-01
1.364864864864864913e+01 2.159493333860811881e-01
1.365865865865865914e+01 2.163875177893504198e-01
1.366866866866866914e+01 2.168257447031277652e-01
1.367867867867867915e+01 2.172639716169050828e-01
1.368868868868868915e+01 2.177023921581621169e-01
1.369869869869869916e+01 2.181408859602643746e-01
1.370870870870870917e+01 2.185793797623666046e-01
1.371871871871871917e+01 2.190180349244653102e-01
1.372872872872872918e+01 2.194567937290252124e-01
1.373873873873873919e+01 2.198955525335850869e-01
1.374874874874874919e+01 2.203344410923216423e-01
1.375875875875875920e+01 2.207734634641710658e-01
1.376876876876876921e+01 2.212124858360204893e-01
1.377877877877877921e+01 2.216516068604409695e-01
1.378878878878878922e+01 2.220908918156576650e-01
1.379879879879879923e+01 2.225301767708743605e-01
1.380880880880880923e+01 2.229695296235406354e-01
1.381881881881881924e+01 2.234090766298942876e-01
1.382882882882882924e+01 2.238486236362479120e-01
1.383883883883883925e+01 2.242882079734614398e-01
1.384884884884884926e+01 2.247280169507618330e-01
1.385885885885885926e+01 2.251678259280621708e-01
1.386886886886886927e+01 2.256076417000474066e-01
1.387887887887887928e+01 2.260477130203939200e-01
1.388888888888888928e+01 2.264877843407403779e-01
1.389889889889889929e+01 2.269278556610868358e-01
1.390890890890890930e+01 2.273681662797212844e-01
1.391891891891891930e+01 2.278085007676559637e-01
1.392892892892892931e+01 2.282488352555906153e-01
1.393893893893893932e+01 2.286893793687850840e-01
1.394894894894894932e+01 2.291299783013517610e-01
1.395895895895895933e+01 2.295705772339184381e-01
1.396896896896896934e+01 2.300113561268211371e-01
1.397897897897897934e+01 2.304522212335278208e-01
1.398898898898898935e+01 2.308930863402344769e-01
1.399899899899899935e+01 2.313341015921142885e-01
1.400900900900900936e+01 2.317752350548050733e-01
1.401901901901901937e+01 2.322163685174958858e-01
1.402902902902902937e+01 2.326576220016324525e-01
1.403903903903903938e+01 2.330990264542663615e-01
1.404904904904904939e+01 2.335404309069002149e-01
1.405905905905905939e+01 2.339819247904368626e-01
1.406906906906906940e+01 2.344236033187764023e-01
1.407907907907907941e+01 2.348652818471159420e-01
1.408908908908908941e+01 2.353070185908743561e-01
1.409909909909909942e+01 2.357489747320840323e-01
1.410910910910910943e+01 2.361909308732937085e-01
1.411911911911911943e+01 2.366329132315516393e-01
1.412912912912912944e+01 2.370751509737095142e-01
1.413913913913913944e+01 2.375173887158673891e-01
1.414914914914914945e+01 2.379596264580252640e-01
1.415915915915915946e+01 2.384021435176212345e-01
1.416916916916916946e+01 2.388446672991422770e-01
1.417917917917917947e+01 2.392871910806633196e-01
1.418918918918918948e+01 2.397299650307010421e-01
1.419919919919919948e+01 2.401727797396748798e-01
1.420920920920920949e+01 2.406155944486487452e-01
1.421921921921921950e+01 2.410586293710030581e-01
1.422922922922922950e+01 2.415017403444467969e-01
1.423923923923923951e+01 2.419448513178905635e-01
1.424924924924924952e+01 2.423881515858090085e-01
1.425925925925925952e+01 2.428315646088373969e-01
1.426926926926926953e+01 2.432749776318657853e-01
1.427927927927927954e+01 2.437185479094829688e-01
1.428928928928928954e+01 2.441622692143949058e-01
1.429929929929929955e+01 2.446059905193068706e-01
1.430930930930930955e+01 2.450498357611252398e-01
1.431931931931931956e+01 2.454938720264092933e-01
1.432932932932932957e+01 2.459379082916933468e-01
1.433933933933933957e+01 2.463820337420304651e-01
1.434934934934934958e+01 2.468263920912909526e-01
1.435935935935935959e+01 2.472707504405514123e-01
1.436936936936936959e+01 2.477151616329541506e-01
1.437937937937937960e+01 2.481598496337573678e-01
1.438938938938938961e+01 2.486045376345606128e-01
1.439939939939939961e+01 2.490492403911862551e-01
1.440940940940940962e+01 2.494942660538300716e-01
1.441941941941941963e+01 2.499392917164739158e-01
1.442942942942942963e+01 2.503843173791177601e-01
1.443943943943943964e+01 2.508296639236436976e-01
1.444944944944944965e+01 2.512750356998482704e-01
1.445945945945945965e+01 2.517204074760527877e-01
1.446946946946946966e+01 2.521660669840702362e-01
1.447947947947947966e+01 2.526117937655961154e-01
1.448948948948948967e+01 2.530575205471219391e-01
1.449949949949949968e+01 2.535035001411642952e-01
1.450950950950950968e+01 2.539495912583530912e-01
1.451951951951951969e+01 2.543956823755418872e-01
1.452952952952952970e+01 2.548419894624243676e-01
1.453953953953953970e+01 2.552884546826683643e-01
1.454954954954954971e+01 2.557349199029122500e-01
1.455955955955955972e+01 2.561815621728816272e-01
1.456956956956956972e+01 2.566284116990198427e-01
1.457957957957957973e+01 2.570752612251580027e-01
1.458958958958958974e+01 2.575222466510125319e-01
1.459959959959959974e+01 2.579694911196566687e-01
1.460960960960960975e+01 2.584167355883008055e-01
1.461961961961961975e+01 2.588640724244805069e-01
1.462962962962962976e+01 2.593117229042699035e-01
1.463963963963963977e+01 2.597593733840593555e-01
1.464964964964964977e+01 2.602070701657077101e-01
1.465965965965965978e+01 2.606551381554959024e-01
1.466966966966966979e+01 2.611032061452840392e-01
1.467967967967967979e+01 2.615512741350722870e-01
1.468968968968968980e+01 2.619997691142544327e-01
1.469969969969969981e+01 2.624482665412284366e-01
1.470970970970970981e+01 2.628967639682024959e-01
1.471971971971971982e+01 2.633456491549243661e-01
1.472972972972972983e+01 2.637945883726558471e-01
1.473973973973973983e+01 2.642435275903873837e-01
1.474974974974974984e+01 2.646928127803571118e-01
1.475975975975975985e+01 2.651422065667894956e-01
1.476976976976976985e+01 2.655916003532218794e-01
1.477977977977977986e+01 2.660412956167342302e-01
1.478978978978978986e+01 2.664911571721037542e-01
1.479979979979979987e+01 2.669410187274732782e-01
1.480980980980980988e+01 2.673911344082676722e-01
1.481981981981981988e+01 2.678414773529624315e-01
1.482982982982982989e+01 2.682918202976573019e-01
1.483983983983983990e+01 2.687423670117490282e-01
1.484984984984984990e+01 2.691932053841046280e-01
1.485985985985985991e+01 2.696440437564602277e-01
1.486986986986986992e+01 2.700950323909463435e-01
1.487987987987987992e+01 2.705463806449801001e-01
1.488988988988988993e+01 2.709977288990138566e-01
1.489989989989989994e+01 2.714491706108536073e-01
1.490990990990990994e+01 2.719010436139386866e-01
1.491991991991991995e+01 2.723529166170237659e-01
1.492992992992992995e+01 2.728048228317936363e-01
1.493993993993993996e+01 2.732572358622742947e-01
1.494994994994994997e+01 2.737096488927549531e-01
1.495995995995995997e+01 2.741620619232355560e-01
1.496996996996996998e+01 2.746150000481274445e-01
1.497997997997997999e+01 2.750679687928753170e-01
1.498998998998998999e+01 2.755209375376232450e-01
1.500000000000000000e+01 2.759743799102464812e-01
