5.000000000000000000e+00 1.062770817862041146e-02
5.010010010010010006e+00 1.072035293750998527e-02
5.020020020020020013e+00 1.081430768138422205e-02
5.030030030030030019e+00 1.090893097068409805e-02
5.040040040040040026e+00 1.100355425998397231e-02
5.050050050050050032e+00 1.109947358169697390e-02
5.060060060060060039e+00 1.119607464058806727e-02
5.070070070070070045e+00 1.129267569947915890e-02
5.080080080080080052e+00 1.139055847595873104e-02
5.090090090090090058e+00 1.148913596906490225e-02
5.100100100100100065e+00 1.158771346217107520e-02
5.110110110110110071e+00 1.168755800752963557e-02
5.120120120120120077e+00 1.178811002494995798e-02
5.130130130130130084e+00 1.188866204237027865e-02
5.140140140140140090e+00 1.199046610797948817e-02
5.150150150150150097e+00 1.209299016538860697e-02
5.160160160160160103e+00 1.219551422279772576e-02
5.170170170170170110e+00 1.229927499744262742e-02
5.180180180180180116e+00 1.240376803628110737e-02
5.190190190190190123e+00 1.250826107511958732e-02
5.200200200200200129e+00 1.261397518525302248e-02
5.210210210210210136e+00 1.272043357302914297e-02
5.220220220220220142e+00 1.282689196080526173e-02
5.230230230230230148e+00 1.293455547092326602e-02
5.240240240240240155e+00 1.304297500164794052e-02
5.250250250250250161e+00 1.315139453237261502e-02
5.260260260260260168e+00 1.326100294553111958e-02
5.270270270270270174e+00 1.337137884030685682e-02
5.280280280280280181e+00 1.348175473508259406e-02
5.290290290290290187e+00 1.359330299357549079e-02
5.300300300300300194e+00 1.370562990136030973e-02
5.310310310310310200e+00 1.381795680914513040e-02
5.320320320320320207e+00 1.393143929536310409e-02
5.330330330330330213e+00 1.404571129392919414e-02
5.340340340340340219e+00 1.415998329249528419e-02
5.350350350350350226e+00 1.427539382998422278e-02
5.360360360360360232e+00 1.439160442709083720e-02
5.370370370370370239e+00 1.450781502419745163e-02
5.380380380380380245e+00 1.462514687893441863e-02
5.390390390390390252e+00 1.474328901373328678e-02
5.400400400400400258e+00 1.486143114853215666e-02
5.410410410410410265e+00 1.498067703043607854e-02
5.420420420420420271e+00 1.510074307512697042e-02
5.430430430430430278e+00 1.522080911981786230e-02
5.440440440440440284e+00 1.534196118451118182e-02
5.450450450450450290e+00 1.546394294626404070e-02
5.460460460460460297e+00 1.558592470801689785e-02
5.470470470470470303e+00 1.570897455885342936e-02
5.480480480480480310e+00 1.583286328201259988e-02
5.490490490490490316e+00 1.595675200517176692e-02
5.500500500500500323e+00 1.608169069554485006e-02
5.510510510510510329e+00 1.620747706412948436e-02
5.520520520520520336e+00 1.633326343271411865e-02
5.530530530530530342e+00 1.646008146865810332e-02
5.540540540540540349e+00 1.658775560917201755e-02
5.550550550550550355e+00 1.671542974968593179e-02
5.560560560560560361e+00 1.684411709278302652e-02
5.570570570570570368e+00 1.697366857734582818e-02
5.580580580580580374e+00 1.710322006190862984e-02
5.590590590590590381e+00 1.723376613251165895e-02
5.600600600600600387e+00 1.736518398232165389e-02
5.610610610610610394e+00 1.749660183213165229e-02
5.620620620620620400e+00 1.762899551291239458e-02
5.630630630630630407e+00 1.776226820205092233e-02
5.640640640640640413e+00 1.789554089118945701e-02
5.650650650650650419e+00 1.802977053102081118e-02
5.660660660660660426e+00 1.816488599060574194e-02
5.670670670670670432e+00 1.830000145019067964e-02
5.680680680680680439e+00 1.843605486836978266e-02
5.690690690690690445e+00 1.857300049106528836e-02
5.700700700700700452e+00 1.870994611376079753e-02
5.710710710710710458e+00 1.884781060457906693e-02
5.720720720720720465e+00 1.898657324946711328e-02
5.730730730730730471e+00 1.912533589435515963e-02
5.740740740740740478e+00 1.926499823201990522e-02
5.750750750750750484e+00 1.940556422983780518e-02
5.760760760760760490e+00 1.954613022765570168e-02
5.770770770770770497e+00 1.968757667156684210e-02
5.780780780780780503e+00 1.982993183031391340e-02
5.790790790790790510e+00 1.997228698906098124e-02
5.800800800800800516e+00 2.011550328944528010e-02
5.810810810810810523e+00 2.025963290036054618e-02
5.820820820820820529e+00 2.040376251127581225e-02
5.830830830830830536e+00 2.054873391517984468e-02
5.840840840840840542e+00 2.069462275909148344e-02
5.850850850850850549e+00 2.084051160300312219e-02
5.860860860860860555e+00 2.098722286064513484e-02
5.870870870870870561e+00 2.113485521469112352e-02
5.880880880880880568e+00 2.128248756873711567e-02
5.890890890890890574e+00 2.143092294021673935e-02
5.900900900900900581e+00 2.158028258493521409e-02
5.910910910910910587e+00 2.172964222965368883e-02
5.920920920920920594e+00 2.187978549201762685e-02
5.930930930930930600e+00 2.203085571880435134e-02
5.940940940940940607e+00 2.218192594559107583e-02
5.950950950950950613e+00 2.233376040025172524e-02
5.960960960960960620e+00 2.248652401918097357e-02
5.970970970970970626e+00 2.263928763811022191e-02
5.980980980980980632e+00 2.279279611861330032e-02
5.990990990990990639e+00 2.294723546661751878e-02
6.001001001001000645e+00 2.310167481462174419e-02
6.011011011011010652e+00 2.325683969475808577e-02
6.021021021021020658e+00 2.341293664416079293e-02
6.031031031031030665e+00 2.356903359356350355e-02
6.041041041041040671e+00 2.372583679581926480e-02
6.051051051051050678e+00 2.388357276321466729e-02
6.061061061061060684e+00 2.404130873061006979e-02
6.071071071071070691e+00 2.419973173494880878e-02
6.081081081081080697e+00 2.435908769042092331e-02
6.091091091091090703e+00 2.451844364589303785e-02
6.101101101101100710e+00 2.467846749886236715e-02
6.111111111111110716e+00 2.483942397553557183e-02
6.121121121121120723e+00 2.500038045220877303e-02
6.131131131131130729e+00 2.516198577636348174e-02
6.141141141141140736e+00 2.532452288027543102e-02
6.151151151151150742e+00 2.548705998418737684e-02
6.161161161161160749e+00 2.565022698782031332e-02
6.171171171171170755e+00 2.581432440810826207e-02
6.181181181181180762e+00 2.597842182839620734e-02
6.191191191191190768e+00 2.614313031556763159e-02
6.201201201201200774e+00 2.630876733495731562e-02
6.211211211211210781e+00 2.647440435434700312e-02
6.221221221221220787e+00 2.664063373520226749e-02
6.231231231231230794e+00 2.680778924078928982e-02
6.241241241241240800e+00 2.697494474637631562e-02
6.251251251251250807e+00 2.714267404774162173e-02
6.261261261261260813e+00 2.731132654205361068e-02
6.271271271271270820e+00 2.747997903636559616e-02
6.281281281281280826e+00 2.764918691261063211e-02
6.291291291291290833e+00 2.781931452493867710e-02
6.301301301301300839e+00 2.798944213726672556e-02
6.311311311311310845e+00 2.816010688142295965e-02
6.321321321321320852e+00 2.833168737941016077e-02
6.331331331331330858e+00 2.850326787739736190e-02
6.341341341341340865e+00 2.867536743252007900e-02
6.351351351351350871e+00 2.884837823399450871e-02
6.361361361361360878e+00 2.902138903546893842e-02
6.371371371371370884e+00 2.919490100623081327e-02
6.381381381381380891e+00 2.936931919127010182e-02
6.391391391391390897e+00 2.954373737630939384e-02
6.401401401401400904e+00 2.971863904081326405e-02
6.411411411411410910e+00 2.989444136402770805e-02
6.421421421421420916e+00 3.007024368724214858e-02
6.431431431431430923e+00 3.024651200904015722e-02
6.441441441441440929e+00 3.042367491206061925e-02
6.451451451451450936e+00 3.060083781508107781e-02
6.461461461461460942e+00 3.077844945538718222e-02
6.471471471471470949e+00 3.095694907954449349e-02
6.481481481481480955e+00 3.113544870370180823e-02
6.491491491491490962e+00 3.131438003378469309e-02
6.501501501501500968e+00 3.149419223296653914e-02
6.511511511511510975e+00 3.167400443214839212e-02
6.521521521521520981e+00 3.185423154589131500e-02
6.531531531531530987e+00 3.203533189956268151e-02
6.541541541541540994e+00 3.221643225323403414e-02
6.551551551551551000e+00 3.239793097984831199e-02
6.561561561561561007e+00 3.258029480622158525e-02
6.571571571571571013e+00 3.276265863259485850e-02
6.581581581581581020e+00 3.294540454947348512e-02
6.591591591591591026e+00 3.312900691881390247e-02
6.601601601601601033e+00 3.331260928815431288e-02
6.611611611611611927e+00 3.349657773385223553e-02
6.621621621621621934e+00 3.368139348190493654e-02
6.631631631631631940e+00 3.386620922995763061e-02
6.641641641641641947e+00 3.405137531728510275e-02
6.651651651651651953e+00 3.423737905880942095e-02
6.661661661661661959e+00 3.442338280033373221e-02
6.671671671671671966e+00 3.460972142954946845e-02
6.681681681681681972e+00 3.479688757194647486e-02
6.691691691691691979e+00 3.498405371434349515e-02
6.701701701701701985e+00 3.517153958643382677e-02
6.711711711711711992e+00 3.535984234345340010e-02
6.721721721721721998e+00 3.554814510047297343e-02
6.731731731731732005e+00 3.573675273050407747e-02
6.741741741741742011e+00 3.592616613601738729e-02
6.751751751751752018e+00 3.611557954153069711e-02
6.761761761761762024e+00 3.630528327206031941e-02
6.771771771771772030e+00 3.649578119388409425e-02
6.781781781781782037e+00 3.668627911570785521e-02
6.791791791791792043e+00 3.687705313024356585e-02
6.801801801801802050e+00 3.706860928400271260e-02
6.811811811811812056e+00 3.726016543776185935e-02
6.821821821821822063e+00 3.745198377425295461e-02
6.831831831831832069e+00 3.764457173726807465e-02
6.841841841841842076e+00 3.783715970028319470e-02
6.851851851851852082e+00 3.802999626463328398e-02
6.861861861861862089e+00 3.822358948981974258e-02
6.871871871871872095e+00 3.841718271500620813e-02
6.881881881881882101e+00 3.861101129459403730e-02
6.891891891891892108e+00 3.880558312435996443e-02
6.901901901901902114e+00 3.900015495412589850e-02
6.911911911911912121e+00 3.919494923132199604e-02
6.921921921921922127e+00 3.939047291145234692e-02
6.931931931931932134e+00 3.958599659158270473e-02
6.941941941941942140e+00 3.978173015724979084e-02
6.951951951951952147e+00 3.997817885076374034e-02
6.961961961961962153e+00 4.017462754427768984e-02
6.971971971971972160e+00 4.037127391124270548e-02
6.981981981981982166e+00 4.056862071221270516e-02
6.991991991991992172e+00 4.076596751318269096e-02
7.002002002002002179e+00 4.096350012966920584e-02
7.012012012012012185e+00 4.116171807698949109e-02
7.022022022022022192e+00 4.135993602430978328e-02
7.032032032032032198e+00 4.155832828731909762e-02
7.042042042042042205e+00 4.175739037841194601e-02
7.052052052052052211e+00 4.195645246950480134e-02
7.062062062062062218e+00 4.215567773813479885e-02
7.072072072072072224e+00 4.235555694258339582e-02
7.082082082082082231e+00 4.255543614703199973e-02
7.092092092092092237e+00 4.275546775572290625e-02
7.102102102102102243e+00 4.295613702882009749e-02
7.112112112112112250e+00 4.315680630191727485e-02
7.122122122122122256e+00 4.335761757361417806e-02
7.132132132132132263e+00 4.355904986981566640e-02
7.142142142142142269e+00 4.376048216601715474e-02
7.152152152152152276e+00 4.396204642523841161e-02
7.162162162162162282e+00 4.416421471151111416e-02
7.172172172172172289e+00 4.436638299778381672e-02
7.182182182182182295e+00 4.456867358358639064e-02
7.192192192192192302e+00 4.477155085264100665e-02
7.202202202202202308e+00 4.497442812169562959e-02
7.212212212212212314e+00 4.517741840052710844e-02
7.222222222222222321e+00 4.538097768392607839e-02
7.232232232232232327e+00 4.558453696732506222e-02
7.242242242242242334e+00 4.578820034575364906e-02
7.252252252252252340e+00 4.599241472688463811e-02
7.262262262262262347e+00 4.619662910801562022e-02
7.272272272272272353e+00 4.640093904532901353e-02
7.282282282282282360e+00 4.660578167223516921e-02
7.292292292292292366e+00 4.681062429914132489e-02
7.302302302302302373e+00 4.701555431980595362e-02
7.312312312312312379e+00 4.722099841786468050e-02
7.322322322322322385e+00 4.742644251592342125e-02
7.332332332332332392e+00 4.763196622189615898e-02
7.342342342342342398e+00 4.783798510633759105e-02
7.352352352352352405e+00 4.804400399077903699e-02
7.362362362362362411e+00 4.825009507366311012e-02
7.372372372372372418e+00 4.845666216192107134e-02
7.382382382382382424e+00 4.866322925017903950e-02
7.392392392392392431e+00 4.886986150321712824e-02
7.402402402402402437e+00 4.907695032710463617e-02
7.412412412412412444e+00 4.928403915099213023e-02
7.422422422422422450e+00 4.949118648088915440e-02
7.432432432432432456e+00 4.969877069859143792e-02
7.442442442442442463e+00 4.990635491629371451e-02
7.452452452452452469e+00 5.011399135486261508e-02
7.462462462462462476e+00 5.032204476274109578e-02
7.472472472472472482e+00 5.053009817061957648e-02
7.482482482482482489e+00 5.073819788624371607e-02
7.492492492492492495e+00 5.094669443044425039e-02
7.502502502502502502e+00 5.115519097464478471e-02
7.512512512512512508e+00 5.136372828355079828e-02
7.522522522522522515e+00 5.157264207141024764e-02
7.532532532532532521e+00 5.178155585926969701e-02
7.542542542542542527e+00 5.199050523660493639e-02
7.552552552552552534e+00 5.219981054785033381e-02
7.562562562562562540e+00 5.240911585909573817e-02
7.572572572572572547e+00 5.261845194980491192e-02
7.582582582582582553e+00 5.282812324753990291e-02
7.592592592592592560e+00 5.303779454527488696e-02
7.602602602602602566e+00 5.324749217477085794e-02
7.612612612612612573e+00 5.345750411624423937e-02
7.622622622622622579e+00 5.366751605771762079e-02
7.632632632632632586e+00 5.387755024234134466e-02
7.642642642642642592e+00 5.408787768949337160e-02
7.652652652652652598e+00 5.429820513664541243e-02
7.662662662662662605e+00 5.450855109391093689e-02
7.672672672672672611e+00 5.471916912369238772e-02
7.682682682682682618e+00 5.492978715347383856e-02
7.692692692692692624e+00 5.514042031209354794e-02
7.702702702702702631e+00 5.535130422655445970e-02
7.712712712712712637e+00 5.556218814101537146e-02
7.722722722722722644e+00 5.577308415070258291e-02
7.732732732732732650e+00 5.598420948684602882e-02
7.742742742742742657e+00 5.619533482298948168e-02
7.752752752752752663e+00 5.640646956403385509e-02
7.762762762762762669e+00 5.661781210343192622e-02
7.772772772772772676e+00 5.682915464282999041e-02
7.782782782782782682e+00 5.704050423544319154e-02
7.792792792792792689e+00 5.725204001361217793e-02
7.802802802802802695e+00 5.746357579178115044e-02
7.812812812812812702e+00 5.767511660520979744e-02
7.822822822822822708e+00 5.788682192074114802e-02
7.832832832832832715e+00 5.809852723627250554e-02
7.842842842842842721e+00 5.831023589767508897e-02
7.852852852852852727e+00 5.852208732112064438e-02
7.862862862862862734e+00 5.873393874456620672e-02
7.872872872872872740e+00 5.894579214765267861e-02
7.882882882882882747e+00 5.915776653016133202e-02
7.892892892892892753e+00 5.936974091266998543e-02
7.902902902902902760e+00 5.958171622610115153e-02
7.912912912912912766e+00 5.979379070780498767e-02
7.922922922922922773e+00 6.000586518950881687e-02
7.932932932932932779e+00 6.021793986505376284e-02
7.942942942942942786e+00 6.043009188320266206e-02
7.952952952952952792e+00 6.064224390135156129e-02
7.962962962962962798e+00 6.085439591950046745e-02
7.972972972972972805e+00 6.106660297864486414e-02
7.982982982982982811e+00 6.127881027548764264e-02
7.992992992992992818e+00 6.149101757233042809e-02
8.003003003003001936e+00 6.170325783273903492e-02
8.013013013013011943e+00 6.191549846315027444e-02
8.023023023023021949e+00 6.212773909356151397e-02
8.033033033033031955e+00 6.233999122283244432e-02
8.043043043043041962e+00 6.255224356168447020e-02
8.053053053053051968e+00 6.276449590053649608e-02
8.063063063063061975e+00 6.297673888667761066e-02
8.073073073073071981e+00 6.318898163595626505e-02
8.083083083083081988e+00 6.340122438523491943e-02
8.093093093093091994e+00 6.361343754333866063e-02
8.103103103103102001e+00 6.382564973900356486e-02
8.113113113113112007e+00 6.403786193466846910e-02
8.123123123123122014e+00 6.425002491333882404e-02
8.133133133133132020e+00 6.446218593192713786e-02
8.143143143143142026e+00 6.467434695051546556e-02
8.153153153153152033e+00 6.488643973804791854e-02
8.163163163163162039e+00 6.509852930302237328e-02
8.173173173173172046e+00 6.531061886799682803e-02
8.183183183183182052e+00 6.552262179831110089e-02
8.193193193193192059e+00 6.573461998615214019e-02
8.203203203203202065e+00 6.594661817399317949e-02
8.213213213213213848e+00 6.615851193231984950e-02
8.223223223223223854e+00 6.637039917836294600e-02
8.233233233233233861e+00 6.658228642440604250e-02
8.243243243243243867e+00 6.679405205272709312e-02
8.253253253253253874e+00 6.700580915674554661e-02
8.263263263263263880e+00 6.721756626076398622e-02
8.273273273273273887e+00 6.742918516300906717e-02
8.283283283283283893e+00 6.764079329454354694e-02
8.293293293293293900e+00 6.785240142607804059e-02
8.303303303303303906e+00 6.806385537307667322e-02
8.313313313313313913e+00 6.827529607651273980e-02
8.323323323323323919e+00 6.848673677994877862e-02
8.333333333333333925e+00 6.869800791414021335e-02
8.343343343343343932e+00 6.890926311353447187e-02
8.353353353353353938e+00 6.912051831292871651e-02
8.363363363363363945e+00 6.933158915283112178e-02
8.373373373373373951e+00 6.954264115648872702e-02
8.383383383383383958e+00 6.975369316014633225e-02
8.393393393393393964e+00 6.996454660458616137e-02
8.403403403403403971e+00 7.017537810939003529e-02
8.413413413413413977e+00 7.038620961419390920e-02
8.423423423423423984e+00 7.059682894629816519e-02
8.433433433433433990e+00 7.080742304179286906e-02
8.443443443443443996e+00 7.101801713728757293e-02
8.453453453453454003e+00 7.122838602823994281e-02
8.463463463463464009e+00 7.143872620047123090e-02
8.473473473473474016e+00 7.164906637270251899e-02
8.483483483483484022e+00 7.185916888526623636e-02
8.493493493493494029e+00 7.206923902037951080e-02
8.503503503503504035e+00 7.227930915549278523e-02
8.513513513513514042e+00 7.248912974730156722e-02
8.523523523523524048e+00 7.269891413490024712e-02
8.533533533533534055e+00 7.290869852249894090e-02
8.543543543543544061e+00 7.311822204911916367e-02
8.553553553553554067e+00 7.332770538538668781e-02
8.563563563563564074e+00 7.353718872165421194e-02
8.573573573573574080e+00 7.374640043942011502e-02
8.583583583583584087e+00 7.395556783000704903e-02
8.593593593593594093e+00 7.416473522059396917e-02
8.603603603603604100e+00 7.437362078921860853e-02
8.613613613613614106e+00 7.458245775189806248e-02
8.623623623623624113e+00 7.479129471457751643e-02
8.633633633633634119e+00 7.499984019954229753e-02
8.643643643643644126e+00 7.520833266663649874e-02
8.653653653653654132e+00 7.541682513373071384e-02
8.663663663663664138e+00 7.562501700845584984e-02
8.673673673673674145e+00 7.583315132903618860e-02
8.683683683683684151e+00 7.604128564961654124e-02
8.693693693693694158e+00 7.624911079741587827e-02
8.703703703703704164e+00 7.645687373928029829e-02
8.713713713713714171e+00 7.666463668114471830e-02
8.723723723723724177e+00 7.687208239696720347e-02
8.733733733733734184e+00 7.707946114839692164e-02
8.743743743743744190e+00 7.728683989982665370e-02
8.753753753753754197e+00 7.749389389178794330e-02
8.763763763763764203e+00 7.770087606308770378e-02
8.773773773773774209e+00 7.790785823438746427e-02
8.783783783783784216e+00 7.811450862509464188e-02
8.793793793793794222e+00 7.832108224991911338e-02
8.803803803803804229e+00 7.852765587474357101e-02
8.813813813813814235e+00 7.873389120241612582e-02
8.823823823823824242e+00 7.894004473888603657e-02
8.833833833833834248e+00 7.914619827535594732e-02
8.843843843843844255e+00 7.935200749474602411e-02
8.853853853853854261e+00 7.955772982635701818e-02
8.863863863863864268e+00 7.976345215796801225e-02
8.873873873873874274e+00 7.996882464108395761e-02
8.883883883883884280e+00 8.017410507741259962e-02
8.893893893893894287e+00 8.037938551374124163e-02
8.903903903903904293e+00 8.058431105037701381e-02
8.913913913913914300e+00 8.078913932758617633e-02
8.923923923923924306e+00 8.099396760479533885e-02
8.933933933933934313e+00 8.119843640286961151e-02
8.943943943943944319e+00 8.140280268401799135e-02
8.953953953953954326e+00 8.160716896516638508e-02
8.963963963963964332e+00 8.181117165087482823e-02
8.973973973973974338e+00 8.201506652603338110e-02
8.983983983983984345e+00 8.221896140119192009e-02
8.993993993993994351e+00 8.242248901897610003e-02
9.004004004004004358e+00 8.262590350515575111e-02
9.014014014014014364e+00 8.282931799133538830e-02
9.024024024024024371e+00 8.303236200367185293e-02
9.034034034034034377e+00 8.323528754456553658e-02
9.044044044044044384e+00 8.343821308545922022e-02
9.054054054054054390e+00 8.364076537247236431e-02
9.064064064064064397e+00 8.384319383801570880e-02
9.074074074074074403e+00 8.404562230355908103e-02
9.084084084084084409e+00 8.424767516246153831e-02
9.094094094094094416e+00 8.444959884821601204e-02
9.104104104104104422e+00 8.465152253397048576e-02
9.114114114114114429e+00 8.485306867833443401e-02
9.124124124124124435e+00 8.505448030469583975e-02
9.134134134134134442e+00 8.525589193105723163e-02
9.144144144144144448e+00 8.545692448992082968e-02
9.154154154154154455e+00 8.565781720115858699e-02
9.164164164164164461e+00 8.585870991239637207e-02
9.174174174174174468e+00 8.605922242920821530e-02
9.184184184184184474e+00 8.625958979233777635e-02
9.194194194194194480e+00 8.645995715546732352e-02
9.204204204204204487e+00 8.665994358687349741e-02
9.214214214214214493e+00 8.685977959036655927e-02
9.224224224224224500e+00 8.705961559385963500e-02
9.234234234234234506e+00 8.725907030833655875e-02
9.244244244244244513e+00 8.745836936067322154e-02
9.254254254254254519e+00 8.765766841300988432e-02
9.264264264264264526e+00 8.785658618934681641e-02
9.274274274274274532e+00 8.805534311741258779e-02
9.284284284284284539e+00 8.825410004547835918e-02
9.294294294294294545e+00 8.845247607111347832e-02
9.304304304304304551e+00 8.865068611844609259e-02
9.314314314314314558e+00 8.884889616577870686e-02
9.324324324324324564e+00 8.904672603499223793e-02
9.334334334334334571e+00 8.924438485988164804e-02
9.344344344344344577e+00 8.944204368477105815e-02
9.354354354354354584e+00 8.963932339673949534e-02
9.364364364364364590e+00 8.983642707018510420e-02
9.374374374374374597e+00 9.003353074363069919e-02
9.384384384384384603e+00 9.023025670034554024e-02
9.394394394394394610e+00 9.042680170387430716e-02
9.404404404404404616e+00 9.062334670740307407e-02
9.414414414414414622e+00 9.081951571145821522e-02
9.424424424424424629e+00 9.101549893480824494e-02
9.434434434434434635e+00 9.121148215815826077e-02
9.444444444444444642e+00 9.140709141040941066e-02
9.454454454454454648e+00 9.160251014908186995e-02
9.464464464464464655e+00 9.179792888775434312e-02
9.474474474474474661e+00 9.199297598485442484e-02
9.484484484484484668e+00 9.218782793753881044e-02
9.494494494494494674e+00 9.238267989022319604e-02
9.504504504504504681e+00 9.257716282203730385e-02
9.514514514514514687e+00 9.277144608791280944e-02
9.524524524524524693e+00 9.296572935378831504e-02
9.534534534534534700e+00 9.315964650069205599e-02
9.544544544544544706e+00 9.335335957660997885e-02
9.554554554554554713e+00 9.354707265252790171e-02
9.564564564564564719e+00 9.374042278259255012e-02
9.574574574574574726e+00 9.393356456014231859e-02
9.584584584584584732e+00 9.412670633769208706e-02
9.594594594594594739e+00 9.431948860376042354e-02
9.604604604604604745e+00 9.451205836622438017e-02
9.614614614614614752e+00 9.470462812868833680e-02
9.624624624624624758e+00 9.489684206534494681e-02
9.634634634634634764e+00 9.508883948454471824e-02
9.644644644644644771e+00 9.528083690374448966e-02
9.654654654654654777e+00 9.547248242418360231e-02
9.664664664664664784e+00 9.566390755722194161e-02
9.674674674674674790e+00 9.585533269026028091e-02
9.684684684684684797e+00 9.604641008305503380e-02
9.694694694694694803e+00 9.623726336895704891e-02
9.704704704704704810e+00 9.642811665485907791e-02
9.714714714714714816e+00 9.661862658063606613e-02
9.724724724724724823e+00 9.680890883689392823e-02
9.734734734734734829e+00 9.699919109315179033e-02
9.744744744744744835e+00 9.718913458117375836e-02
9.754754754754754842e+00 9.737884700019716622e-02
9.764764764764764848e+00 9.756855941922056019e-02
9.774774774774774855e+00 9.775793786388110862e-02
9.784784784784784861e+00 9.794708200935874076e-02
9.794794794794794868e+00 9.813622615483638678e-02
9.804804804804804874e+00 9.832504131207020492e-02
9.814814814814814881e+00 9.851361911524487980e-02
9.824824824824824887e+00 9.870219691841952692e-02
9.834834834834834894e+00 9.889045090203127386e-02
9.844844844844844900e+00 9.907846465789200974e-02
9.854854854854854906e+00 9.926647841375275949e-02
9.864864864864864913e+00 9.945417369166806298e-02
9.874874874874874919e+00 9.964162605506371451e-02
9.884884884884884926e+00 9.982907841845936603e-02
9.894894894894894932e+00 1.000162178089015752e-01
9.904904904904904939e+00 1.002031117905783225e-01
9.914914914914914945e+00 1.003900057722550559e-01
9.924924924924924952e+00 1.005765924398505096e-01
9.934934934934934958e+00 1.007629314024170719e-01
9.944944944944944965e+00 1.009492703649836620e-01
9.954954954954954971e+00 1.011353078167989417e-01
9.964964964964964977e+00 1.013210954706229572e-01
9.974974974974974984e+00 1.015068831244469727e-01
9.984984984984984990e+00 1.016923752059616520e-01
9.994994994994994997e+00 1.018776156050007209e-01
1.000500500500500500e+01 1.020628560040397759e-01
1.001501501501501501e+01 1.022478068950573304e-01
1.002502502502502502e+01 1.024325044326272333e-01
1.003503503503503502e+01 1.026172019701971361e-01
1.004504504504504503e+01 1.028016161806974554e-01
1.005505505505505504e+01 1.029857755851816825e-01
1.006506506506506504e+01 1.031699349896659235e-01
1.007507507507507505e+01 1.033538173556022288e-01
1.008508508508508505e+01 1.035374436861054431e-01
1.009509509509509506e+01 1.037210700166086574e-01
1.010510510510510507e+01 1.039044256956522388e-01
1.011511511511511507e+01 1.040875243376009063e-01
1.012512512512512508e+01 1.042706229795495737e-01
1.013513513513513509e+01 1.044534574467848587e-01
1.014514514514514509e+01 1.046360341074781125e-01
1.015515515515515510e+01 1.048186107681713664e-01
1.016516516516516511e+01 1.050009298117446366e-01
1.017517517517517511e+01 1.051829905158587208e-01
1.018518518518518512e+01 1.053650512199728051e-01
1.019519519519519513e+01 1.055468609366971566e-01
1.020520520520520513e+01 1.057284120217458351e-01
1.021521521521521514e+01 1.059099631067944858e-01
1.022522522522522515e+01 1.060912698977140717e-01
1.023523523523523515e+01 1.062723180094683473e-01
1.024524524524524516e+01 1.064533661212226368e-01
1.025525525525525516e+01 1.066341766871387597e-01
1.026526526526526517e+01 1.068147287750087632e-01
1.027527527527527518e+01 1.069952808628787944e-01
1.028528528528528518e+01 1.071756021998407776e-01
1.029529529529529519e+01 1.073556655122224757e-01
1.030530530530530520e+01 1.075357288246041876e-01
1.031531531531531520e+01 1.077155682193676328e-01
1.032532532532532521e+01 1.078951502989570349e-01
1.033533533533533522e+01 1.080747323785464370e-01
1.034534534534534522e+01 1.082540974040013260e-01
1.035535535535535523e+01 1.084332060830792699e-01
1.036536536536536524e+01 1.086123147621572138e-01
1.037537537537537524e+01 1.087912132727287262e-01
1.038538538538538525e+01 1.089698566684185327e-01
1.039539539539539525e+01 1.091485000641083253e-01
1.040540540540540526e+01 1.093269401911327182e-01
1.041541541541541527e+01 1.095051267006337259e-01
1.042542542542542527e+01 1.096833132101347058e-01
1.043543543543543528e+01 1.098613033572127390e-01
1.044544544544544529e+01 1.100390416530114268e-01
1.045545545545545529e+01 1.102167799488101008e-01
1.046546546546546530e+01 1.103943287871402834e-01
1.047547547547547531e+01 1.105716278122027690e-01
1.048548548548548531e+01 1.107489268372652685e-01
1.049549549549549532e+01 1.109260433009597591e-01
1.050550550550550533e+01 1.111029122639068251e-01
1.051551551551551533e+01 1.112797812268539049e-01
1.052552552552552534e+01 1.114564745082388536e-01
1.053553553553553535e+01 1.116329228785066657e-01
1.054554554554554535e+01 1.118093712487744917e-01
1.055555555555555536e+01 1.119856507936772827e-01
1.056556556556556536e+01 1.121616882966659096e-01
1.057557557557557537e+01 1.123377257996545225e-01
1.058558558558558538e+01 1.125136013026803300e-01
1.059559559559559538e+01 1.126892379148924095e-01
1.060560560560560539e+01 1.128648745271044890e-01
1.061561561561561540e+01 1.130403559269039793e-01
1.062562562562562540e+01 1.132156018710753775e-01
1.063563563563563541e+01 1.133908478152467758e-01
1.064564564564564542e+01 1.135659452897772453e-01
1.065565565565565542e+01 1.137408110300025810e-01
1.066566566566566543e+01 1.139156767702279166e-01
1.067567567567567544e+01 1.140904007320098501e-01
1.068568568568568544e+01 1.142648969688643129e-01
1.069569569569569545e+01 1.144393932057187896e-01
1.070570570570570545e+01 1.146137542970900453e-01
1.071571571571571546e+01 1.147878919627499938e-01
1.072572572572572547e+01 1.149620296284099424e-01
1.073573573573573547e+01 1.151360387167791183e-01
1.074574574574574548e+01 1.153098289701430107e-01
1.075575575575575549e+01 1.154836192235068892e-01
1.076576576576576549e+01 1.156572873966081882e-01
1.077577577577577550e+01 1.158307416184207878e-01
1.078578578578578551e+01 1.160041958402334011e-01
1.079579579579579551e+01 1.161775344013847022e-01
1.080580580580580552e+01 1.163506641893647386e-01
1.081581581581581553e+01 1.165237939773447612e-01
1.082582582582582553e+01 1.166968144407102836e-01
1.083583583583583554e+01 1.168696316046854144e-01
1.084584584584584555e+01 1.170424487686605314e-01
1.085585585585585555e+01 1.172151628545208546e-01
1.086586586586586556e+01 1.173876794115703559e-01
1.087587587587587556e+01 1.175601959686198433e-01
1.088588588588588557e+01 1.177326155986499062e-01
1.089589589589589558e+01 1.179048437682569117e-01
1.090590590590590558e+01 1.180770719378639033e-01
1.091591591591591559e+01 1.182492092304211345e-01
1.092592592592592560e+01 1.184211614296371284e-01
1.093593593593593560e+01 1.185931136288531224e-01
1.094594594594594561e+01 1.187649808942774637e-01
1.095595595595595562e+01 1.189366697328992084e-01
1.096596596596596562e+01 1.191083585715209670e-01
1.097597597597597563e+01 1.192799683074478867e-01
1.098598598598598564e+01 1.194514065832099070e-01
1.099599599599599564e+01 1.196228448589719273e-01
1.100600600600600565e+01 1.197942097456605320e-01
1.101601601601601566e+01 1.199654104394432264e-01
1.102602602602602566e+01 1.201366111332259207e-01
1.103603603603603567e+01 1.203077440289029160e-01
1.104604604604604567e+01 1.204787202999590690e-01
1.105605605605605568e+01 1.206496965710152219e-01
1.106606606606606569e+01 1.208206105072368586e-01
1.107607607607607569e+01 1.209913756884368752e-01
1.108608608608608570e+01 1.211621408696369057e-01
1.109609609609609571e+01 1.213328490466696191e-01
1.110610610610610571e+01 1.215034166397680609e-01
1.111611611611611572e+01 1.216739842328664889e-01
1.112612612612612573e+01 1.218445000150882168e-01
1.113613613613613573e+01 1.220148836860115993e-01
1.114614614614614574e+01 1.221852673569349679e-01
1.115615615615615575e+01 1.223556042682576867e-01
1.116616616616616575e+01 1.225258178424162153e-01
1.117617617617617576e+01 1.226960314165747301e-01
1.118618618618618576e+01 1.228662031358902923e-01
1.119619619619619577e+01 1.230362605935140935e-01
1.120620620620620578e+01 1.232063180511378947e-01
1.121621621621621578e+01 1.233763384077876946e-01
1.122622622622622579e+01 1.235462538792882203e-01
1.123623623623623580e+01 1.237161693507887461e-01
1.124624624624624580e+01 1.238860523200583097e-01
1.125625625625625581e+01 1.240558400814175399e-01
1.126626626626626582e+01 1.242256278427767702e-01
1.127627627627627582e+01 1.243953875414172544e-01
1.128628628628628583e+01 1.245650620096043215e-01
1.129629629629629584e+01 1.247347364777913747e-01
1.130630630630630584e+01 1.249043871595679062e-01
1.131631631631631585e+01 1.250739628879851961e-01
1.132632632632632586e+01 1.252435386164024722e-01
1.133633633633633586e+01 1.254130946676710878e-01
1.134634634634634587e+01 1.255825863416302757e-01
1.135635635635635587e+01 1.257520780155894913e-01
1.136636636636636588e+01 1.259215539509035420e-01
1.137637637637637589e+01 1.260909763831331298e-01
1.138638638638638589e+01 1.262603988153626899e-01
1.139639639639639590e+01 1.264298092731094003e-01
1.140640640640640591e+01 1.265991773992940772e-01
1.141641641641641769e+01 1.267685455254787541e-01
1.142642642642642770e+01 1.269379052635470351e-01
1.143643643643643770e+01 1.271072341379001769e-01
1.144644644644644771e+01 1.272765630122532909e-01
1.145645645645645772e+01 1.274458869037337627e-01
1.146646646646646772e+01 1.276151916946036968e-01
1.147647647647647773e+01 1.277844964854736587e-01
1.148648648648648773e+01 1.279537995143914253e-01
1.149649649649649774e+01 1.281230954999030003e-01
1.150650650650650775e+01 1.282923914854145753e-01
1.151651651651651775e+01 1.284616887424959164e-01
1.152652652652652776e+01 1.286309913062266275e-01
1.153653653653653777e+01 1.288002938699573385e-01
1.154654654654654777e+01 1.289696005484305408e-01
1.155655655655655778e+01 1.291389251751237088e-01
1.156656656656656779e+01 1.293082498018168491e-01
1.157657657657657779e+01 1.294775811932485365e-01
1.158658658658658780e+01 1.296469434645635133e-01
1.159659659659659781e+01 1.298163057358784622e-01
1.160660660660660781e+01 1.299856772260457871e-01
1.161661661661661782e+01 1.301550928163450749e-01
1.162662662662662783e+01 1.303245084066443626e-01
1.163663663663663783e+01 1.304939354714433064e-01
1.164664664664664784e+01 1.306634201436190079e-01
1.165665665665665784e+01 1.308329048157947372e-01
1.166666666666666785e+01 1.310024030171860754e-01
1.167667667667667786e+01 1.311719726185245349e-01
1.168668668668668786e+01 1.313415422198629945e-01
1.169669669669669787e+01 1.315111272018555377e-01
1.170670670670670788e+01 1.316807976599420338e-01
1.171671671671671788e+01 1.318504681180285021e-01
1.172672672672672789e+01 1.320201556027009726e-01
1.173673673673673790e+01 1.321899429213637678e-01
1.174674674674674790e+01 1.323597302400265352e-01
1.175675675675675791e+01 1.325295360235877462e-01
1.176676676676676792e+01 1.326994562788839649e-01
1.177677677677677792e+01 1.328693765341802113e-01
1.178678678678678793e+01 1.330393164830692421e-01
1.179679679679679793e+01 1.332093858193101332e-01
1.180680680680680794e+01 1.333794551555510244e-01
1.181681681681681795e+01 1.335495452025760865e-01
1.182682682682682795e+01 1.337197798283955574e-01
1.183683683683683796e+01 1.338900144542149728e-01
1.184684684684684797e+01 1.340602705947337159e-01
1.185685685685685797e+01 1.342306867791971947e-01
1.186686686686686798e+01 1.344011029636607013e-01
1.187687687687687799e+01 1.345715412517997644e-01
1.188688688688688799e+01 1.347421553205566946e-01
1.189689689689689800e+01 1.349127693893136526e-01
1.190690690690690801e+01 1.350834059342300719e-01
1.191691691691691801e+01 1.352542342657083729e-01
1.192692692692692802e+01 1.354250625971866462e-01
1.193693693693693803e+01 1.355959135593701459e-01
1.194694694694694803e+01 1.357669725810136396e-01
1.195695695695695804e+01 1.359380316026571334e-01
1.196696696696696804e+01 1.361091131902739393e-01
1.197697697697697805e+01 1.362804193748236858e-01
1.198698698698698806e+01 1.364517255593734046e-01
1.199699699699699806e+01 1.366230540246523295e-01
1.200700700700700807e+01 1.367946238864707897e-01
1.201701701701701808e+01 1.369661937482892222e-01
1.202702702702702808e+01 1.371377853839493011e-01
1.203703703703703809e+01 1.373096354753891302e-01
1.204704704704704810e+01 1.374814855668289870e-01
1.205705705705705810e+01 1.376533567025499116e-01
1.206706706706706811e+01 1.378255036103662734e-01
1.207707707707707812e+01 1.379976505181826074e-01
1.208708708708708812e+01 1.381698175171178211e-01
1.209709709709709813e+01 1.383422778589250557e-01
1.210710710710710813e+01 1.385147382007323180e-01
1.211711711711711814e+01 1.386872174560643545e-01
1.212712712712712815e+01 1.388600078768376933e-01
1.213713713713713815e+01 1.390327982976110877e-01
1.214714714714714816e+01 1.392056062291507634e-01
1.215715715715715817e+01 1.393787433977715651e-01
1.216716716716716817e+01 1.395518805663923667e-01
1.217717717717717818e+01 1.397250336172199681e-01
1.218718718718718819e+01 1.398985342230668616e-01
1.219719719719719819e+01 1.400720348289137551e-01
1.220720720720720820e+01 1.402455494620645504e-01
1.221721721721721821e+01 1.404194302116485993e-01
1.222722722722722821e+01 1.405933109612326481e-01
1.223723723723723822e+01 1.407672036564249496e-01
1.224724724724724823e+01 1.409414812700701958e-01
1.225725725725725823e+01 1.411157588837154697e-01
1.226726726726726824e+01 1.412900461341224378e-01
1.227727727727727824e+01 1.414647373426913546e-01
1.228728728728728825e+01 1.416394285512602158e-01
1.229729729729729826e+01 1.418141268603252125e-01
1.230730730730730826e+01 1.419892484019892875e-01
1.231731731731731827e+01 1.421643699436533625e-01
1.232732732732732828e+01 1.423394958219487416e-01
1.233733733733733828e+01 1.425150644390039134e-01
1.234734734734734829e+01 1.426906330560590574e-01
1.235735735735735830e+01 1.428662030181883646e-01
1.236736736736736830e+01 1.430422354539159779e-01
1.237737737737737831e+01 1.432182678896435635e-01
1.238738738738738832e+01 1.433943003253711768e-01
1.239739739739739832e+01 1.435708114467602048e-01
1.240740740740740833e+01 1.437473244423326246e-01
1.241741741741741833e+01 1.439238374379050445e-01
1.242742742742742834e+01 1.441008424082710349e-01
1.243743743743743835e+01 1.442778526997026967e-01
1.244744744744744835e+01 1.444548629911343585e-01
1.245745745745745836e+01 1.446323783108626471e-01
1.246746746746746837e+01 1.448099026260058764e-01
1.247747747747747837e+01 1.449874269411490779e-01
1.248748748748748838e+01 1.451654690997425112e-01
1.249749749749749839e+01 1.453435241553286406e-01
1.250750750750750839e+01 1.455215792109147976e-01
1.251751751751751840e+01 1.457001646841578901e-01
1.252752752752752841e+01 1.458787671828825627e-01
1.253753753753753841e+01 1.460573696816072353e-01
1.254754754754754842e+01 1.462365149287753185e-01
1.255755755755755843e+01 1.464156815564298664e-01
1.256756756756756843e+01 1.465948481840843587e-01
1.257757757757757844e+01 1.467745696451942250e-01
1.258758758758758844e+01 1.469543170678402344e-01
1.259759759759759845e+01 1.471340644904862160e-01
1.260760760760760846e+01 1.473143785835908659e-01
1.261761761761761846e+01 1.474947234447804845e-01
1.262762762762762847e+01 1.476750683059701308e-01
1.263763763763763848e+01 1.478559914244960694e-01
1.264764764764764848e+01 1.480369503425363886e-01
1.265765765765765849e+01 1.482179092605767634e-01
1.266766766766766850e+01 1.483994577707039852e-01
1.267767767767767850e+01 1.485810473359652495e-01
1.268768768768768851e+01 1.487626369012265692e-01
1.269769769769769852e+01 1.489448271393118972e-01
1.270770770770770852e+01 1.491270639115810925e-01
1.271771771771771853e+01 1.493093006838502879e-01
1.272772772772772854e+01 1.494921489538922066e-01
1.273773773773773854e+01 1.496750494597690606e-01
1.274774774774774855e+01 1.498579499656459146e-01
1.275775775775775855e+01 1.500414725367923696e-01
1.276776776776776856e+01 1.502250532671302319e-01
1.277777777777777857e+01 1.504086339974681219e-01
1.278778778778778857e+01 1.505928471015664238e-01
1.279779779779779858e+01 1.507771245089566670e-01
1.280780780780780859e+01 1.509614019163468546e-01
1.281781781781781859e+01 1.511463217455351893e-01
1.282782782782782860e+01 1.513313122418343815e-01
1.283783783783783861e+01 1.515163027381335736e-01
1.284784784784784861e+01 1.517019454424743397e-01
1.285785785785785862e+01 1.518876653963751322e-01
1.286786786786786863e+01 1.520733853502759247e-01
1.287787787787787863e+01 1.522597670354311483e-01
1.288788788788788864e+01 1.524462327700762121e-01
1.289789789789789864e+01 1.526326985047213314e-01
1.290790790790790865e+01 1.528198352296682438e-01
1.291791791791791866e+01 1.530070630203063109e-01
1.292792792792792866e+01 1.531942908109443779e-01
1.293793793793793867e+01 1.533821985857332926e-01
1.294794794794794868e+01 1.535702046574184410e-01
1.295795795795795868e+01 1.537582107291035893e-01
1.296796796796796869e+01 1.539469055126556629e-01
1.297797797797797870e+01 1.541357060379882071e-01
1.298798798798798870e+01 1.543245065633207513e-01
1.299799799799799871e+01 1.545140042612667963e-01
1.300800800800800872e+01 1.547036153581764495e-01
1.301801801801801872e+01 1.548932264550861027e-01
1.302802802802802873e+01 1.550835429176455060e-01
1.303803803803803874e+01 1.552739806472163142e-01
1.304804804804804874e+01 1.554644183767871224e-01
1.305805805805805875e+01 1.556555693966869547e-01
1.306806806806806875e+01 1.558468497610232262e-01
1.307807807807807876e+01 1.560381301253595532e-01
1.308808808808808877e+01 1.562301314357935067e-01
1.309809809809809877e+01 1.564222703759278466e-01
1.310810810810810878e+01 1.566144093160622142e-01
1.311811811811811879e+01 1.568072765886885933e-01
1.312812812812812879e+01 1.570002899825293230e-01
1.313813813813813880e+01 1.571933033763700527e-01
1.314814814814814881e+01 1.573870522193498434e-01
1.315815815815815881e+01 1.575809558796704701e-01
1.316816816816816882e+01 1.577748595399911247e-01
1.317817817817817883e+01 1.579695054960640332e-01
1.318818818818818883e+01 1.581643151685319937e-01
1.319819819819819884e+01 1.583591248409999541e-01
1.320820820820820884e+01 1.585546833855999982e-01
1.321821821821821885e+01 1.587504147468459803e-01
1.322822822822822886e+01 1.589461461080919347e-01
1.323823823823823886e+01 1.591426326475006148e-01
1.324824824824824887e+01 1.593393013032268213e-01
1.325825825825825888e+01 1.595359699589530000e-01
1.326826826826826888e+01 1.597333998284909129e-01
1.327827827827827889e+01 1.599310213116194035e-01
1.328828828828828890e+01 1.601286427947479218e-01
1.329829829829829890e+01 1.603270312570043432e-01
1.330830830830830891e+01 1.605256210258643179e-01
1.331831831831831892e+01 1.607242107947242926e-01
1.332832832832832892e+01 1.609235730378236195e-01
1.333833833833833893e+01 1.611231464743766439e-01
1.334834834834834894e+01 1.613227199109296683e-01
1.335835835835835894e+01 1.615230710468353315e-01
1.336836836836836895e+01 1.617236434549396140e-01
1.337837837837837895e+01 1.619242158630438966e-01
1.338838838838838896e+01 1.621255709258991873e-01
1.339839839839839897e+01 1.623271575296118818e-01
1.340840840840840897e+01 1.625287441333246041e-01
1.341841841841841898e+01 1.627311180778297228e-01
1.342842842842842899e+01 1.629337340197466455e-01
1.343843843843843899e+01 1.631363499616635682e-01
1.344844844844844900e+01 1.633397576614887825e-01
1.345845845845845901e+01 1.635434180011214045e-01
1.346846846846846901e+01 1.637470783407540542e-01
1.347847847847847902e+01 1.639515345869891616e-01
1.348848848848848903e+01 1.641562542991793772e-01
1.349849849849849903e+01 1.643609740113695650e-01
1.350850850850850904e+01 1.645664935110083271e-01
1.351851851851851904e+01 1.647722874843785545e-01
1.352852852852852905e+01 1.649780814577487820e-01
1.353853853853853906e+01 1.651846788322085813e-01
1.354854854854854906e+01 1.653915618676495281e-01
1.355855855855855907e+01 1.655984449030904748e-01
1.356856856856856908e+01 1.658061346867672758e-01
1.357857857857857908e+01 1.660141214959609257e-01
1.358858858858858909e+01 1.662221083051545756e-01
1.359859859859859910e+01 1.664309049440120258e-01
1.360860860860860910e+01 1.666400101479906248e-01
1.361861861861861911e+01 1.668491153519692516e-01
1.362862862862862912e+01 1.670590332021617275e-01
1.363863863863863912e+01 1.672692713299014922e-01
1.364864864864864913e+01 1.674795094576412846e-01
1.365865865865865914e+01 1.676905627841712987e-01
1.366866866866866914e+01 1.679019482712217348e-01
1.367867867867867915e+01 1.681133337582722265e-01
1.368868868868868915e+01 1.683255367336810582e-01
1.369869869869869916e+01 1.685380839208287240e-01
1.370870870870870917e+01 1.687506311079763621e-01
1.371871871871871917e+01 1.689639978110676621e-01
1.372872872872872918e+01 1.691777209430333218e-01
1.373873873873873919e+01 1.693914440749989814e-01
1.374874874874874919e+01 1.696059884895954883e-01
1.375875875875875920e+01 1.698209017137664034e-01
1.376876876876876921e+01 1.700358149379373185e-01
1.377877877877877921e+01 1.702515509516699388e-01
1.378878878878878922e+01 1.704676683168648843e-01
1.379879879879879923e+01 1.706837856820598021e-01
1.380880880880880923e+01 1.709007270851887195e-01
1.381881881881881924e+01 1.711180625404560285e-01
1.382882882882882924e+01 1.713353979957233653e-01
1.383883883883883925e+01 1.715535584799910140e-01
1.384884884884884926e+01 1.717721258734401513e-01
1.385885885885885926e+01 1.719906932668892330e-01
1.386886886886886927e+01 1.722100864244046070e-01
1.387887887887887928e+01 1.724298995020689396e-01
1.388888888888888928e+01 1.726497125797332999e-01
1.389889889889889929e+01 1.728703519018875145e-01
1.390890890890890930e+01 1.730914243066206948e-01
1.391891891891891930e+01 1.733124967113538750e-01
1.392892892892892931e+01 1.735343955877665378e-01
1.393893893893893932e+01 1.737567408581696393e-01
1.394894894894894932e+01 1.739790861285727408e-01
1.395895895895895933e+01 1.742022578460682980e-01
1.396896896896896934e+01 1.744258894154479822e-01
1.397897897897897934e+01 1.746495209848276664e-01
1.398898898898898935e+01 1.748739787264423640e-01
1.399899899899899935e+01 1.750989099218012990e-01
1.400900900900900936e+01 1.753238411171602618e-01
1.401901901901901937e+01 1.755495979611785273e-01
1.402902902902902937e+01 1.757758420022352830e-01
1.403903903903903938e+01 1.760020860432919831e-01
1.404904904904904939e+01 1.762291549623121178e-01
1.405905905905905939e+01 1.764567249605515920e-01
1.406906906906906940e+01 1.766842949587910661e-01
1.407907907907907941e+01 1.769126888188201907e-01
1.408908908908908941e+01 1.771415977765747607e-01
1.409909909909909942e+01 1.773705067343293584e-01
1.410910910910910943e+01 1.776002382939070867e-01
1.411911911911911943e+01 1.778304991034663218e-01
1.412912912912912944e+01 1.780607599130255569e-01
1.413913913913913944e+01 1.782918418223756463e-01
1.414914914914914945e+01 1.785234672651256072e-01
1.415915915915915946e+01 1.787550927078755125e-01
1.416916916916916946e+01 1.789875375080861308e-01
1.417917917917917947e+01 1.792205402536780068e-01
1.418918918918918948e+01 1.794535429992698550e-01
1.419919919919919948e+01 1.796873631215011036e-01
1.420920920920920949e+01 1.799217557270476608e-01
1.421921921921921950e+01 1.801561483325942459e-01
1.422922922922922950e+01 1.803913560973130770e-01
1.423923923923923951e+01 1.806271510066137509e-01
1.424924924924924952e+01 1.808629459159144248e-01
1.425925925925925952e+01 1.810995535321569261e-01
1.426926926926926953e+01 1.813367630749507242e-01
1.427927927927927954e+01 1.815739726177445501e-01
1.428928928928928954e+01 1.818119921824043750e-01
1.429929929929929955e+01 1.820506285736498420e-01
1.430930930930930955e+01 1.822892649648953090e-01
1.431931931931931956e+01 1.825287084620390021e-01
1.432932932932932957e+01 1.827687838012221344e-01
1.433933933933933957e+01 1.830088591404052667e-01
1.434934934934934958e+01 1.832497384406132357e-01
1.435935935935935959e+01 1.834912647110810702e-01
1.436936936936936959e+01 1.837327909815489047e-01
1.437937937937937960e+01 1.839751178412823707e-01
1.438938938938938961e+01 1.842181069096044677e-01
1.439939939939939961e+01 1.844610959779265646e-01
1.440940940940940962e+01 1.847048820389197432e-01
1.441941941941941963e+01 1.849493456542743719e-01
1.442942942942942963e+01 1.851938092696289451e-01
1.443943943943943964e+01 1.854390660583062900e-01
1.444944944944944965e+01 1.856850158518934257e-01
1.445945945945945965e+01 1.859309656454805615e-01
1.446946946946946966e+01 1.861777045723987944e-01
1.447947947947947966e+01 1.864251520568780962e-01
1.448948948948948967e+01 1.866725995413573980e-01
1.449949949949949968e+01 1.869208319006719077e-01
1.450950950950950968e+01 1.871697884696257308e-01
1.451951951951951969e+01 1.874187450385795539e-01
1.452952952952952970e+01 1.876684820075349980e-01
1.453953953953953970e+01 1.879189589349568312e-01
1.454954954954954971e+01 1.881694358623786090e-01
1.455955955955955972e+01 1.884206885008233023e-01
1.456956956956956972e+01 1.886726969406297971e-01
1.457957957957957973e+01 1.889247053804363474e-01
1.458958958958958974e+01 1.891774846303597435e-01
1.459959959959959974e+01 1.894310356159275011e-01
1.460960960960960975e+01 1.896845866014952864e-01
1.461961961961961975e+01 1.899389032865892724e-01
1.462962962962962976e+01 1.901940077303153620e-01
1.463963963963963977e+01 1.904491121740414239e-01
1.464964964964964977e+01 1.907049769992839039e-01
1.465965965965965978e+01 1.909616456921694738e-01
1.466966966966966979e+01 1.912183143850550437e-01
1.467967967967967979e+01 1.914757379363163925e-01
1.468968968968968980e+01 1.917339815475742060e-01
1.469969969969969981e+01 1.919922251588320472e-01
1.470970970970970981e+01 1.922512179025036849e-01
1.471971971971971982e+01 1.925110469791876111e-01
1.472972972972972983e+01 1.927708760558715095e-01
1.473973973973973983e+01 1.930314483385163482e-01
1.474974974974974984e+01 1.932928733051743064e-01
1.475975975975975985e+01 1.935542982718323202e-01
1.476976976976976985e+01 1.938164603198569980e-01
1.477977977977977986e+01 1.940794914782053571e-01
1.478978978978978986e+01 1.943425226365536884e-01
1.479979979979979987e+01 1.946062845559020926e-01
1.480980980980980988e+01 1.948709320845225523e-01
1.481981981981981988e+01 1.951355796131430120e-01
1.482982982982982989e+01 1.954009513890107019e-01
1.483983983983983990e+01 1.956672253430683239e-01
1.484984984984984990e+01 1.959334992971260014e-01
1.485985985985985991e+01 1.962004907936955311e-01
1.486986986986986992e+01 1.964684011046787804e-01
1.487987987987987992e+01 1.967363114156620019e-01
1.488988988988988993e+01 1.970049323758588933e-01
1.489989989989989994e+01 1.972744888513397465e-01
1.490990990990990994e+01 1.975440453268205721e-01
1.491991991991991995e+01 1.978143053720888833e-01
1.492992992992992995e+01 1.980855176955044761e-01
1.493993993993993996e+01 1.983567300189200966e-01
1.494994994994994997e+01 1.986286386490186406e-01
1.495995995995995997e+01 1.989015163794730923e-01
1.496996996996996998e+01 1.991743941099275716e-01
1.497997997997997999e+01 1.994479607027450918e-01
1.498998998998998999e+01 1.997225132748310372e-01
1.500000000000000000e+01 1.999970658469170104e-01
