5.000000000000000000e+00 1.224675066256521866e-02
5.010010010010010006e+00 1.237450843329542492e-02
5.020020020020020013e+00 1.250226620402563292e-02
5.030030030030030019e+00 1.263002397475584092e-02
5.040040040040040026e+00 1.275778174548604718e-02
5.050050050050050032e+00 1.288553951621625518e-02
5.060060060060060039e+00 1.301329728694646144e-02
5.070070070070070045e+00 1.314105505767666944e-02
5.080080080080080052e+00 1.326966699784717929e-02
5.090090090090090058e+00 1.339953852616289701e-02
5.100100100100100065e+00 1.352941005447861299e-02
5.110110110110110071e+00 1.365991889134041300e-02
5.120120120120120077e+00 1.379188890021616418e-02
5.130130130130130084e+00 1.392385890909191536e-02
5.140140140140140090e+00 1.405625229187625926e-02
5.150150150150150097e+00 1.419030480891036138e-02
5.160160160160160103e+00 1.432435732594446523e-02
5.170170170170170110e+00 1.445862241984216708e-02
5.180180180180180116e+00 1.459474079560900590e-02
5.190190190190190123e+00 1.473085917137584473e-02
5.200200200200200129e+00 1.486698266851823116e-02
5.210210210210210136e+00 1.500514959450404209e-02
5.220220220220220142e+00 1.514331652048985129e-02
5.230230230230230148e+00 1.528148344647566222e-02
5.240240240240240155e+00 1.542148217685664763e-02
5.250250250250250161e+00 1.556167970299230166e-02
5.260260260260260168e+00 1.570187722912795916e-02
5.270270270270270174e+00 1.584368779624353157e-02
5.280280280280280181e+00 1.598589734804953602e-02
5.290290290290290187e+00 1.612810689985554047e-02
5.300300300300300194e+00 1.627171403284637455e-02
5.310310310310310200e+00 1.641591642820696903e-02
5.320320320320320207e+00 1.656011882356756004e-02
5.330330330330330213e+00 1.670550683682524989e-02
5.340340340340340219e+00 1.685168230240900039e-02
5.350350350350350226e+00 1.699785776799275089e-02
5.360360360360360232e+00 1.714501057081853005e-02
5.370370370370370239e+00 1.729313875816457582e-02
5.380380380380380245e+00 1.744126694551061812e-02
5.390390390390390252e+00 1.759016805161519800e-02
5.400400400400400258e+00 1.774022805290409455e-02
5.410410410410410265e+00 1.789028805419298762e-02
5.420420420420420271e+00 1.804092059104529799e-02
5.430430430430430278e+00 1.819289095457449559e-02
5.440440440440440284e+00 1.834486131810368625e-02
5.450450450450450290e+00 1.849720803613651154e-02
5.460460460460460297e+00 1.865106678152035971e-02
5.470470470470470303e+00 1.880492552690420788e-02
5.480480480480480310e+00 1.895896880858459824e-02
5.490490490490490316e+00 1.911469344169894682e-02
5.500500500500500323e+00 1.927041807481329541e-02
5.510510510510510329e+00 1.942614270792764747e-02
5.520520520520520336e+00 1.958370747127719663e-02
5.530530530530530342e+00 1.974127499896861579e-02
5.540540540540540349e+00 1.989884252666003495e-02
5.550550550550550355e+00 2.005804407265843886e-02
5.560560560560560361e+00 2.021743101723771224e-02
5.570570570570570368e+00 2.037681796181698562e-02
5.580580580580580374e+00 2.053763715198556744e-02
5.590590590590590381e+00 2.069881956552473146e-02
5.600600600600600387e+00 2.086000197906390241e-02
5.610610610610610394e+00 2.102241935616673899e-02
5.620620620620620400e+00 2.118537283461867024e-02
5.630630630630630407e+00 2.134832631307060150e-02
5.640640640640640413e+00 2.151232210946842777e-02
5.650650650650650419e+00 2.167702180662683595e-02
5.660660660660660426e+00 2.184172150378524413e-02
5.670670670670670432e+00 2.200727564971870567e-02
5.680680680680680439e+00 2.217369629103634054e-02
5.690690690690690445e+00 2.234011693235397542e-02
5.700700700700700452e+00 2.250720906416286277e-02
5.710710710710710458e+00 2.267532496044454352e-02
5.720720720720720465e+00 2.284344085672621733e-02
5.730730730730730471e+00 2.301205032501104156e-02
5.740740740740740478e+00 2.318183538599729449e-02
5.750750750750750484e+00 2.335162044698355088e-02
5.760760760760760490e+00 2.352172632471555974e-02
5.770770770770770497e+00 2.369315407257202577e-02
5.780780780780780503e+00 2.386458182042849180e-02
5.790790790790790510e+00 2.403616291101412852e-02
5.800800800800800516e+00 2.420920649374064607e-02
5.810810810810810523e+00 2.438225007646716014e-02
5.820820820820820529e+00 2.455529365919367768e-02
5.830830830830830536e+00 2.472991712654481686e-02
5.840840840840840542e+00 2.490454933131721130e-02
5.850850850850850549e+00 2.507918153608960227e-02
5.860860860860860555e+00 2.525520948611409411e-02
5.870870870870870561e+00 2.543140275257097654e-02
5.880880880880880568e+00 2.560759601902785204e-02
5.890890890890890574e+00 2.578500616015533264e-02
5.900900900900900581e+00 2.596273259364081584e-02
5.910910910910910587e+00 2.614045902712629904e-02
5.920920920920920594e+00 2.631922884333881552e-02
5.930930930930930600e+00 2.649846022811094826e-02
5.940940940940940607e+00 2.667769161288308447e-02
5.950950950950950613e+00 2.685779837160447506e-02
5.960960960960960620e+00 2.703850618401914055e-02
5.970970970970970626e+00 2.721921399643380951e-02
5.980980980980980632e+00 2.740063475641035459e-02
5.990990990990990639e+00 2.758279017808772104e-02
6.001001001001000645e+00 2.776494559976509097e-02
6.011011011011010652e+00 2.794765721894051230e-02
6.021021021021020658e+00 2.813123114992176904e-02
6.031031031031030665e+00 2.831480508090301884e-02
6.041041041041040671e+00 2.849878422429027308e-02
6.051051051051050678e+00 2.868374729619027619e-02
6.061061061061060684e+00 2.886871036809027583e-02
6.071071071071070691e+00 2.905393351564231064e-02
6.081081081081080697e+00 2.924025610480332493e-02
6.091091091091090703e+00 2.942657869396433923e-02
6.101101101101100710e+00 2.961302214844576189e-02
6.111111111111110716e+00 2.980067438909641750e-02
6.121121121121120723e+00 2.998832662974706964e-02
6.131131131131130729e+00 3.017597887039772178e-02
6.141141141141140736e+00 3.036491832203092392e-02
6.151151151151150742e+00 3.055387011945346135e-02
6.161161161161160749e+00 3.074282191687599530e-02
6.171171171171170755e+00 3.093290347041733473e-02
6.181181181181180762e+00 3.112312451412545602e-02
6.191191191191190768e+00 3.131334555783358425e-02
6.201201201201200774e+00 3.150454482916620336e-02
6.211211211211210781e+00 3.169600460609516002e-02
6.221221221221220787e+00 3.188746438302412362e-02
6.231231231231230794e+00 3.207975685557004630e-02
6.241241241241240800e+00 3.227242466327946008e-02
6.251251251251250807e+00 3.246509247098885997e-02
6.261261261261260813e+00 3.265845350361683275e-02
6.271271271271270820e+00 3.285229846350581212e-02
6.281281281281280826e+00 3.304614342339479843e-02
6.291291291291290833e+00 3.324054825833405030e-02
6.301301301301300839e+00 3.343553932886839802e-02
6.311311311311310845e+00 3.363053039940275962e-02
6.321321321321320852e+00 3.382595417016207029e-02
6.331331331331330858e+00 3.402206016011143780e-02
6.341341341341340865e+00 3.421816615006079837e-02
6.351351351351350871e+00 3.441458388935185464e-02
6.361361361361360878e+00 3.461177347103457091e-02
6.371371371371370884e+00 3.480896305271728025e-02
6.381381381381380891e+00 3.500634970038130761e-02
6.391391391391390897e+00 3.520459142291455790e-02
6.401401401401400904e+00 3.540283314544780818e-02
6.411411411411410910e+00 3.560116355638463098e-02
6.421421421421420916e+00 3.580042585893599555e-02
6.431431431431430923e+00 3.599968816148736706e-02
6.441441441441440929e+00 3.619895046403873162e-02
6.451451451451450936e+00 3.639918833862176156e-02
6.461461461461460942e+00 3.659943956365832585e-02
6.471471471471470949e+00 3.679969078869490401e-02
6.481481481481480955e+00 3.700079017225345324e-02
6.491491491491490962e+00 3.720199857878418725e-02
6.501501501501500968e+00 3.740320698531492821e-02
6.511511511511510975e+00 3.760514245527115523e-02
6.521521521521520981e+00 3.780727623207742749e-02
6.531531531531530987e+00 3.800941000888371363e-02
6.541541541541540994e+00 3.821215610263982432e-02
6.551551551551551000e+00 3.841518338148875583e-02
6.561561561561561007e+00 3.861821066033770122e-02
6.571571571571571013e+00 3.882174188316953739e-02
6.581581581581581020e+00 3.902563075200463083e-02
6.591591591591591026e+00 3.922951962083971733e-02
6.601601601601601033e+00 3.943381045377605809e-02
6.611611611611611927e+00 3.963852896987896807e-02
6.621621621621621934e+00 3.984324748598185029e-02
6.631631631631631940e+00 4.004827239366688663e-02
6.641641641641641947e+00 4.025378859678396815e-02
6.651651651651651953e+00 4.045930479990104273e-02
6.661661661661661959e+00 4.066503823843749255e-02
6.671671671671671966e+00 4.087132016386462591e-02
6.681681681681681972e+00 4.107760208929175233e-02
6.691691691691691979e+00 4.128401851406182654e-02
6.701701701701701985e+00 4.149103420568064915e-02
6.711711711711711992e+00 4.169804989729946482e-02
6.721721721721721998e+00 4.190512377076123507e-02
6.731731731731732005e+00 4.211284129401993842e-02
6.741741741741742011e+00 4.232055881727864177e-02
6.751751751751752018e+00 4.252827634053733818e-02
6.761761761761762024e+00 4.273665207156593371e-02
6.771771771771772030e+00 4.294503952639704830e-02
6.781781781781782037e+00 4.315342698122815596e-02
6.791791791791792043e+00 4.336237728540179304e-02
6.801801801801802050e+00 4.357140281907036228e-02
6.811811811811812056e+00 4.378042835273893846e-02
6.821821821821822063e+00 4.398992782033439575e-02
6.831831831831832069e+00 4.419955964020853140e-02
6.841841841841842076e+00 4.440919146008267399e-02
6.851851851851852082e+00 4.461921473201960892e-02
6.861861861861862089e+00 4.482942111825630183e-02
6.871871871871872095e+00 4.503962750449299474e-02
6.881881881881882101e+00 4.525014927987155988e-02
6.891891891891892108e+00 4.546089859801027977e-02
6.901901901901902114e+00 4.567164791614899272e-02
6.911911911911912121e+00 4.588264295973795703e-02
6.921921921921922127e+00 4.609390367319457504e-02
6.931931931931932134e+00 4.630516438665119305e-02
6.941941941941942140e+00 4.651660753632348710e-02
6.951951951951952147e+00 4.672834821877688144e-02
6.961961961961962153e+00 4.694008890123028271e-02
6.971971971971972160e+00 4.715195507534313685e-02
6.981981981981982166e+00 4.736414442300732053e-02
6.991991991991992172e+00 4.757633377067149727e-02
7.002002002002002179e+00 4.778859797538820287e-02
7.012012012012012185e+00 4.800120481916238940e-02
7.022022022022022192e+00 4.821381166293658288e-02
7.032032032032032198e+00 4.842644899948690684e-02
7.042042042042042205e+00 4.863944231697627657e-02
7.052052052052052211e+00 4.885243563446566017e-02
7.062062062062062218e+00 4.906542895195504378e-02
7.072072072072072224e+00 4.927877023374223342e-02
7.082082082082082231e+00 4.949211916114251014e-02
7.092092092092092237e+00 4.970546808854277993e-02
7.102102102102102243e+00 4.991910232506723000e-02
7.112112112112112250e+00 5.013277616890546295e-02
7.122122122122122256e+00 5.034645001274370285e-02
7.132132132132132263e+00 5.056035281526247843e-02
7.142142142142142269e+00 5.077432106398761802e-02
7.152152152152152276e+00 5.098828931271275761e-02
7.162162162162162282e+00 5.120243642735383682e-02
7.172172172172172289e+00 5.141666876277016518e-02
7.182182182182182295e+00 5.163090109818650048e-02
7.192192192192192302e+00 5.184526841269585656e-02
7.202202202202202308e+00 5.205973472123236884e-02
7.212212212212212314e+00 5.227420102976887417e-02
7.222222222222222321e+00 5.248876458017320140e-02
7.232232232232232327e+00 5.270343496398318534e-02
7.242242242242242334e+00 5.291810534779316927e-02
7.252252252252252340e+00 5.313284132497525514e-02
7.262262262262262347e+00 5.334768611285889417e-02
7.272272272272272353e+00 5.356253090074252626e-02
7.282282282282282360e+00 5.377741565692725767e-02
7.292292292292292366e+00 5.399240541507237257e-02
7.302302302302302373e+00 5.420739517321749440e-02
7.312312312312312379e+00 5.442240522836596511e-02
7.322322322322322385e+00 5.463751077089983726e-02
7.332332332332332392e+00 5.485261631343372329e-02
7.342342342342342398e+00 5.506772836154295858e-02
7.352352352352352405e+00 5.528292076089066920e-02
7.362362362362362411e+00 5.549811316023837982e-02
7.372372372372372418e+00 5.571330555958609043e-02
7.382382382382382424e+00 5.592855467258801838e-02
7.392392392392392431e+00 5.614380526963119039e-02
7.402402402402402437e+00 5.635905586667436240e-02
7.412412412412412444e+00 5.657433252674691493e-02
7.422422422422422450e+00 5.678961294077828487e-02
7.432432432432432456e+00 5.700489335480964787e-02
7.442442442442442463e+00 5.722017510303793048e-02
7.452452452452452469e+00 5.743545724150631721e-02
7.462462462462462476e+00 5.765073937997470394e-02
7.472472472472472482e+00 5.786600396522456613e-02
7.482482482482482489e+00 5.808126003326591347e-02
7.492492492492492495e+00 5.829651610130726774e-02
7.502502502502502502e+00 5.851174148580352841e-02
7.512512512512512508e+00 5.872694399555355993e-02
7.522522522522522515e+00 5.894214650530359839e-02
7.532532532532532521e+00 5.915731087009750561e-02
7.542542542542542527e+00 5.937243264978167567e-02
7.552552552552552534e+00 5.958755442946583186e-02
7.562562562562562540e+00 5.980263617979025836e-02
7.572572572572572547e+00 6.001765038258718987e-02
7.582582582582582553e+00 6.023266458538411444e-02
7.592592592592592560e+00 6.044764235589486501e-02
7.602602602602602566e+00 6.066252246856967262e-02
7.612612612612612573e+00 6.087740258124448023e-02
7.622622622622622579e+00 6.109225524114646200e-02
7.632632632632632586e+00 6.130697509245043586e-02
7.642642642642642592e+00 6.152169494375440972e-02
7.652652652652652598e+00 6.173640160181124298e-02
7.662662662662662605e+00 6.195093537064486761e-02
7.672672672672672611e+00 6.216546913947849223e-02
7.682682682682682618e+00 6.238000290831211686e-02
7.692692692692692624e+00 6.259433137224044985e-02
7.702702702702702631e+00 6.280865359557660788e-02
7.712712712712712637e+00 6.302297581891276590e-02
7.722722722722722644e+00 6.323709213937379892e-02
7.732732732732732650e+00 6.345117771993886990e-02
7.742742742742742657e+00 6.366526330050394089e-02
7.752752752752752663e+00 6.387914770700098277e-02
7.762762762762762669e+00 6.409297192071138072e-02
7.772772772772772676e+00 6.430679613442179254e-02
7.782782782782782682e+00 6.452042912205521730e-02
7.792792792792792689e+00 6.473396762520687575e-02
7.802802802802802695e+00 6.494750612835850645e-02
7.812812812812812702e+00 6.516086846198673732e-02
7.822822822822822708e+00 6.537409729819616822e-02
7.832832832832832715e+00 6.558732613440561299e-02
7.842842842842842721e+00 6.580039885268118560e-02
7.852852852852852727e+00 6.601329445957608566e-02
7.862862862862862734e+00 6.622619006647099960e-02
7.872872872872872740e+00 6.643895448575172502e-02
7.882882882882882747e+00 6.665149370141007501e-02
7.892892892892892753e+00 6.686403291706843888e-02
7.902902902902902760e+00 6.707647063520282005e-02
7.912912912912912766e+00 6.728863070433903359e-02
7.922922922922922773e+00 6.750079077347524714e-02
7.932932932932932779e+00 6.771288367346178783e-02
7.942942942942942786e+00 6.792464225335897998e-02
7.952952952952952792e+00 6.813640083325618602e-02
7.962962962962962798e+00 6.834813108677624538e-02
7.972972972972972805e+00 6.855946625296439889e-02
7.982982982982982811e+00 6.877080141915253853e-02
7.992992992992992818e+00 6.898213658534069204e-02
8.003003003003001936e+00 6.919304174165566423e-02
8.013013013013011943e+00 6.940393199333458329e-02
8.023023023023021949e+00 6.961482224501350236e-02
8.033033033033031955e+00 6.982530890580951333e-02
8.043043043043041962e+00 7.003573317101702278e-02
8.053053053053051968e+00 7.024615743622451836e-02
8.063063063063061975e+00 7.045620909291233636e-02
8.073073073073071981e+00 7.066614673343693531e-02
8.083083083083081988e+00 7.087608437396153427e-02
8.093093093093091994e+00 7.108568482415589251e-02
8.103103103103102001e+00 7.129511564019495873e-02
8.113113113113112007e+00 7.150454645623399719e-02
8.123123123123122014e+00 7.171367980639731243e-02
8.133133133133132020e+00 7.192258404096044111e-02
8.143143143143142026e+00 7.213148827552358366e-02
8.153153153153152033e+00 7.234013894348287343e-02
8.163163163163162039e+00 7.254849728654148844e-02
8.173173173173172046e+00 7.275685562960010344e-02
8.183183183183182052e+00 7.296500834693815662e-02
8.193193193193192059e+00 7.317280193932231003e-02
8.203203203203202065e+00 7.338059553170649119e-02
8.213213213213213848e+00 7.358823534602715322e-02
8.223223223223223854e+00 7.379544578306984626e-02
8.233233233233233861e+00 7.400265622011256705e-02
8.243243243243243867e+00 7.420976849718040336e-02
8.253253253253253874e+00 7.441637783211120516e-02
8.263263263263263880e+00 7.462298716704197921e-02
8.273273273273273887e+00 7.482955759279756591e-02
8.283283283283283893e+00 7.503554833988698713e-02
8.293293293293293900e+00 7.524153908697642223e-02
8.303303303303303906e+00 7.544752983406584346e-02
8.313313313313313913e+00 7.565290880688285702e-02
8.323323323323323919e+00 7.585826394433863029e-02
8.333333333333333925e+00 7.606361908179440356e-02
8.343343343343343932e+00 7.626841198794274967e-02
8.353353353353353938e+00 7.647311496055984870e-02
8.363363363363363945e+00 7.667781793317696160e-02
8.373373373373373951e+00 7.688201189896883003e-02
8.383383383383383958e+00 7.708604662053537837e-02
8.393393393393393964e+00 7.729008134210192671e-02
8.403403403403403971e+00 7.749366382301256517e-02
8.413413413413413977e+00 7.769701467847311971e-02
8.423423423423423984e+00 7.790036553393367424e-02
8.433433433433433990e+00 7.810332431576148815e-02
8.443443443443443996e+00 7.830597616314083353e-02
8.453453453453454003e+00 7.850862801052017892e-02
8.463463463463464009e+00 7.871095121042820386e-02
8.473473473473474016e+00 7.891288938251694862e-02
8.483483483483484022e+00 7.911482755460567950e-02
8.493493493493494029e+00 7.931650362204559213e-02
8.503503503503504035e+00 7.951771392785046688e-02
8.513513513513514042e+00 7.971892423365535552e-02
8.523523523523524048e+00 7.991994195117506361e-02
8.533533533533534055e+00 8.012041067713711329e-02
8.543543543543544061e+00 8.032087940309917684e-02
8.553553553553554067e+00 8.052122788703496015e-02
8.563563563563564074e+00 8.072094179801726777e-02
8.573573573573574080e+00 8.092065570899956151e-02
8.583583583583584087e+00 8.112032441005385952e-02
8.593593593593594093e+00 8.131927075010246531e-02
8.603603603603604100e+00 8.151821709015108497e-02
8.613613613613614106e+00 8.171716343019970463e-02
8.623623623623624113e+00 8.191536228673799991e-02
8.633633633633634119e+00 8.211352877961884678e-02
8.643643643643644126e+00 8.231169527249967977e-02
8.653653653653654132e+00 8.250918245620803004e-02
8.663663663663664138e+00 8.270655730572271103e-02
8.673673673673674145e+00 8.290393215523739201e-02
8.683683683683684151e+00 8.310069860239147066e-02
8.693693693693694158e+00 8.329727049247551141e-02
8.703703703703704164e+00 8.349384238255956603e-02
8.713713713713714171e+00 8.368987936487608248e-02
8.723723723723724177e+00 8.388563745948240946e-02
8.733733733733734184e+00 8.408139555408872257e-02
8.743743743743744190e+00 8.427669467853815544e-02
8.753753753753754197e+00 8.447162862130952465e-02
8.763763763763764203e+00 8.466656256408087999e-02
8.773773773773774209e+00 8.486111577259666805e-02
8.783783783783784216e+00 8.505521568633063467e-02
8.793793793793794222e+00 8.524931560006461517e-02
8.803803803803804229e+00 8.544311516915033267e-02
8.813813813813814235e+00 8.563637165505995352e-02
8.823823823823824242e+00 8.582962814096957438e-02
8.833833833833834248e+00 8.602266668120520099e-02
8.843843843843844255e+00 8.621507081797916139e-02
8.853853853853854261e+00 8.640747495475310791e-02
8.863863863863864268e+00 8.659974541020215577e-02
8.873873873873874274e+00 8.679128875286853950e-02
8.883883883883884280e+00 8.698283209553492323e-02
8.893893893893894287e+00 8.717432774305386434e-02
8.903903903903904293e+00 8.736500232165024526e-02
8.913913913913914300e+00 8.755567690024662619e-02
8.923923923923924306e+00 8.774635147884302100e-02
8.933933933933934313e+00 8.793618966675265103e-02
8.943943943943944319e+00 8.812598798480764106e-02
8.953953953953954326e+00 8.831578630286265885e-02
8.963963963963964332e+00 8.850483020700618264e-02
8.973973973973974338e+00 8.869374523983526715e-02
8.983983983983984345e+00 8.888266027266433777e-02
8.993993993993994351e+00 8.907090463307866524e-02
9.004004004004004358e+00 8.925892982589878066e-02
9.014014014014014364e+00 8.944695501871890997e-02
9.024024024024024371e+00 8.963439490246032093e-02
9.034034034034034377e+00 8.982152416832697717e-02
9.044044044044044384e+00 9.000865343419364728e-02
9.054054054054054390e+00 9.019528423400757777e-02
9.064064064064064397e+00 9.038151195157845263e-02
9.074074074074074403e+00 9.056773966914931362e-02
9.084084084084084409e+00 9.075355710205550153e-02
9.094094094094094416e+00 9.093887811318505932e-02
9.104104104104104422e+00 9.112419912431463098e-02
9.114114114114114429e+00 9.130919923010942518e-02
9.124124124124124435e+00 9.149360883727770954e-02
9.134134134134134442e+00 9.167801844444598003e-02
9.144144144144144448e+00 9.186219758412329794e-02
9.154154154154154455e+00 9.204569154770404771e-02
9.164164164164164461e+00 9.222918551128481135e-02
9.174174174174174468e+00 9.241254036537747962e-02
9.184184184184184474e+00 9.259511490074884277e-02
9.194194194194194480e+00 9.277768943612019203e-02
9.204204204204204487e+00 9.296021700296334955e-02
9.214214214214214493e+00 9.314186877746592763e-02
9.224224224224224500e+00 9.332352055196853347e-02
9.234234234234234506e+00 9.350517232647113930e-02
9.244244244244244513e+00 9.368594427563270433e-02
9.254254254254254519e+00 9.386667040537881312e-02
9.264264264264264526e+00 9.404739653512493580e-02
9.274274274274274532e+00 9.422733370133611064e-02
9.284284284284284539e+00 9.440713174787446205e-02
9.294294294294294545e+00 9.458692979441279958e-02
9.304304304304304551e+00 9.476603056020126148e-02
9.314314314314314558e+00 9.494489852704122990e-02
9.324324324324324564e+00 9.512376649388118444e-02
9.334334334334334571e+00 9.530202954827148021e-02
9.344344344344344577e+00 9.547996587727120010e-02
9.354354354354354584e+00 9.565790220627092000e-02
9.364364364364364590e+00 9.583532654255084993e-02
9.374374374374374597e+00 9.601233011017366870e-02
9.384384384384384603e+00 9.618933367779647359e-02
9.394394394394394610e+00 9.636591859121937387e-02
9.404404404404404616e+00 9.654198870466175475e-02
9.414414414414414622e+00 9.671805881810412175e-02
9.424424424424424629e+00 9.689380390352893280e-02
9.434434434434434635e+00 9.706894029672551161e-02
9.444444444444444642e+00 9.724407668992207654e-02
9.454454454454454648e+00 9.741898183939312617e-02
9.464464464464464655e+00 9.759318466890169741e-02
9.474474474474474661e+00 9.776738749841025478e-02
9.484484484484484668e+00 9.794145289867786652e-02
9.494494494494494674e+00 9.811472273944953082e-02
9.504504504504504681e+00 9.828799258022116736e-02
9.514514514514514687e+00 9.846121871020530048e-02
9.524524524524524693e+00 9.863355655124292354e-02
9.534534534534534700e+00 9.880589439228056048e-02
9.544544544544544706e+00 9.897823223331818354e-02
9.554554554554554713e+00 9.914968926038852937e-02
9.564564564564564719e+00 9.932109650029856407e-02
9.574574574574574726e+00 9.949250374020859877e-02
9.584584584584584732e+00 9.966312512458024020e-02
9.594594594594594739e+00 9.983360356702143668e-02
9.604604604604604745e+00 1.000040820094626332e-01
9.614614614614614752e+00 1.001738694911993577e-01
9.624624624624624758e+00 1.003434213402324138e-01
9.634634634634634764e+00 1.005129731892654837e-01
9.644644644644644771e+00 1.006819287851700301e-01
9.654654654654654777e+00 1.008505566405125814e-01
9.664664664664664784e+00 1.010191844958551188e-01
9.674674674674674790e+00 1.011873104965802656e-01
9.684684684684684797e+00 1.013550173487710593e-01
9.694694694694694803e+00 1.015227242009618669e-01
9.704704704704704810e+00 1.016900231680779171e-01
9.714714714714714816e+00 1.018568123935538750e-01
9.724724724724724823e+00 1.020236016190298328e-01
9.734734734734734829e+00 1.021900763820502850e-01
9.744744744744744835e+00 1.023559517381408823e-01
9.754754754754754842e+00 1.025218270942314658e-01
9.764764764764764848e+00 1.026874807475984114e-01
9.774774774774774855e+00 1.028524463674409389e-01
9.784784784784784861e+00 1.030174119872834804e-01
9.794794794794794868e+00 1.031822478873141019e-01
9.804804804804804874e+00 1.033463082746939182e-01
9.814814814814814881e+00 1.035103686620737345e-01
9.824824824824824887e+00 1.036743904238696806e-01
9.834834834834834894e+00 1.038375504479889105e-01
9.844844844844844900e+00 1.040007104721081543e-01
9.854854854854854906e+00 1.041638704962273981e-01
9.864864864864864913e+00 1.043261868566079387e-01
9.874874874874874919e+00 1.044884517467869200e-01
9.884884884884884926e+00 1.046507166369658876e-01
9.894894894894894932e+00 1.048122324372042780e-01
9.904904904904904939e+00 1.049736077775191290e-01
9.914914914914914945e+00 1.051349831178339800e-01
9.924924924924924952e+00 1.052957030798243321e-01
9.934934934934934958e+00 1.054561948036844415e-01
9.944944944944944965e+00 1.056166865275445371e-01
9.954954954954954971e+00 1.057766156137814745e-01
9.964964964964964977e+00 1.059362299984506206e-01
9.974974974974974984e+00 1.060958443831197806e-01
9.984984984984984990e+00 1.062549877933912645e-01
9.994994994994994997e+00 1.064137314544559704e-01
1.000500500500500500e+01 1.065724751155206623e-01
1.001501501501501501e+01 1.067308382835761432e-01
1.002502502502502502e+01 1.068887181693645577e-01
1.003503503503503502e+01 1.070465980551529583e-01
1.004504504504504503e+01 1.072041866453481429e-01
1.005505505505505504e+01 1.073612100313035278e-01
1.006506506506506504e+01 1.075182334172588849e-01
1.007507507507507505e+01 1.076750533211786459e-01
1.008508508508508505e+01 1.078312278041903133e-01
1.009509509509509506e+01 1.079874022872019806e-01
1.010510510510510507e+01 1.081434596202625609e-01
1.011511511511511507e+01 1.082987931129578835e-01
1.012512512512512508e+01 1.084541266056532061e-01
1.013513513513513509e+01 1.086094277036852157e-01
1.014514514514514509e+01 1.087639284286862629e-01
1.015515515515515510e+01 1.089184291536873100e-01
1.016516516516516511e+01 1.090729298786883433e-01
1.017517517517517511e+01 1.092266570536487430e-01
1.018518518518518512e+01 1.093803335377966646e-01
1.019519519519519513e+01 1.095340100219446000e-01
1.020520520520520513e+01 1.096870031062799622e-01
1.021521521521521514e+01 1.098398641748300486e-01
1.022522522522522515e+01 1.099927252433801350e-01
1.023523523523523515e+01 1.101449915060734724e-01
1.024524524524524516e+01 1.102970462768646381e-01
1.025525525525525516e+01 1.104491010476558038e-01
1.026526526526526517e+01 1.106006479584171753e-01
1.027527527527527518e+01 1.107519058360186409e-01
1.028528528528528518e+01 1.109031637136201065e-01
1.029529529529529519e+01 1.110539989393734689e-01
1.030530530530530520e+01 1.112044696092116813e-01
1.031531531531531520e+01 1.113549402790498660e-01
1.032532532532532521e+01 1.115050716804113634e-01
1.033533533533533522e+01 1.116547651028802352e-01
1.034534534534534522e+01 1.118044585253491069e-01
1.035535535535535523e+01 1.119538941530979909e-01
1.036536536536536524e+01 1.121028205576555803e-01
1.037537537537537524e+01 1.122517469622131697e-01
1.038538538538538525e+01 1.124004950537567243e-01
1.039539539539539525e+01 1.125486649330108002e-01
1.040540540540540526e+01 1.126968348122648622e-01
1.041541541541541527e+01 1.128449037880980693e-01
1.042542542542542527e+01 1.129923278918837093e-01
1.043543543543543528e+01 1.131397519956693631e-01
1.044544544544544529e+01 1.132871504558307652e-01
1.045545545545545529e+01 1.134338397852828750e-01
1.046546546546546530e+01 1.135805291147350127e-01
1.047547547547547531e+01 1.137272184441871226e-01
1.048548548548548531e+01 1.138732316368827741e-01
1.049549549549549532e+01 1.140191974385055956e-01
1.050550550550550533e+01 1.141651632401284311e-01
1.051551551551551533e+01 1.143105351276143405e-01
1.052552552552552534e+01 1.144557888873514312e-01
1.053553553553553535e+01 1.146010426470884941e-01
1.054554554554554535e+01 1.147457825802583875e-01
1.055555555555555536e+01 1.148903360175650701e-01
1.056556556556556536e+01 1.150348894548717665e-01
1.057557557557557537e+01 1.151790069440466191e-01
1.058558558558558538e+01 1.153228720059674972e-01
1.059559559559559538e+01 1.154667370678883753e-01
1.060560560560560539e+01 1.156102417792764514e-01
1.061561561561561540e+01 1.157534306345303909e-01
1.062562562562562540e+01 1.158966194897843305e-01
1.063563563563563541e+01 1.160395212419462058e-01
1.064564564564564542e+01 1.161820462750219607e-01
1.065565565565565542e+01 1.163245713080977017e-01
1.066566566566566543e+01 1.164668800684168781e-01
1.067567567567567544e+01 1.166087538736799989e-01
1.068568568568568544e+01 1.167506276789431335e-01
1.069569569569569545e+01 1.168923535601032182e-01
1.070570570570570545e+01 1.170335889359185449e-01
1.071571571571571546e+01 1.171748243117338717e-01
1.072572572572572547e+01 1.173159775682035000e-01
1.073573573573573547e+01 1.174565875110737539e-01
1.074574574574574548e+01 1.175971974539439802e-01
1.075575575575575549e+01 1.177377884784700790e-01
1.076576576576576549e+01 1.178777861771937580e-01
1.077577577577577550e+01 1.180177838759174230e-01
1.078578578578578551e+01 1.181577815746411159e-01
1.079579579579579551e+01 1.182972220258779322e-01
1.080580580580580552e+01 1.184366208557280503e-01
1.081581581581581553e+01 1.185760196855781684e-01
1.082582582582582553e+01 1.187149326471699795e-01
1.083583583583583554e+01 1.188537461640959969e-01
1.084584584584584555e+01 1.189925596810220143e-01
1.085585585585585555e+01 1.191309561145106471e-01
1.086586586586586556e+01 1.192691980493654075e-01
1.087587587587587556e+01 1.194074399842201817e-01
1.088588588588588557e+01 1.195453309697537964e-01
1.089589589589589558e+01 1.196830152225472760e-01
1.090590590590590558e+01 1.198206994753407695e-01
1.091591591591591559e+01 1.199580962082506114e-01
1.092592592592592560e+01 1.200952368424325623e-01
1.093593593593593560e+01 1.202323774766145131e-01
1.094594594594594561e+01 1.203692912640068058e-01
1.095595595595595562e+01 1.205059025007799572e-01
1.096596596596596562e+01 1.206425137375531087e-01
1.097597597597597563e+01 1.207789559949165314e-01
1.098598598598598564e+01 1.209150522075819467e-01
1.099599599599599564e+01 1.210511484202473897e-01
1.100600600600600565e+01 1.211871306680771948e-01
1.101601601601601566e+01 1.213227263764140446e-01
1.102602602602602566e+01 1.214583220847508804e-01
1.103603603603603567e+01 1.215938559451902462e-01
1.104604604604604567e+01 1.217289658098705124e-01
1.105605605605605568e+01 1.218640756745507925e-01
1.106606606606606569e+01 1.219991728680495519e-01
1.107607607607607569e+01 1.221338116850903682e-01
1.108608608608608570e+01 1.222684505021311707e-01
1.109609609609609571e+01 1.224030893191719871e-01
1.110610610610610571e+01 1.225373055393779859e-01
1.111611611611611572e+01 1.226714882346326974e-01
1.112612612612612573e+01 1.228056709298874088e-01
1.113613613613613573e+01 1.229394892559216856e-01
1.114614614614614574e+01 1.230732308796106816e-01
1.115615615615615575e+01 1.232069725032996638e-01
1.116616616616616575e+01 1.233404050496126614e-01
1.117617617617617576e+01 1.234737207708957035e-01
1.118618618618618576e+01 1.236070364921787318e-01
1.119619619619619577e+01 1.237400954529689623e-01
1.120620620620620578e+01 1.238730005545609497e-01
1.121621621621621578e+01 1.240059056561529371e-01
1.122622622622622579e+01 1.241386033021677771e-01
1.123623623623623580e+01 1.242711131749978243e-01
1.124624624624624580e+01 1.244036230478278854e-01
1.125625625625625581e+01 1.245359717231871444e-01
1.126626626626626582e+01 1.246681018611036501e-01
1.127627627627627582e+01 1.248002319990201975e-01
1.128628628628628583e+01 1.249322441180625992e-01
1.129629629629629584e+01 1.250640101125848336e-01
1.130630630630630584e+01 1.251957761071070263e-01
1.131631631631631585e+01 1.253274641512602539e-01
1.132632632632632586e+01 1.254588816863769496e-01
1.133633633633633586e+01 1.255902992214936453e-01
1.134634634634634587e+01 1.257216757361677151e-01
1.135635635635635587e+01 1.258527605831853413e-01
1.136636636636636588e+01 1.259838454302029676e-01
1.137637637637637589e+01 1.261149230217087358e-01
1.138638638638638589e+01 1.262456910341489824e-01
1.139639639639639590e+01 1.263764590465892290e-01
1.140640640640640591e+01 1.265072270590294756e-01
1.141641641641641769e+01 1.266377174876296141e-01
1.142642642642642770e+01 1.267681845961780851e-01
1.143643643643643770e+01 1.268986517047265838e-01
1.144644644644644771e+01 1.270288845961280166e-01
1.145645645645645772e+01 1.271590668036339800e-01
1.146646646646646772e+01 1.272892490111399710e-01
1.147647647647647773e+01 1.274192372033302878e-01
1.148648648648648773e+01 1.275491505798599101e-01
1.149649649649649774e+01 1.276790639563894769e-01
1.150650650650650775e+01 1.278088203312867099e-01
1.151651651651651775e+01 1.279384810092288050e-01
1.152652652652652776e+01 1.280681416871709277e-01
1.153653653653653777e+01 1.281976791677232885e-01
1.154654654654654777e+01 1.283271033369501601e-01
1.155655655655655778e+01 1.284565275061770040e-01
1.156656656656656779e+01 1.285858590534902923e-01
1.157657657657657779e+01 1.287150629565731175e-01
1.158658658658658780e+01 1.288442668596559426e-01
1.159659659659659781e+01 1.289734054701481836e-01
1.160660660660660781e+01 1.291024053976279062e-01
1.161661661661661782e+01 1.292314053251076011e-01
1.162662662662662783e+01 1.293603640276916045e-01
1.163663663663663783e+01 1.294891763134067009e-01
1.164664664664664784e+01 1.296179885991217695e-01
1.165665665665665784e+01 1.297467804524160273e-01
1.166666666666666785e+01 1.298754214688868924e-01
1.167667667667667786e+01 1.300040624853577576e-01
1.168668668668668786e+01 1.301327005749254861e-01
1.169669669669669787e+01 1.302611867287966074e-01
1.170670670670670788e+01 1.303896728826677565e-01
1.171671671671671788e+01 1.305181590365388777e-01
1.172672672672672789e+01 1.306465180458247777e-01
1.173673673673673790e+01 1.307748657733646958e-01
1.174674674674674790e+01 1.309032135009046138e-01
1.175675675675675791e+01 1.310314614489764273e-01
1.176676676676676792e+01 1.311596872116366497e-01
1.177677677677677792e+01 1.312879129742968443e-01
1.178678678678678793e+01 1.314160630320753975e-01
1.179679679679679793e+01 1.315441833121082094e-01
1.180680680680680794e+01 1.316723035921410212e-01
1.181681681681681795e+01 1.318003689424141200e-01
1.182682682682682795e+01 1.319284002385497367e-01
1.183683683683683796e+01 1.320564315346853534e-01
1.184684684684684797e+01 1.321844253695522164e-01
1.185685685685685797e+01 1.323123841927360267e-01
1.186686686686686798e+01 1.324403430159198647e-01
1.187687687687687799e+01 1.325682785342653380e-01
1.188688688688688799e+01 1.326961814034554876e-01
1.189689689689689800e+01 1.328240842726456650e-01
1.190690690690690801e+01 1.329519746776444411e-01
1.191691691691691801e+01 1.330798381156692856e-01
1.192692692692692802e+01 1.332077015536941023e-01
1.193693693693693803e+01 1.333355600503451643e-01
1.194694694694694803e+01 1.334634005798222833e-01
1.195695695695695804e+01 1.335912411092994301e-01
1.196696696696696804e+01 1.337190809019909721e-01
1.197697697697697805e+01 1.338469150413069964e-01
1.198698698698698806e+01 1.339747491806230206e-01
1.199699699699699806e+01 1.341025834707275655e-01
1.200700700700700807e+01 1.342304277300787885e-01
1.201701701701701808e+01 1.343582719894300115e-01
1.202702702702702808e+01 1.344861162487812345e-01
1.203703703703703809e+01 1.346139848504251946e-01
1.204704704704704810e+01 1.347418557279204954e-01
1.205705705705705810e+01 1.348697266054157407e-01
1.206706706706706811e+01 1.349976325708890090e-01
1.207707707707707812e+01 1.351255465487135043e-01
1.208708708708708812e+01 1.352534605265379719e-01
1.209709709709709813e+01 1.353814170143445572e-01
1.210710710710710813e+01 1.355093905549855093e-01
1.211711711711711814e+01 1.356373640956264615e-01
1.212712712712712815e+01 1.357653842482286488e-01
1.213713713713713815e+01 1.358934337907630463e-01
1.214714714714714816e+01 1.360214833332974993e-01
1.215715715715715817e+01 1.361495802749259632e-01
1.216716716716716817e+01 1.362777222313697190e-01
1.217717717717717818e+01 1.364058641878134470e-01
1.218718718718718819e+01 1.365340510223083115e-01
1.219719719719719819e+01 1.366623017740274948e-01
1.220720720720720820e+01 1.367905525257467336e-01
1.221721721721721821e+01 1.369188423344292194e-01
1.222722722722722821e+01 1.370472182286133767e-01
1.223723723723723822e+01 1.371755941227975062e-01
1.224724724724724823e+01 1.373039999623727470e-01
1.225725725725725823e+01 1.374325173085697294e-01
1.226726726726726824e+01 1.375610346547667395e-01
1.227727727727727824e+01 1.376895695552571020e-01
1.228728728728728825e+01 1.378182446219698154e-01
1.229729729729729826e+01 1.379469196886825288e-01
1.230730730730730826e+01 1.380755966513916855e-01
1.231731731731731827e+01 1.382044456627366524e-01
1.232732732732732828e+01 1.383332946740816471e-01
1.233733733733733828e+01 1.384621436854266141e-01
1.234734734734734829e+01 1.385911658020173576e-01
1.235735735735735830e+01 1.387202049344449795e-01
1.236736736736736830e+01 1.388492440668726013e-01
1.237737737737737831e+01 1.389784502797099808e-01
1.238738738738738832e+01 1.391076956587858626e-01
1.239739739739739832e+01 1.392369410378617445e-01
1.240740740740740833e+01 1.393663441961446314e-01
1.241741741741741833e+01 1.394958118933930513e-01
1.242742742742742834e+01 1.396252795906414712e-01
1.243743743743743835e+01 1.397548925039182321e-01
1.244744744744744835e+01 1.398845985337258957e-01
1.245745745745745836e+01 1.400143045635335870e-01
1.246746746746746837e+01 1.401441399998805126e-01
1.247747747747747837e+01 1.402741003164621747e-01
1.248748748748748838e+01 1.404040606330438090e-01
1.249749749749749839e+01 1.405341313172741857e-01
1.250750750750750839e+01 1.406643618116984740e-01
1.251751751751751840e+01 1.407945923061227900e-01
1.252752752752752841e+01 1.409249109180257253e-01
1.253753753753753841e+01 1.410554274153018040e-01
1.254754754754754842e+01 1.411859439125779103e-01
1.255755755755755843e+01 1.413165230851876342e-01
1.256756756756756843e+01 1.414473413414122360e-01
1.257757757757757844e+01 1.415781595976368379e-01
1.258758758758758844e+01 1.417090119155317851e-01
1.259759759759759845e+01 1.418401476150960572e-01
1.260760760760760846e+01 1.419712833146602737e-01
1.261761761761761846e+01 1.421024213122922264e-01
1.262762762762762847e+01 1.422338900651485549e-01
1.263763763763763848e+01 1.423653588180048835e-01
1.264764764764764848e+01 1.424968275708612120e-01
1.265765765765765849e+01 1.426286123170463216e-01
1.266766766766766850e+01 1.427604296560347763e-01
1.267767767767767850e+01 1.428922469950232310e-01
1.268768768768768851e+01 1.430243577860472459e-01
1.269769769769769852e+01 1.431565391642808938e-01
1.270770770770770852e+01 1.432887205425145416e-01
1.271771771771771853e+01 1.434211696704384142e-01
1.272772772772772854e+01 1.435537304587475027e-01
1.273773773773773854e+01 1.436862912470565634e-01
1.274774774774774855e+01 1.438190909449306720e-01
1.275775775775775855e+01 1.439520464293656821e-01
1.276776776776776856e+01 1.440850019138006921e-01
1.277777777777777857e+01 1.442181643541994851e-01
1.278778778778778857e+01 1.443515297335914993e-01
1.279779779779779858e+01 1.444848951129835413e-01
1.280780780780780859e+01 1.446184324065696303e-01
1.281781781781781859e+01 1.447522227901497371e-01
1.282782782782782860e+01 1.448860131737298718e-01
1.283783783783783861e+01 1.450199373678464354e-01
1.284784784784784861e+01 1.451541677729210333e-01
1.285785785785785862e+01 1.452883981779956590e-01
1.286786786786786863e+01 1.454227212552872128e-01
1.287787787787787863e+01 1.455574066049713233e-01
1.288788788788788864e+01 1.456920919546554616e-01
1.289789789789789864e+01 1.458268258317171884e-01
1.290790790790790865e+01 1.459619809527238354e-01
1.291791791791791866e+01 1.460971360737305103e-01
1.292792792792792866e+01 1.462322925997856515e-01
1.293793793793793867e+01 1.463679322202716127e-01
1.294794794794794868e+01 1.465035718407575460e-01
1.295795795795795868e+01 1.466392114612435349e-01
1.296796796796796869e+01 1.467753015438300890e-01
1.297797797797797870e+01 1.469114402912973794e-01
1.298798798798798870e+01 1.470475790387646420e-01
1.299799799799799871e+01 1.471841297863284159e-01
1.300800800800800872e+01 1.473207821855803679e-01
1.301801801801801872e+01 1.474574345848323198e-01
1.302802802802802873e+01 1.475944575321373187e-01
1.303803803803803874e+01 1.477316380032904497e-01
1.304804804804804874e+01 1.478688184744435807e-01
1.305805805805805875e+01 1.480063250819355358e-01
1.306806806806806875e+01 1.481440479384850406e-01
1.307807807807807876e+01 1.482817707950345176e-01
1.308808808808808877e+01 1.484197724477102909e-01
1.309809809809809877e+01 1.485580518946496287e-01
1.310810810810810878e+01 1.486963313415889665e-01
1.311811811811811879e+01 1.488348393478925724e-01
1.312812812812812879e+01 1.489736894798863176e-01
1.313813813813813880e+01 1.491125396118800628e-01
1.314814814814814881e+01 1.492515652026252804e-01
1.315815815815815881e+01 1.493910000022349027e-01
1.316816816816816882e+01 1.495304348018445251e-01
1.317817817817817883e+01 1.496699891291637663e-01
1.318818818818818883e+01 1.498100224651261470e-01
1.319819819819819884e+01 1.499500558010884999e-01
1.320820820820820884e+01 1.500901499374076020e-01
1.321821821821821885e+01 1.502307955629645086e-01
1.322822822822822886e+01 1.503714411885213875e-01
1.323823823823823886e+01 1.505120868140782942e-01
1.324824824824824887e+01 1.506533576768402105e-01
1.325825825825825888e+01 1.507946292281204248e-01
1.326826826826826888e+01 1.509359007794006391e-01
1.327827827827827889e+01 1.510777468703696502e-01
1.328828828828828890e+01 1.512196578648204448e-01
1.329829829829829890e+01 1.513615688592712949e-01
1.330830830830830891e+01 1.515040008856612386e-01
1.331831831831831892e+01 1.516465647205319789e-01
1.332832832832832892e+01 1.517891285554026914e-01
1.333833833833833893e+01 1.519321571394087189e-01
1.334834834834834894e+01 1.520753870902823990e-01
1.335835835835835894e+01 1.522186170411561068e-01
1.336836836836836895e+01 1.523622527191058618e-01
1.337837837837837895e+01 1.525061619384813216e-01
1.338838838838838896e+01 1.526500711578567260e-01
1.339839839839839897e+01 1.527943243793862538e-01
1.340840840840840897e+01 1.529389258953084696e-01
1.341841841841841898e+01 1.530835274112306854e-01
1.342842842842842899e+01 1.532284085384837125e-01
1.343843843843843899e+01 1.533737152532225478e-01
1.344844844844844900e+01 1.535190219679613832e-01
1.345845845845845901e+01 1.536645412748126882e-01
1.346846846846846901e+01 1.538105659635888856e-01
1.347847847847847902e+01 1.539565906523650829e-01
1.348848848848848903e+01 1.541027583236676268e-01
1.349849849849849903e+01 1.542495136334268713e-01
1.350850850850850904e+01 1.543962689431860880e-01
1.351851851851851904e+01 1.545430950740417642e-01
1.352852852852852905e+01 1.546905935222738504e-01
1.353853853853853906e+01 1.548380919705059644e-01
1.354854854854854906e+01 1.549855904187380229e-01
1.355855855855855907e+01 1.551338405391641251e-01
1.356856856856856908e+01 1.552820945127696139e-01
1.357857857857857908e+01 1.554303484863750751e-01
1.358858858858858909e+01 1.555792892397234728e-01
1.359859859859859910e+01 1.557283109939247290e-01
1.360860860860860910e+01 1.558773327481259852e-01
1.361861861861861911e+01 1.560269738233761028e-01
1.362862862862862912e+01 1.561767754806737685e-01
1.363863863863863912e+01 1.563265771379714342e-01
1.364864864864864913e+01 1.564769281306636617e-01
1.365865865865865914e+01 1.566275216798375114e-01
1.366866866866866914e+01 1.567781152290113333e-01
1.367867867867867915e+01 1.569291856406748453e-01
1.368868868868868915e+01 1.570805829358281891e-01
1.369869869869869916e+01 1.572319802309815329e-01
1.370870870870870917e+01 1.573837794685837288e-01
1.371871871871871917e+01 1.575359922282306147e-01
1.372872872872872918e+01 1.576882049878775005e-01
1.373873873873873919e+01 1.578407423632951501e-01
1.374874874874874919e+01 1.579937821694916977e-01
1.375875875875875920e+01 1.581468219756882732e-01
1.376876876876876921e+01 1.583001067051992561e-01
1.377877877877877921e+01 1.584539850027153196e-01
1.378878878878878922e+01 1.586078633002313554e-01
1.379879879879879923e+01 1.587619045040273569e-01
1.380880880880880923e+01 1.589166325995607920e-01
1.381881881881881924e+01 1.590713606950942272e-01
1.382882882882882924e+01 1.592261673968141944e-01
1.383883883883883925e+01 1.593817564582462043e-01
1.384884884884884926e+01 1.595373455196782142e-01
1.385885885885885926e+01 1.596929345811102241e-01
1.386886886886886927e+01 1.598493877016525511e-01
1.387887887887887928e+01 1.600058487573426114e-01
1.388888888888888928e+01 1.601623098130326994e-01
1.389889889889889929e+01 1.603195570755278354e-01
1.390890890890890930e+01 1.604769010136491703e-01
1.391891891891891930e+01 1.606342449517705329e-01
1.392892892892892931e+01 1.607922949467914253e-01
1.393893893893893932e+01 1.609505325147059240e-01
1.394894894894894932e+01 1.611087700826203950e-01
1.395895895895895933e+01 1.612676313019363317e-01
1.396896896896896934e+01 1.614267731056076016e-01
1.397897897897897934e+01 1.615859149092788438e-01
1.398898898898898935e+01 1.617455957455267712e-01
1.399899899899899935e+01 1.619056522489717709e-01
1.400900900900900936e+01 1.620657087524167428e-01
1.401901901901901937e+01 1.622262174987914862e-01
1.402902902902902937e+01 1.623871990235695173e-01
1.403903903903903938e+01 1.625481805483475761e-01
1.404904904904904939e+01 1.627095253983106560e-01
1.405905905905905939e+01 1.628714421230502141e-01
1.406906906906906940e+01 1.630333588477897722e-01
1.407907907907907941e+01 1.631955478947966776e-01
1.408908908908908941e+01 1.633584098547578856e-01
1.409909909909909942e+01 1.635212718147190936e-01
1.410910910910910943e+01 1.636843130519641532e-01
1.411911911911911943e+01 1.638481301386375821e-01
1.412912912912912944e+01 1.640119472253109834e-01
1.413913913913913944e+01 1.641758485454904992e-01
1.414914914914914945e+01 1.643406305062316275e-01
1.415915915915915946e+01 1.645054124669727280e-01
1.416916916916916946e+01 1.646701944277138563e-01
1.417917917917917947e+01 1.648359380997639345e-01
1.418918918918918948e+01 1.650016945374621624e-01
1.419919919919919948e+01 1.651674509751604181e-01
1.420920920920920949e+01 1.653340796713106686e-01
1.421921921921921950e+01 1.655008200440929444e-01
1.422922922922922950e+01 1.656675604168752480e-01
1.423923923923923951e+01 1.658350815820564816e-01
1.424924924924924952e+01 1.660028152030246507e-01
1.425925925925925952e+01 1.661705488239928197e-01
1.426926926926926953e+01 1.663389698016351226e-01
1.427927927927927954e+01 1.665077058386366937e-01
1.428928928928928954e+01 1.666764418756382649e-01
1.429929929929929955e+01 1.668457699075527045e-01
1.430930930930930955e+01 1.670155173829838691e-01
1.431931931931931956e+01 1.671852648584150614e-01
1.432932932932932957e+01 1.673555070846918513e-01
1.433933933933933957e+01 1.675262748753335584e-01
1.434934934934934958e+01 1.676970426659753211e-01
1.435935935935935959e+01 1.678682061248975843e-01
1.436936936936936959e+01 1.680400029617825364e-01
1.437937937937937960e+01 1.682117997986675162e-01
1.438938938938938961e+01 1.683838914266406472e-01
1.439939939939939961e+01 1.685567258949519087e-01
1.440940940940940962e+01 1.687295603632631147e-01
1.441941941941941963e+01 1.689025869947599068e-01
1.442942942942942963e+01 1.690764675337600997e-01
1.443943943943943964e+01 1.692503480727602927e-01
1.444944944944944965e+01 1.694243164402808866e-01
1.445945945945945965e+01 1.695992513432713900e-01
1.446946946946946966e+01 1.697741862462618934e-01
1.447947947947947966e+01 1.699491211492523968e-01
1.448948948948948967e+01 1.701251003946187834e-01
1.449949949949949968e+01 1.703010978089287419e-01
1.450950950950950968e+01 1.704770952232387282e-01
1.451951951951951969e+01 1.706540373650013986e-01
1.452952952952952970e+01 1.708311052920056528e-01
1.453953953953953970e+01 1.710081732190099069e-01
1.454954954954954971e+01 1.711860845377533025e-01
1.455955955955955972e+01 1.713642308329191011e-01
1.456956956956956972e+01 1.715423771280848719e-01
1.457957957957957973e+01 1.717212638024842031e-01
1.458958958958958974e+01 1.719004961754459493e-01
1.459959959959959974e+01 1.720797285484077510e-01
1.460960960960960975e+01 1.722595966552897540e-01
1.461961961961961975e+01 1.724399226699516452e-01
1.462962962962962976e+01 1.726202486846134809e-01
1.463963963963963977e+01 1.728011041990307473e-01
1.464964964964964977e+01 1.729825312736955334e-01
1.465965965965965978e+01 1.731639583483603473e-01
1.466966966966966979e+01 1.733458071436788928e-01
1.467967967967967979e+01 1.735283425512050004e-01
1.468968968968968980e+01 1.737108779587311636e-01
1.469969969969969981e+01 1.738937258067313751e-01
1.470970970970970981e+01 1.740773766747146789e-01
1.471971971971971982e+01 1.742610275426980104e-01
1.472972972972972983e+01 1.744448801136881666e-01
1.473973973973973983e+01 1.746296534246699061e-01
1.474974974974974984e+01 1.748144267356516179e-01
1.475975975975975985e+01 1.749992895985943153e-01
1.476976976976976985e+01 1.751851921902945752e-01
1.477977977977977986e+01 1.753710947819948351e-01
1.478978978978978986e+01 1.755569973736950951e-01
1.479979979979979987e+01 1.757440119702216030e-01
1.480980980980980988e+01 1.759310505357968846e-01
1.481981981981981988e+01 1.761180891013721661e-01
1.482982982982982989e+01 1.763061313731838220e-01
1.483983983983983990e+01 1.764943124615096781e-01
1.484984984984984990e+01 1.766824935498355342e-01
1.485985985985985991e+01 1.768715686187664338e-01
1.486986986986986992e+01 1.770608986347430303e-01
1.487987987987987992e+01 1.772502286507196267e-01
1.488988988988988993e+01 1.774403415382171945e-01
1.489989989989989994e+01 1.776308267430988796e-01
1.490990990990990994e+01 1.778213119479805648e-01
1.491991991991991995e+01 1.780124675753157748e-01
1.492992992992992995e+01 1.782041140870630480e-01
1.493993993993993996e+01 1.783957605988103490e-01
1.494994994994994997e+01 1.785879637872992420e-01
1.495995995995995997e+01 1.787807775809538424e-01
1.496996996996996998e+01 1.789735913746084706e-01
1.497997997997997999e+01 1.791668468458447183e-01
1.498998998998998999e+01 1.793608337539260023e-01
1.500000000000000000e+01 1.795548206620072862e-01
