5.000000000000000000e+00 1.601994143892162756e-02
5.010010010010010006e+00 1.617126760406457572e-02
5.020020020020020013e+00 1.632259376920752042e-02
5.030030030030030019e+00 1.647391993435046165e-02
5.040040040040040026e+00 1.662524609949340981e-02
5.050050050050050032e+00 1.677657226463635451e-02
5.060060060060060039e+00 1.692789842977929921e-02
5.070070070070070045e+00 1.707922459492224390e-02
5.080080080080080052e+00 1.723055076006518860e-02
5.090090090090090058e+00 1.738187692520813676e-02
5.100100100100100065e+00 1.753320309035107799e-02
5.110110110110110071e+00 1.768452925549402269e-02
5.120120120120120077e+00 1.783688753742286234e-02
5.130130130130130084e+00 1.798952783139938158e-02
5.140140140140140090e+00 1.814216812537590429e-02
5.150150150150150097e+00 1.829564155653605126e-02
5.160160160160160103e+00 1.844953903654490690e-02
5.170170170170170110e+00 1.860343651655375907e-02
5.180180180180180116e+00 1.875798217113847088e-02
5.190190190190190123e+00 1.891307997443595137e-02
5.200200200200200129e+00 1.906817777773343534e-02
5.210210210210210136e+00 1.922375281497296778e-02
5.220220220220220142e+00 1.937999424142418381e-02
5.230230230230230148e+00 1.953623566787539637e-02
5.240240240240240155e+00 1.969279737326814009e-02
5.250250250250250161e+00 1.985012596516922898e-02
5.260260260260260168e+00 2.000745455707031092e-02
5.270270270270270174e+00 2.016496038254848161e-02
5.280280280280280181e+00 2.032332000165773186e-02
5.290290290290290187e+00 2.048167962076697865e-02
5.300300300300300194e+00 2.064008722378096045e-02
5.310310310310310200e+00 2.079942212550671063e-02
5.320320320320320207e+00 2.095875702723246775e-02
5.330330330330330213e+00 2.111809192895822140e-02
5.340340340340340219e+00 2.127827921344199735e-02
5.350350350350350226e+00 2.143853411814456572e-02
5.360360360360360232e+00 2.159878902284714103e-02
5.370370370370370239e+00 2.175973942086223065e-02
5.380380380380380245e+00 2.192085958223625661e-02
5.390390390390390252e+00 2.208197974361028604e-02
5.400400400400400258e+00 2.224365235141821662e-02
5.410410410410410265e+00 2.240558362193026051e-02
5.420420420420420271e+00 2.256751489244230441e-02
5.430430430430430278e+00 2.272986921955515507e-02
5.440440440440440284e+00 2.289255811291964621e-02
5.450450450450450290e+00 2.305524700628413387e-02
5.460460460460460297e+00 2.321824300598279711e-02
5.470470470470470303e+00 2.338163675666693475e-02
5.480480480480480310e+00 2.354503050735106892e-02
5.490490490490490316e+00 2.370862860605452496e-02
5.500500500500500323e+00 2.387267522580996740e-02
5.510510510510510329e+00 2.403672184556540983e-02
5.520520520520520336e+00 2.420088297105179101e-02
5.530530530530530342e+00 2.436553130247797599e-02
5.540540540540540349e+00 2.453017963390416098e-02
5.550550550550550355e+00 2.469486524238526104e-02
5.560560560560560361e+00 2.486006500953503659e-02
5.570570570570570368e+00 2.502526477668481214e-02
5.580580580580580374e+00 2.519046454383458769e-02
5.590590590590590381e+00 2.535613873478146166e-02
5.600600600600600387e+00 2.552184059082645770e-02
5.610610610610610394e+00 2.568754244687145721e-02
5.620620620620620400e+00 2.585361734815645046e-02
5.630630630630630407e+00 2.601977292013430212e-02
5.640640640640640413e+00 2.618592849211215379e-02
5.650650650650650419e+00 2.635236831199614174e-02
5.660660660660660426e+00 2.651893024266754190e-02
5.670670670670670432e+00 2.668549217333894552e-02
5.680680680680680439e+00 2.685226178441310271e-02
5.690690690690690445e+00 2.701918377126126883e-02
5.700700700700700452e+00 2.718610575810943841e-02
5.710710710710710458e+00 2.735317071587273566e-02
5.720720720720720465e+00 2.752040754728185545e-02
5.730730730730730471e+00 2.768764437869097872e-02
5.740740740740740478e+00 2.785497093905114560e-02
5.750750750750750484e+00 2.802247852770544181e-02
5.760760760760760490e+00 2.818998611635973803e-02
5.770770770770770497e+00 2.835754125206928211e-02
5.780780780780780503e+00 2.852527666561694916e-02
5.790790790790790510e+00 2.869301207916461968e-02
5.800800800800800516e+00 2.886076349520384429e-02
5.810810810810810523e+00 2.902868498423469279e-02
5.820820820820820529e+00 2.919660647326553782e-02
5.830830830830830536e+00 2.936452796229638632e-02
5.840840840840840542e+00 2.953258964457319488e-02
5.850850850850850549e+00 2.970065666796089729e-02
5.860860860860860555e+00 2.986872369134860317e-02
5.870870870870870561e+00 3.003688000686249512e-02
5.880880880880880568e+00 3.020505325452593412e-02
5.890890890890890574e+00 3.037322650218937659e-02
5.900900900900900581e+00 3.054144868584897018e-02
5.910910910910910587e+00 3.070969009898970314e-02
5.920920920920920594e+00 3.087793151213043610e-02
5.930930930930930600e+00 3.104619160010786000e-02
5.940940940940940607e+00 3.121446438898227427e-02
5.950950950950950613e+00 3.138273717785669548e-02
5.960960960960960620e+00 3.155100801550147355e-02
5.970970970970970626e+00 3.171927667478935398e-02
5.980980980980980632e+00 3.188754533407723440e-02
5.990990990990990639e+00 3.205580058292299694e-02
6.001001001001000645e+00 3.222403090475483428e-02
6.011011011011010652e+00 3.239226122658668550e-02
6.021021021021020658e+00 3.256047537046775908e-02
6.031031031031030665e+00 3.272863445517600750e-02
6.041041041041040671e+00 3.289679353988425592e-02
6.051051051051050678e+00 3.306494189017938901e-02
6.061061061061060684e+00 3.323299815483859304e-02
6.071071071071070691e+00 3.340105441949781095e-02
6.081081081081080697e+00 3.356911068415702193e-02
6.091091091091090703e+00 3.373703630434164019e-02
6.101101101101100710e+00 3.390495948916526225e-02
6.111111111111110716e+00 3.407288267398888432e-02
6.121121121121120723e+00 3.424066669036482380e-02
6.131131131131130729e+00 3.440842786302583667e-02
6.141141141141140736e+00 3.457618903568684260e-02
6.151151151151150742e+00 3.474381059503205138e-02
6.161161161161160749e+00 3.491138215297651115e-02
6.171171171171170755e+00 3.507895371092097092e-02
6.181181181181180762e+00 3.524639280052729862e-02
6.191191191191190768e+00 3.541374847134964171e-02
6.201201201201200774e+00 3.558110414217198481e-02
6.211211211211210781e+00 3.574834158911900650e-02
6.221221221221220787e+00 3.591545642906883440e-02
6.231231231231230794e+00 3.608257126901865536e-02
6.241241241241240800e+00 3.624958873875097631e-02
6.251251251251250807e+00 3.641643912944089734e-02
6.261261261261260813e+00 3.658328952013081142e-02
6.271271271271270820e+00 3.675006951435728225e-02
6.281281281281280826e+00 3.691663315774192100e-02
6.291291291291290833e+00 3.708319680112656669e-02
6.301301301301300839e+00 3.724972265505980401e-02
6.311311311311310845e+00 3.741597856675539513e-02
6.321321321321320852e+00 3.758223447845099319e-02
6.331331331331330858e+00 3.774849035740552444e-02
6.341341341341340865e+00 3.791441885842020826e-02
6.351351351351350871e+00 3.808034735943489207e-02
6.361361361361360878e+00 3.824627586044956895e-02
6.371371371371370884e+00 3.841190096174614682e-02
6.381381381381380891e+00 3.857748366868957862e-02
6.391391391391390897e+00 3.874306637563301736e-02
6.401401401401400904e+00 3.890837520715265119e-02
6.411411411411410910e+00 3.907359502099446574e-02
6.421421421421420916e+00 3.923881483483627336e-02
6.431431431431430923e+00 3.940379529738727987e-02
6.441441441441440929e+00 3.956863639083225276e-02
6.451451451451450936e+00 3.973347748427722564e-02
6.461461461461460942e+00 3.989811827517759923e-02
6.471471471471470949e+00 4.006256607872547143e-02
6.481481481481480955e+00 4.022701388227333669e-02
6.491491491491490962e+00 4.039130448776969556e-02
6.501501501501500968e+00 4.055534567452628858e-02
6.511511511511510975e+00 4.071938686128288853e-02
6.521521521521520981e+00 4.088331754850439009e-02
6.531531531531530987e+00 4.104694001781084706e-02
6.541541541541540994e+00 4.121056248711730402e-02
6.551551551551551000e+00 4.137412429558183502e-02
6.561561561561561007e+00 4.153731715552620024e-02
6.571571571571571013e+00 4.170051001547055852e-02
6.581581581581581020e+00 4.186369474816016567e-02
6.591591591591591026e+00 4.202644829703678503e-02
6.601601601601601033e+00 4.218920184591341133e-02
6.611611611611611927e+00 4.235195539479004456e-02
6.621621621621621934e+00 4.251430776671571987e-02
6.631631631631631940e+00 4.267661347349482881e-02
6.641641641641641947e+00 4.283891918027394469e-02
6.651651651651651953e+00 4.300087295422207884e-02
6.661661661661661959e+00 4.316272343809215983e-02
6.671671671671671966e+00 4.332457392196223389e-02
6.681681681681681972e+00 4.348612426260537595e-02
6.691691691691691979e+00 4.364751327164929223e-02
6.701701701701701985e+00 4.380890228069321546e-02
6.711711711711711992e+00 4.397004505437422661e-02
6.721721721721721998e+00 4.413096744343917438e-02
6.731731731731732005e+00 4.429188983250412909e-02
6.741741741741742011e+00 4.445262159566460564e-02
6.751751751751752018e+00 4.461307330348395633e-02
6.761761761761762024e+00 4.477352501130331397e-02
6.771771771771772030e+00 4.493384299863920767e-02
6.781781781781782037e+00 4.509382102426427036e-02
6.791791791791792043e+00 4.525379904988932611e-02
6.801801801801802050e+00 4.541370116224872910e-02
6.811811811811812056e+00 4.557320354084589548e-02
6.821821821821822063e+00 4.573270591944305491e-02
6.831831831831832069e+00 4.589219071148071399e-02
6.841841841841842076e+00 4.605121648954917102e-02
6.851851851851852082e+00 4.621024226761762804e-02
6.861861861861862089e+00 4.636926804568608507e-02
6.871871871871872095e+00 4.652785814528385272e-02
6.881881881881882101e+00 4.668640735534675124e-02
6.891891891891892108e+00 4.684495656540964975e-02
6.901901901901902114e+00 4.700312935766886441e-02
6.911911911911912121e+00 4.716120299249021430e-02
6.921921921921922127e+00 4.731927662731156420e-02
6.931931931931932134e+00 4.747703348605375462e-02
6.941941941941942140e+00 4.763463347243138135e-02
6.951951951951952147e+00 4.779223345880900115e-02
6.961961961961962153e+00 4.794957633355533683e-02
6.971971971971972160e+00 4.810670550573907522e-02
6.981981981981982166e+00 4.826383467792280668e-02
6.991991991991992172e+00 4.842076608022024414e-02
7.002002002002002179e+00 4.857742815300317152e-02
7.012012012012012185e+00 4.873409022578609889e-02
7.022022022022022192e+00 4.889061321542086808e-02
7.032032032032032198e+00 4.904681275694949133e-02
7.042042042042042205e+00 4.920301229847811458e-02
7.052052052052052211e+00 4.935913046958866068e-02
7.062062062062062218e+00 4.951487287393706999e-02
7.072072072072072224e+00 4.967061527828549317e-02
7.082082082082082231e+00 4.982633274538662838e-02
7.092092092092092237e+00 4.998162420493809655e-02
7.102102102102102243e+00 5.013691566448956471e-02
7.112112112112112250e+00 5.029220712404102595e-02
7.122122122122122256e+00 5.044708452609664162e-02
7.132132132132132263e+00 5.060193200377394174e-02
7.142142142142142269e+00 5.075677948145123491e-02
7.152152152152152276e+00 5.091127361895992492e-02
7.162162162162162282e+00 5.106568482034558321e-02
7.172172172172172289e+00 5.122009602173122761e-02
7.182182182182182295e+00 5.137421320047307061e-02
7.192192192192192302e+00 5.152819654585782949e-02
7.202202202202202308e+00 5.168217989124258838e-02
7.212212212212212314e+00 5.183592685282403800e-02
7.222222222222222321e+00 5.198949144922154070e-02
7.232232232232232327e+00 5.214305604561903645e-02
7.242242242242242334e+00 5.229643995322377781e-02
7.252252252252252340e+00 5.244959556638729981e-02
7.262262262262262347e+00 5.260275117955082180e-02
7.272272272272272353e+00 5.275577960370236158e-02
7.282282282282282360e+00 5.290853663017835995e-02
7.292292292292292366e+00 5.306129365665436526e-02
7.302302302302302373e+00 5.321397456099955653e-02
7.312312312312312379e+00 5.336634400025147551e-02
7.322322322322322385e+00 5.351871343950338755e-02
7.332332332332332392e+00 5.367105516662534770e-02
7.342342342342342398e+00 5.382304859325904439e-02
7.352352352352352405e+00 5.397504201989272721e-02
7.362362362362362411e+00 5.412703544652641696e-02
7.372372372372372418e+00 5.427868281328354638e-02
7.382382382382382424e+00 5.443031234940560320e-02
7.392392392392392431e+00 5.458194188552766002e-02
7.402402402402402437e+00 5.473328048261266732e-02
7.412412412412412444e+00 5.488455877035002678e-02
7.422422422422422450e+00 5.503583705808739318e-02
7.432432432432432456e+00 5.518687677291931465e-02
7.442442442442442463e+00 5.533781694712856802e-02
7.452452452452452469e+00 5.548875712133782140e-02
7.462462462462462476e+00 5.563950813690946018e-02
7.472472472472472482e+00 5.579012379810171368e-02
7.482482482482482489e+00 5.594073945929396025e-02
7.492492492492492495e+00 5.609121224049631177e-02
7.502502502502502502e+00 5.624151742800341525e-02
7.512512512512512508e+00 5.639182261551052566e-02
7.522522522522522515e+00 5.654202789555841380e-02
7.532532532532532521e+00 5.669203706096410944e-02
7.542542542542542527e+00 5.684204622636981202e-02
7.552552552552552534e+00 5.699199499333474500e-02
7.562562562562562540e+00 5.714172297419313484e-02
7.572572572572572547e+00 5.729145095505152468e-02
7.582582582582582553e+00 5.744115443850767583e-02
7.592592592592592560e+00 5.759061643237106676e-02
7.602602602602602566e+00 5.774007842623446463e-02
7.612612612612612573e+00 5.788954042009785556e-02
7.622622622622622579e+00 5.803875962279916867e-02
7.632632632632632586e+00 5.818797116157478633e-02
7.642642642642642592e+00 5.833718270035041786e-02
7.652652652652652598e+00 5.848619559135029289e-02
7.662662662662662605e+00 5.863517251600550151e-02
7.672672672672672611e+00 5.878414944066071707e-02
7.682682682682682618e+00 5.893296817926398784e-02
7.692692692692692624e+00 5.908172661489718286e-02
7.702702702702702631e+00 5.923048505053038482e-02
7.712712712712712637e+00 5.937912196082481553e-02
7.722722722722722644e+00 5.952767829211947498e-02
7.732732732732732650e+00 5.967623462341412055e-02
7.742742742742742657e+00 5.982470218196207778e-02
7.752752752752752663e+00 5.997307302903878701e-02
7.762762762762762669e+00 6.012144387611550317e-02
7.772772772772772676e+00 6.026975469980484779e-02
7.782782782782782682e+00 6.041795689448659079e-02
7.792792792792792689e+00 6.056615908916831992e-02
7.802802802802802695e+00 6.071432592322611316e-02
7.812812812812812702e+00 6.086237648572966757e-02
7.822822822822822708e+00 6.101042704823322893e-02
7.832832832832832715e+00 6.115846275440547236e-02
7.842842842842842721e+00 6.130637887047178658e-02
7.852852852852852727e+00 6.145429498653810080e-02
7.862862862862862734e+00 6.160221110260440808e-02
7.872872872872872740e+00 6.175001152991373837e-02
7.882882882882882747e+00 6.189781052838845554e-02
7.892892892892892753e+00 6.204560952686317271e-02
7.902902902902902760e+00 6.219332230289725122e-02
7.912912912912912766e+00 6.234102163377212152e-02
7.922922922922922773e+00 6.248872096464698489e-02
7.932932932932932779e+00 6.263635933115553611e-02
7.942942942942942786e+00 6.278397654408009176e-02
7.952952952952952792e+00 6.293159375700467517e-02
7.962962962962962798e+00 6.307917100569158941e-02
7.972972972972972805e+00 6.322672372896369353e-02
7.982982982982982811e+00 6.337427645223579764e-02
7.992992992992992818e+00 6.352180591430313383e-02
8.003003003003001936e+00 6.366931183434632047e-02
8.013013013013011943e+00 6.381681775438953486e-02
8.023023023023021949e+00 6.396431279027195438e-02
8.033033033033031955e+00 6.411178963160618638e-02
8.043043043043041962e+00 6.425926647294039062e-02
8.053053053053051968e+00 6.440674046223206217e-02
8.063063063063061975e+00 6.455420596794411714e-02
8.073073073073071981e+00 6.470167147365615823e-02
8.083083083083081988e+00 6.484913780523136884e-02
8.093093093093091994e+00 6.499660971795025166e-02
8.103103103103102001e+00 6.514408163066914836e-02
8.113113113113112007e+00 6.529155369299813327e-02
8.123123123123122014e+00 6.543904973637960920e-02
8.133133133133132020e+00 6.558654577976105737e-02
8.143143143143142026e+00 6.573404182314251942e-02
8.153153153153152033e+00 6.588157481214636235e-02
8.163163163163162039e+00 6.602911267287063513e-02
8.173173173173172046e+00 6.617665053359490790e-02
8.183183183183182052e+00 6.632423362354528118e-02
8.193193193193192059e+00 6.647183093383068897e-02
8.203203203203202065e+00 6.661942824411609676e-02
8.213213213213213848e+00 6.676707469470569145e-02
8.223223223223223854e+00 6.691474901534083530e-02
8.233233233233233861e+00 6.706242333597597916e-02
8.243243243243243867e+00 6.721014635328367848e-02
8.253253253253253874e+00 6.735791515717949596e-02
8.263263263263263880e+00 6.750568396107531344e-02
8.273273273273273887e+00 6.765349668939561745e-02
8.283283283283283893e+00 6.780137734565837293e-02
8.293293293293293900e+00 6.794925800192111454e-02
8.303303303303303906e+00 6.809717351579493150e-02
8.313313313313313913e+00 6.824518327432081699e-02
8.323323323323323919e+00 6.839319303284671636e-02
8.333333333333333925e+00 6.854122432929353470e-02
8.343343343343343932e+00 6.868938030588403465e-02
8.353353353353353938e+00 6.883753628247453460e-02
8.363363363363363945e+00 6.898569627342605870e-02
8.373373373373373951e+00 6.913401543542428695e-02
8.383383383383383958e+00 6.928233459742250133e-02
8.393393393393393964e+00 6.943065375942072959e-02
8.403403403403403971e+00 6.957913525480323436e-02
8.413413413413413977e+00 6.972763440724859263e-02
8.423423423423423984e+00 6.987613355969396478e-02
8.433433433433433990e+00 7.002478591833062593e-02
8.443443443443443996e+00 7.017348169063133967e-02
8.453453453453454003e+00 7.032217746293206728e-02
8.463463463463464009e+00 7.047101310966068233e-02
8.473473473473474016e+00 7.061992194278073065e-02
8.483483483483484022e+00 7.076883077590080673e-02
8.493493493493494029e+00 7.091786200991527511e-02
8.503503503503504035e+00 7.106700014407395238e-02
8.513513513513514042e+00 7.121613827823264353e-02
8.523523523523524048e+00 7.136537726702844864e-02
8.533533533533534055e+00 7.151476072990796407e-02
8.543543543543544061e+00 7.166414419278745174e-02
8.553553553553554067e+00 7.181360296630288909e-02
8.563563563563564074e+00 7.196324756176192272e-02
8.573573573573574080e+00 7.211289215722094248e-02
8.583583583583584087e+00 7.226258260217297003e-02
8.593593593593594093e+00 7.241250389946068955e-02
8.603603603603604100e+00 7.256242519674839520e-02
8.613613613613614106e+00 7.271235905116182896e-02
8.623623623623624113e+00 7.286257237462899494e-02
8.633633633633634119e+00 7.301278569809617480e-02
8.643643643643644126e+00 7.316299902156334078e-02
8.653653653653654132e+00 7.331349496532672816e-02
8.663663663663664138e+00 7.346401538462811465e-02
8.673673673673674145e+00 7.361453580392950113e-02
8.683683683683684151e+00 7.376531297185320857e-02
8.693693693693694158e+00 7.391615529263693973e-02
8.703703703703704164e+00 7.406699761342068478e-02
8.713713713713714171e+00 7.421806699370955829e-02
8.723723723723724177e+00 7.436924574878743532e-02
8.733733733733734184e+00 7.452042450386532624e-02
8.743743743743744190e+00 7.467179690770564537e-02
8.753753753753754197e+00 7.482332634869881538e-02
8.763763763763764203e+00 7.497485578969199926e-02
8.773773773773774209e+00 7.512654184719910755e-02
8.783783783783784216e+00 7.527843593665313471e-02
8.793793793793794222e+00 7.543033002610714799e-02
8.803803803803804229e+00 7.558234018245234276e-02
8.813813813813814235e+00 7.573461258641471516e-02
8.823823823823824242e+00 7.588688499037708757e-02
8.833833833833834248e+00 7.603922950209215936e-02
8.843843843843844255e+00 7.619189358314686078e-02
8.853853853853854261e+00 7.634455766420154832e-02
8.863863863863864268e+00 7.649724659565959595e-02
8.873873873873874274e+00 7.665031540641049912e-02
8.883883883883884280e+00 7.680338421716141617e-02
8.893893893893894287e+00 7.695645302791233322e-02
8.903903903903904293e+00 7.710991371422870611e-02
8.913913913913914300e+00 7.726339999122598667e-02
8.923923923923924306e+00 7.741688626822328112e-02
8.933933933933934313e+00 7.757072332820141858e-02
8.943943943943944319e+00 7.772463948630269071e-02
8.953953953953954326e+00 7.787855564440396283e-02
8.963963963963964332e+00 7.803277821965358407e-02
8.973973973973974338e+00 7.818713634681349889e-02
8.983983983983984345e+00 7.834149447397341370e-02
8.993993993993994351e+00 7.849611149680080224e-02
9.004004004004004358e+00 7.865092334928054651e-02
9.014014014014014364e+00 7.880573520176027691e-02
9.024024024024024371e+00 7.896075539291370904e-02
9.034034034034034377e+00 7.911603239090295170e-02
9.044044044044044384e+00 7.927130938889219436e-02
9.054054054054054390e+00 7.942674125546443642e-02
9.064064064064064397e+00 7.958249447910867302e-02
9.074074074074074403e+00 7.973824770275289575e-02
9.084084084084084409e+00 7.989409953623848037e-02
9.094094094094094416e+00 8.005033972206222759e-02
9.104104104104104422e+00 8.020657990788597480e-02
9.114114114114114429e+00 8.036285978239102179e-02
9.124124124124124435e+00 8.051959732011049198e-02
9.134134134134134442e+00 8.067633485782997604e-02
9.144144144144144448e+00 8.083307239554946011e-02
9.154154154154154455e+00 8.099029555814848957e-02
9.164164164164164461e+00 8.114754048786416984e-02
9.174174174174174468e+00 8.130478541757985012e-02
9.184184184184184474e+00 8.146246179888595729e-02
9.194194194194194480e+00 8.162022380864768223e-02
9.204204204204204487e+00 8.177798581840939329e-02
9.214214214214214493e+00 8.193612247699660900e-02
9.224224224224224500e+00 8.209441090073259228e-02
9.234234234234234506e+00 8.225269932446857557e-02
9.244244244244244513e+00 8.241130309413093047e-02
9.254254254254254519e+00 8.257012690993209558e-02
9.264264264264264526e+00 8.272895072573323294e-02
9.274274274274274532e+00 8.288802821477314620e-02
9.284284284284284539e+00 8.304739604352467941e-02
9.294294294294294545e+00 8.320676387227621262e-02
9.304304304304304551e+00 8.336632146292384526e-02
9.314314314314314558e+00 8.352624156727525562e-02
9.324324324324324564e+00 8.368616167162665209e-02
9.334334334334334571e+00 8.384620551958850421e-02
9.344344344344344577e+00 8.400668580325387769e-02
9.354354354354354584e+00 8.416716608691926504e-02
9.364364364364364590e+00 8.432770212105338004e-02
9.374374374374374597e+00 8.448875012843309884e-02
9.384384384384384603e+00 8.464979813581281765e-02
9.394394394394394610e+00 8.481084614319252257e-02
9.404404404404404616e+00 8.497245497404405656e-02
9.414414414414414622e+00 8.513407789015961513e-02
9.424424424424424629e+00 8.529570080627515982e-02
9.434434434434434635e+00 8.545781982567275670e-02
9.444444444444444642e+00 8.562002447640607028e-02
9.454454454454454648e+00 8.578222912713941162e-02
9.464464464464464655e+00 8.594486322407654533e-02
9.474474474474474661e+00 8.610765607670523014e-02
9.484484484484484668e+00 8.627044892933391496e-02
9.494494494494494674e+00 8.643360276670182529e-02
9.504504504504504681e+00 8.659698993072202644e-02
9.514514514514514687e+00 8.676037709474222759e-02
9.524524524524524693e+00 8.692405510988408801e-02
9.534534534534534700e+00 8.708804233811237583e-02
9.544544544544544706e+00 8.725202956634064977e-02
9.554554554554554713e+00 8.741623597171059579e-02
9.564564564564564719e+00 8.758082866165617375e-02
9.574574574574574726e+00 8.774542135160177947e-02
9.584584584584584732e+00 8.791016013552646613e-02
9.594594594594594739e+00 8.807536333102616855e-02
9.604604604604604745e+00 8.824056652652589872e-02
9.614614614614614752e+00 8.840584145406653327e-02
9.624624624624624758e+00 8.857165984717273177e-02
9.634634634634634764e+00 8.873747824027893027e-02
9.644644644644644771e+00 8.890329663338511490e-02
9.654654654654654777e+00 8.906973078730602567e-02
9.664664664664664784e+00 8.923616872042096360e-02
9.674674674674674790e+00 8.940260665353591540e-02
9.684684684684684797e+00 8.956958781045785967e-02
9.694694694694694803e+00 8.973664927870478314e-02
9.704704704704704810e+00 8.990371074695173437e-02
9.714714714714714816e+00 9.007124166360268303e-02
9.724724724724724823e+00 9.023893031742612203e-02
9.734734734734734829e+00 9.040661897124957491e-02
9.744744744744744835e+00 9.057470218832069930e-02
9.754754754754754842e+00 9.074302133630789136e-02
9.764764764764764848e+00 9.091134048429506953e-02
9.774774774774774855e+00 9.107997832798446491e-02
9.784784784784784861e+00 9.124893093989969173e-02
9.794794794794794868e+00 9.141788355181489079e-02
9.804804804804804874e+00 9.158707813545066689e-02
9.814814814814814881e+00 9.175666684547462149e-02
9.824824824824824887e+00 9.192625555549854832e-02
9.834834834834834894e+00 9.209600878123913592e-02
9.844844844844844900e+00 9.226623589140528492e-02
9.854854854854854906e+00 9.243646300157143392e-02
9.864864864864864913e+00 9.260677656218094245e-02
9.874874874874874919e+00 9.277764404600176429e-02
9.884884884884884926e+00 9.294851152982257225e-02
9.894894894894894932e+00 9.311938691051956096e-02
9.904904904904904939e+00 9.329089641679380596e-02
9.914914914914914945e+00 9.346240592306807871e-02
9.924924924924924952e+00 9.363391542934232370e-02
9.934934934934934958e+00 9.380599726023955420e-02
9.944944944944944965e+00 9.397815011703422594e-02
9.954954954954954971e+00 9.415030297382891156e-02
9.964964964964964977e+00 9.432294999184442919e-02
9.974974974974974984e+00 9.449574721064306349e-02
9.984984984984984990e+00 9.466854442944168391e-02
9.994994994994994997e+00 9.484175719667281568e-02
1.000500500500500500e+01 9.501519947668300714e-02
1.001501501501501501e+01 9.518864175669319860e-02
1.002502502502502502e+01 9.536242064023586762e-02
1.003503503503503502e+01 9.553650837284907715e-02
1.004504504504504503e+01 9.571059610546228669e-02
1.005505505505505504e+01 9.588494127973951064e-02
1.006506506506506504e+01 9.605967455313511871e-02
1.007507507507507505e+01 9.623440782653072678e-02
1.008508508508508505e+01 9.640931927567522597e-02
1.009509509509509506e+01 9.658469787956303065e-02
1.010510510510510507e+01 9.676007648345083534e-02
1.011511511511511507e+01 9.693555400373984887e-02
1.012512512512512508e+01 9.711157743423273758e-02
1.013513513513513509e+01 9.728760086472561242e-02
1.014514514514514509e+01 9.746364406706591044e-02
1.015515515515515510e+01 9.764031153167686272e-02
1.016516516516516511e+01 9.781697899628781501e-02
1.017517517517517511e+01 9.799364646089876729e-02
1.018518518518518512e+01 9.817089773150573795e-02
1.019519519519519513e+01 9.834820815426209561e-02
1.020520520520520513e+01 9.852551857701843940e-02
1.021521521521521514e+01 9.870333285132669443e-02
1.022522522522522515e+01 9.888128487799481559e-02
1.023523523523523515e+01 9.905923690466292286e-02
1.024524524524524516e+01 9.923761297992318708e-02
1.025525525525525516e+01 9.941620498333768319e-02
1.026526526526526517e+01 9.959479698675216541e-02
1.027527527527527518e+01 9.977373349067940322e-02
1.028528528528528518e+01 9.995296357616971494e-02
1.029529529529529519e+01 1.001321936616600267e-01
1.030530530530530520e+01 1.003116890552351870e-01
1.031531531531531520e+01 1.004915550661446139e-01
1.032532532532532521e+01 1.006714210770540269e-01
1.033533533533533522e+01 1.008514736573592613e-01
1.034534534534534522e+01 1.010319731806483962e-01
1.035535535535535523e+01 1.012124727039375033e-01
1.036536536536536524e+01 1.013930806070232477e-01
1.037537537537537524e+01 1.015742109789539299e-01
1.038538538538538525e+01 1.017553413508846122e-01
1.039539539539539525e+01 1.019365025546674214e-01
1.040540540540540526e+01 1.021182608665598263e-01
1.041541541541541527e+01 1.023000191784522311e-01
1.042542542542542527e+01 1.024817774903446499e-01
1.043543543543543528e+01 1.026641146096990420e-01
1.044544544544544529e+01 1.028464977137567848e-01
1.045545545545545529e+01 1.030288808178145554e-01
1.046546546546546530e+01 1.032117633500055642e-01
1.047547547547547531e+01 1.033947678652033658e-01
1.048548548548548531e+01 1.035777723804011535e-01
1.049549549549549532e+01 1.037611976193262703e-01
1.050550550550550533e+01 1.039448199373542020e-01
1.051551551551551533e+01 1.041284422553821476e-01
1.052552552552552534e+01 1.043124073546652097e-01
1.053553553553553535e+01 1.044966436459245918e-01
1.054554554554554535e+01 1.046808799371839738e-01
1.055555555555555536e+01 1.048653819132483456e-01
1.056556556556556536e+01 1.050502281328938720e-01
1.057557557557557537e+01 1.052350743525393983e-01
1.058558558558558538e+01 1.054201100876976521e-01
1.059559559559559538e+01 1.056055619817207192e-01
1.060560560560560539e+01 1.057910138757438140e-01
1.061561561561561540e+01 1.059765801213021635e-01
1.062562562562562540e+01 1.061626332326505578e-01
1.063563563563563541e+01 1.063486863439989383e-01
1.064564564564564542e+01 1.065347797233754529e-01
1.065565565565565542e+01 1.067214293981037926e-01
1.066566566566566543e+01 1.069080790728321184e-01
1.067567567567567544e+01 1.070947287475604581e-01
1.068568568568568544e+01 1.072819374781347201e-01
1.069569569569569545e+01 1.074691788715822910e-01
1.070570570570570545e+01 1.076564202650298757e-01
1.071571571571571546e+01 1.078441439759503934e-01
1.072572572572572547e+01 1.080319720589405647e-01
1.073573573573573547e+01 1.082198001419307359e-01
1.074574574574574548e+01 1.084080349134784044e-01
1.075575575575575549e+01 1.085964444785353367e-01
1.076576576576576549e+01 1.087848540435922967e-01
1.077577577577577550e+01 1.089735958469737892e-01
1.078578578578578551e+01 1.091625815145529504e-01
1.079579579579579551e+01 1.093515671821321117e-01
1.080580580580580552e+01 1.095408118826563526e-01
1.081581581581581553e+01 1.097303681073832915e-01
1.082582582582582553e+01 1.099199243321102443e-01
1.083583583583583554e+01 1.101096676923669082e-01
1.084584584584584555e+01 1.102997887692813983e-01
1.085585585585585555e+01 1.104899098461958606e-01
1.086586586586586556e+01 1.106801475292349263e-01
1.087587587587587556e+01 1.108708276000352350e-01
1.088588588588588557e+01 1.110615076708355298e-01
1.089589589589589558e+01 1.112522352433466533e-01
1.090590590590590558e+01 1.114434683026315903e-01
1.091591591591591559e+01 1.116347013619164996e-01
1.092592592592592560e+01 1.118259344212014367e-01
1.093593593593593560e+01 1.120176941989110692e-01
1.094594594594594561e+01 1.122094741004143192e-01
1.095595595595595562e+01 1.124012540019175832e-01
1.096596596596596562e+01 1.125934882452030716e-01
1.097597597597597563e+01 1.127858087080177429e-01
1.098598598598598564e+01 1.129781291708324142e-01
1.099599599599599564e+01 1.131708330479340441e-01
1.100600600600600565e+01 1.133636876627227424e-01
1.101601601601601566e+01 1.135565422775114408e-01
1.102602602602602566e+01 1.137497108791994255e-01
1.103603603603603567e+01 1.139430931143868564e-01
1.104604604604604567e+01 1.141364753495742873e-01
1.105605605605605568e+01 1.143301036922924757e-01
1.106606606606606569e+01 1.145240069002376321e-01
1.107607607607607569e+01 1.147179101081827884e-01
1.108608608608608570e+01 1.149119931371831160e-01
1.109609609609609571e+01 1.151064105603275128e-01
1.110610610610610571e+01 1.153008279834718819e-01
1.111611611611611572e+01 1.154953605759387741e-01
1.112612612612612573e+01 1.156902853529267750e-01
1.113613613613613573e+01 1.158852101299147758e-01
1.114614614614614574e+01 1.160801870980785744e-01
1.115615615615615575e+01 1.162756122698489353e-01
1.116616616616616575e+01 1.164710374416192823e-01
1.117617617617617576e+01 1.166664626133896293e-01
1.118618618618618576e+01 1.168623720517023984e-01
1.119619619619619577e+01 1.170582905675461305e-01
1.120620620620620578e+01 1.172542090833898626e-01
1.121621621621621578e+01 1.174505452030604191e-01
1.122622622622622579e+01 1.176469499266429436e-01
1.123623623623623580e+01 1.178433546502254542e-01
1.124624624624624580e+01 1.180401120075438154e-01
1.125625625625625581e+01 1.182369957228892321e-01
1.126626626626626582e+01 1.184338794382346488e-01
1.127627627627627582e+01 1.186310525428114215e-01
1.128628628628628583e+01 1.188284079602454357e-01
1.129629629629629584e+01 1.190257633776794360e-01
1.130630630630630584e+01 1.192233466954507465e-01
1.131631631631631585e+01 1.194211664575002968e-01
1.132632632632632586e+01 1.196189862195498332e-01
1.133633633633633586e+01 1.198169741757647011e-01
1.134634634634634587e+01 1.200152508630120407e-01
1.135635635635635587e+01 1.202135275502593942e-01
1.136636636636636588e+01 1.204119145324486634e-01
1.137637637637637589e+01 1.206106406693371047e-01
1.138638638638638589e+01 1.208093668062255460e-01
1.139639639639639590e+01 1.210081471671521636e-01
1.140640640640640591e+01 1.212073152277420712e-01
1.141641641641641769e+01 1.214064832883320205e-01
1.142642642642642770e+01 1.216056513489219282e-01
1.143643643643643770e+01 1.218052537625937126e-01
1.144644644644644771e+01 1.220048561762654832e-01
1.145645645645645772e+01 1.222044585899372676e-01
1.146646646646646772e+01 1.224044353856216655e-01
1.147647647647647773e+01 1.226044645427251389e-01
1.148648648648648773e+01 1.228044936998285985e-01
1.149649649649649774e+01 1.230048391100515975e-01
1.150650650650650775e+01 1.232052873674990001e-01
1.151651651651651775e+01 1.234057356249463888e-01
1.152652652652652776e+01 1.236064438646020808e-01
1.153653653653653777e+01 1.238073035514027087e-01
1.154654654654654777e+01 1.240081632382033366e-01
1.155655655655655778e+01 1.242092285073420482e-01
1.156656656656656779e+01 1.244104919300776518e-01
1.157657657657657779e+01 1.246117553528132832e-01
1.158658658658658780e+01 1.248131718394058093e-01
1.159659659659659781e+01 1.250148312876444012e-01
1.160660660660660781e+01 1.252164907358830070e-01
1.161661661661661782e+01 1.254182526185606827e-01
1.162662662662662783e+01 1.256203003702074106e-01
1.163663663663663783e+01 1.258223481218541107e-01
1.164664664664664784e+01 1.260244495726244029e-01
1.165665665665665784e+01 1.262268778992078067e-01
1.166666666666666785e+01 1.264293062257912104e-01
1.167667667667667786e+01 1.266317414127283159e-01
1.168668668668668786e+01 1.268345425846211516e-01
1.169669669669669787e+01 1.270373437565140151e-01
1.170670670670670788e+01 1.272401449284068509e-01
1.171671671671671788e+01 1.274432731379971095e-01
1.172672672672672789e+01 1.276464394295700189e-01
1.173673673673673790e+01 1.278496057211429282e-01
1.174674674674674790e+01 1.280530482853376728e-01
1.175675675675675791e+01 1.282565719800435877e-01
1.176676676676676792e+01 1.284600956747495304e-01
1.177677677677677792e+01 1.286638467798106589e-01
1.178678678678678793e+01 1.288677201752011781e-01
1.179679679679679793e+01 1.290715935705916972e-01
1.180680680680680794e+01 1.292756474142987277e-01
1.181681681681681795e+01 1.294798628269684393e-01
1.182682682682682795e+01 1.296840782396381786e-01
1.183683683683683796e+01 1.298884290337770642e-01
1.184684684684684797e+01 1.300929788042368140e-01
1.185685685685685797e+01 1.302975285746965639e-01
1.186686686686686798e+01 1.305021705475206961e-01
1.187687687687687799e+01 1.307070470449982202e-01
1.188688688688688799e+01 1.309119235424757166e-01
1.189689689689689800e+01 1.311168509411386185e-01
1.190690690690690801e+01 1.313220465683053728e-01
1.191691691691691801e+01 1.315272421954721271e-01
1.192692692692692802e+01 1.317324492884316967e-01
1.193693693693693803e+01 1.319379564860554133e-01
1.194694694694694803e+01 1.321434636836791299e-01
1.195695695695695804e+01 1.323489708813028465e-01
1.196696696696696804e+01 1.325547560145955428e-01
1.197697697697697805e+01 1.327605672661181790e-01
1.198698698698698806e+01 1.329663785176408153e-01
1.199699699699699806e+01 1.331724244861492990e-01
1.200700700700700807e+01 1.333785323221877706e-01
1.201701701701701808e+01 1.335846401582262699e-01
1.202702702702702808e+01 1.337909413600597008e-01
1.203703703703703809e+01 1.339973383628320636e-01
1.204704704704704810e+01 1.342037353656044263e-01
1.205705705705705810e+01 1.344102862338523163e-01
1.206706706706706811e+01 1.346169650415248997e-01
1.207707707707707812e+01 1.348236438491975386e-01
1.208708708708708812e+01 1.350304388541112288e-01
1.209709709709709813e+01 1.352373921650700805e-01
1.210710710710710813e+01 1.354443454760289323e-01
1.211711711711711814e+01 1.356513791271725944e-01
1.212712712712712815e+01 1.358585997042153215e-01
1.213713713713713815e+01 1.360658202812580486e-01
1.214714714714714816e+01 1.362730871296295720e-01
1.215715715715715817e+01 1.364805678040797721e-01
1.216716716716716817e+01 1.366880484785299721e-01
1.217717717717717818e+01 1.368955431186515137e-01
1.218718718718718819e+01 1.371032767943941577e-01
1.219719719719719819e+01 1.373110104701368017e-01
1.220720720720720820e+01 1.375187441458794457e-01
1.221721721721721821e+01 1.377267071995520453e-01
1.222722722722722821e+01 1.379346868569889806e-01
1.223723723723723822e+01 1.381426665144259158e-01
1.224724724724724823e+01 1.383508397484719543e-01
1.225725725725725823e+01 1.385590584483997467e-01
1.226726726726726824e+01 1.387672771483275669e-01
1.227727727727727824e+01 1.389756553842719233e-01
1.228728728728728825e+01 1.391841062716783484e-01
1.229729729729729826e+01 1.393925571590847734e-01
1.230730730730730826e+01 1.396011352737510924e-01
1.231731731731731827e+01 1.398098115815329390e-01
1.232732732732732828e+01 1.400184878893148410e-01
1.233733733733733828e+01 1.402272608166833523e-01
1.234734734734734829e+01 1.404361558692844847e-01
1.235735735735735830e+01 1.406450509218856171e-01
1.236736736736736830e+01 1.408540136549200072e-01
1.237737737737737831e+01 1.410631208718886587e-01
1.238738738738738832e+01 1.412722280888572823e-01
1.239739739739739832e+01 1.414813756813003975e-01
1.240740740740740833e+01 1.416906885807674432e-01
1.241741741741741833e+01 1.419000014802345166e-01
1.242742742742742834e+01 1.421093290483736726e-01
1.243743743743743835e+01 1.423188412504504952e-01
1.244744744744744835e+01 1.425283534525273454e-01
1.245745745745745836e+01 1.427378656546041957e-01
1.246746746746746837e+01 1.429475614070255807e-01
1.247747747747747837e+01 1.431572666371227764e-01
1.248748748748748838e+01 1.433669718672199722e-01
1.249749749749749839e+01 1.435768318563989954e-01
1.250750750750750839e+01 1.437867239484640902e-01
1.251751751751751840e+01 1.439966160405292128e-01
1.252752752752752841e+01 1.442066356923644987e-01
1.253753753753753841e+01 1.444167085920414484e-01
1.254754754754754842e+01 1.446267814917183980e-01
1.255755755755755843e+01 1.448369563044840935e-01
1.256756756756756843e+01 1.450472040721925149e-01
1.257757757757757844e+01 1.452574518399009362e-01
1.258758758758758844e+01 1.454677773857783463e-01
1.259759759759759845e+01 1.456781941997136731e-01
1.260760760760760846e+01 1.458886110136489722e-01
1.261761761761761846e+01 1.460990829402275815e-01
1.262762762762762847e+01 1.463096630992824221e-01
1.263763763763763848e+01 1.465202432583372627e-01
1.264764764764764848e+01 1.467308572900854757e-01
1.265765765765765849e+01 1.469415952166921724e-01
1.266766766766766850e+01 1.471523331432988968e-01
1.267767767767767850e+01 1.473630850830041084e-01
1.268768768768768851e+01 1.475739753258990539e-01
1.269769769769769852e+01 1.477848655687940271e-01
1.270770770770770852e+01 1.479957558116889726e-01
1.271771771771771853e+01 1.482067885358821502e-01
1.272772772772772854e+01 1.484178257727916395e-01
1.273773773773773854e+01 1.486288630097010732e-01
1.274774774774774855e+01 1.488400202973177155e-01
1.275775775775775855e+01 1.490511993375666366e-01
1.276776776776776856e+01 1.492623783778155855e-01
1.277777777777777857e+01 1.494736564090686781e-01
1.278778778778778857e+01 1.496849721961115987e-01
1.279779779779779858e+01 1.498962879831544914e-01
1.280780780780780859e+01 1.501076830244890137e-01
1.281781781781781859e+01 1.503191306383642456e-01
1.282782782782782860e+01 1.505305782522395053e-01
1.283783783783783861e+01 1.507420866575456264e-01
1.284784784784784861e+01 1.509536613172534625e-01
1.285785785785785862e+01 1.511652359769612985e-01
1.286786786786786863e+01 1.513768541887583752e-01
1.287787787787787863e+01 1.515885512545630254e-01
1.288788788788788864e+01 1.518002483203676756e-01
1.289789789789789864e+01 1.520119728709586615e-01
1.290790790790790865e+01 1.522237878466144168e-01
1.291791791791791866e+01 1.524356028222701720e-01
1.292792792792792866e+01 1.526474303348668016e-01
1.293793793793793867e+01 1.528593588697696459e-01
1.294794794794794868e+01 1.530712874046724625e-01
1.295795795795795868e+01 1.532832159395753069e-01
1.296796796796796869e+01 1.534952524857569334e-01
1.297797797797797870e+01 1.537072903770218268e-01
1.298798798798798870e+01 1.539193282682867203e-01
1.299799799799799871e+01 1.541314572468195088e-01
1.300800800800800872e+01 1.543436004412842288e-01
1.301801801801801872e+01 1.545557436357489767e-01
1.302802802802802873e+01 1.547679621006879669e-01
1.303803803803803874e+01 1.549802066968423986e-01
1.304804804804804874e+01 1.551924512929968303e-01
1.305805805805805875e+01 1.554047563953774580e-01
1.306806806806806875e+01 1.556170986452216354e-01
1.307807807807807876e+01 1.558294408950658405e-01
1.308808808808808877e+01 1.560418298838135709e-01
1.309809809809809877e+01 1.562542661946429157e-01
1.310810810810810878e+01 1.564667025054722882e-01
1.311811811811811879e+01 1.566791727282854652e-01
1.312812812812812879e+01 1.568916996644055817e-01
1.313813813813813880e+01 1.571042266005257537e-01
1.314814814814814881e+01 1.573167755047304994e-01
1.315815815815815881e+01 1.575293897890996109e-01
1.316816816816816882e+01 1.577420040734687501e-01
1.317817817817817883e+01 1.579546292068465807e-01
1.318818818818818883e+01 1.581673277226496588e-01
1.319819819819819884e+01 1.583800262384527091e-01
1.320820820820820884e+01 1.585927252500415330e-01
1.321821821821821885e+01 1.588055050421942060e-01
1.322822822822822886e+01 1.590182848343468514e-01
1.323823823823823886e+01 1.592310646264995244e-01
1.324824824824824887e+01 1.594439137517985605e-01
1.325825825825825888e+01 1.596567720283822434e-01
1.326826826826826888e+01 1.598696303049659262e-01
1.327827827827827889e+01 1.600825462860045734e-01
1.328828828828828890e+01 1.602954804196343175e-01
1.329829829829829890e+01 1.605084145532640338e-01
1.330830830830830891e+01 1.607213955132195116e-01
1.331831831831831892e+01 1.609344030423441319e-01
1.332832832832832892e+01 1.611474105714687521e-01
1.333833833833833893e+01 1.613604547389442812e-01
1.334834834834834894e+01 1.615735333690798137e-01
1.335835835835835894e+01 1.617866119992153462e-01
1.336836836836836895e+01 1.619997177088426943e-01
1.337837837837837895e+01 1.622128653137408782e-01
1.338838838838838896e+01 1.624260129186390622e-01
1.339839839839839897e+01 1.626391786116558047e-01
1.340840840840840897e+01 1.628523932344071445e-01
1.341841841841841898e+01 1.630656078571584566e-01
1.342842842842842899e+01 1.632788320819602568e-01
1.343843843843843899e+01 1.634921119360325248e-01
1.344844844844844900e+01 1.637053917901048206e-01
1.345845845845845901e+01 1.639186732027725912e-01
1.346846846846846901e+01 1.641320166729868524e-01
1.347847847847847902e+01 1.643453601432011413e-01
1.348848848848848903e+01 1.645587036134154024e-01
1.349849849849849903e+01 1.647721031514475243e-01
1.350850850850850904e+01 1.649855087948907395e-01
1.351851851851851904e+01 1.651989144383339825e-01
1.352852852852852905e+01 1.654123675316414854e-01
1.353853853853853906e+01 1.656258340785172478e-01
1.354854854854854906e+01 1.658393006253930102e-01
1.355855855855855907e+01 1.660528064299403861e-01
1.356856856856856908e+01 1.662663327843597050e-01
1.357857857857857908e+01 1.664798591387790239e-01
1.358858858858858909e+01 1.666934169208116878e-01
1.359859859859859910e+01 1.669070021615217114e-01
1.360860860860860910e+01 1.671205874022317628e-01
1.361861861861861911e+01 1.673341965386236641e-01
1.362862862862862912e+01 1.675478399196788371e-01
1.363863863863863912e+01 1.677614833007340656e-01
1.364864864864864913e+01 1.679751432793121224e-01
1.365865865865865914e+01 1.681888442306859743e-01
1.366866866866866914e+01 1.684025451820597985e-01
1.367867867867867915e+01 1.686162556019058512e-01
1.368868868868868915e+01 1.688300137300443315e-01
1.369869869869869916e+01 1.690437718581827564e-01
1.370870870870870917e+01 1.692575324299129269e-01
1.371871871871871917e+01 1.694713475182318407e-01
1.372872872872872918e+01 1.696851626065507268e-01
1.373873873873873919e+01 1.698989776948696129e-01
1.374874874874874919e+01 1.701128451618995618e-01
1.375875875875875920e+01 1.703267171712259109e-01
1.376876876876876921e+01 1.705405891805522600e-01
1.377877877877877921e+01 1.707545066949340273e-01
1.378878878878878922e+01 1.709684357638909524e-01
1.379879879879879923e+01 1.711823648328479053e-01
1.380880880880880923e+01 1.713963326193872760e-01
1.381881881881881924e+01 1.716103190647259857e-01
1.382882882882882924e+01 1.718243055100646954e-01
1.383883883883883925e+01 1.720383239062795167e-01
1.384884884884884926e+01 1.722523682231562325e-01
1.385885885885885926e+01 1.724664125400329762e-01
1.386886886886886927e+01 1.726804819962723392e-01
1.387887887887887928e+01 1.728945848584742262e-01
1.388888888888888928e+01 1.731086877206761132e-01
1.389889889889889929e+01 1.733228088002185807e-01
1.390890890890890930e+01 1.735369710603356930e-01
1.391891891891891930e+01 1.737511333204527497e-01
1.392892892892892931e+01 1.739653066995850150e-01
1.393893893893893932e+01 1.741795293891326979e-01
1.394894894894894932e+01 1.743937520786803530e-01
1.395895895895895933e+01 1.746079785467565260e-01
1.396896896896896934e+01 1.748222628762473030e-01
1.397897897897897934e+01 1.750365472057380523e-01
1.398898898898898935e+01 1.752508315352288293e-01
1.399899899899899935e+01 1.754651750241847941e-01
1.400900900900900936e+01 1.756795223831504604e-01
1.401901901901901937e+01 1.758938697421161546e-01
1.402902902902902937e+01 1.761082698065899454e-01
1.403903903903903938e+01 1.763226817635555332e-01
1.404904904904904939e+01 1.765370937205211210e-01
1.405905905905905939e+01 1.767515516681487375e-01
1.406906906906906940e+01 1.769660299705587414e-01
1.407907907907907941e+01 1.771805082729687453e-01
1.408908908908908941e+01 1.773950255243764151e-01
1.409909909909909942e+01 1.776095720984738335e-01
1.410910910910910943e+01 1.778241186725712242e-01
1.411911911911911943e+01 1.780386967612933302e-01
1.412912912912912944e+01 1.782533137119532429e-01
1.413913913913913944e+01 1.784679306626131556e-01
1.414914914914914945e+01 1.786825712349928430e-01
1.415915915915915946e+01 1.788972608455105529e-01
1.416916916916916946e+01 1.791119504560282072e-01
1.417917917917917947e+01 1.793266552711005046e-01
1.418918918918918948e+01 1.795414200029354368e-01
1.419919919919919948e+01 1.797561847347703412e-01
1.420920920920920949e+01 1.799709556641283792e-01
1.421921921921921950e+01 1.801857981566043487e-01
1.422922922922922950e+01 1.804006406490803183e-01
1.423923923923923951e+01 1.806154831415563156e-01
1.424924924924924952e+01 1.808304027466872965e-01
1.425925925925925952e+01 1.810453258166502266e-01
1.426926926926926953e+01 1.812602488866131845e-01
1.427927927927927954e+01 1.814752416802546953e-01
1.428928928928928954e+01 1.816902483216889796e-01
1.429929929929929955e+01 1.819052549631232918e-01
1.430930930930930955e+01 1.821203233302847724e-01
1.431931931931931956e+01 1.823354167138876436e-01
1.432932932932932957e+01 1.825505100974905426e-01
1.433933933933933957e+01 1.827656565345726070e-01
1.434934934934934958e+01 1.829808400072893415e-01
1.435935935935935959e+01 1.831960234800060483e-01
1.436936936936936959e+01 1.834112505945451610e-01
1.437937937937937960e+01 1.836265276790644829e-01
1.438938938938938961e+01 1.838418047635838048e-01
1.439939939939939961e+01 1.840571152739822469e-01
1.440940940940940962e+01 1.842724896681932623e-01
1.441941941941941963e+01 1.844878640624043054e-01
1.442942942942942963e+01 1.847032607976452356e-01
1.443943943943943964e+01 1.849187363740567858e-01
1.444944944944944965e+01 1.851342119504683636e-01
1.445945945945945965e+01 1.853496978498165304e-01
1.446946946946946966e+01 1.855652786549394639e-01
1.447947947947947966e+01 1.857808594600623697e-01
1.448948948948948967e+01 1.859964402651853310e-01
1.449949949949949968e+01 1.862121278264439461e-01
1.450950950950950968e+01 1.864278180801373919e-01
1.451951951951951969e+01 1.866435083338308099e-01
1.452952952952952970e+01 1.868592956598209009e-01
1.453953953953953970e+01 1.870750997546033745e-01
1.454954954954954971e+01 1.872909038493858480e-01
1.455955955955955972e+01 1.875067943802150860e-01
1.456956956956956972e+01 1.877227168805410684e-01
1.457957957957957973e+01 1.879386393808670785e-01
1.458958958958958974e+01 1.881546366648296498e-01
1.459959959959959974e+01 1.883706823063323044e-01
1.460960960960960975e+01 1.885867279478349312e-01
1.461961961961961975e+01 1.888028356410098307e-01
1.462962962962962976e+01 1.890190093297106633e-01
1.463963963963963977e+01 1.892351830184114958e-01
1.464964964964964977e+01 1.894514048842486920e-01
1.465965965965965978e+01 1.896677116957359299e-01
1.466966966966966979e+01 1.898840185072231401e-01
1.467967967967967979e+01 1.901003584161175819e-01
1.468968968968968980e+01 1.903168035946918579e-01
1.469969969969969981e+01 1.905332487732661895e-01
1.470970970970970981e+01 1.907497107021192406e-01
1.471971971971971982e+01 1.909662996599101881e-01
1.472972972972972983e+01 1.911828886177011633e-01
1.473973973973973983e+01 1.913994775754921662e-01
1.474974974974974984e+01 1.916162149655223634e-01
1.475975975975975985e+01 1.918329532815738203e-01
1.476976976976976985e+01 1.920496915976252494e-01
1.477977977977977986e+01 1.922665650241404678e-01
1.478978978978978986e+01 1.924834584434679807e-01
1.479979979979979987e+01 1.927003518627954659e-01
1.480980980980980988e+01 1.929173657844702738e-01
1.481981981981981988e+01 1.931344202170892366e-01
1.482982982982982989e+01 1.933514746497081993e-01
1.483983983983983990e+01 1.935686336288558185e-01
1.484984984984984990e+01 1.937858551487829095e-01
1.485985985985985991e+01 1.940030766687099728e-01
1.486986986986986992e+01 1.942203853707598626e-01
1.487987987987987992e+01 1.944377802149867829e-01
1.488988988988988993e+01 1.946551750592137031e-01
1.489989989989989994e+01 1.948726382521792089e-01
1.490990990990990994e+01 1.950902128196210228e-01
1.491991991991991995e+01 1.953077873870627812e-01
1.492992992992992995e+01 1.955254099409991786e-01
1.493993993993993996e+01 1.957431707914168428e-01
1.494994994994994997e+01 1.959609316418345071e-01
1.495995995995995997e+01 1.961787185282868051e-01
1.496996996996996998e+01 1.963966723811851611e-01
1.497997997997997999e+01 1.966146262340835449e-01
1.498998998998998999e+01 1.968325825255252681e-01
1.500000000000000000e+01 1.970507362590269984e-01
