5.000000000000000000e+00 1.326519680818573008e-02
5.010010010010010006e+00 1.336646483371216852e-02
5.020020020020020013e+00 1.346777513886658444e-02
5.030030030030030019e+00 1.357032049454335969e-02
5.040040040040040026e+00 1.367286585022013667e-02
5.050050050050050032e+00 1.377541120589691366e-02
5.060060060060060039e+00 1.387915757704373879e-02
5.070070070070070045e+00 1.398294454904435227e-02
5.080080080080080052e+00 1.408673152104496749e-02
5.090090090090090058e+00 1.419160556698534879e-02
5.100100100100100065e+00 1.429659838916873087e-02
5.110110110110110071e+00 1.440159121135211294e-02
5.120120120120120077e+00 1.450756187596678390e-02
5.130130130130130084e+00 1.461372478601817224e-02
5.140140140140140090e+00 1.471988769606955710e-02
5.150150150150150097e+00 1.482692396837541511e-02
5.160160160160160103e+00 1.493422126244352104e-02
5.170170170170170110e+00 1.504151855651162696e-02
5.180180180180180116e+00 1.514958950981735129e-02
5.190190190190190123e+00 1.525798559558779952e-02
5.200200200200200129e+00 1.536638168135824600e-02
5.210210210210210136e+00 1.547545651133680304e-02
5.220220220220220142e+00 1.558491595948874840e-02
5.230230230230230148e+00 1.569437540764069550e-02
5.240240240240240155e+00 1.580442346929020886e-02
5.250250250250250161e+00 1.591491106328943653e-02
5.260260260260260168e+00 1.602539865728866766e-02
5.270270270270270174e+00 1.613638950075647893e-02
5.280280280280280181e+00 1.624787028494433655e-02
5.290290290290290187e+00 1.635935106913219764e-02
5.300300300300300194e+00 1.647125447438017518e-02
5.310310310310310200e+00 1.658369380032380727e-02
5.320320320320320207e+00 1.669613312626743937e-02
5.330330330330330213e+00 1.680891913655978981e-02
5.340340340340340219e+00 1.692228270763462480e-02
5.350350350350350226e+00 1.703564627870946674e-02
5.360360360360360232e+00 1.714928523290703416e-02
5.370370370370370239e+00 1.726353914708802714e-02
5.380380380380380245e+00 1.737779306126902013e-02
5.390390390390390252e+00 1.749225562491720648e-02
5.400400400400400258e+00 1.760736641576019640e-02
5.410410410410410265e+00 1.772247720660318285e-02
5.420420420420420271e+00 1.783773440180299111e-02
5.430430430430430278e+00 1.795366907760276298e-02
5.440440440440440284e+00 1.806960375340253486e-02
5.450450450450450290e+00 1.818562698745719228e-02
5.460460460460460297e+00 1.830235306857318570e-02
5.470470470470470303e+00 1.841907914968917911e-02
5.480480480480480310e+00 1.853584024252102891e-02
5.490490490490490316e+00 1.865332579686596742e-02
5.500500500500500323e+00 1.877081135121090941e-02
5.510510510510510329e+00 1.888829690555585139e-02
5.520520520520520336e+00 1.900649623823687587e-02
5.530530530530530342e+00 1.912470991492812994e-02
5.540540540540540349e+00 1.924292359161937707e-02
5.550550550550550355e+00 1.936177502642260143e-02
5.560560560560560361e+00 1.948068608759933110e-02
5.570570570570570368e+00 1.959959714877606077e-02
5.580580580580580374e+00 1.971907453866753382e-02
5.590590590590590381e+00 1.983865288948104266e-02
5.600600600600600387e+00 1.995823124029455845e-02
5.610610610610610394e+00 2.007830897637915765e-02
5.620620620620620400e+00 2.019852519316672063e-02
5.630630630630630407e+00 2.031874140995428707e-02
5.640640640640640413e+00 2.043939444094156760e-02
5.650650650650650419e+00 2.056021979759765569e-02
5.660660660660660426e+00 2.068104515425374379e-02
5.670670670670670432e+00 2.080224900472505897e-02
5.680680680680680439e+00 2.092365549728660706e-02
5.690690690690690445e+00 2.104506198984815515e-02
5.700700700700700452e+00 2.116679277733687914e-02
5.710710710710710458e+00 2.128875314680222369e-02
5.720720720720720465e+00 2.141071351626756825e-02
5.730730730730730471e+00 2.153294796716568801e-02
5.740740740740740478e+00 2.165543572056940688e-02
5.750750750750750484e+00 2.177792347397312575e-02
5.760760760760760490e+00 2.190063893827866662e-02
5.770770770770770497e+00 2.202362836804683255e-02
5.780780780780780503e+00 2.214661779781500542e-02
5.790790790790790510e+00 2.226979226273604479e-02
5.800800800800800516e+00 2.239325846434877740e-02
5.810810810810810523e+00 2.251672466596151001e-02
5.820820820820820529e+00 2.264033676839373802e-02
5.830830830830830536e+00 2.276425565638405882e-02
5.840840840840840542e+00 2.288817454437437962e-02
5.850850850850850549e+00 2.301220358227017149e-02
5.860860860860860555e+00 2.313655190458981104e-02
5.870870870870870561e+00 2.326090022690945058e-02
5.880880880880880568e+00 2.338532616955741467e-02
5.890890890890890574e+00 2.351008152034230261e-02
5.900900900900900581e+00 2.363483687112719056e-02
5.910910910910910587e+00 2.375964036836214141e-02
5.920920920920920594e+00 2.388478119913146208e-02
5.930930930930930600e+00 2.400992202990078969e-02
5.940940940940940607e+00 2.413508442026473036e-02
5.950950950950950613e+00 2.426059004958931037e-02
5.960960960960960620e+00 2.438609567891388691e-02
5.970970970970970626e+00 2.451160130823846345e-02
5.980980980980980632e+00 2.463744961846631512e-02
5.990990990990990639e+00 2.476330024014292142e-02
6.001001001001000645e+00 2.488915086181953118e-02
6.011011011011010652e+00 2.501530391165253039e-02
6.021021021021020658e+00 2.514148060142228081e-02
6.031031031031030665e+00 2.526765729119202775e-02
6.041041041041040671e+00 2.539409941134332382e-02
6.051051051051050678e+00 2.552058413219296731e-02
6.061061061061060684e+00 2.564706885304261080e-02
6.071071071071070691e+00 2.577378508945180058e-02
6.081081081081080697e+00 2.590056069553771032e-02
6.091091091091090703e+00 2.602733630162362352e-02
6.101101101101100710e+00 2.615431241737218443e-02
6.111111111111110716e+00 2.628136265660787133e-02
6.121121121121120723e+00 2.640841289584355822e-02
6.131131131131130729e+00 2.653563537220071655e-02
6.141141141141140736e+00 2.666294488754880621e-02
6.151151151151150742e+00 2.679025440289690280e-02
6.161161161161160749e+00 2.691771043952133693e-02
6.171171171171170755e+00 2.704526476903207355e-02
6.181181181181180762e+00 2.717281909854281016e-02
6.191191191191190768e+00 2.730049661286565107e-02
6.201201201201200774e+00 2.742828218850385316e-02
6.211211211211210781e+00 2.755606776414205872e-02
6.221221221221220787e+00 2.768395538995689978e-02
6.231231231231230794e+00 2.781195953526020836e-02
6.241241241241240800e+00 2.793996368056351348e-02
6.251251251251250807e+00 2.806805076584930475e-02
6.261261261261260813e+00 2.819626169246022482e-02
6.271271271271270820e+00 2.832447261907114489e-02
6.281281281281280826e+00 2.845274922307384699e-02
6.291291291291290833e+00 2.858115602618874901e-02
6.301301301301300839e+00 2.870956282930365450e-02
6.311311311311310845e+00 2.883801971890271806e-02
6.321321321321320852e+00 2.896661237168056402e-02
6.331331331331330858e+00 2.909520502445840651e-02
6.341341341341340865e+00 2.922383366984399392e-02
6.351351351351350871e+00 2.935260301681793388e-02
6.361361361361360878e+00 2.948137236379187731e-02
6.371371371371370884e+00 2.961016493347894477e-02
6.381381381381380891e+00 2.973910268301361778e-02
6.391391391391390897e+00 2.986804043254829427e-02
6.401401401401400904e+00 2.999698978775338504e-02
6.411411411411410910e+00 3.012608850359061938e-02
6.421421421421420916e+00 3.025518721942785372e-02
6.431431431431430923e+00 3.038428690783451236e-02
6.441441441441440929e+00 3.051353999976986336e-02
6.451451451451450936e+00 3.064279309170521784e-02
6.461461461461460942e+00 3.077204618364057231e-02
6.471471471471470949e+00 3.090143905437611402e-02
6.481481481481480955e+00 3.103084076810858072e-02
6.491491491491490962e+00 3.116024248184104742e-02
6.501501501501500968e+00 3.128976988337188458e-02
6.511511511511510975e+00 3.141931528956846964e-02
6.521521521521520981e+00 3.154886069576506163e-02
6.531531531531530987e+00 3.167851900532789311e-02
6.541541541541540994e+00 3.180820398794460130e-02
6.551551551551551000e+00 3.193788897056132337e-02
6.561561561561561007e+00 3.206767520893780837e-02
6.571571571571571013e+00 3.219749645283803696e-02
6.581581581581581020e+00 3.232731769673825861e-02
6.591591591591591026e+00 3.245722951868363487e-02
6.601601601601601033e+00 3.258718449659411126e-02
6.611611611611611927e+00 3.271713947450460153e-02
6.621621621621621934e+00 3.284717515875640315e-02
6.631631631631631940e+00 3.297726211760117904e-02
6.641641641641641947e+00 3.310734907644594799e-02
6.651651651651651953e+00 3.323750751533669640e-02
6.661661661661661959e+00 3.336772546198791406e-02
6.671671671671671966e+00 3.349794340863913172e-02
6.681681681681681972e+00 3.362822409733630391e-02
6.691691691691691979e+00 3.375857278382073112e-02
6.701701701701701985e+00 3.388892147030515833e-02
6.711711711711711992e+00 3.401932449570178874e-02
6.721721721721721998e+00 3.414980440390125854e-02
6.731731731731732005e+00 3.428028431210072835e-02
6.741741741741742011e+00 3.441081034137922351e-02
6.751751751751752018e+00 3.454142266726178273e-02
6.761761761761762024e+00 3.467203499314434889e-02
6.771771771771772030e+00 3.480268526203594143e-02
6.781781781781782037e+00 3.493343189945490035e-02
6.791791791791792043e+00 3.506417853687385233e-02
6.801801801801802050e+00 3.519495483763578764e-02
6.811811811811812056e+00 3.532583836173209396e-02
6.821821821821822063e+00 3.545672188582839335e-02
6.831831831831832069e+00 3.558762655496024857e-02
6.841841841841842076e+00 3.571865020520336581e-02
6.851851851851852082e+00 3.584967385544648999e-02
6.861861861861862089e+00 3.598070976116682362e-02
6.871871871871872095e+00 3.611187742406826023e-02
6.881881881881882101e+00 3.624304508696969684e-02
6.891891891891892108e+00 3.637421561647373458e-02
6.901901901901902114e+00 3.650553180800689135e-02
6.911911911911912121e+00 3.663684799954006199e-02
6.921921921921922127e+00 3.676816419107321876e-02
6.931931931931932134e+00 3.689962689381724725e-02
6.941941941941942140e+00 3.703109674157575859e-02
6.951951951951952147e+00 3.716256658933426299e-02
6.961961961961962153e+00 3.729417791638246077e-02
6.971971971971972160e+00 3.742580714150910148e-02
6.981981981981982166e+00 3.755743636663572832e-02
6.991991991991992172e+00 3.768920175905055708e-02
7.002002002002002179e+00 3.782099665796742616e-02
7.012012012012012185e+00 3.795279155688429523e-02
7.022022022022022192e+00 3.808471690350596212e-02
7.032032032032032198e+00 3.821668432947585708e-02
7.042042042042042205e+00 3.834865175544575205e-02
7.052052052052052211e+00 3.848074337921029986e-02
7.062062062062062218e+00 3.861289072375856390e-02
7.072072072072072224e+00 3.874503806830682795e-02
7.082082082082082231e+00 3.887730271248802244e-02
7.092092092092092237e+00 3.900963788671271693e-02
7.102102102102102243e+00 3.914197306093741835e-02
7.112112112112112250e+00 3.927441787532925249e-02
7.122122122122122256e+00 3.940694929112749378e-02
7.132132132132132263e+00 3.953948070692573508e-02
7.142142142142142269e+00 3.967211323398132927e-02
7.152152152152152276e+00 3.980484978521750539e-02
7.162162162162162282e+00 3.993758633645368844e-02
7.172172172172172289e+00 4.007041449739638661e-02
7.182182182182182295e+00 4.020336554103838556e-02
7.192192192192192302e+00 4.033631658468038450e-02
7.202202202202202308e+00 4.046934866560209648e-02
7.212212212212212314e+00 4.060252400284972141e-02
7.222222222222222321e+00 4.073569934009735327e-02
7.232232232232232327e+00 4.086894397805870827e-02
7.242242242242242334e+00 4.100235383548815615e-02
7.252252252252252340e+00 4.113576369291761098e-02
7.262262262262262347e+00 4.126922986206412597e-02
7.272272272272272353e+00 4.140288487281124780e-02
7.282282282282282360e+00 4.153653988355836268e-02
7.292292292292292366e+00 4.167023688126622605e-02
7.302302302302302373e+00 4.180414806627049534e-02
7.312312312312312379e+00 4.193805925127475770e-02
7.322322322322322385e+00 4.207199668433939804e-02
7.332332332332332392e+00 4.220617543366961266e-02
7.342342342342342398e+00 4.234035418299982034e-02
7.352352352352352405e+00 4.247454195387997261e-02
7.362362362362362411e+00 4.260900000816172928e-02
7.372372372372372418e+00 4.274345806244348595e-02
7.382382382382382424e+00 4.287791611672524261e-02
7.392392392392392431e+00 4.301265578753724061e-02
7.402402402402402437e+00 4.314740521950160418e-02
7.412412412412412444e+00 4.328215465146596774e-02
7.422422422422422450e+00 4.341717768385176812e-02
7.432432432432432456e+00 4.355223088002335013e-02
7.442442442442442463e+00 4.368728407619492521e-02
7.452452452452452469e+00 4.382260147344116397e-02
7.462462462462462476e+00 4.395797111598315904e-02
7.472472472472472482e+00 4.409334075852515411e-02
7.482482482482482489e+00 4.422896374736870473e-02
7.492492492492492495e+00 4.436466279610177393e-02
7.502502502502502502e+00 4.450036184483484314e-02
7.512512512512512508e+00 4.463630186234751607e-02
7.522522522522522515e+00 4.477234353695801888e-02
7.532532532532532521e+00 4.490838521156852170e-02
7.542542542542542527e+00 4.504465389217857108e-02
7.552552552552552534e+00 4.518105165463150164e-02
7.562562562562562540e+00 4.531744941708443219e-02
7.572572572572572547e+00 4.545405857974350872e-02
7.582582582582582553e+00 4.559082611691418763e-02
7.592592592592592560e+00 4.572759365408487348e-02
7.602602602602602566e+00 4.586455528958843092e-02
7.612612612612612573e+00 4.600170649612631696e-02
7.622622622622622579e+00 4.613885770266420300e-02
7.632632632632632586e+00 4.627618396113340749e-02
7.642642642642642592e+00 4.641373292257092165e-02
7.652652652652652598e+00 4.655128188400842887e-02
7.662662662662662605e+00 4.668898506254080816e-02
7.672672672672672611e+00 4.682694603865871635e-02
7.682682682682682618e+00 4.696490701477661761e-02
7.692692692692692624e+00 4.710299954527229910e-02
7.702702702702702631e+00 4.724138695373304719e-02
7.712712712712712637e+00 4.737977436219380223e-02
7.722722722722722644e+00 4.751826879936406345e-02
7.732732732732732650e+00 4.765709719962335500e-02
7.742742742742742657e+00 4.779592559988265349e-02
7.752752752752752663e+00 4.793483460944692603e-02
7.762762762762762669e+00 4.807411868695309065e-02
7.772772772772772676e+00 4.821340276445924833e-02
7.782782782782782682e+00 4.835273911153617488e-02
7.792792792792792689e+00 4.849249366222652124e-02
7.802802802802802695e+00 4.863224821291686067e-02
7.812812812812812702e+00 4.877202475061506032e-02
7.822822822822822708e+00 4.891226466571733933e-02
7.832832832832832715e+00 4.905250458081962528e-02
7.842842842842842721e+00 4.919274449592190429e-02
7.852852852852852727e+00 4.933347449017950331e-02
7.862862862862862734e+00 4.947421474132601693e-02
7.872872872872872740e+00 4.961495499247253055e-02
7.882882882882882747e+00 4.975616614039986285e-02
7.892892892892892753e+00 4.989742176506156007e-02
7.902902902902902760e+00 5.003867738972325729e-02
7.912912912912912766e+00 5.018038279361038134e-02
7.922922922922922773e+00 5.032216888085661033e-02
7.932932932932932779e+00 5.046395496810284625e-02
7.942942942942942786e+00 5.060616776077502682e-02
7.952952952952952792e+00 5.074849943736527147e-02
7.962962962962962798e+00 5.089083111395551612e-02
7.972972972972972805e+00 5.103356444876692294e-02
7.982982982982982811e+00 5.117645686557937418e-02
7.992992992992992818e+00 5.131934928239183930e-02
8.003003003003001936e+00 5.146261632344804188e-02
8.013013013013011943e+00 5.160608464224937519e-02
8.023023023023021949e+00 5.174955296105070851e-02
8.033033033033031955e+00 5.189336687366266632e-02
8.043043043043041962e+00 5.203742625422323048e-02
8.053053053053051968e+00 5.218148563478380159e-02
8.063063063063061975e+00 5.232585957615524391e-02
8.073073073073071981e+00 5.247052516371305403e-02
8.083083083083081988e+00 5.261519075127086414e-02
8.093093093093091994e+00 5.276013786142101647e-02
8.103103103103102001e+00 5.290542477449713260e-02
8.113113113113112007e+00 5.305071168757323485e-02
8.123123123123122014e+00 5.319624508049639044e-02
8.133133133133132020e+00 5.334216839906447127e-02
8.143143143143142026e+00 5.348809171763255210e-02
8.153153153153152033e+00 5.363422447269575871e-02
8.163163163163162039e+00 5.378079922670749025e-02
8.173173173173172046e+00 5.392737398071920790e-02
8.183183183183182052e+00 5.407411913429915895e-02
8.193193193193192059e+00 5.422136029256676565e-02
8.203203203203202065e+00 5.436860145083437929e-02
8.213213213213213848e+00 5.451597198819409934e-02
8.223223223223223854e+00 5.466389444763119360e-02
8.233233233233233861e+00 5.481181690706828785e-02
8.243243243243243867e+00 5.495982575447419527e-02
8.253253253253253874e+00 5.510844432969543016e-02
8.263263263263263880e+00 5.525706290491665118e-02
8.273273273273273887e+00 5.540572292199666404e-02
8.283283283283283893e+00 5.555505233527587711e-02
8.293293293293293900e+00 5.570438174855508323e-02
8.303303303303303906e+00 5.585371116183429629e-02
8.313313313313313913e+00 5.600376059248420024e-02
8.323323323323323919e+00 5.615381546407141600e-02
8.333333333333333925e+00 5.630387033565861787e-02
8.343343343343343932e+00 5.645461093485810294e-02
8.353353353353353938e+00 5.660540577365397868e-02
8.363363363363363945e+00 5.675620061244985443e-02
8.373373373373373951e+00 5.690764487614640571e-02
8.383383383383383958e+00 5.705919407073350991e-02
8.393393393393393964e+00 5.721074326532062104e-02
8.403403403403403971e+00 5.736290358604580891e-02
8.413413413413413977e+00 5.751522139607509465e-02
8.423423423423423984e+00 5.766753920610438039e-02
8.433433433433433990e+00 5.782042786688519620e-02
8.443443443443443996e+00 5.797352841481594882e-02
8.453453453453454003e+00 5.812662896274668756e-02
8.463463463463464009e+00 5.828025813125254501e-02
8.473473473473474016e+00 5.843415539444343082e-02
8.483483483483484022e+00 5.858805265763432357e-02
8.493493493493494029e+00 5.874243438055844202e-02
8.503503503503504035e+00 5.889714218370789567e-02
8.513513513513514042e+00 5.905184998685734238e-02
8.523523523523524048e+00 5.920699618453080515e-02
8.533533533533534055e+00 5.936252819246313345e-02
8.543543543543544061e+00 5.951806020039546175e-02
8.553553553553554067e+00 5.967398266163213144e-02
8.563563563563564074e+00 5.983035237242723819e-02
8.573573573573574080e+00 5.998672208322233801e-02
8.583583583583584087e+00 6.014343246039279695e-02
8.593593593593594093e+00 6.030065319885551112e-02
8.603603603603604100e+00 6.045787393731823917e-02
8.613613613613614106e+00 6.061538374165059695e-02
8.623623623623624113e+00 6.077346865311671759e-02
8.633633633633634119e+00 6.093155356458284516e-02
8.643643643643644126e+00 6.108987416168841500e-02
8.653653653653654132e+00 6.124883620616326796e-02
8.663663663663664138e+00 6.140779825063812786e-02
8.673673673673674145e+00 6.156694085625941115e-02
8.683683683683684151e+00 6.172679280288519144e-02
8.693693693693694158e+00 6.188664474951097866e-02
8.703703703703704164e+00 6.204662042548968887e-02
8.713713713713714171e+00 6.220737484733738359e-02
8.723723723723724177e+00 6.236812926918508526e-02
8.733733733733734184e+00 6.252894891964769220e-02
8.743743743743744190e+00 6.269061818882916415e-02
8.753753753753754197e+00 6.285228745801066386e-02
8.763763763763764203e+00 6.301396182576868288e-02
8.773773773773774209e+00 6.317655810886442513e-02
8.783783783783784216e+00 6.333915439196018127e-02
8.793793793793794222e+00 6.350175067505593740e-02
8.803803803803804229e+00 6.366522930892033749e-02
8.813813813813814235e+00 6.382876456271807664e-02
8.823823823823824242e+00 6.399229981651578802e-02
8.833833833833834248e+00 6.415666589905230643e-02
8.843843843843844255e+00 6.432115186659163875e-02
8.853853853853854261e+00 6.448563783413098494e-02
8.863863863863864268e+00 6.465090138731231784e-02
8.873873873873874274e+00 6.481634959423042408e-02
8.883883883883884280e+00 6.498179780114855808e-02
8.893893893893894287e+00 6.514796866996720726e-02
8.903903903903904293e+00 6.531439042114038640e-02
8.913913913913914300e+00 6.548081217231355167e-02
8.923923923923924306e+00 6.564790002250385503e-02
8.933933933933934313e+00 6.581530639897949231e-02
8.943943943943944319e+00 6.598271277545514346e-02
8.953953953953954326e+00 6.615072709140690232e-02
8.963963963963964332e+00 6.631912894762075072e-02
8.973973973973974338e+00 6.648753080383461300e-02
8.983983983983984345e+00 6.665648088669513804e-02
8.993993993993994351e+00 6.682588884796804296e-02
9.004004004004004358e+00 6.699529680924094788e-02
9.014014014014014364e+00 6.716519177520202666e-02
9.024024024024024371e+00 6.733561623551098663e-02
9.034034034034034377e+00 6.750604069581993272e-02
9.044044044044044384e+00 6.767688947458631865e-02
9.054054054054054390e+00 6.784834059460355393e-02
9.064064064064064397e+00 6.801979171462078921e-02
9.074074074074074403e+00 6.819160304805678419e-02
9.084084084084084409e+00 6.836409075345173392e-02
9.094094094094094416e+00 6.853657845884668365e-02
9.104104104104104422e+00 6.870936089979730321e-02
9.114114114114114429e+00 6.888289487979519510e-02
9.124124124124124435e+00 6.905642885979308698e-02
9.134134134134134442e+00 6.923019077107617214e-02
9.144144144144144448e+00 6.940478047726762745e-02
9.154154154154154455e+00 6.957937018345911051e-02
9.164164164164164461e+00 6.975411973702511093e-02
9.174174174174174468e+00 6.992977438242070631e-02
9.184184184184184474e+00 7.010542902781628782e-02
9.194194194194194480e+00 7.028117420407170579e-02
9.204204204204204487e+00 7.045790276239538574e-02
9.214214214214214493e+00 7.063463132071906569e-02
9.224224224224224500e+00 7.081137990801023019e-02
9.234234234234234506e+00 7.098919111322622710e-02
9.244244244244244513e+00 7.116700231844219626e-02
9.254254254254254519e+00 7.134481352365816542e-02
9.264264264264264526e+00 7.152366425876198475e-02
9.274274274274274532e+00 7.170256660482801636e-02
9.284284284284284539e+00 7.188146895089403410e-02
9.294294294294294545e+00 7.206134635018701662e-02
9.304304304304304551e+00 7.224134809102918109e-02
9.314314314314314558e+00 7.242134983187135944e-02
9.324324324324324564e+00 7.260226086612847629e-02
9.334334334334334571e+00 7.278337001583064236e-02
9.344344344344344577e+00 7.296447916553280844e-02
9.354354354354354584e+00 7.314643061333254981e-02
9.364364364364364590e+00 7.332865494653473259e-02
9.374374374374374597e+00 7.351087927973692926e-02
9.384384384384384603e+00 7.369387772789463831e-02
9.394394394394394610e+00 7.387722478039419893e-02
9.404404404404404616e+00 7.406057183289373180e-02
9.414414414414414622e+00 7.424462367702731880e-02
9.424424424424424629e+00 7.442910074657678454e-02
9.434434434434434635e+00 7.461357781612626416e-02
9.444444444444444642e+00 7.479868926135056773e-02
9.454454454454454648e+00 7.498430340864663257e-02
9.464464464464464655e+00 7.516991755594269742e-02
9.474474474474474661e+00 7.535609461768889850e-02
9.484484484484484668e+00 7.554285266754573458e-02
9.494494494494494674e+00 7.572961071740254291e-02
9.504504504504504681e+00 7.591685922235896777e-02
9.514514514514514687e+00 7.610476776506029661e-02
9.524524524524524693e+00 7.629267630776161158e-02
9.534534534534534700e+00 7.648100189493232948e-02
9.544544544544544706e+00 7.667006728775679902e-02
9.554554554554554713e+00 7.685913268058126857e-02
9.564564564564564719e+00 7.704854080245900072e-02
9.574574574574574726e+00 7.723876917137192932e-02
9.584584584584584732e+00 7.742899754028483017e-02
9.594594594594594739e+00 7.761949346413435369e-02
9.604604604604604745e+00 7.781089070564055354e-02
9.614614614614614752e+00 7.800228794714676728e-02
9.624624624624624758e+00 7.819387675639546953e-02
9.634634634634634764e+00 7.838644853954773728e-02
9.644644644644644771e+00 7.857902032270000503e-02
9.654654654654654777e+00 7.877170691843209116e-02
9.664664664664664784e+00 7.896545868698841286e-02
9.674674674674674790e+00 7.915921045554474844e-02
9.684684684684684797e+00 7.935299955809539674e-02
9.694694694694694803e+00 7.954793653282028754e-02
9.704704704704704810e+00 7.974287350754517834e-02
9.714714714714714816e+00 7.993781048227006913e-02
9.724724724724724823e+00 8.013389683929485197e-02
9.734734734734734829e+00 8.033002402039841894e-02
9.744744744744744835e+00 8.052615120150198591e-02
9.754754754754754842e+00 8.072335375285205616e-02
9.764764764764764848e+00 8.092067592256156627e-02
9.774774774774774855e+00 8.111799809227107638e-02
9.784784784784784861e+00 8.131632081126370648e-02
9.794794794794794868e+00 8.151484253652184486e-02
9.804804804804804874e+00 8.171336426178001100e-02
9.814814814814814881e+00 8.191281095111141441e-02
9.824824824824824887e+00 8.211253658639594555e-02
9.834834834834834894e+00 8.231226222168046280e-02
9.844844844844844900e+00 8.251283651558449783e-02
9.854854854854854906e+00 8.271377020584338990e-02
9.864864864864864913e+00 8.291470389610230973e-02
9.874874874874874919e+00 8.311640926258377637e-02
9.884884884884884926e+00 8.331855494628162551e-02
9.894894894894894932e+00 8.352070062997944688e-02
9.904904904904904939e+00 8.372354037311831310e-02
9.914914914914914945e+00 8.392690178538685097e-02
9.924924924924924952e+00 8.413026319765540273e-02
9.934934934934934958e+00 8.433424045997900409e-02
9.944944944944944965e+00 8.453882113586871916e-02
9.954954954954954971e+00 8.474340181175844811e-02
9.964964964964964977e+00 8.494851957667864939e-02
9.974974974974974984e+00 8.515432285450436067e-02
9.984984984984984990e+00 8.536012613233005808e-02
9.994994994994994997e+00 8.556638722664197672e-02
1.000500500500500500e+01 8.577341625141869652e-02
1.001501501501501501e+01 8.598044527619538857e-02
1.002502502502502502e+01 8.618785237263494603e-02
1.003503503503503502e+01 8.639611009959831389e-02
1.004504504504504503e+01 8.660436782656169563e-02
1.005505505505505504e+01 8.681292344641880487e-02
1.006506506506506504e+01 8.702241264462541592e-02
1.007507507507507505e+01 8.723190184283202697e-02
1.008508508508508505e+01 8.744160835861655712e-02
1.009509509509509506e+01 8.765233161461936928e-02
1.010510510510510507e+01 8.786305487062218145e-02
1.011511511511511507e+01 8.807391450877975758e-02
1.012512512512512508e+01 8.828587423037412285e-02
1.013513513513513509e+01 8.849783395196848812e-02
1.014514514514514509e+01 8.870984879564346171e-02
1.015515515515515510e+01 8.892304721567796666e-02
1.016516516516516511e+01 8.913624563571248549e-02
1.017517517517517511e+01 8.934944405574700432e-02
1.018518518518518512e+01 8.956385680780401537e-02
1.019519519519519513e+01 8.977829598805360523e-02
1.020520520520520513e+01 8.999273516830318120e-02
1.021521521521521514e+01 9.020830876816085531e-02
1.022522522522522515e+01 9.042399060325552462e-02
1.023523523523523515e+01 9.063967243835020782e-02
1.024524524524524516e+01 9.085640839308960215e-02
1.025525525525525516e+01 9.107333461449604317e-02
1.026526526526526517e+01 9.129026083590251195e-02
1.027527527527527518e+01 9.150816052479768259e-02
1.028528528528528518e+01 9.172633270484835399e-02
1.029529529529529519e+01 9.194450488489901152e-02
1.030530530530530520e+01 9.216356956241725240e-02
1.031531531531531520e+01 9.238298911838348226e-02
1.032532532532532521e+01 9.260240867434968437e-02
1.033533533533533522e+01 9.282263947317805075e-02
1.034534534534534522e+01 9.304330767138242753e-02
1.035535535535535523e+01 9.326397586958681818e-02
1.036536536536536524e+01 9.348537380368313054e-02
1.037537537537537524e+01 9.370729176364799018e-02
1.038538538538538525e+01 9.392920972361283594e-02
1.039539539539539525e+01 9.415177569127834711e-02
1.040540540540540526e+01 9.437494438990491619e-02
1.041541541541541527e+01 9.459811308853151302e-02
1.042542542542542527e+01 9.482184787550286542e-02
1.043543543543543528e+01 9.504626815127903416e-02
1.044544544544544529e+01 9.527068842705523066e-02
1.045545545545545529e+01 9.549559270961394120e-02
1.046546546546546530e+01 9.572126526684553161e-02
1.047547547547547531e+01 9.594693782407710814e-02
1.048548548548548531e+01 9.617301217217359699e-02
1.049549549549549532e+01 9.639993758523586476e-02
1.050550550550550533e+01 9.662686299829811865e-02
1.051551551551551533e+01 9.685410787868860283e-02
1.052552552552552534e+01 9.708228659629472568e-02
1.053553553553553535e+01 9.731046531390083465e-02
1.054554554554554535e+01 9.753888109329478251e-02
1.055555555555555536e+01 9.776831344277726876e-02
1.056556556556556536e+01 9.799774579225978277e-02
1.057557557557557537e+01 9.822733274047561192e-02
1.058558558558558538e+01 9.845801893207754840e-02
1.059559559559559538e+01 9.868870512367948489e-02
1.060560560560560539e+01 9.891946341680675492e-02
1.061561561561561540e+01 9.915140354797967459e-02
1.062562562562562540e+01 9.938334367915260814e-02
1.063563563563563541e+01 9.961528381032552781e-02
1.064564564564564542e+01 9.984846746242333204e-02
1.065565565565565542e+01 1.000816615221279682e-01
1.066566566566566543e+01 1.003148555818325766e-01
1.067567567567567544e+01 1.005492105472741288e-01
1.068568568568568544e+01 1.007836584202814190e-01
1.069569569569569545e+01 1.010181062932887092e-01
1.070570570570570545e+01 1.012536323860922099e-01
1.071571571571571546e+01 1.014893338572813442e-01
1.072572572572572547e+01 1.017250353284704784e-01
1.073573573573573547e+01 1.019617322858902969e-01
1.074574574574574548e+01 1.021986870445409368e-01
1.075575575575575549e+01 1.024356418031915766e-01
1.076576576576576549e+01 1.026735092888738654e-01
1.077577577577577550e+01 1.029117169329488435e-01
1.078578578578578551e+01 1.031499245770238354e-01
1.079579579579579551e+01 1.033889621841549422e-01
1.080580580580580552e+01 1.036284222245723585e-01
1.081581581581581553e+01 1.038678822649897610e-01
1.082582582582582553e+01 1.041080895194347600e-01
1.083583583583583554e+01 1.043488013843246326e-01
1.084584584584584555e+01 1.045895132492144775e-01
1.085585585585585555e+01 1.048308896126449036e-01
1.086586586586586556e+01 1.050728526515896932e-01
1.087587587587587556e+01 1.053148156905344551e-01
1.088588588588588557e+01 1.055573605635432427e-01
1.089589589589589558e+01 1.058005740517981436e-01
1.090590590590590558e+01 1.060437875400530583e-01
1.091591591591591559e+01 1.062875002652554773e-01
1.092592592592592560e+01 1.065319634079472111e-01
1.093593593593593560e+01 1.067764265506389448e-01
1.094594594594594561e+01 1.070213064157580773e-01
1.095595595595595562e+01 1.072670183520590681e-01
1.096596596596596562e+01 1.075127302883600450e-01
1.097597597597597563e+01 1.077587765292951083e-01
1.098598598598598564e+01 1.080057363365706236e-01
1.099599599599599564e+01 1.082526961438461666e-01
1.100600600600600565e+01 1.084999079477223793e-01
1.101601601601601566e+01 1.087481146456496239e-01
1.102602602602602566e+01 1.089963213435768546e-01
1.103603603603603567e+01 1.092446978517760958e-01
1.104604604604604567e+01 1.094941504064311233e-01
1.105605605605605568e+01 1.097436029610861646e-01
1.106606606606606569e+01 1.099931432722558444e-01
1.107607607607607569e+01 1.102438406001683274e-01
1.108608608608608570e+01 1.104945379280808104e-01
1.109609609609609571e+01 1.107452411011213000e-01
1.110610610610610571e+01 1.109971820732932463e-01
1.111611611611611572e+01 1.112491230454651786e-01
1.112612612612612573e+01 1.115010640176371248e-01
1.113613613613613573e+01 1.117541715483814507e-01
1.114614614614614574e+01 1.120073549942698365e-01
1.115615615615615575e+01 1.122605384401582362e-01
1.116616616616616575e+01 1.125148056350169928e-01
1.117617617617617576e+01 1.127692303464767620e-01
1.118618618618618576e+01 1.130236550579365035e-01
1.119619619619619577e+01 1.132790808405508692e-01
1.120620620620620578e+01 1.135347455757373669e-01
1.121621621621621578e+01 1.137904103109238507e-01
1.122622622622622579e+01 1.140469935807503221e-01
1.123623623623623580e+01 1.143038970679799149e-01
1.124624624624624580e+01 1.145608005552095077e-01
1.125625625625625581e+01 1.148185401903343561e-01
1.126626626626626582e+01 1.150766811319005739e-01
1.127627627627627582e+01 1.153348220734667778e-01
1.128628628628628583e+01 1.155937169333900449e-01
1.129629629629629584e+01 1.158530940093340789e-01
1.130630630630630584e+01 1.161124710852781405e-01
1.131631631631631585e+01 1.163725200136664917e-01
1.132632632632632586e+01 1.166331318855015620e-01
1.133633633633633586e+01 1.168937437573366461e-01
1.134634634634634587e+01 1.171549455847438748e-01
1.135635635635635587e+01 1.174167908991299858e-01
1.136636636636636588e+01 1.176786362135160829e-01
1.137637637637637589e+01 1.179409897600705026e-01
1.138638638638638589e+01 1.182040671524404035e-01
1.139639639639639590e+01 1.184671445448103183e-01
1.140640640640640591e+01 1.187306486228684593e-01
1.141641641641641769e+01 1.189949567210020626e-01
1.142642642642642770e+01 1.192592648191355964e-01
1.143643643643643770e+01 1.195239182359013191e-01
1.144644644644644771e+01 1.197894556634480079e-01
1.145645645645645772e+01 1.200549930909947244e-01
1.146646646646646772e+01 1.203207946511028886e-01
1.147647647647647773e+01 1.205875600310505891e-01
1.148648648648648773e+01 1.208543254109982895e-01
1.149649649649649774e+01 1.211212739190625359e-01
1.150650650650650775e+01 1.213892658771519445e-01
1.151651651651651775e+01 1.216572578352413669e-01
1.152652652652652776e+01 1.219253520983652750e-01
1.153653653653653777e+01 1.221945692664487826e-01
1.154654654654654777e+01 1.224637864345322902e-01
1.155655655655655778e+01 1.227330252647831077e-01
1.156656656656656779e+01 1.230034662841270887e-01
1.157657657657657779e+01 1.232739073034710559e-01
1.158658658658658780e+01 1.235443483228150230e-01
1.159659659659659781e+01 1.238159530448457585e-01
1.160660660660660781e+01 1.240876165693759192e-01
1.161661661661661782e+01 1.243592800939061077e-01
1.162662662662662783e+01 1.246320257015662014e-01
1.163663663663663783e+01 1.249049104010539757e-01
1.164664664664664784e+01 1.251777951005417222e-01
1.165665665665665784e+01 1.254516804542246400e-01
1.166666666666666785e+01 1.257257850174148817e-01
1.167667667667667786e+01 1.259998895806051233e-01
1.168668668668668786e+01 1.262749135582472149e-01
1.169669669669669787e+01 1.265502366959263825e-01
1.170670670670670788e+01 1.268255598336054946e-01
1.171671671671671788e+01 1.271017213329049822e-01
1.172672672672672789e+01 1.273782617809084694e-01
1.173673673673673790e+01 1.276548022289119289e-01
1.174674674674674790e+01 1.279321001695064297e-01
1.175675675675675791e+01 1.282098566916646531e-01
1.176676676676676792e+01 1.284876132138229043e-01
1.177677677677677792e+01 1.287660465394260545e-01
1.178678678678678793e+01 1.290450179304497014e-01
1.179679679679679793e+01 1.293239893214733482e-01
1.180680680680680794e+01 1.296035570019698213e-01
1.181681681681681795e+01 1.298837420902717588e-01
1.182682682682682795e+01 1.301639271785737240e-01
1.183683683683683796e+01 1.304446282120720058e-01
1.184684684684684797e+01 1.307260258625274063e-01
1.185685685685685797e+01 1.310074235129828624e-01
1.186686686686686798e+01 1.312892569278259203e-01
1.187687687687687799e+01 1.315718660444688548e-01
1.188688688688688799e+01 1.318544751611117893e-01
1.189689689689689800e+01 1.321374400178454978e-01
1.190690690690690801e+01 1.324212595465021070e-01
1.191691691691691801e+01 1.327050790751587162e-01
1.192692692692692802e+01 1.329891744684573995e-01
1.193693693693693803e+01 1.332742033993151443e-01
1.194694694694694803e+01 1.335592323301728612e-01
1.195695695695695804e+01 1.338444573907217328e-01
1.196696696696696804e+01 1.341306947608349454e-01
1.197697697697697805e+01 1.344169321309481580e-01
1.198698698698698806e+01 1.347032860272834309e-01
1.199699699699699806e+01 1.349907309230139740e-01
1.200700700700700807e+01 1.352781758187444894e-01
1.201701701701701808e+01 1.355656577590494960e-01
1.202702702702702808e+01 1.358543093184429174e-01
1.203703703703703809e+01 1.361429608778363387e-01
1.204704704704704810e+01 1.364316124372297878e-01
1.205705705705705810e+01 1.367214275267920609e-01
1.206706706706706811e+01 1.370112849418895218e-01
1.207707707707707812e+01 1.373011423569870104e-01
1.208708708708708812e+01 1.375920832810797467e-01
1.209709709709709813e+01 1.378831458001648080e-01
1.210710710710710813e+01 1.381742083192499249e-01
1.211711711711711814e+01 1.384662744737671092e-01
1.212712712712712815e+01 1.387585414035471532e-01
1.213713713713713815e+01 1.390508083333271971e-01
1.214714714714714816e+01 1.393439991626786445e-01
1.215715715715715817e+01 1.396374698704019313e-01
1.216716716716716817e+01 1.399309405781251903e-01
1.217717717717717818e+01 1.402252555767508346e-01
1.218718718718718819e+01 1.405199294922585829e-01
1.219719719719719819e+01 1.408146034077663034e-01
1.220720720720720820e+01 1.411100421216062439e-01
1.221721721721721821e+01 1.414059187393190420e-01
1.222722722722722821e+01 1.417017953570318123e-01
1.223723723723723822e+01 1.419983573849538105e-01
1.224724724724724823e+01 1.422954362657944116e-01
1.225725725725725823e+01 1.425925151466350127e-01
1.226726726726726824e+01 1.428902001418178580e-01
1.227727727727727824e+01 1.431884809150681948e-01
1.228728728728728825e+01 1.434867616883185315e-01
1.229729729729729826e+01 1.437855693595921358e-01
1.230730730730730826e+01 1.440850517246857199e-01
1.231731731731731827e+01 1.443845340897793039e-01
1.232732732732732828e+01 1.446844642029215533e-01
1.233733733733733828e+01 1.449851479311722591e-01
1.234734734734734829e+01 1.452858316594229648e-01
1.235735735735735830e+01 1.455868840384134388e-01
1.236736736736736830e+01 1.458887689746790339e-01
1.237737737737737831e+01 1.461906539109446568e-01
1.238738738738738832e+01 1.464928284391751323e-01
1.239739739739739832e+01 1.467959145034576918e-01
1.240740740740740833e+01 1.470990005677402512e-01
1.241741741741741833e+01 1.474022971891826017e-01
1.242742742742742834e+01 1.477065843781645849e-01
1.243743743743743835e+01 1.480108715671465680e-01
1.244744744744744835e+01 1.483152902874776136e-01
1.245745745745745836e+01 1.486207786759945748e-01
1.246746746746746837e+01 1.489262670645115361e-01
1.247747747747747837e+01 1.492318079521954000e-01
1.248748748748748838e+01 1.495384976946457500e-01
1.249749749749749839e+01 1.498451874370961001e-01
1.250750750750750839e+01 1.501518771795464502e-01
1.251751751751751840e+01 1.504597419561158611e-01
1.252752752752752841e+01 1.507676332878074843e-01
1.253753753753753841e+01 1.510755246194991352e-01
1.254754754754754842e+01 1.513845122103317786e-01
1.255755755755755843e+01 1.516936054487672270e-01
1.256756756756756843e+01 1.520026986872026753e-01
1.257757757757757844e+01 1.523128094386128617e-01
1.258758758758758844e+01 1.526231049847107946e-01
1.259759759759759845e+01 1.529334005308087552e-01
1.260760760760760846e+01 1.532446348569670436e-01
1.261761761761761846e+01 1.535561331962236598e-01
1.262762762762762847e+01 1.538676315354803037e-01
1.263763763763763848e+01 1.541799899192252132e-01
1.264764764764764848e+01 1.544926916228141489e-01
1.265765765765765849e+01 1.548053933264031123e-01
1.266766766766766850e+01 1.551188763200117837e-01
1.267767767767767850e+01 1.554327820458225318e-01
1.268768768768768851e+01 1.557466877716332798e-01
1.269769769769769852e+01 1.560612959975519742e-01
1.270770770770770852e+01 1.563764064911692120e-01
1.271771771771771853e+01 1.566915169847864497e-01
1.272772772772772854e+01 1.570072511363209689e-01
1.273773773773773854e+01 1.573235672319435174e-01
1.274774774774774855e+01 1.576398833275660383e-01
1.275775775775775855e+01 1.579567441695323426e-01
1.276776776776776856e+01 1.582742667908332568e-01
1.277777777777777857e+01 1.585917894121342264e-01
1.278778778778778857e+01 1.589097777814694190e-01
1.279779779779779858e+01 1.592285079423977623e-01
1.280780780780780859e+01 1.595472381033260778e-01
1.281781781781781859e+01 1.598663549096604186e-01
1.282782782782782860e+01 1.601862937151840582e-01
1.283783783783783861e+01 1.605062325207076701e-01
1.284784784784784861e+01 1.608264787468976775e-01
1.285785785785785862e+01 1.611476273936900405e-01
1.286786786786786863e+01 1.614687760404823758e-01
1.287787787787787863e+01 1.617901527431058195e-01
1.288788788788788864e+01 1.621125125201747508e-01
1.289789789789789864e+01 1.624348722972436820e-01
1.290790790790790865e+01 1.627573806070560791e-01
1.291791791791791866e+01 1.630809528963166888e-01
1.292792792792792866e+01 1.634045251855773262e-01
1.293793793793793867e+01 1.637281663079310223e-01
1.294794794794794868e+01 1.640529525847236325e-01
1.295795795795795868e+01 1.643777388615162982e-01
1.296796796796796869e+01 1.647025251383089084e-01
1.297797797797797870e+01 1.650285159102948263e-01
1.298798798798798870e+01 1.653545177438472957e-01
1.299799799799799871e+01 1.656805195773997375e-01
1.300800800800800872e+01 1.660076474614364528e-01
1.301801801801801872e+01 1.663348665152724060e-01
1.302802802802802873e+01 1.666620855691083591e-01
1.303803803803803874e+01 1.669903520911333039e-01
1.304804804804804874e+01 1.673187901234273189e-01
1.305805805805805875e+01 1.676472281557213062e-01
1.306806806806806875e+01 1.679766349178779539e-01
1.307807807807807876e+01 1.683062937817568772e-01
1.308808808808808877e+01 1.686359526456358005e-01
1.309809809809809877e+01 1.689665013264585736e-01
1.310810810810810878e+01 1.692973829702520694e-01
1.311811811811811879e+01 1.696282646140455652e-01
1.312812812812812879e+01 1.699599569686096601e-01
1.313813813813813880e+01 1.702920634360480245e-01
1.314814814814814881e+01 1.706241699034864445e-01
1.315815815815815881e+01 1.709570077635236829e-01
1.316816816816816882e+01 1.712903411938858644e-01
1.317817817817817883e+01 1.716236746242480182e-01
1.318818818818818883e+01 1.719576598982293647e-01
1.319819819819819884e+01 1.722922225264402474e-01
1.320820820820820884e+01 1.726267851546511300e-01
1.321821821821821885e+01 1.729619198278356251e-01
1.322822822822822886e+01 1.732977139845149062e-01
1.323823823823823886e+01 1.736335081411942427e-01
1.324824824824824887e+01 1.739697942756454341e-01
1.325825825825825888e+01 1.743068223871074574e-01
1.326826826826826888e+01 1.746438504985695084e-01
1.327827827827827889e+01 1.749812902331396858e-01
1.328828828828828890e+01 1.753195548213458410e-01
1.329829829829829890e+01 1.756578194095520518e-01
1.330830830830830891e+01 1.759964149598345073e-01
1.331831831831831892e+01 1.763359186422985558e-01
1.332832832832832892e+01 1.766754223247626043e-01
1.333833833833833893e+01 1.770151759830126958e-01
1.334834834834834894e+01 1.773559214726601607e-01
1.335835835835835894e+01 1.776966669623075701e-01
1.336836836836836895e+01 1.780375810973329198e-01
1.337837837837837895e+01 1.783795712023152069e-01
1.338838838838838896e+01 1.787215613072975218e-01
1.339839839839839897e+01 1.790636383643179341e-01
1.340840840840840897e+01 1.794068759877811003e-01
1.341841841841841898e+01 1.797501136112442943e-01
1.342842842842842899e+01 1.800933561117211978e-01
1.343843843843843899e+01 1.804378442515321701e-01
1.344844844844844900e+01 1.807823323913431424e-01
1.345845845845845901e+01 1.811268205311541146e-01
1.346846846846846901e+01 1.814724846812098003e-01
1.347847847847847902e+01 1.818182264296389627e-01
1.348848848848848903e+01 1.821639681780681252e-01
1.349849849849849903e+01 1.825108062287167376e-01
1.350850850850850904e+01 1.828578047720781918e-01
1.351851851851851904e+01 1.832048033154396460e-01
1.352852852852852905e+01 1.835528181091994893e-01
1.353853853853853906e+01 1.839010767274504021e-01
1.354854854854854906e+01 1.842493353457013427e-01
1.355855855855855907e+01 1.845985297999218067e-01
1.356856856856856908e+01 1.849480518662212081e-01
1.357857857857857908e+01 1.852975739325206650e-01
1.358858858858858909e+01 1.856479510390304233e-01
1.359859859859859910e+01 1.859987400192583962e-01
1.360860860860860910e+01 1.863495289994863136e-01
1.361861861861861911e+01 1.867010918242150430e-01
1.362862862862862912e+01 1.870531512764521398e-01
1.363863863863863912e+01 1.874052107286892366e-01
1.364864864864864913e+01 1.877579624112639678e-01
1.365865865865865914e+01 1.881112959852342947e-01
1.366866866866866914e+01 1.884646295592045662e-01
1.367867867867867915e+01 1.888185733125209986e-01
1.368868868868868915e+01 1.891731847489962759e-01
1.369869869869869916e+01 1.895277961854715532e-01
1.370870870870870917e+01 1.898829352952403349e-01
1.371871871871871917e+01 1.902388284254089290e-01
1.372872872872872918e+01 1.905947215555774676e-01
1.373873873873873919e+01 1.909510593798468825e-01
1.374874874874874919e+01 1.913082381246463959e-01
1.375875875875875920e+01 1.916654168694459370e-01
1.376876876876876921e+01 1.920229568381005558e-01
1.377877877877877921e+01 1.923814252075165543e-01
1.378878878878878922e+01 1.927398935769325250e-01
1.379879879879879923e+01 1.930986391911689026e-01
1.380880880880880923e+01 1.934584012834984768e-01
1.381881881881881924e+01 1.938181633758280786e-01
1.382882882882882924e+01 1.941781182076076639e-01
1.383883883883883925e+01 1.945391782086914878e-01
1.384884884884884926e+01 1.949002382097752839e-01
1.385885885885885926e+01 1.952614059012556802e-01
1.386886886886886927e+01 1.956237680836764581e-01
1.387887887887887928e+01 1.959861302660972360e-01
1.388888888888888928e+01 1.963485145290411460e-01
1.389889889889889929e+01 1.967121832512915003e-01
1.390890890890890930e+01 1.970758519735418823e-01
1.391891891891891930e+01 1.974395206957922366e-01
1.392892892892892931e+01 1.978044362943248702e-01
1.393893893893893932e+01 1.981694159999442262e-01
1.394894894894894932e+01 1.985343957055636099e-01
1.395895895895895933e+01 1.989005400331266271e-01
1.396896896896896934e+01 1.992668352498085105e-01
1.397897897897897934e+01 1.996331304664904494e-01
1.398898898898898935e+01 2.000005075231419682e-01
1.399899899899899935e+01 2.003681228618124088e-01
1.400900900900900936e+01 2.007357382004828772e-01
1.401901901901901937e+01 2.011043520523673744e-01
1.402902902902902937e+01 2.014732922062348885e-01
1.403903903903903938e+01 2.018422323601024027e-01
1.404904904904904939e+01 2.022120871387323715e-01
1.405905905905905939e+01 2.025823568823111875e-01
1.406906906906906940e+01 2.029526266258900591e-01
1.407907907907907941e+01 2.033237265274092653e-01
1.408908908908908941e+01 2.036953307155153214e-01
1.409909909909909942e+01 2.040669349036214053e-01
1.410910910910910943e+01 2.044392841880514899e-01
1.411911911911911943e+01 2.048122277547734515e-01
1.412912912912912944e+01 2.051851713214954132e-01
1.413913913913913944e+01 2.055587743119651478e-01
1.414914914914914945e+01 2.059330622696101676e-01
1.415915915915915946e+01 2.063073502272551873e-01
1.416916916916916946e+01 2.066822113092136870e-01
1.417917917917917947e+01 2.070578487472294615e-01
1.418918918918918948e+01 2.074334861852452083e-01
1.419919919919919948e+01 2.078096098056589347e-01
1.420920920920920949e+01 2.081866018895312809e-01
1.421921921921921950e+01 2.085635939734036826e-01
1.422922922922922950e+01 2.089409846399383486e-01
1.423923923923923951e+01 2.093193366100690456e-01
1.424924924924924952e+01 2.096976885801997148e-01
1.425925925925925952e+01 2.100763508603877838e-01
1.426926926926926953e+01 2.104560680309466580e-01
1.427927927927927954e+01 2.108357852015055600e-01
1.428928928928928954e+01 2.112157237218975359e-01
1.429929929929929955e+01 2.115968114796580590e-01
1.430930930930930955e+01 2.119778992374186377e-01
1.431931931931931956e+01 2.123591186827230304e-01
1.432932932932932957e+01 2.127415824858741589e-01
1.433933933933933957e+01 2.131240462890252318e-01
1.434934934934934958e+01 2.135065514012326471e-01
1.435935935935935959e+01 2.138903967781733140e-01
1.436936936936936959e+01 2.142742421551139809e-01
1.437937937937937960e+01 2.146580875320546478e-01
1.438938938938938961e+01 2.150432702807245078e-01
1.439939939939939961e+01 2.154285028288395742e-01
1.440940940940940962e+01 2.158137353769546130e-01
1.441941941941941963e+01 2.162002191099194615e-01
1.442942942942942963e+01 2.165868444943362114e-01
1.443943943943943964e+01 2.169734698787529337e-01
1.444944944944944965e+01 2.173612595709570605e-01
1.445945945945945965e+01 2.177492835232865964e-01
1.446946946946946966e+01 2.181373074756161601e-01
1.447947947947947966e+01 2.185264081543855097e-01
1.448948948948948967e+01 2.189158364714468008e-01
1.449949949949949968e+01 2.193052647885081197e-01
1.450950950950950968e+01 2.196956815325993295e-01
1.451951951951951969e+01 2.200865200751278006e-01
1.452952952952952970e+01 2.204773586176562161e-01
1.453953953953953970e+01 2.208690965562954689e-01
1.454954954954954971e+01 2.212613512476363231e-01
1.455955955955955972e+01 2.216536059389772051e-01
1.456956956956956972e+01 2.220466702508901158e-01
1.457957957957957973e+01 2.224403470756791401e-01
1.458958958958958974e+01 2.228340239004681922e-01
1.459959959959959974e+01 2.232284198129003139e-01
1.460960960960960975e+01 2.236235248157292799e-01
1.461961961961961975e+01 2.240186298185582459e-01
1.462962962962962976e+01 2.244143626062867214e-01
1.463963963963963977e+01 2.248109018903574341e-01
1.464964964964964977e+01 2.252074411744281746e-01
1.465965965965965978e+01 2.256045161587652559e-01
1.466966966966966979e+01 2.260024958845309462e-01
1.467967967967967979e+01 2.264004756102966365e-01
1.468968968968968980e+01 2.267988981580854879e-01
1.469969969969969981e+01 2.271983245418818520e-01
1.470970970970970981e+01 2.275977509256781606e-01
1.471971971971971982e+01 2.279975264482816122e-01
1.472972972972972983e+01 2.283984057609464435e-01
1.473973973973973983e+01 2.287992850736112749e-01
1.474974974974974984e+01 2.292004190258928042e-01
1.475975975975975985e+01 2.296027575913754393e-01
1.476976976976976985e+01 2.300050961568580465e-01
1.477977977977977986e+01 2.304075940361565156e-01
1.478978978978978986e+01 2.308113982301196465e-01
1.479979979979979987e+01 2.312152024240827775e-01
1.480980980980980988e+01 2.316190697691817291e-01
1.481981981981981988e+01 2.320243460175930583e-01
1.482982982982982989e+01 2.324296222660044153e-01
1.483983983983983990e+01 2.328348985144157168e-01
1.484984984984984990e+01 2.332416194338114424e-01
1.485985985985985991e+01 2.336483742115282036e-01
1.486986986986986992e+01 2.340551289892449927e-01
1.487987987987987992e+01 2.344632370945115285e-01
1.488988988988988993e+01 2.348714769238575972e-01
1.489989989989989994e+01 2.352797167532036382e-01
1.490990990990990994e+01 2.356892177472517114e-01
1.491991991991991995e+01 2.360989491965883591e-01
1.492992992992992995e+01 2.365086806459249791e-01
1.493993993993993996e+01 2.369195802674957108e-01
1.494994994994994997e+01 2.373308099497861701e-01
1.495995995995995997e+01 2.377420396320766571e-01
1.496996996996996998e+01 2.381543436546803283e-01
1.497997997997997999e+01 2.385670782260494727e-01
1.498998998998998999e+01 2.389798127974185893e-01
1.500000000000000000e+01 2.393935270282699646e-01
