5.000000000000000000e+00 7.468998290676404084e-03
5.010010010010010006e+00 7.538628954060819405e-03
5.020020020020020013e+00 7.608259617445235594e-03
5.030030030030030019e+00 7.677890280829650915e-03
5.040040040040040026e+00 7.747520944214066237e-03
5.050050050050050032e+00 7.817151607598481558e-03
5.060060060060060039e+00 7.886782270982897747e-03
5.070070070070070045e+00 7.956412934367312201e-03
5.080080080080080052e+00 8.026043597751728390e-03
5.090090090090090058e+00 8.095674261136144578e-03
5.100100100100100065e+00 8.165304924520559032e-03
5.110110110110110071e+00 8.235179138737324170e-03
5.120120120120120077e+00 8.305654877875894362e-03
5.130130130130130084e+00 8.376130617014466290e-03
5.140140140140140090e+00 8.446746048570569210e-03
5.150150150150150097e+00 8.518049349424378081e-03
5.160160160160160103e+00 8.589352650278183482e-03
5.170170170170170110e+00 8.660695971451939229e-03
5.180180180180180116e+00 8.732809400239939512e-03
5.190190190190190123e+00 8.804922829027939796e-03
5.200200200200200129e+00 8.877036257815941814e-03
5.210210210210210136e+00 8.949886997527585486e-03
5.220220220220220142e+00 9.022793233760364670e-03
5.230230230230230148e+00 9.095699469993145589e-03
5.240240240240240155e+00 9.169234433712173879e-03
5.250250250250250161e+00 9.242916302175708393e-03
5.260260260260260168e+00 9.316598170639241172e-03
5.270270270270270174e+00 9.390804406370030499e-03
5.280280280280280181e+00 9.465244908032716120e-03
5.290290290290290187e+00 9.539685409695400006e-03
5.300300300300300194e+00 9.614550095559859857e-03
5.310310310310310200e+00 9.689732437379548757e-03
5.320320320320320207e+00 9.764914779199239392e-03
5.330330330330330213e+00 9.840425238501690486e-03
5.340340340340340219e+00 9.916332862113521121e-03
5.350350350350350226e+00 9.992240485725350022e-03
5.360360360360360232e+00 1.006838420156101581e-02
5.370370370370370239e+00 1.014500081083000681e-02
5.380380380380380245e+00 1.022161742009899607e-02
5.390390390390390252e+00 1.029838204950228771e-02
5.400400400400400258e+00 1.037569163692811554e-02
5.410410410410410265e+00 1.045300122435394510e-02
5.420420420420420271e+00 1.053037461198332372e-02
5.430430430430430278e+00 1.060836148394789583e-02
5.440440440440440284e+00 1.068634835591246793e-02
5.450450450450450290e+00 1.076433522787704350e-02
5.460460460460460297e+00 1.084296734812038171e-02
5.470470470470470303e+00 1.092161614897166691e-02
5.480480480480480310e+00 1.100026494982295211e-02
5.490490490490490316e+00 1.107946713811828847e-02
5.500500500500500323e+00 1.115876287308700636e-02
5.510510510510510329e+00 1.123805860805572598e-02
5.520520520520520336e+00 1.131781973200131006e-02
5.530530530530530342e+00 1.139774778894946973e-02
5.540540540540540349e+00 1.147767584589762593e-02
5.550550550550550355e+00 1.155798503135544233e-02
5.560560560560560361e+00 1.163853120135850856e-02
5.570570570570570368e+00 1.171907737136157479e-02
5.580580580580580374e+00 1.179992401263156056e-02
5.590590590590590381e+00 1.188107450939834484e-02
5.600600600600600387e+00 1.196222500616512564e-02
5.610610610610610394e+00 1.204359877569346343e-02
5.620620620620620400e+00 1.212534025383016877e-02
5.630630630630630407e+00 1.220708173196687063e-02
5.640640640640640413e+00 1.228897258959064757e-02
5.650650650650650419e+00 1.237129216171757411e-02
5.660660660660660426e+00 1.245361173384449890e-02
5.670670670670670432e+00 1.253600993557546159e-02
5.680680680680680439e+00 1.261889518830697568e-02
5.690690690690690445e+00 1.270178044103848977e-02
5.700700700700700452e+00 1.278467654738894843e-02
5.710710710710710458e+00 1.286811555618908899e-02
5.720720720720720465e+00 1.295155456498923302e-02
5.730730730730730471e+00 1.303499357378937532e-02
5.740740740740740478e+00 1.311892079177143060e-02
5.750750750750750484e+00 1.320290213469945025e-02
5.760760760760760490e+00 1.328688347762746816e-02
5.770770770770770497e+00 1.337127975909565246e-02
5.780780780780780503e+00 1.345579252945728298e-02
5.790790790790790510e+00 1.354030529981891350e-02
5.800800800800800516e+00 1.362516269103685937e-02
5.810810810810810523e+00 1.371019650895868684e-02
5.820820820820820529e+00 1.379523032688051432e-02
5.830830830830830536e+00 1.388054121792525915e-02
5.840840840840840542e+00 1.396608624087091952e-02
5.850850850850850549e+00 1.405163126381658162e-02
5.860860860860860555e+00 1.413738839363360908e-02
5.870870870870870561e+00 1.422343532588207782e-02
5.880880880880880568e+00 1.430948225813054656e-02
5.890890890890890574e+00 1.439567871917690062e-02
5.900900900900900581e+00 1.448221882028383201e-02
5.910910910910910587e+00 1.456875892139076166e-02
5.920920920920920594e+00 1.465538816387251808e-02
5.930930930930930600e+00 1.474241325613736761e-02
5.940940940940940607e+00 1.482943834840221888e-02
5.950950950950950613e+00 1.491649418411276039e-02
5.960960960960960620e+00 1.500399665907471182e-02
5.970970970970970626e+00 1.509149913403666152e-02
5.980980980980980632e+00 1.517900160899861295e-02
5.990990990990990639e+00 1.526694856378944636e-02
6.001001001001000645e+00 1.535492138777667069e-02
6.011011011011010652e+00 1.544289421176389503e-02
6.021021021021020658e+00 1.553125002727306914e-02
6.031031031031030665e+00 1.561968674603010122e-02
6.041041041041040671e+00 1.570812346478712984e-02
6.051051051051050678e+00 1.579688363985443794e-02
6.061061061061060684e+00 1.588577838227371933e-02
6.071071071071070691e+00 1.597467312469299724e-02
6.081081081081080697e+00 1.606383353410192893e-02
6.091091091091090703e+00 1.615318101508571302e-02
6.101101101101100710e+00 1.624252849606949364e-02
6.111111111111110716e+00 1.633208539164845638e-02
6.121121121121120723e+00 1.642188091412813758e-02
6.131131131131130729e+00 1.651167643660781184e-02
6.141141141141140736e+00 1.660162644800132134e-02
6.151151151151150742e+00 1.669186590414143898e-02
6.161161161161160749e+00 1.678210536028155314e-02
6.171171171171170755e+00 1.687244549539922492e-02
6.181181181181180762e+00 1.696312536701421667e-02
6.191191191191190768e+00 1.705380523862921535e-02
6.201201201201200774e+00 1.714453288378055967e-02
6.211211211211210781e+00 1.723565024199217449e-02
6.221221221221220787e+00 1.732676760020378931e-02
6.231231231231230794e+00 1.741788495841541107e-02
6.241241241241240800e+00 1.750943302409038727e-02
6.251251251251250807e+00 1.760098552825407892e-02
6.261261261261260813e+00 1.769253803241776710e-02
6.271271271271270820e+00 1.778446776077400801e-02
6.281281281281280826e+00 1.787645365670303271e-02
6.291291291291290833e+00 1.796843955263205742e-02
6.301301301301300839e+00 1.806075004697278372e-02
6.311311311311310845e+00 1.815316816448862142e-02
6.321321321321320852e+00 1.824558628200446259e-02
6.331331331331330858e+00 1.833827701849476827e-02
6.341341341341340865e+00 1.843112676833242800e-02
6.351351351351350871e+00 1.852397651817008425e-02
6.361361361361360878e+00 1.861704734390462121e-02
6.371371371371370884e+00 1.871032871400170328e-02
6.381381381381380891e+00 1.880361008409878534e-02
6.391391391391390897e+00 1.889706121493233901e-02
6.401401401401400904e+00 1.899077476613041451e-02
6.411411411411410910e+00 1.908448831732849349e-02
6.421421421421420916e+00 1.917832033547749865e-02
6.431431431431430923e+00 1.927246719666433558e-02
6.441441441441440929e+00 1.936661405785116905e-02
6.451451451451450936e+00 1.946082790927427392e-02
6.461461461461460942e+00 1.955540977199531419e-02
6.471471471471470949e+00 1.964999163471635099e-02
6.481481481481480955e+00 1.974458862628206829e-02
6.491491491491490962e+00 1.983960773884930681e-02
6.501501501501500968e+00 1.993462685141654187e-02
6.511511511511510975e+00 2.002964596398377692e-02
6.521521521521520981e+00 2.012506780899201916e-02
6.531531531531530987e+00 2.022052697011804054e-02
6.541541541541540994e+00 2.031598613124406191e-02
6.551551551551551000e+00 2.041179814281561186e-02
6.561561561561561007e+00 2.050770069480055066e-02
6.571571571571571013e+00 2.060360324678548946e-02
6.581581581581581020e+00 2.069980833186949726e-02
6.591591591591591026e+00 2.079615815336813972e-02
6.601601601601601033e+00 2.089250797486678218e-02
6.611611611611611927e+00 2.098910938039708074e-02
6.621621621621621934e+00 2.108591087879275669e-02
6.631631631631631940e+00 2.118271237718843264e-02
6.641641641641641947e+00 2.127971368593930754e-02
6.651651651651651953e+00 2.137697178935142259e-02
6.661661661661661959e+00 2.147422989276353417e-02
6.671671671671671966e+00 2.157163501906604955e-02
6.681681681681681972e+00 2.166935516801681005e-02
6.691691691691691979e+00 2.176707531696756709e-02
6.701701701701701985e+00 2.186488850229364664e-02
6.711711711711711992e+00 2.196307664105988378e-02
6.721721721721721998e+00 2.206126477982611744e-02
6.731731731731732005e+00 2.215949058824770099e-02
6.741741741741742011e+00 2.225815315592257967e-02
6.751751751751752018e+00 2.235681572359745836e-02
6.761761761761762024e+00 2.245547829127234052e-02
6.771771771771772030e+00 2.255460295841702281e-02
6.781781781781782037e+00 2.265374687970628242e-02
6.791791791791792043e+00 2.275289080099554551e-02
6.801801801801802050e+00 2.285244556930676740e-02
6.811811811811812056e+00 2.295207824508324959e-02
6.821821821821822063e+00 2.305171092085973872e-02
6.831831831831832069e+00 2.315170176032423435e-02
6.841841841841842076e+00 2.325183105796429714e-02
6.851851851851852082e+00 2.335196035560435993e-02
6.861861861861862089e+00 2.345239352967755028e-02
6.871871871871872095e+00 2.355302777320183658e-02
6.881881881881882101e+00 2.365366201672612981e-02
6.891891891891892108e+00 2.375454407709809770e-02
6.901901901901902114e+00 2.385569203713914371e-02
6.911911911911912121e+00 2.395683999718018278e-02
6.921921921921922127e+00 2.405817777847964190e-02
6.931931931931932134e+00 2.415984866209757234e-02
6.941941941941942140e+00 2.426151954571549932e-02
6.951951951951952147e+00 2.436332016015758592e-02
6.961961961961962153e+00 2.446552360052492436e-02
6.971971971971972160e+00 2.456772704089226281e-02
6.981981981981982166e+00 2.466999787287616624e-02
6.991991991991992172e+00 2.477274391885190413e-02
7.002002002002002179e+00 2.487548996482764549e-02
7.012012012012012185e+00 2.497823866548964239e-02
7.022022022022022192e+00 2.508153777110228716e-02
7.032032032032032198e+00 2.518483687671492846e-02
7.042042042042042205e+00 2.528813598232756976e-02
7.052052052052052211e+00 2.539193437230091721e-02
7.062062062062062218e+00 2.549579738615920937e-02
7.072072072072072224e+00 2.559966040001750848e-02
7.082082082082082231e+00 2.570396397172198741e-02
7.092092092092092237e+00 2.580840212637164344e-02
7.102102102102102243e+00 2.591284028102129947e-02
7.112112112112112250e+00 2.601765782601888483e-02
7.122122122122122256e+00 2.612268272726292126e-02
7.132132132132132263e+00 2.622770762850696116e-02
7.142142142142142269e+00 2.633304817227543129e-02
7.152152152152152276e+00 2.643867178847476504e-02
7.162162162162162282e+00 2.654429540467409879e-02
7.172172172172172289e+00 2.665016820101635125e-02
7.182182182182182295e+00 2.675640285238712821e-02
7.192192192192192302e+00 2.686263750375790516e-02
7.202202202202202308e+00 2.696905202921429448e-02
7.212212212212212314e+00 2.707591037713711832e-02
7.222222222222222321e+00 2.718276872505993869e-02
7.232232232232232327e+00 2.728973467332798317e-02
7.242242242242242334e+00 2.739722970968406016e-02
7.252252252252252340e+00 2.750472474604013715e-02
7.262262262262262347e+00 2.761225202240574772e-02
7.272272272272272353e+00 2.772039705895400913e-02
7.282282282282282360e+00 2.782854209550227748e-02
7.292292292292292366e+00 2.793668713205053888e-02
7.302302302302302373e+00 2.804544946909521067e-02
7.312312312312312379e+00 2.815425812690385693e-02
7.322322322322322385e+00 2.826306678471250666e-02
7.332332332332332392e+00 2.837242479287464120e-02
7.342342342342342398e+00 2.848191099181980601e-02
7.352352352352352405e+00 2.859139719076497430e-02
7.362362362362362411e+00 2.870136166524435775e-02
7.372372372372372418e+00 2.881153961358816351e-02
7.382382382382382424e+00 2.892171756193196927e-02
7.392392392392392431e+00 2.903229947710505091e-02
7.402402402402402437e+00 2.914318366116436243e-02
7.412412412412412444e+00 2.925406784522367742e-02
7.422422422422422450e+00 2.936527834929242645e-02
7.432432432432432456e+00 2.947688352320908950e-02
7.442442442442442463e+00 2.958848869712575255e-02
7.452452452452452469e+00 2.970033910681094125e-02
7.462462462462462476e+00 2.981268028243386561e-02
7.472472472472472482e+00 2.992502145805678998e-02
7.482482482482482489e+00 3.003752325333824622e-02
7.492492492492492495e+00 3.015061569022651350e-02
7.502502502502502502e+00 3.026370812711478078e-02
7.512512512512512508e+00 3.037687294602130564e-02
7.522522522522522515e+00 3.049073214157753745e-02
7.532532532532532521e+00 3.060459133713376231e-02
7.542542542542542527e+00 3.071845053268999065e-02
7.552552552552552534e+00 3.083307265032749975e-02
7.562562562562562540e+00 3.094771433006965333e-02
7.572572572572572547e+00 3.106235600981181039e-02
7.582582582582582553e+00 3.117768082475353558e-02
7.592592592592592560e+00 3.129312093273267648e-02
7.602602602602602566e+00 3.140856104071181737e-02
7.612612612612612573e+00 3.152460084351199621e-02
7.622622622622622579e+00 3.164085553288347591e-02
7.632632632632632586e+00 3.175711022225496255e-02
7.642642642642642592e+00 3.187387743195378709e-02
7.652652652652652598e+00 3.199096305570812981e-02
7.662662662662662605e+00 3.210804867946246560e-02
7.672672672672672611e+00 3.222555583882630997e-02
7.682682682682682618e+00 3.234348894068581060e-02
7.692692692692692624e+00 3.246142204254530428e-02
7.702702702702702631e+00 3.257968181337585895e-02
7.712712712712712637e+00 3.269847911886250569e-02
7.722722722722722644e+00 3.281727642434915243e-02
7.732732732732732650e+00 3.293630158286287024e-02
7.742742742742742657e+00 3.305597999054236263e-02
7.752752752752752663e+00 3.317565839822184809e-02
7.762762762762762669e+00 3.329546183050090952e-02
7.772772772772772676e+00 3.341603840340721943e-02
7.782782782782782682e+00 3.353661497631352240e-02
7.792792792792792689e+00 3.365720967382972162e-02
7.802802802802802695e+00 3.377870163107409007e-02
7.812812812812812702e+00 3.390019358831845159e-02
7.822822822822822708e+00 3.402168554556281310e-02
7.832832832832832715e+00 3.414401735209891819e-02
7.842842842842842721e+00 3.426644206066685461e-02
7.852852852852852727e+00 3.438886676923479102e-02
7.862862862862862734e+00 3.451203362943435632e-02
7.872872872872872740e+00 3.463540859617339485e-02
7.882882882882882747e+00 3.475878356291242643e-02
7.892892892892892753e+00 3.488279889034757997e-02
7.902902902902902760e+00 3.500714175414847140e-02
7.912912912912912766e+00 3.513148461794934896e-02
7.922922922922922773e+00 3.525636190680420806e-02
7.932932932932932779e+00 3.538169043097760119e-02
7.942942942942942786e+00 3.550701895515099432e-02
7.952952952952952792e+00 3.563277177632258319e-02
7.962962962962962798e+00 3.575910384117288870e-02
7.972972972972972805e+00 3.588543590602318034e-02
7.982982982982982811e+00 3.601207790330217956e-02
7.992992992992992818e+00 3.613943149889967121e-02
8.003003003003001936e+00 3.626678509449715593e-02
8.013013013013011943e+00 3.639432998082877541e-02
8.023023023023021949e+00 3.652272319998133010e-02
8.033033033033031955e+00 3.665111641913387786e-02
8.043043043043041962e+00 3.677957797295920012e-02
8.053053053053051968e+00 3.690902900438362139e-02
8.063063063063061975e+00 3.703848003580804960e-02
8.073073073073071981e+00 3.716793106723247780e-02
8.083083083083081988e+00 3.729839921917912221e-02
8.093093093093091994e+00 3.742892634087251202e-02
8.103103103103102001e+00 3.755945346256590878e-02
8.113113113113112007e+00 3.769088438199231367e-02
8.123123123123122014e+00 3.782250595480342314e-02
8.133133133133132020e+00 3.795412752761453262e-02
8.143143143143142026e+00 3.808653524492470327e-02
8.153153153153152033e+00 3.821926970632449905e-02
8.163163163163162039e+00 3.835200416772430176e-02
8.173173173173172046e+00 3.848540275895836332e-02
8.183183183183182052e+00 3.861926861700937241e-02
8.193193193193192059e+00 3.875313447506036763e-02
8.203203203203202065e+00 3.888753805883643500e-02
8.213213213213213848e+00 3.902255388635936240e-02
8.223223223223223854e+00 3.915756971388226898e-02
8.233233233233233861e+00 3.929299244841746169e-02
8.243243243243243867e+00 3.942917687735419258e-02
8.253253253253253874e+00 3.956536130629091652e-02
8.263263263263263880e+00 3.970181738650113007e-02
8.273273273273273887e+00 3.983918910247231243e-02
8.283283283283283893e+00 3.997656081844349479e-02
8.293293293293293900e+00 4.011406447312126922e-02
8.303303303303303906e+00 4.025264221017649940e-02
8.313313313313313913e+00 4.039121994723172265e-02
8.323323323323323919e+00 4.052979768428694590e-02
8.333333333333333925e+00 4.066958797186080027e-02
8.343343343343343932e+00 4.080939050741969054e-02
8.353353353353353938e+00 4.094919304297858081e-02
8.363363363363363945e+00 4.109007826925371171e-02
8.373373373373373951e+00 4.123112441923511978e-02
8.383383383383383958e+00 4.137217056921652786e-02
8.393393393393393964e+00 4.151416508227194491e-02
8.403403403403403971e+00 4.165647369640938097e-02
8.413413413413413977e+00 4.179878231054682397e-02
8.423423423423423984e+00 4.194190047731977816e-02
8.433433433433433990e+00 4.208549043465998479e-02
8.443443443443443996e+00 4.222908039200019836e-02
8.453453453453454003e+00 4.237333659602707941e-02
8.463463463463464009e+00 4.251822680060903664e-02
8.473473473473474016e+00 4.266311700519099387e-02
8.483483483483484022e+00 4.280852564441983005e-02
8.493493493493494029e+00 4.295473502113124342e-02
8.503503503503504035e+00 4.310094439784265680e-02
8.513513513513514042e+00 4.324751988251621798e-02
8.523523523523524048e+00 4.339506737312435330e-02
8.533533533533534055e+00 4.354261486373249557e-02
8.543543543543544061e+00 4.369037161434118077e-02
8.553553553553554067e+00 4.383927617369477725e-02
8.563563563563564074e+00 4.398818073304836679e-02
8.573573573573574080e+00 4.413713317835193939e-02
8.583583583583584087e+00 4.428741377075069013e-02
8.593593593593594093e+00 4.443769436314944782e-02
8.603603603603604100e+00 4.458797495554820550e-02
8.613613613613614106e+00 4.473953253399492319e-02
8.623623623623624113e+00 4.489120812972333119e-02
8.633633633633634119e+00 4.504288372545173225e-02
8.643643643643644126e+00 4.519568484630955701e-02
8.653653653653654132e+00 4.534877441833121831e-02
8.663663663663664138e+00 4.550186399035286572e-02
8.673673673673674145e+00 4.565592309552398559e-02
8.683683683683684151e+00 4.581044561633289269e-02
8.693693693693694158e+00 4.596496813714181368e-02
8.703703703703704164e+00 4.612029966655781243e-02
8.713713713713714171e+00 4.627627410518272977e-02
8.723723723723724177e+00 4.643224854380765404e-02
8.733733733733734184e+00 4.658886693393010647e-02
8.743743743743744190e+00 4.674631225308845117e-02
8.753753753753754197e+00 4.690375757224679587e-02
8.763763763763764203e+00 4.706167725462671869e-02
8.773773773773774209e+00 4.722061240802367249e-02
8.783783783783784216e+00 4.737954756142062629e-02
8.793793793793794222e+00 4.753878296131568842e-02
8.803803803803804229e+00 4.769922689108498787e-02
8.813813813813814235e+00 4.785967082085429425e-02
8.823823823823824242e+00 4.802023635590284972e-02
8.833833833833834248e+00 4.818220799018531342e-02
8.843843843843844255e+00 4.834417962446777711e-02
8.853853853853854261e+00 4.850615125875025468e-02
8.863863863863864268e+00 4.866960795407381662e-02
8.873873873873874274e+00 4.883312620472901600e-02
8.883883883883884280e+00 4.899664445538422231e-02
8.893893893893894287e+00 4.916147898667318911e-02
8.903903903903904293e+00 4.932656274712116790e-02
8.913913913913914300e+00 4.949164650756913975e-02
8.923923923923924306e+00 4.965787324172590833e-02
8.933933933933934313e+00 4.982454138491410056e-02
8.943943943943944319e+00 4.999120952810229973e-02
8.953953953953954326e+00 5.015884281773934361e-02
8.963963963963964332e+00 5.032711419423128302e-02
8.973973973973974338e+00 5.049538557072321548e-02
8.983983983983984345e+00 5.066443975322114379e-02
8.993993993993994351e+00 5.083433318940225321e-02
9.004004004004004358e+00 5.100422662558335568e-02
9.014014014014014364e+00 5.117471602219502563e-02
9.024024024024024371e+00 5.134625031859242628e-02
9.034034034034034377e+00 5.151778461498983386e-02
9.044044044044044384e+00 5.168972352998912195e-02
9.054054054054054390e+00 5.186291745970026540e-02
9.064064064064064397e+00 5.203611138941140885e-02
9.074074074074074403e+00 5.220951410928553749e-02
9.084084084084084409e+00 5.238438641651266964e-02
9.094094094094094416e+00 5.255925872373980873e-02
9.104104104104104422e+00 5.273413951642424297e-02
9.114114114114114429e+00 5.291070891511022445e-02
9.124124124124124435e+00 5.308727831379620593e-02
9.134134134134134442e+00 5.326384771248218047e-02
9.144144144144144448e+00 5.344193660051243383e-02
9.154154154154154455e+00 5.362022177307405879e-02
9.164164164164164461e+00 5.379850694563569069e-02
9.174174174174174468e+00 5.397812103355459357e-02
9.184184184184184474e+00 5.415814062970965292e-02
9.194194194194194480e+00 5.433816022586470534e-02
9.204204204204204487e+00 5.451931368798697275e-02
9.214214214214214493e+00 5.470108632367079449e-02
9.224224224224224500e+00 5.488285895935462316e-02
9.234234234234234506e+00 5.506556594778749120e-02
9.244244244244244513e+00 5.524911020415588375e-02
9.254254254254254519e+00 5.543265446052428325e-02
9.264264264264264526e+00 5.561692910468003098e-02
9.274274274274274532e+00 5.580226352719388355e-02
9.284284284284284539e+00 5.598759794970774306e-02
9.294294294294294545e+00 5.617345435584820967e-02
9.304304304304304551e+00 5.636059745343691835e-02
9.314314314314314558e+00 5.654774055102563396e-02
9.324324324324324564e+00 5.673519280183782904e-02
9.334334334334334571e+00 5.692416304613740624e-02
9.344344344344344577e+00 5.711313329043699039e-02
9.354354354354354584e+00 5.730219544463863168e-02
9.364364364364364590e+00 5.749301126930082134e-02
9.374374374374374597e+00 5.768382709396300406e-02
9.384384384384384603e+00 5.787464291862518678e-02
9.394394394394394610e+00 5.806719298600610674e-02
9.404404404404404616e+00 5.825987278607535486e-02
9.414414414414414622e+00 5.845255258614460298e-02
9.424424424424424629e+00 5.864675895688613305e-02
9.434434434434434635e+00 5.884132108824055574e-02
9.444444444444444642e+00 5.903588321959498536e-02
9.454454454454454648e+00 5.923175983875955675e-02
9.464464464464464655e+00 5.942822261761276231e-02
9.474474474474474661e+00 5.962468539646596094e-02
9.484484484484484668e+00 5.982224618340706290e-02
9.494494494494494674e+00 6.002062788586722680e-02
9.504504504504504681e+00 6.021900958832738376e-02
9.514514514514514687e+00 6.041826843648370748e-02
9.524524524524524693e+00 6.061858729816682612e-02
9.534534534534534700e+00 6.081890615984994475e-02
9.544544544544544706e+00 6.101987693656027445e-02
9.554554554554554713e+00 6.122215115225421167e-02
9.564564564564564719e+00 6.142442536794813501e-02
9.574574574574574726e+00 6.162712191428612596e-02
9.584584584584584732e+00 6.183136963766255184e-02
9.594594594594594739e+00 6.203561736103896385e-02
9.604604604604604745e+00 6.224005349166687046e-02
9.614614614614614752e+00 6.244629283503779632e-02
9.624624624624624758e+00 6.265253217840871525e-02
9.634634634634634764e+00 6.285877152177962723e-02
9.644644644644644771e+00 6.306697071556531531e-02
9.654654654654654777e+00 6.327521974968146334e-02
9.664664664664664784e+00 6.348346878379762526e-02
9.674674674674674790e+00 6.369345314049418283e-02
9.684684684684684797e+00 6.390372989438181106e-02
9.694694694694694803e+00 6.411400664826943929e-02
9.704704704704704810e+00 6.432578986075256078e-02
9.714714714714714816e+00 6.453811232158680744e-02
9.724724724724724823e+00 6.475043478242106798e-02
9.734734734734734829e+00 6.496403051664835504e-02
9.744744744744744835e+00 6.517841662965932759e-02
9.754754754754754842e+00 6.539280274267030013e-02
9.764764764764764848e+00 6.560822463764756640e-02
9.774774774774774855e+00 6.582469230605703103e-02
9.784784784784784861e+00 6.604115997446650954e-02
9.794794794794794868e+00 6.625842164222536801e-02
9.804804804804804874e+00 6.647698872721173602e-02
9.814814814814814881e+00 6.669555581219810403e-02
9.824824824824824887e+00 6.691467083778408764e-02
9.834834834834834894e+00 6.713535515847224300e-02
9.844844844844844900e+00 6.735603947916038448e-02
9.854854854854854906e+00 6.757702142063094775e-02
9.864864864864864913e+00 6.779984075410545874e-02
9.874874874874874919e+00 6.802266008757996973e-02
9.884884884884884926e+00 6.824552247601177457e-02
9.894894894894894932e+00 6.847049455735053358e-02
9.904904904904904939e+00 6.869546663868929259e-02
9.914914914914914945e+00 6.892043872002803773e-02
9.924924924924924952e+00 6.914736550052022479e-02
9.934934934934934958e+00 6.937450802284657325e-02
9.944944944944944965e+00 6.960165054517293559e-02
9.954954954954954971e+00 6.983050240514475371e-02
9.964964964964964977e+00 7.005983301969523347e-02
9.974974974974974984e+00 7.028916363424569935e-02
9.984984984984984990e+00 7.051995398215220312e-02
9.994994994994994997e+00 7.075149029835882397e-02
1.000500500500500500e+01 7.098302661456543095e-02
1.001501501501501501e+01 7.121576883208231845e-02
1.002502502502502502e+01 7.144952841766630258e-02
1.003503503503503502e+01 7.168328800325028671e-02
1.004504504504504503e+01 7.191799544532725963e-02
1.005505505505505504e+01 7.215399582640294462e-02
1.006506506506506504e+01 7.238999620747862962e-02
1.007507507507507505e+01 7.262668220239598682e-02
1.008508508508508505e+01 7.286494086358251410e-02
1.009509509509509506e+01 7.310319952476906913e-02
1.010510510510510507e+01 7.334187737419718689e-02
1.011511511511511507e+01 7.358241175873644901e-02
1.012512512512512508e+01 7.382294614327572502e-02
1.013513513513513509e+01 7.406362912233699358e-02
1.014514514514514509e+01 7.430645663221589758e-02
1.015515515515515510e+01 7.454928414209478771e-02
1.016516516516516511e+01 7.479211165197369171e-02
1.017517517517517511e+01 7.503712349550273331e-02
1.018518518518518512e+01 7.528226149157808689e-02
1.019519519519519513e+01 7.552739948765345435e-02
1.020520520520520513e+01 7.577446025152549669e-02
1.021521521521521514e+01 7.602192605365011568e-02
1.022522522522522515e+01 7.626939185577473468e-02
1.023523523523523515e+01 7.651851469497700231e-02
1.024524524524524516e+01 7.676832558212516588e-02
1.025525525525525516e+01 7.701813646927332946e-02
1.026526526526526517e+01 7.726933451262957275e-02
1.027527527527527518e+01 7.752150772302035531e-02
1.028528528528528518e+01 7.777368093341113786e-02
1.029529529529529519e+01 7.802696728364466594e-02
1.030530530530530520e+01 7.828152001486214651e-02
1.031531531531531520e+01 7.853607274607965483e-02
1.032532532532532521e+01 7.879146047987431456e-02
1.033533533533533522e+01 7.904840988898266529e-02
1.034534534534534522e+01 7.930535929809104378e-02
1.035535535535535523e+01 7.956286146615003385e-02
1.036536536536536524e+01 7.982222466980269659e-02
1.037537537537537524e+01 8.008158787345533158e-02
1.038538538538538525e+01 8.034121750055740752e-02
1.039539539539539525e+01 8.060301157509894288e-02
1.040540540540540526e+01 8.086480564964049211e-02
1.041541541541541527e+01 8.112659972418202747e-02
1.042542542542542527e+01 8.139081771625242268e-02
1.043543543543543528e+01 8.165505969781160223e-02
1.044544544544544529e+01 8.191930167937075402e-02
1.045545545545545529e+01 8.218569009847517814e-02
1.046546546546546530e+01 8.245239698304908382e-02
1.047547547547547531e+01 8.271910386762298950e-02
1.048548548548548531e+01 8.298767562101384831e-02
1.049549549549549532e+01 8.325686436454031447e-02
1.050550550550550533e+01 8.352605310806678063e-02
1.051551551551551533e+01 8.379682107732557006e-02
1.052552552552552534e+01 8.406850859574495349e-02
1.053553553553553535e+01 8.434019611416433693e-02
1.054554554554554535e+01 8.461317315522695615e-02
1.055555555555555536e+01 8.488737632453056958e-02
1.056556556556556536e+01 8.516157949383416914e-02
1.057557557557557537e+01 8.543677843701120989e-02
1.058558558558558538e+01 8.571351409327675197e-02
1.059559559559559538e+01 8.599024974954229406e-02
1.060560560560560539e+01 8.626768339953336251e-02
1.061561561561561540e+01 8.654696833894547081e-02
1.062562562562562540e+01 8.682625327835756524e-02
1.063563563563563541e+01 8.710593441425985850e-02
1.064564564564564542e+01 8.738778539311618798e-02
1.065565565565565542e+01 8.766963637197251746e-02
1.066566566566566543e+01 8.795157774728339095e-02
1.067567567567567544e+01 8.823601148198420563e-02
1.068568568568568544e+01 8.852044521668502031e-02
1.069569569569569545e+01 8.880487895138583498e-02
1.070570570570570545e+01 8.909169272631946301e-02
1.071571571571571546e+01 8.937872589334096285e-02
1.072572572572572547e+01 8.966575906036244881e-02
1.073573573573573547e+01 8.995487514138572616e-02
1.074574574574574548e+01 9.024452437723638754e-02
1.075575575575575549e+01 9.053417361308703504e-02
1.076576576576576549e+01 9.082560463681814411e-02
1.077577577577577550e+01 9.111788653797676940e-02
1.078578578578578551e+01 9.141016843913540857e-02
1.079579579579579551e+01 9.170392701645699307e-02
1.080580580580580552e+01 9.199885813929298273e-02
1.081581581581581553e+01 9.229378926212895851e-02
1.082582582582582553e+01 9.258988797813814953e-02
1.083583583583583554e+01 9.288748483881251183e-02
1.084584584584584555e+01 9.318508169948687414e-02
1.085585585585585555e+01 9.348353311343736427e-02
1.086586586586586556e+01 9.378381218778446271e-02
1.087587587587587556e+01 9.408409126213156115e-02
1.088588588588588557e+01 9.438490790736797642e-02
1.089589589589589558e+01 9.468788563075788978e-02
1.090590590590590558e+01 9.499086335414777538e-02
1.091591591591591559e+01 9.529405773803216462e-02
1.092592592592592560e+01 9.559975050521266060e-02
1.093593593593593560e+01 9.590544327239312883e-02
1.094594594594594561e+01 9.621113603957362481e-02
1.095595595595595562e+01 9.651945204114115162e-02
1.096596596596596562e+01 9.682787620605909362e-02
1.097597597597597563e+01 9.713630037097702175e-02
1.098598598598598564e+01 9.744703536058046955e-02
1.099599599599599564e+01 9.775820723618272590e-02
1.100600600600600565e+01 9.806937911178496836e-02
1.101601601601601566e+01 9.838254547709487929e-02
1.102602602602602566e+01 9.869648133510797172e-02
1.103603603603603567e+01 9.901041719312106415e-02
1.104604604604604567e+01 9.932602729520742524e-02
1.105605605605605568e+01 9.964274336589615255e-02
1.106606606606606569e+01 9.995945943658487987e-02
1.107607607607607569e+01 1.002775256097803852e-01
1.108608608608608570e+01 1.005970380816844922e-01
1.109609609609609571e+01 1.009165505535885854e-01
1.110610610610610571e+01 1.012370851053434467e-01
1.111611611611611572e+01 1.015594101249931991e-01
1.112612612612612573e+01 1.018817351446429514e-01
1.113613613613613573e+01 1.022047503553708270e-01
1.114614614614614574e+01 1.025299040269801037e-01
1.115615615615615575e+01 1.028550576985893666e-01
1.116616616616616575e+01 1.031805658215043386e-01
1.117617617617617576e+01 1.035085642066424921e-01
1.118618618618618576e+01 1.038365625917806595e-01
1.119619619619619577e+01 1.041645758527257742e-01
1.120620620620620578e+01 1.044954349699669105e-01
1.121621621621621578e+01 1.048262940872080329e-01
1.122622622622622579e+01 1.051571532044491691e-01
1.123623623623623580e+01 1.054905605090249582e-01
1.124624624624624580e+01 1.058242963335754849e-01
1.125625625625625581e+01 1.061580321581260117e-01
1.126626626626626582e+01 1.064939849010168027e-01
1.127627627627627582e+01 1.068306133643202871e-01
1.128628628628628583e+01 1.071672418276237715e-01
1.129629629629629584e+01 1.075057521072605993e-01
1.130630630630630584e+01 1.078452890965816008e-01
1.131631631631631585e+01 1.081848260859026301e-01
1.132632632632632586e+01 1.085259059721304237e-01
1.133633633633633586e+01 1.088683673301148042e-01
1.134634634634634587e+01 1.092108286880991708e-01
1.135635635635635587e+01 1.095544902219386246e-01
1.136636636636636588e+01 1.098998917461530278e-01
1.137637637637637589e+01 1.102452932703674171e-01
1.138638638638638589e+01 1.105915484637677443e-01
1.139639639639639590e+01 1.109399059062160103e-01
1.140640640640640591e+01 1.112882633486642625e-01
1.141641641641641769e+01 1.116371241842470385e-01
1.142642642642642770e+01 1.119884532508655800e-01
1.143643643643643770e+01 1.123397823174841353e-01
1.144644644644644771e+01 1.126912607482783019e-01
1.145645645645645772e+01 1.130455770984089975e-01
1.146646646646646772e+01 1.133998934485396931e-01
1.147647647647647773e+01 1.137542097986703887e-01
1.148648648648648773e+01 1.141113206435498267e-01
1.149649649649649774e+01 1.144686398893915991e-01
1.150650650650650775e+01 1.148259591352333991e-01
1.151651651651651775e+01 1.151857269559866670e-01
1.152652652652652776e+01 1.155460646620250637e-01
1.153653653653653777e+01 1.159064023680634464e-01
1.154654654654654777e+01 1.162688389789597321e-01
1.155655655655655778e+01 1.166322106613755238e-01
1.156656656656656779e+01 1.169955823437913017e-01
1.157657657657657779e+01 1.173606995277468590e-01
1.158658658658658780e+01 1.177271206538030440e-01
1.159659659659659781e+01 1.180935417798592291e-01
1.160660660660660781e+01 1.184613512881078495e-01
1.161661661661661782e+01 1.188308372755159797e-01
1.162662662662662783e+01 1.192003232629241377e-01
1.163663663663663783e+01 1.195708368146789630e-01
1.164664664664664784e+01 1.199434030309441540e-01
1.165665665665665784e+01 1.203159692472093173e-01
1.166666666666666785e+01 1.206891985293164216e-01
1.167667667667667786e+01 1.210648602910621152e-01
1.168668668668668786e+01 1.214405220528077950e-01
1.169669669669669787e+01 1.218164787193913856e-01
1.170670670670670788e+01 1.221952512916634481e-01
1.171671671671671788e+01 1.225740238639355106e-01
1.172672672672672789e+01 1.229527964362075593e-01
1.173673673673673790e+01 1.233346181315860823e-01
1.174674674674674790e+01 1.237165167271372657e-01
1.175675675675675791e+01 1.240984153226884629e-01
1.176676676676676792e+01 1.244830027708898751e-01
1.177677677677677792e+01 1.248680425494436835e-01
1.178678678678678793e+01 1.252530823279974781e-01
1.179679679679679793e+01 1.256404470289856079e-01
1.180680680680680794e+01 1.260286430964809579e-01
1.181681681681681795e+01 1.264168391639762801e-01
1.182682682682682795e+01 1.268069925827179645e-01
1.183683683683683796e+01 1.271983599905346374e-01
1.184684684684684797e+01 1.275897273983513380e-01
1.185685685685685797e+01 1.279826809644022123e-01
1.186686686686686798e+01 1.283772347085672394e-01
1.187687687687687799e+01 1.287717884527322665e-01
1.188688688688688799e+01 1.291675535598151570e-01
1.189689689689689800e+01 1.295653085801902193e-01
1.190690690690690801e+01 1.299630636005652817e-01
1.191691691691691801e+01 1.303616516061409936e-01
1.192692692692692802e+01 1.307626227855918366e-01
1.193693693693693803e+01 1.311635939650427074e-01
1.194694694694694803e+01 1.315650161898734571e-01
1.195695695695695804e+01 1.319692183534210139e-01
1.196696696696696804e+01 1.323734205169685707e-01
1.197697697697697805e+01 1.327776882446742857e-01
1.198698698698698806e+01 1.331851361586280647e-01
1.199699699699699806e+01 1.335925840725818436e-01
1.200700700700700807e+01 1.340000319865356226e-01
1.201701701701701808e+01 1.344104169202634536e-01
1.202702702702702808e+01 1.348211252913376068e-01
1.203703703703703809e+01 1.352318336624117878e-01
1.204704704704704810e+01 1.356451011992348687e-01
1.205705705705705810e+01 1.360590846736478010e-01
1.206706706706706811e+01 1.364730681480607333e-01
1.207707707707707812e+01 1.368892293960244644e-01
1.208708708708708812e+01 1.373065025585805676e-01
1.209709709709709813e+01 1.377237757211366431e-01
1.210710710710710813e+01 1.381428417483643589e-01
1.211711711711711814e+01 1.385634191215205646e-01
1.212712712712712815e+01 1.389839964946767426e-01
1.213713713713713815e+01 1.394059783288754129e-01
1.214714714714714816e+01 1.398298743717916459e-01
1.215715715715715817e+01 1.402537704147078790e-01
1.216716716716716817e+01 1.406786790426670375e-01
1.217717717717717818e+01 1.411059081502406276e-01
1.218718718718718819e+01 1.415331372578142455e-01
1.219719719719719819e+01 1.419609836248989509e-01
1.220720720720720820e+01 1.423915601267845277e-01
1.221721721721721821e+01 1.428221366286701322e-01
1.222722722722722821e+01 1.432529316383080731e-01
1.223723723723723822e+01 1.436868697979223897e-01
1.224724724724724823e+01 1.441208079575366785e-01
1.225725725725725823e+01 1.445547461171509673e-01
1.226726726726726824e+01 1.449918764842116903e-01
1.227727727727727824e+01 1.454291904977244865e-01
1.228728728728728825e+01 1.458665045112373104e-01
1.229729729729729826e+01 1.463066193277112181e-01
1.230730730730730826e+01 1.467473233230215945e-01
1.231731731731731827e+01 1.471880273183319154e-01
1.232732732732732828e+01 1.476311372893895912e-01
1.233733733733733828e+01 1.480752453250895051e-01
1.234734734734734829e+01 1.485193533607894190e-01
1.235735735735735830e+01 1.489654691465031322e-01
1.236736736736736830e+01 1.494129952108272097e-01
1.237737737737737831e+01 1.498605212751512594e-01
1.238738738738738832e+01 1.503096534899409920e-01
1.239739739739739832e+01 1.507606114997044611e-01
1.240740740740740833e+01 1.512115695094679024e-01
1.241741741741741833e+01 1.516637287215416852e-01
1.242742742742742834e+01 1.521181325210651247e-01
1.243743743743743835e+01 1.525725363205885365e-01
1.244744744744744835e+01 1.530277330513784284e-01
1.245745745745745836e+01 1.534855964114012483e-01
1.246746746746746837e+01 1.539434597714240960e-01
1.247747747747747837e+01 1.544017044950172501e-01
1.248748748748748838e+01 1.548630411116004024e-01
1.249749749749749839e+01 1.553243777281835547e-01
1.250750750750750839e+01 1.557857143447667347e-01
1.251751751751751840e+01 1.562505043641651548e-01
1.252752752752752841e+01 1.567153278575811881e-01
1.253753753753753841e+01 1.571801513509972215e-01
1.254754754754754842e+01 1.576480237104059823e-01
1.255755755755755843e+01 1.581163476240203536e-01
1.256756756756756843e+01 1.585846715376347249e-01
1.257757757757757844e+01 1.590556364876112572e-01
1.258758758758758844e+01 1.595274742867527629e-01
1.259759759759759845e+01 1.599993120858942686e-01
1.260760760760760846e+01 1.604733798261918365e-01
1.261761761761761846e+01 1.609487448970133294e-01
1.262762762762762847e+01 1.614241099678347668e-01
1.263763763763763848e+01 1.619012906468027813e-01
1.264764764764764848e+01 1.623801962951330613e-01
1.265765765765765849e+01 1.628591019434633413e-01
1.266766766766766850e+01 1.633394056574438979e-01
1.267767767767767850e+01 1.638218651076305821e-01
1.268768768768768851e+01 1.643043245578172384e-01
1.269769769769769852e+01 1.647877613505387695e-01
1.270770770770770852e+01 1.652737877442833347e-01
1.271771771771771853e+01 1.657598141380279277e-01
1.272772772772772854e+01 1.662463939999950790e-01
1.273773773773773854e+01 1.667360003951792735e-01
1.274774774774774855e+01 1.672256067903634680e-01
1.275775775775775855e+01 1.677153396582438116e-01
1.276776776776776856e+01 1.682085390277499037e-01
1.277777777777777857e+01 1.687017383972560236e-01
1.278778778778778857e+01 1.691949377667621435e-01
1.279779779779779858e+01 1.696914393837871127e-01
1.280780780780780859e+01 1.701882446143096750e-01
1.281781781781781859e+01 1.706850498448322651e-01
1.282782782782782860e+01 1.711847369764417648e-01
1.283783783783783861e+01 1.716851608672945451e-01
1.284784784784784861e+01 1.721855847581472698e-01
1.285785785785785862e+01 1.726884670872094185e-01
1.286786786786786863e+01 1.731925223491248000e-01
1.287787787787787863e+01 1.736965776110401816e-01
1.288788788788788864e+01 1.742026647628996672e-01
1.289789789789789864e+01 1.747103640168238825e-01
1.290790790790790865e+01 1.752180632707480978e-01
1.291791791791791866e+01 1.757273648125941834e-01
1.292792792792792866e+01 1.762387205884761721e-01
1.293793793793793867e+01 1.767500763643581607e-01
1.294794794794794868e+01 1.772626018045908858e-01
1.295795795795795868e+01 1.777776265401677658e-01
1.296796796796796869e+01 1.782926512757446180e-01
1.297797797797797870e+01 1.788084100633391127e-01
1.298798798798798870e+01 1.793271161029161287e-01
1.299799799799799871e+01 1.798458221424931724e-01
1.300800800800800872e+01 1.803648236663623061e-01
1.301801801801801872e+01 1.808872232595904184e-01
1.302802802802802873e+01 1.814096228528185861e-01
1.303803803803803874e+01 1.819320224460466984e-01
1.304804804804804874e+01 1.824579817418231220e-01
1.305805805805805875e+01 1.829840870424719046e-01
1.306806806806806875e+01 1.835101923431206594e-01
1.307807807807807876e+01 1.840394250269137277e-01
1.308808808808808877e+01 1.845692480916427403e-01
1.309809809809809877e+01 1.850990711563717528e-01
1.310810810810810878e+01 1.856315863347276218e-01
1.311811811811811879e+01 1.861651391218545615e-01
1.312812812812812879e+01 1.866986919089815289e-01
1.313813813813813880e+01 1.872344986245875476e-01
1.314814814814814881e+01 1.877717929928549856e-01
1.315815815815815881e+01 1.883090873611224236e-01
1.316816816816816882e+01 1.888481945921620664e-01
1.317817817817817883e+01 1.893892422995023528e-01
1.318818818818818883e+01 1.899302900068426392e-01
1.319819819819819884e+01 1.904727066663499391e-01
1.320820820820820884e+01 1.910175193686490525e-01
1.321821821821821885e+01 1.915623320709481936e-01
1.322822822822822886e+01 1.921080670061621198e-01
1.323823823823823886e+01 1.926566562560238505e-01
1.324824824824824887e+01 1.932052455058856366e-01
1.325825825825825888e+01 1.937543074976040836e-01
1.326826826826826888e+01 1.943066847431127453e-01
1.327827827827827889e+01 1.948590619886213793e-01
1.328828828828828890e+01 1.954114597505550999e-01
1.329829829829829890e+01 1.959676363340397132e-01
1.330830830830830891e+01 1.965238129175243265e-01
1.331831831831831892e+01 1.970799895010089398e-01
1.332832832832832892e+01 1.976395422524498957e-01
1.333833833833833893e+01 1.981995294092486481e-01
1.334834834834834894e+01 1.987595165660474006e-01
1.335835835835835894e+01 1.993224334383937035e-01
1.336836836836836895e+01 1.998862422956196871e-01
1.337837837837837895e+01 2.004500511528457263e-01
1.338838838838838896e+01 2.010163405452151109e-01
1.339839839839839897e+01 2.015839821205242244e-01
1.340840840840840897e+01 2.021516236958333379e-01
1.341841841841841898e+01 2.027212939364441413e-01
1.342842842842842899e+01 2.032927791368038806e-01
1.343843843843843899e+01 2.038642643371635921e-01
1.344844844844844900e+01 2.044373236826934614e-01
1.345845845845845901e+01 2.050126633031563173e-01
1.346846846846846901e+01 2.055880029236192008e-01
1.347847847847847902e+01 2.061644595585643835e-01
1.348848848848848903e+01 2.067436642810419889e-01
1.349849849849849903e+01 2.073228690035196220e-01
1.350850850850850904e+01 2.079027310395554773e-01
1.351851851851851904e+01 2.084858114315981947e-01
1.352852852852852905e+01 2.090688918236409122e-01
1.353853853853853906e+01 2.096521672989847263e-01
1.354854854854854906e+01 2.102391338125635667e-01
1.355855855855855907e+01 2.108261003261424071e-01
1.356856856856856908e+01 2.114130668397212476e-01
1.357857857857857908e+01 2.120036601752104677e-01
1.358858858858858909e+01 2.125945231455043660e-01
1.359859859859859910e+01 2.131853861157982644e-01
1.360860860860860910e+01 2.137794189612896023e-01
1.361861861861861911e+01 2.143741886054772727e-01
1.362862862862862912e+01 2.149689582496649709e-01
1.363863863863863912e+01 2.155664382999856188e-01
1.364864864864864913e+01 2.161651247160417677e-01
1.365865865865865914e+01 2.167638111320979166e-01
1.366866866866866914e+01 2.173647460048848401e-01
1.367867867867867915e+01 2.179673591703835123e-01
1.368868868868868915e+01 2.185699723358822122e-01
1.369869869869869916e+01 2.191743695709589268e-01
1.370870870870870917e+01 2.197809193418814311e-01
1.371871871871871917e+01 2.203874691128039631e-01
1.372872872872872918e+01 2.209953361715602527e-01
1.373873873873873919e+01 2.216058322811100545e-01
1.374874874874874919e+01 2.222163283906598286e-01
1.375875875875875920e+01 2.228276726554341280e-01
1.376876876876876921e+01 2.234421247128594301e-01
1.377877877877877921e+01 2.240565767702847044e-01
1.378878878878878922e+01 2.246714055437497026e-01
1.379879879879879923e+01 2.252898230331714102e-01
1.380880880880880923e+01 2.259082405225931178e-01
1.381881881881881924e+01 2.265266580120148254e-01
1.382882882882882924e+01 2.271489533063928978e-01
1.383883883883883925e+01 2.277713455856427427e-01
1.384884884884884926e+01 2.283937378648926431e-01
1.385885885885885926e+01 2.290195412622503812e-01
1.386886886886886927e+01 2.296459175617150406e-01
1.387887887887887928e+01 2.302722938611796999e-01
1.388888888888888928e+01 2.309016122929412052e-01
1.389889889889889929e+01 2.315319817144156911e-01
1.390890890890890930e+01 2.321623511358902048e-01
1.391891891891891930e+01 2.327951914502473518e-01
1.392892892892892931e+01 2.334295629657980597e-01
1.393893893893893932e+01 2.340639344813487677e-01
1.394894894894894932e+01 2.347003034426712320e-01
1.395895895895895933e+01 2.353386858935066495e-01
1.396896896896896934e+01 2.359770683443420947e-01
1.397897897897897934e+01 2.366169726325920430e-01
1.398898898898898935e+01 2.372593747279455600e-01
1.399899899899899935e+01 2.379017768232990493e-01
1.400900900900900936e+01 2.385452230334491330e-01
1.401901901901901937e+01 2.391916533494685415e-01
1.402902902902902937e+01 2.398380836654879777e-01
1.403903903903903938e+01 2.404850783069433229e-01
1.404904904904904939e+01 2.411355452855945547e-01
1.405905905905905939e+01 2.417860122642457310e-01
1.406906906906906940e+01 2.424365617602712297e-01
1.407907907907907941e+01 2.430910737082504491e-01
1.408908908908908941e+01 2.437455856562296408e-01
1.409909909909909942e+01 2.444000976042088602e-01
1.410910910910910943e+01 2.450582614310379548e-01
1.411911911911911943e+01 2.457168265186951972e-01
1.412912912912912944e+01 2.463753916063524119e-01
1.413913913913913944e+01 2.470371309065281795e-01
1.414914914914914945e+01 2.476997571668037856e-01
1.415915915915915946e+01 2.483623834270794473e-01
1.416916916916916946e+01 2.490277042235863880e-01
1.417917917917917947e+01 2.496943995509585679e-01
1.418918918918918948e+01 2.503610948783307477e-01
1.419919919919919948e+01 2.510300031047235647e-01
1.420920920920920949e+01 2.517007752541675636e-01
1.421921921921921950e+01 2.523715474036116735e-01
1.422922922922922950e+01 2.530440489034774809e-01
1.423923923923923951e+01 2.537189054894395945e-01
1.424924924924924952e+01 2.543937620754017082e-01
1.425925925925925952e+01 2.550698626018276238e-01
1.426926926926926953e+01 2.557488110972098161e-01
1.427927927927927954e+01 2.564277595925920639e-01
1.428928928928928954e+01 2.571074648076373537e-01
1.429929929929929955e+01 2.577905125427977229e-01
1.430930930930930955e+01 2.584735602779580921e-01
1.431931931931931956e+01 2.591568757521330313e-01
1.432932932932932957e+01 2.598440299138971010e-01
1.433933933933933957e+01 2.605311840756611708e-01
1.434934934934934958e+01 2.612183382374252960e-01
1.435935935935935959e+01 2.619093829180992317e-01
1.436936936936936959e+01 2.626006505487888942e-01
1.437937937937937960e+01 2.632919181794785568e-01
1.438938938938938961e+01 2.639865908804522321e-01
1.439939939939939961e+01 2.646819788769259607e-01
1.440940940940940962e+01 2.653773668733997448e-01
1.441941941941941963e+01 2.660756727410527045e-01
1.442942942942942963e+01 2.667751878537630295e-01
1.443943943943943964e+01 2.674747029664733544e-01
1.444944944944944965e+01 2.681766470526756319e-01
1.445945945945945965e+01 2.688802958847391622e-01
1.446946946946946966e+01 2.695839447168026926e-01
1.447947947947947966e+01 2.702895319784373029e-01
1.448948948948948967e+01 2.709973209847235665e-01
1.449949949949949968e+01 2.717051099910099410e-01
1.450950950950950968e+01 2.724143452895012585e-01
1.451951951951951969e+01 2.731262807757330324e-01
1.452952952952952970e+01 2.738382162619649174e-01
1.453953953953953970e+01 2.745511043628131587e-01
1.454954954954954971e+01 2.752671924846876728e-01
1.455955955955955972e+01 2.759832806065621869e-01
1.456956956956956972e+01 2.766998261788859992e-01
1.457957957957957973e+01 2.774200729412082400e-01
1.458958958958958974e+01 2.781403197035304253e-01
1.459959959959959974e+01 2.788605664658527217e-01
1.460960960960960975e+01 2.795849385754490268e-01
1.461961961961961975e+01 2.803093498312844156e-01
1.462962962962962976e+01 2.810337610871198044e-01
1.463963963963963977e+01 2.817618054159743424e-01
1.464964964964964977e+01 2.824903868658170114e-01
1.465965965965965978e+01 2.832189683156597360e-01
1.466966966966966979e+01 2.839506890876742351e-01
1.467967967967967979e+01 2.846834462786340114e-01
1.468968968968968980e+01 2.854162034695937322e-01
1.469969969969969981e+01 2.861516048097235143e-01
1.470970970970970981e+01 2.868885431347281689e-01
1.471971971971971982e+01 2.876254814597328235e-01
1.472972972972972983e+01 2.883645673935802956e-01
1.473973973973973983e+01 2.891056920905981653e-01
1.474974974974974984e+01 2.898468167876160351e-01
1.475975975975975985e+01 2.905895912410313420e-01
1.476976976976976985e+01 2.913349073923107713e-01
1.477977977977977986e+01 2.920802235435903116e-01
1.478978978978978986e+01 2.928266903422787060e-01
1.479979979979979987e+01 2.935762028736054186e-01
1.480980980980980988e+01 2.943257154049321311e-01
1.481981981981981988e+01 2.950758782740694475e-01
1.482982982982982989e+01 2.958295919540437913e-01
1.483983983983983990e+01 2.965833056340181351e-01
1.484984984984984990e+01 2.973371681978736469e-01
1.485985985985985991e+01 2.980950876372056024e-01
1.486986986986986992e+01 2.988530070765375024e-01
1.487987987987987992e+01 2.996109265158694579e-01
1.488988988988988993e+01 3.003727025089287239e-01
1.489989989989989994e+01 3.011348321597533961e-01
1.490990990990990994e+01 3.018969618105780683e-01
1.491991991991991995e+01 3.026624487355967230e-01
1.492992992992992995e+01 3.034287928908074861e-01
1.493993993993993996e+01 3.041951370460182491e-01
1.494994994994994997e+01 3.049643380624710853e-01
1.495995995995995997e+01 3.057349008550741543e-01
1.496996996996996998e+01 3.065054636476771677e-01
1.497997997997997999e+01 3.072783818120738974e-01
1.498998998998998999e+01 3.080531672145616628e-01
1.500000000000000000e+01 3.088279526170493727e-01
