5.000000000000000000e+00 1.493531255316294867e-02
5.010010010010010006e+00 1.506567851410756109e-02
5.020020020020020013e+00 1.519604447505217351e-02
5.030030030030030019e+00 1.532641043599678593e-02
5.040040040040040026e+00 1.545677639694139835e-02
5.050050050050050032e+00 1.558714235788600903e-02
5.060060060060060039e+00 1.571750831883062319e-02
5.070070070070070045e+00 1.584957167625113822e-02
5.080080080080080052e+00 1.598179902164130819e-02
5.090090090090090058e+00 1.611402636703147817e-02
5.100100100100100065e+00 1.624775415504634349e-02
5.110110110110110071e+00 1.638180952507674662e-02
5.120120120120120077e+00 1.651586489510714628e-02
5.130130130130130084e+00 1.665122948976265407e-02
5.140140140140140090e+00 1.678707905552432461e-02
5.150150150150150097e+00 1.692292862128599515e-02
5.160160160160160103e+00 1.705990208453380882e-02
5.170170170170170110e+00 1.719751158998565274e-02
5.180180180180180116e+00 1.733512109543748972e-02
5.190190190190190123e+00 1.747367520118668985e-02
5.200200200200200129e+00 1.761301000398530353e-02
5.210210210210210136e+00 1.775234480678391721e-02
5.220220220220220142e+00 1.789245106632306528e-02
5.230230230230230148e+00 1.803347617749269383e-02
5.240240240240240155e+00 1.817450128866232237e-02
5.250250250250250161e+00 1.831613097544512389e-02
5.260260260260260168e+00 1.845881109787445712e-02
5.270270270270270174e+00 1.860149122030379729e-02
5.280280280280280181e+00 1.874461539409364233e-02
5.290290290290290187e+00 1.888891495985086863e-02
5.300300300300300194e+00 1.903321452560809493e-02
5.310310310310310200e+00 1.917780405597828766e-02
5.320320320320320207e+00 1.932368726243986062e-02
5.330330330330330213e+00 1.946957046890144052e-02
5.340340340340340219e+00 1.961559605808949058e-02
5.350350350350350226e+00 1.976302690288233438e-02
5.360360360360360232e+00 1.991045774767517471e-02
5.370370370370370239e+00 2.005788995279098735e-02
5.380380380380380245e+00 2.020683226755095457e-02
5.390390390390390252e+00 2.035577458231092526e-02
5.400400400400400258e+00 2.050471689707089248e-02
5.410410410410410265e+00 2.065500131985332360e-02
5.420420420420420271e+00 2.080541880280681322e-02
5.430430430430430278e+00 2.095583628576029936e-02
5.440440440440440284e+00 2.110743168514774004e-02
5.450450450450450290e+00 2.125928793252525664e-02
5.460460460460460297e+00 2.141114417990277324e-02
5.470470470470470303e+00 2.156402073269608061e-02
5.480480480480480310e+00 2.171727926899029090e-02
5.490490490490490316e+00 2.187053780528450467e-02
5.500500500500500323e+00 2.202466565468555112e-02
5.510510510510510329e+00 2.217928996176819767e-02
5.520520520520520336e+00 2.233391426885084075e-02
5.530530530530530342e+00 2.248926354235594033e-02
5.540540540540540349e+00 2.264521708747022424e-02
5.550550550550550355e+00 2.280117063258450469e-02
5.560560560560560361e+00 2.295771145927397172e-02
5.570570570570570368e+00 2.311495772192112552e-02
5.580580580580580374e+00 2.327220398456827585e-02
5.590590590590590381e+00 2.342990651180129266e-02
5.600600600600600387e+00 2.358840900954169498e-02
5.610610610610610394e+00 2.374691150728209035e-02
5.620620620620620400e+00 2.390574591680644928e-02
5.630630630630630407e+00 2.406546822999691346e-02
5.640640640640640413e+00 2.422519054318738110e-02
5.650650650650650419e+00 2.438512706667414834e-02
5.660660660660660426e+00 2.454603286216463370e-02
5.670670670670670432e+00 2.470693865765511560e-02
5.680680680680680439e+00 2.486794759166886803e-02
5.690690690690690445e+00 2.503000064548268830e-02
5.700700700700700452e+00 2.519205369929650856e-02
5.710710710710710458e+00 2.535410675311032536e-02
5.720720720720720465e+00 2.551726963873477208e-02
5.730730730730730471e+00 2.568043385775746479e-02
5.740740740740740478e+00 2.584359807678016097e-02
5.750750750750750484e+00 2.600773827633705293e-02
5.760760760760760490e+00 2.617197771903959774e-02
5.770770770770770497e+00 2.633621716174213909e-02
5.780780780780780503e+00 2.650130542218950488e-02
5.790790790790790510e+00 2.666658431841253257e-02
5.800800800800800516e+00 2.683186321463555332e-02
5.810810810810810523e+00 2.699787042115725511e-02
5.820820820820820529e+00 2.716415319098287526e-02
5.830830830830830536e+00 2.733043596080849194e-02
5.840840840840840542e+00 2.749733314824785030e-02
5.850850850850850549e+00 2.766458441998667986e-02
5.860860860860860555e+00 2.783183569172550942e-02
5.870870870870870561e+00 2.799959405555174641e-02
5.880880880880880568e+00 2.816777868287204112e-02
5.890890890890890574e+00 2.833596331019233930e-02
5.900900900900900581e+00 2.850455421701263842e-02
5.910910910910910587e+00 2.867363729523962623e-02
5.920920920920920594e+00 2.884272037346661405e-02
5.930930930930930600e+00 2.901211537109606511e-02
5.940940940940940607e+00 2.918206225270843918e-02
5.950950950950950613e+00 2.935200913432081671e-02
5.960960960960960620e+00 2.952217996142273218e-02
5.970970970970970626e+00 2.969295627077415262e-02
5.980980980980980632e+00 2.986373258012557305e-02
5.990990990990990639e+00 3.003465117543467622e-02
6.001001001001000645e+00 3.020622282272731121e-02
6.011011011011010652e+00 3.037779447001994274e-02
6.021021021021020658e+00 3.054943298116063327e-02
6.031031031031030665e+00 3.072176617569761375e-02
6.041041041041040671e+00 3.089409937023460118e-02
6.051051051051050678e+00 3.106643256477158513e-02
6.061061061061060684e+00 3.123949142489036365e-02
6.071071071071070691e+00 3.141255268763421676e-02
6.081081081081080697e+00 3.158561395037807334e-02
6.091091091091090703e+00 3.175930452608013294e-02
6.101101101101100710e+00 3.193306070154285081e-02
6.111111111111110716e+00 3.210681687700558257e-02
6.121121121121120723e+00 3.228111232642562334e-02
6.131131131131130729e+00 3.245553059391698830e-02
6.141141141141140736e+00 3.262994886140835327e-02
6.151151151151150742e+00 3.280482259366922226e-02
6.161161161161160749e+00 3.297987047792794862e-02
6.171171171171170755e+00 3.315491836218668192e-02
6.181181181181180762e+00 3.333034404378241305e-02
6.191191191191190768e+00 3.350598942501567534e-02
6.201201201201200774e+00 3.368163480624895151e-02
6.211211211211210781e+00 3.385758636711854591e-02
6.221221221221220787e+00 3.403379749047365926e-02
6.231231231231230794e+00 3.421000861382875874e-02
6.241241241241240800e+00 3.438646025313166904e-02
6.251251251251250807e+00 3.456320573762387827e-02
6.261261261261260813e+00 3.473995122211608749e-02
6.271271271271270820e+00 3.491687741371966164e-02
6.281281281281280826e+00 3.509412626063906915e-02
6.291291291291290833e+00 3.527137510755847666e-02
6.301301301301300839e+00 3.544875060524792926e-02
6.311311311311310845e+00 3.562647220606818266e-02
6.321321321321320852e+00 3.580419380688844300e-02
6.331331331331330858e+00 3.598199364930929761e-02
6.341341341341340865e+00 3.616015779311940875e-02
6.351351351351350871e+00 3.633832193692951296e-02
6.361361361361360878e+00 3.651652145227231305e-02
6.371371371371370884e+00 3.669509833275325789e-02
6.381381381381380891e+00 3.687367521323420272e-02
6.391391391391390897e+00 3.705225209371514755e-02
6.401401401401400904e+00 3.723121024563736531e-02
6.411411411411410910e+00 3.741017046760360121e-02
6.421421421421420916e+00 3.758913068956983711e-02
6.431431431431430923e+00 3.776841107901222905e-02
6.441441441441440929e+00 3.794772566453812751e-02
6.451451451451450936e+00 3.812704025006403291e-02
6.461461461461460942e+00 3.830661952251617625e-02
6.471471471471470949e+00 3.848625991666621005e-02
6.481481481481480955e+00 3.866590031081624385e-02
6.491491491491490962e+00 3.884575542301545170e-02
6.501501501501500968e+00 3.902569349919678826e-02
6.511511511511510975e+00 3.920563157537811094e-02
6.521521521521520981e+00 3.938573979848476736e-02
6.531531531531530987e+00 3.956594786344001802e-02
6.541541541541540994e+00 3.974615592839525480e-02
6.551551551551551000e+00 3.992649485098119511e-02
6.561561561561561007e+00 4.010694564943799445e-02
6.571571571571571013e+00 4.028739644789479379e-02
6.581581581581581020e+00 4.046794397875238397e-02
6.591591591591591026e+00 4.064861069774667462e-02
6.601601601601601033e+00 4.082927741674096528e-02
6.611611611611611927e+00 4.101001178752008980e-02
6.621621621621621934e+00 4.119086806040850313e-02
6.631631631631631940e+00 4.137172433329691645e-02
6.641641641641641947e+00 4.155262410097643189e-02
6.651651651651651953e+00 4.173364401115269712e-02
6.661661661661661959e+00 4.191466392132894847e-02
6.671671671671671966e+00 4.209570797052990254e-02
6.681681681681681972e+00 4.227686605486006416e-02
6.691691691691691979e+00 4.245802413919023272e-02
6.701701701701701985e+00 4.263919168433675383e-02
6.711711711711711992e+00 4.282046293632648520e-02
6.721721721721721998e+00 4.300173418831623046e-02
6.731731731731732005e+00 4.318300544030596877e-02
6.741741741741742011e+00 4.336436464835812660e-02
6.751751751751752018e+00 4.354572452106566377e-02
6.761761761761762024e+00 4.372708439377320094e-02
6.771771771771772030e+00 4.390850243923039714e-02
6.781781781781782037e+00 4.408992684793711092e-02
6.791791791791792043e+00 4.427135125664382470e-02
6.801801801801802050e+00 4.445280881954018909e-02
6.811811811811812056e+00 4.463427414419118833e-02
6.821821821821822063e+00 4.481573946884218757e-02
6.831831831831832069e+00 4.499721756848077542e-02
6.841841841841842076e+00 4.517870065590651879e-02
6.851851851851852082e+00 4.536018374333225522e-02
6.861861861861862089e+00 4.554166373956633485e-02
6.871871871871872095e+00 4.572314190549604113e-02
6.881881881881882101e+00 4.590462007142574047e-02
6.891891891891892108e+00 4.608608366583220872e-02
6.901901901901902114e+00 4.626753469670934205e-02
6.911911911911912121e+00 4.644898572758648231e-02
6.921921921921922127e+00 4.663041496453579349e-02
6.931931931931932134e+00 4.681181711914511601e-02
6.941941941941942140e+00 4.699321927375443159e-02
6.951951951951952147e+00 4.717459654138114050e-02
6.961961961961962153e+00 4.735592855229651954e-02
6.971971971971972160e+00 4.753726056321189164e-02
6.981981981981982166e+00 4.771856859428991182e-02
6.991991991991992172e+00 4.789980966915160371e-02
7.002002002002002179e+00 4.808105074401329559e-02
7.012012012012012185e+00 4.826227261673966124e-02
7.022022022022022192e+00 4.844340243936884338e-02
7.032032032032032198e+00 4.862453226199803247e-02
7.042042042042042205e+00 4.880565140068866131e-02
7.052052052052052211e+00 4.898665013204717839e-02
7.062062062062062218e+00 4.916764886340568852e-02
7.072072072072072224e+00 4.934864759476420559e-02
7.082082082082082231e+00 4.952949731810930151e-02
7.092092092092092237e+00 4.971034559711177275e-02
7.102102102102102243e+00 4.989119387611425094e-02
7.112112112112112250e+00 5.007188987231526306e-02
7.122122122122122256e+00 5.025256881650014273e-02
7.132132132132132263e+00 5.043324776068502241e-02
7.142142142142142269e+00 5.061377497492221267e-02
7.152152152152152276e+00 5.079426618098819429e-02
7.162162162162162282e+00 5.097475738705417592e-02
7.172172172172172289e+00 5.115510111300592549e-02
7.182182182182182295e+00 5.133538665721969207e-02
7.192192192192192302e+00 5.151567220143344478e-02
7.202202202202202308e+00 5.169581808145832375e-02
7.212212212212212314e+00 5.187588051993904936e-02
7.222222222222222321e+00 5.205594295841977498e-02
7.232232232232232327e+00 5.223587698367423288e-02
7.242242242242242334e+00 5.241569935256013002e-02
7.252252252252252340e+00 5.259552172144603410e-02
7.262262262262262347e+00 5.277523023194000823e-02
7.272272272272272353e+00 5.295479604744166707e-02
7.282282282282282360e+00 5.313436186294331898e-02
7.292292292292292366e+00 5.331383154753580739e-02
7.302302302302302373e+00 5.349312480588076096e-02
7.312312312312312379e+00 5.367241806422570066e-02
7.322322322322322385e+00 5.385163596056216639e-02
7.332332332332332392e+00 5.403064113783491440e-02
7.342342342342342398e+00 5.420964631510765547e-02
7.352352352352352405e+00 5.438859980950114942e-02
7.362362362362362411e+00 5.456730186138233907e-02
7.372372372372372418e+00 5.474600391326352872e-02
7.382382382382382424e+00 5.492468074052119648e-02
7.392392392392392431e+00 5.510306510192976986e-02
7.402402402402402437e+00 5.528144946333833631e-02
7.412412412412412444e+00 5.545983382474690276e-02
7.422422422422422450e+00 5.563789029117639090e-02
7.432432432432432456e+00 5.581594287581771036e-02
7.442442442442442463e+00 5.599399546045902287e-02
7.452452452452452469e+00 5.617173816584152685e-02
7.462462462462462476e+00 5.634944536566471179e-02
7.472472472472472482e+00 5.652715256548791062e-02
7.482482482482482489e+00 5.670457076616312875e-02
7.492492492492492495e+00 5.688191945073017841e-02
7.502502502502502502e+00 5.705926813529724195e-02
7.512512512512512508e+00 5.723635143417400012e-02
7.522522522522522515e+00 5.741332894994345681e-02
7.532532532532532521e+00 5.759030646571291351e-02
7.542542542542542527e+00 5.776704481176178629e-02
7.552552552552552534e+00 5.794363898128894463e-02
7.562562562562562540e+00 5.812023315081609603e-02
7.572572572572572547e+00 5.829661683851795895e-02
7.582582582582582553e+00 5.847281595957422307e-02
7.592592592592592560e+00 5.864901508063049412e-02
7.602602602602602566e+00 5.882503474938174937e-02
7.612612612612612573e+00 5.900082759399470633e-02
7.622622622622622579e+00 5.917662043860767024e-02
7.632632632632632586e+00 5.935226707208286767e-02
7.642642642642642592e+00 5.952764288549859673e-02
7.652652652652652598e+00 5.970301869891433272e-02
7.662662662662662605e+00 5.987828362438712276e-02
7.672672672672672611e+00 6.005323212395723836e-02
7.682682682682682618e+00 6.022818062352734009e-02
7.692692692692692624e+00 6.040305551115036919e-02
7.702702702702702631e+00 6.057756688514397136e-02
7.712712712712712637e+00 6.075207825913757353e-02
7.722722722722722644e+00 6.092655512118179406e-02
7.732732732732732650e+00 6.110062002752478932e-02
7.742742742742742657e+00 6.127468493386778459e-02
7.752752752752752663e+00 6.144874984021078679e-02
7.762762762762762669e+00 6.162236568886421406e-02
7.772772772772772676e+00 6.179597525380631229e-02
7.782782782782782682e+00 6.196958481874840358e-02
7.792792792792792689e+00 6.214277928264867051e-02
7.802802802802802695e+00 6.231592509935946628e-02
7.812812812812812702e+00 6.248907091607025510e-02
7.822822822822822708e+00 6.266183749433003325e-02
7.832832832832832715e+00 6.283451162142512925e-02
7.842842842842842721e+00 6.300718574852021137e-02
7.852852852852852727e+00 6.317951827739164139e-02
7.862862862862862734e+00 6.335171323738944538e-02
7.872872872872872740e+00 6.352390819738724936e-02
7.882882882882882747e+00 6.369580084923844032e-02
7.892892892892892753e+00 6.386750962694837108e-02
7.902902902902902760e+00 6.403921840465830184e-02
7.912912912912912766e+00 6.421066568691298493e-02
7.922922922922922773e+00 6.438188172775602403e-02
7.932932932932932779e+00 6.455309776859907700e-02
7.942942942942942786e+00 6.472409452263937213e-02
7.952952952952952792e+00 6.489481173090108634e-02
7.962962962962962798e+00 6.506552893916280056e-02
7.972972972972972805e+00 6.523607033919569254e-02
7.982982982982982811e+00 6.540628307621253190e-02
7.992992992992992818e+00 6.557649581322937127e-02
8.003003003003001936e+00 6.574657736511674289e-02
8.013013013013011943e+00 6.591628044739596126e-02
8.023023023023021949e+00 6.608598352967517964e-02
8.033033033033031955e+00 6.625560106972798458e-02
8.043043043043041962e+00 6.642478976700165461e-02
8.053053053053051968e+00 6.659397846427531076e-02
8.063063063063061975e+00 6.676312815801165035e-02
8.073073073073071981e+00 6.693179819122492547e-02
8.083083083083081988e+00 6.710046822443818670e-02
8.093093093093091994e+00 6.726913825765146182e-02
8.103103103103102001e+00 6.743729410453987161e-02
8.113113113113112007e+00 6.760544164377400855e-02
8.123123123123122014e+00 6.777358918300814550e-02
8.133133133133132020e+00 6.794126711416727249e-02
8.143143143143142026e+00 6.810888877649769191e-02
8.153153153153152033e+00 6.827651043882809745e-02
8.163163163163162039e+00 6.844370804437707734e-02
8.173173173173172046e+00 6.861080089166642082e-02
8.183183183183182052e+00 6.877789373895573655e-02
8.193193193193192059e+00 6.894460893062633045e-02
8.203203203203202065e+00 6.911117046725336055e-02
8.213213213213213848e+00 6.927773200388043229e-02
8.223223223223223854e+00 6.944396301353325529e-02
8.233233233233233861e+00 6.960999118405698793e-02
8.243243243243243867e+00 6.977601935458073446e-02
8.253253253253253874e+00 6.994176473268708116e-02
8.263263263263263880e+00 7.010725791944728835e-02
8.273273273273273887e+00 7.027275110620750942e-02
8.283283283283283893e+00 7.043800972029604091e-02
8.293293293293293900e+00 7.060296674094951319e-02
8.303303303303303906e+00 7.076792376160299936e-02
8.313313313313313913e+00 7.093269479467181893e-02
8.323323323323323919e+00 7.109711489966524800e-02
8.333333333333333925e+00 7.126153500465864932e-02
8.343343343343343932e+00 7.142581795355293361e-02
8.353353353353353938e+00 7.158970082353217912e-02
8.363363363363363945e+00 7.175358369351141075e-02
8.373373373373373951e+00 7.191737836726631861e-02
8.383383383383383958e+00 7.208072411042251715e-02
8.393393393393393964e+00 7.224406985357872957e-02
8.403403403403403971e+00 7.240737637172792174e-02
8.413413413413413977e+00 7.257018552108092380e-02
8.423423423423423984e+00 7.273299467043391198e-02
8.433433433433433990e+00 7.289580381978690016e-02
8.443443443443443996e+00 7.305808697190270540e-02
8.453453453453454003e+00 7.322036048252128504e-02
8.463463463463464009e+00 7.338263399313986468e-02
8.473473473473474016e+00 7.354443152755253676e-02
8.483483483483484022e+00 7.370617077371280357e-02
8.493493493493494029e+00 7.386791001987305649e-02
8.503503503503504035e+00 7.402922339342495051e-02
8.513513513513514042e+00 7.419043016570628368e-02
8.523523523523524048e+00 7.435163693798760298e-02
8.533533533533534055e+00 7.451246790794682773e-02
8.543543543543544061e+00 7.467314441026612348e-02
8.553553553553554067e+00 7.483382091258540536e-02
8.563563563563564074e+00 7.499417153472301423e-02
8.573573573573574080e+00 7.515432038130771819e-02
8.583583583583584087e+00 7.531446922789242215e-02
8.593593593593594093e+00 7.547434185452617239e-02
8.603603603603604100e+00 7.563396606682608325e-02
8.613613613613614106e+00 7.579359027912598024e-02
8.623623623623624113e+00 7.595298755713121575e-02
8.633633633633634119e+00 7.611209056066980949e-02
8.643643643643644126e+00 7.627119356420841711e-02
8.653653653653654132e+00 7.643011843299603314e-02
8.663663663663664138e+00 7.658870405416173810e-02
8.673673673673674145e+00 7.674728967532744306e-02
8.683683683683684151e+00 7.690574536478929357e-02
8.693693693693694158e+00 7.706381782756688281e-02
8.703703703703704164e+00 7.722189029034445817e-02
8.713713713713714171e+00 7.737988031876627537e-02
8.723723723723724177e+00 7.753744424140945890e-02
8.733733733733734184e+00 7.769500816405264243e-02
8.743743743743744190e+00 7.785253633599498180e-02
8.753753753753754197e+00 7.800959672764014308e-02
8.763763763763764203e+00 7.816665711928531823e-02
8.773773773773774209e+00 7.832371751093049339e-02
8.783783783783784216e+00 7.848028978065454964e-02
8.793793793793794222e+00 7.863685203787670885e-02
8.803803803803804229e+00 7.879341429509885419e-02
8.813813813813814235e+00 7.894953894816526818e-02
8.823823823823824242e+00 7.910560885147678578e-02
8.833833833833834248e+00 7.926167875478831726e-02
8.843843843843844255e+00 7.941736082192846213e-02
8.853853853853854261e+00 7.957294453222081565e-02
8.863863863863864268e+00 7.972852824251316917e-02
8.873873873873874274e+00 7.988377302832638804e-02
8.883883883883884280e+00 8.003887708325621575e-02
8.893893893893894287e+00 8.019398113818605733e-02
8.903903903903904293e+00 8.034879421880861128e-02
8.913913913913914300e+00 8.050342552912874428e-02
8.923923923923924306e+00 8.065805683944886340e-02
8.933933933933934313e+00 8.081244406019326421e-02
8.943943943943944319e+00 8.096660990602877472e-02
8.953953953953954326e+00 8.112077575186427136e-02
8.963963963963964332e+00 8.127474322482941549e-02
8.973973973973974338e+00 8.142845125190106836e-02
8.983983983983984345e+00 8.158215927897272124e-02
8.993993993993994351e+00 8.173571338062513014e-02
9.004004004004004358e+00 8.188897159641903012e-02
9.014014014014014364e+00 8.204222981221293010e-02
9.024024024024024371e+00 8.219537718093945788e-02
9.034034034034034377e+00 8.234819395082586257e-02
9.044044044044044384e+00 8.250101072071226727e-02
9.054054054054054390e+00 8.265375825434496948e-02
9.064064064064064397e+00 8.280614229764572676e-02
9.074074074074074403e+00 8.295852634094648403e-02
9.084084084084084409e+00 8.311088119425967535e-02
9.094094094094094416e+00 8.326284158026603377e-02
9.104104104104104422e+00 8.341480196627237831e-02
9.114114114114114429e+00 8.356676235227875060e-02
9.124124124124124435e+00 8.371831769239410082e-02
9.134134134134134442e+00 8.386986383633561470e-02
9.144144144144144448e+00 8.402140998027712859e-02
9.154154154154154455e+00 8.417259746739055859e-02
9.164164164164164461e+00 8.432373912635622581e-02
9.174174174174174468e+00 8.447488078532187916e-02
9.184184184184184474e+00 8.462570866748185539e-02
9.194194194194194480e+00 8.477645593629457021e-02
9.204204204204204487e+00 8.492720320510727117e-02
9.214214214214214493e+00 8.507767997285498041e-02
9.224224224224224500e+00 8.522804327990048112e-02
9.234234234234234506e+00 8.537840658694598184e-02
9.244244244244244513e+00 8.552854097063701533e-02
9.254254254254254519e+00 8.567853107364846454e-02
9.264264264264264526e+00 8.582852117665989988e-02
9.274274274274274532e+00 8.597832214376213700e-02
9.284284284284284539e+00 8.612795012556125063e-02
9.294294294294294545e+00 8.627757810736036426e-02
9.304304304304304551e+00 8.642705485972922153e-02
9.314314314314314558e+00 8.657633212392575051e-02
9.324324324324324564e+00 8.672560938812226561e-02
9.334334334334334571e+00 8.687477135925324168e-02
9.344344344344344577e+00 8.702370962590338932e-02
9.354354354354354584e+00 8.717264789255352309e-02
9.364364364364364590e+00 8.732150474481295555e-02
9.374374374374374597e+00 8.747011604603859014e-02
9.384384384384384603e+00 8.761872734726425249e-02
9.394394394394394610e+00 8.776728896909880007e-02
9.404404404404404616e+00 8.791558564466836478e-02
9.414414414414414622e+00 8.806388232023792950e-02
9.424424424424424629e+00 8.821215882336334857e-02
9.434434434434434635e+00 8.836015351623589809e-02
9.444444444444444642e+00 8.850814820910846148e-02
9.454454454454454648e+00 8.865614290198102487e-02
9.464464464464464655e+00 8.880385557751212244e-02
9.474474474474474661e+00 8.895156122934598508e-02
9.484484484484484668e+00 8.909926688117986160e-02
9.494494494494494674e+00 8.924672855572800267e-02
9.504504504504504681e+00 8.939415840235531707e-02
9.514514514514514687e+00 8.954158824898263147e-02
9.524524524524524693e+00 8.968880997662127819e-02
9.534534534534534700e+00 8.983597754348973674e-02
9.544544544544544706e+00 8.998314511035818142e-02
9.554554554554554713e+00 9.013013815240075721e-02
9.564564564564564719e+00 9.027705724998408288e-02
9.574574574574574726e+00 9.042397634756739466e-02
9.584584584584584732e+00 9.057075216963193787e-02
9.594594594594594739e+00 9.071743688881057921e-02
9.604604604604604745e+00 9.086412160798922055e-02
9.614614614614614752e+00 9.101069187704759200e-02
9.624624624624624758e+00 9.115715658446099656e-02
9.634634634634634764e+00 9.130362129187441500e-02
9.644644644644644771e+00 9.144999787328653151e-02
9.654654654654654777e+00 9.159625720665827420e-02
9.664664664664664784e+00 9.174251654003000300e-02
9.674674674674674790e+00 9.188871149456402654e-02
9.684684684684684797e+00 9.203478035800163881e-02
9.694694694694694803e+00 9.218084922143926496e-02
9.704704704704704810e+00 9.232687480227809440e-02
9.714714714714714816e+00 9.247276836154896817e-02
9.724724724724724823e+00 9.261866192081982807e-02
9.734734734734734829e+00 9.276453057055514262e-02
9.744744744744744835e+00 9.291026424833978559e-02
9.754754754754754842e+00 9.305599792612442855e-02
9.764764764764764848e+00 9.320172227373815788e-02
9.774774774774774855e+00 9.334731174486259053e-02
9.784784784784784861e+00 9.349290121598702319e-02
9.794794794794794868e+00 9.363849068711146972e-02
9.804804804804804874e+00 9.378395526047030029e-02
9.814814814814814881e+00 9.392941644711896854e-02
9.824824824824824887e+00 9.407487763376763679e-02
9.834834834834834894e+00 9.422023987474753559e-02
9.844844844844844900e+00 9.436558894165819611e-02
9.854854854854854906e+00 9.451093800856887051e-02
9.864864864864864913e+00 9.465621132483338640e-02
9.874874874874874919e+00 9.480146467447575498e-02
9.884884884884884926e+00 9.494671802411810968e-02
9.894894894894894932e+00 9.509191599270375161e-02
9.904904904904904939e+00 9.523709026044303860e-02
9.914914914914914945e+00 9.538226452818231171e-02
9.924924924924924952e+00 9.552740089241638921e-02
9.934934934934934958e+00 9.567251294166388698e-02
9.944944944944944965e+00 9.581762499091137086e-02
9.954954954954954971e+00 9.596271365732340908e-02
9.964964964964964977e+00 9.610778057467463109e-02
9.974974974974974984e+00 9.625284749202583923e-02
9.984984984984984990e+00 9.639790252725313757e-02
9.994994994994994997e+00 9.654294161761625692e-02
1.000500500500500500e+01 9.668798070797940403e-02
1.001501501501501501e+01 9.683301633566775146e-02
1.002502502502502502e+01 9.697804511738312983e-02
1.003503503503503502e+01 9.712307389909852207e-02
1.004504504504504503e+01 9.726810449679823556e-02
1.005505505505505504e+01 9.741314069675027776e-02
1.006506506506506504e+01 9.755817689670233384e-02
1.007507507507507505e+01 9.770321699276061922e-02
1.008508508508508505e+01 9.784827854148460402e-02
1.009509509509509506e+01 9.799334009020857494e-02
1.010510510510510507e+01 9.813840436065911221e-02
1.011511511511511507e+01 9.828350938744313814e-02
1.012512512512512508e+01 9.842861441422717794e-02
1.013513513513513509e+01 9.857371944101120387e-02
1.014514514514514509e+01 9.871888450766160006e-02
1.015515515515515510e+01 9.886405133564621361e-02
1.016516516516516511e+01 9.900921816363084105e-02
1.017517517517517511e+01 9.915445569943771853e-02
1.018518518518518512e+01 9.929970284071430731e-02
1.019519519519519513e+01 9.944494998199090996e-02
1.020520520520520513e+01 9.959027527141264824e-02
1.021521521521521514e+01 9.973562142212182013e-02
1.022522522522522515e+01 9.988096757283099203e-02
1.023523523523523515e+01 1.000263960306535804e-01
1.024524524524524516e+01 1.001718600660855135e-01
1.025525525525525516e+01 1.003173241015174327e-01
1.026526526526526517e+01 1.004628712697421544e-01
1.027527527527527518e+01 1.006084722394399028e-01
1.028528528528528518e+01 1.007540732091376789e-01
1.029529529529529519e+01 1.008997547538711403e-01
1.030530530530530520e+01 1.010455118767388943e-01
1.031531531531531520e+01 1.011912689996066345e-01
1.032532532532532521e+01 1.013371007079542085e-01
1.033533533533533522e+01 1.014830333673713281e-01
1.034534534534534522e+01 1.016289660267884615e-01
1.035535535535535523e+01 1.017749638037510895e-01
1.036536536536536524e+01 1.019210915426934511e-01
1.037537537537537524e+01 1.020672192816357848e-01
1.038538538538538525e+01 1.022133991470114550e-01
1.039539539539539525e+01 1.023597416631821938e-01
1.040540540540540526e+01 1.025060841793529465e-01
1.041541541541541527e+01 1.026524622646432378e-01
1.042542542542542527e+01 1.027990394056132184e-01
1.043543543543543528e+01 1.029456165465831852e-01
1.044544544544544529e+01 1.030922090919052653e-01
1.045545545545545529e+01 1.032390408502652374e-01
1.046546546546546530e+01 1.033858726086252233e-01
1.047547547547547531e+01 1.035327043669852093e-01
1.048548548548548531e+01 1.036798024681561264e-01
1.049549549549549532e+01 1.038269089766821196e-01
1.050550550550550533e+01 1.039740154852081128e-01
1.051551551551551533e+01 1.041213811083127327e-01
1.052552552552552534e+01 1.042687826351452463e-01
1.053553553553553535e+01 1.044161841619777736e-01
1.054554554554554535e+01 1.045638339850778753e-01
1.055555555555555536e+01 1.047115509289169716e-01
1.056556556556556536e+01 1.048592678727560540e-01
1.057557557557557537e+01 1.050072186654579659e-01
1.058558558558558538e+01 1.051552715507750035e-01
1.059559559559559538e+01 1.053033244360920551e-01
1.060560560560560539e+01 1.054515930565140536e-01
1.061561561561561540e+01 1.056000025287814614e-01
1.062562562562562540e+01 1.057484120010488693e-01
1.063563563563563541e+01 1.058970153927994151e-01
1.064564564564564542e+01 1.060458022137399786e-01
1.065565565565565542e+01 1.061945890346805421e-01
1.066566566566566543e+01 1.063435442238471751e-01
1.067567567567567544e+01 1.064927292667036812e-01
1.068568568568568544e+01 1.066419143095601735e-01
1.069569569569569545e+01 1.067912384017101340e-01
1.070570570570570545e+01 1.069408426465366657e-01
1.071571571571571546e+01 1.070904468913631835e-01
1.072572572572572547e+01 1.072401570685561217e-01
1.073573573573573547e+01 1.073902015975322366e-01
1.074574574574574548e+01 1.075402461265083792e-01
1.075575575575575549e+01 1.076903596443215816e-01
1.076576576576576549e+01 1.078408656370908325e-01
1.077577577577577550e+01 1.079913716298600695e-01
1.078578578578578551e+01 1.081419058144270917e-01
1.079579579579579551e+01 1.082928945434598472e-01
1.080580580580580552e+01 1.084438832724926166e-01
1.081581581581581553e+01 1.085948720015253721e-01
1.082582582582582553e+01 1.087463483435384820e-01
1.083583583583583554e+01 1.088978411695218779e-01
1.084584584584584555e+01 1.090493339955052599e-01
1.085585585585585555e+01 1.092012873007501411e-01
1.086586586586586556e+01 1.093533056680043580e-01
1.087587587587587556e+01 1.095053240352585611e-01
1.088588588588588557e+01 1.096577719029847159e-01
1.089589589589589558e+01 1.098103373349083173e-01
1.090590590590590558e+01 1.099629027668319325e-01
1.091591591591591559e+01 1.101158628506140602e-01
1.092592592592592560e+01 1.102689969451580015e-01
1.093593593593593560e+01 1.104221310397019568e-01
1.094594594594594561e+01 1.105756210445817123e-01
1.095595595595595562e+01 1.107293454697539786e-01
1.096596596596596562e+01 1.108830698949262589e-01
1.097597597597597563e+01 1.110371075745707897e-01
1.098598598598598564e+01 1.111914440639718143e-01
1.099599599599599564e+01 1.113457805533728251e-01
1.100600600600600565e+01 1.115003837072507803e-01
1.101601601601601566e+01 1.116553540556414204e-01
1.102602602602602566e+01 1.118103244040320743e-01
1.103603603603603567e+01 1.119655108746073491e-01
1.104604604604604567e+01 1.121211369335096408e-01
1.105605605605605568e+01 1.122767629924119326e-01
1.106606606606606569e+01 1.124325506623556070e-01
1.107607607607607569e+01 1.125888543356871746e-01
1.108608608608608570e+01 1.127451580090187422e-01
1.109609609609609571e+01 1.129015647984394632e-01
1.110610610610610571e+01 1.130585680381830521e-01
1.111611611611611572e+01 1.132155712779266549e-01
1.112612612612612573e+01 1.133726151416201006e-01
1.113613613613613573e+01 1.135303399435282773e-01
1.114614614614614574e+01 1.136880647454364263e-01
1.115615615615615575e+01 1.138457895473445891e-01
1.116616616616616575e+01 1.140042320694904243e-01
1.117617617617617576e+01 1.141627004688267610e-01
1.118618618618618576e+01 1.143211688681630978e-01
1.119619619619619577e+01 1.144803065378814377e-01
1.120620620620620578e+01 1.146395406051985560e-01
1.121621621621621578e+01 1.147987746725156744e-01
1.122622622622622579e+01 1.149586255634597320e-01
1.123623623623623580e+01 1.151186474004153026e-01
1.124624624624624580e+01 1.152786692373708871e-01
1.125625625625625581e+01 1.154392514429294636e-01
1.126626626626626582e+01 1.156000831781405641e-01
1.127627627627627582e+01 1.157609149133516507e-01
1.128628628628628583e+01 1.159222465440378491e-01
1.129629629629629584e+01 1.160839103289744711e-01
1.130630630630630584e+01 1.162455741139110932e-01
1.131631631631631585e+01 1.164076732947723486e-01
1.132632632632632586e+01 1.165701912996905953e-01
1.133633633633633586e+01 1.167327093046088421e-01
1.134634634634634587e+01 1.168955941726590175e-01
1.135635635635635587e+01 1.170589885825746856e-01
1.136636636636636588e+01 1.172223829924903815e-01
1.137637637637637589e+01 1.173860716941640958e-01
1.138638638638638589e+01 1.175503647048676964e-01
1.139639639639639590e+01 1.177146577155712970e-01
1.140640640640640591e+01 1.178791684042007487e-01
1.141641641641641769e+01 1.180443822183132180e-01
1.142642642642642770e+01 1.182095960324256595e-01
1.143643643643643770e+01 1.183749468657398080e-01
1.144644644644644771e+01 1.185411036888109615e-01
1.145645645645645772e+01 1.187072605118821150e-01
1.146646646646646772e+01 1.188734696495292037e-01
1.147647647647647773e+01 1.190405916861784208e-01
1.148648648648648773e+01 1.192077137228276518e-01
1.149649649649649774e+01 1.193748357594768827e-01
1.150650650650650775e+01 1.195429087740207535e-01
1.151651651651651775e+01 1.197110182241209603e-01
1.152652652652652776e+01 1.198791276742211531e-01
1.153653653653653777e+01 1.200481174997111433e-01
1.154654654654654777e+01 1.202172365546161498e-01
1.155655655655655778e+01 1.203863556095211423e-01
1.156656656656656779e+01 1.205562803844819203e-01
1.157657657657657779e+01 1.207264312232975284e-01
1.158658658658658780e+01 1.208965820621131226e-01
1.159659659659659781e+01 1.210674599136273566e-01
1.160660660660660781e+01 1.212386646995270850e-01
1.161661661661661782e+01 1.214098694854267996e-01
1.162662662662662783e+01 1.215817185268201067e-01
1.163663663663663783e+01 1.217539994034056161e-01
1.164664664664664784e+01 1.219262802799911255e-01
1.165665665665665784e+01 1.220991186085414876e-01
1.166666666666666785e+01 1.222724976962476506e-01
1.167667667667667786e+01 1.224458767839538276e-01
1.168668668668668786e+01 1.226197224786258616e-01
1.169669669669669787e+01 1.227942218711720601e-01
1.170670670670670788e+01 1.229687212637182586e-01
1.171671671671671788e+01 1.231435923829222318e-01
1.172672672672672789e+01 1.233192341438082429e-01
1.173673673673673790e+01 1.234948759046942540e-01
1.174674674674674790e+01 1.236707904840697730e-01
1.175675675675675791e+01 1.238475966431184516e-01
1.176676676676676792e+01 1.240244028021671163e-01
1.177677677677677792e+01 1.242013788523922968e-01
1.178678678678678793e+01 1.243793714023383318e-01
1.179679679679679793e+01 1.245573639522843667e-01
1.180680680680680794e+01 1.247354194569100100e-01
1.181681681681681795e+01 1.249146203500348662e-01
1.182682682682682795e+01 1.250938212431597085e-01
1.183683683683683796e+01 1.252730221362845509e-01
1.184684684684684797e+01 1.254534053012822947e-01
1.185685685685685797e+01 1.256338364460959089e-01
1.186686686686686798e+01 1.258142675909094954e-01
1.187687687687687799e+01 1.259957879489575494e-01
1.188688688688688799e+01 1.261774712069272109e-01
1.189689689689689800e+01 1.263591544648969001e-01
1.190690690690690801e+01 1.265418298551549969e-01
1.191691691691691801e+01 1.267247870374806074e-01
1.192692692692692802e+01 1.269077442198062733e-01
1.193693693693693803e+01 1.270915924427201416e-01
1.194694694694694803e+01 1.272758453071574647e-01
1.195695695695695804e+01 1.274600981715948156e-01
1.196696696696696804e+01 1.276451369869047447e-01
1.197697697697697805e+01 1.278307072346350493e-01
1.198698698698698806e+01 1.280162774823653815e-01
1.199699699699699806e+01 1.282025246071408775e-01
1.200700700700700807e+01 1.283894338796886248e-01
1.201701701701701808e+01 1.285763431522363442e-01
1.202702702702702808e+01 1.287638162589365420e-01
1.203703703703703809e+01 1.289520861351340364e-01
1.204704704704704810e+01 1.291403560113315030e-01
1.205705705705705810e+01 1.293290727258913086e-01
1.206706706706706811e+01 1.295187247188914759e-01
1.207707707707707812e+01 1.297083767118916153e-01
1.208708708708708812e+01 1.298983546118339938e-01
1.209709709709709813e+01 1.300894101661701496e-01
1.210710710710710813e+01 1.302804657205063055e-01
1.211711711711711814e+01 1.304717223330802700e-01
1.212712712712712815e+01 1.306642028217737395e-01
1.213713713713713815e+01 1.308566833104671812e-01
1.214714714714714816e+01 1.310492361108117343e-01
1.215715715715715817e+01 1.312431628325269328e-01
1.216716716716716817e+01 1.314370895542421036e-01
1.217717717717717818e+01 1.316310162759573021e-01
1.218718718718718819e+01 1.318263501398234949e-01
1.219719719719719819e+01 1.320217443160709436e-01
1.220720720720720820e+01 1.322171384923184201e-01
1.221721721721721821e+01 1.324138244722951885e-01
1.222722722722722821e+01 1.326107072446814361e-01
1.223723723723723822e+01 1.328075900170677393e-01
1.224724724724724823e+01 1.330056453386009307e-01
1.225725725725725823e+01 1.332040377661267982e-01
1.226726726726726824e+01 1.334024301936526657e-01
1.227727727727727824e+01 1.336018720203384080e-01
1.228728728728728825e+01 1.338017950767438624e-01
1.229729729729729826e+01 1.340017181331493445e-01
1.230730730730730826e+01 1.342025635650743731e-01
1.231731731731731827e+01 1.344040381362309466e-01
1.232732732732732828e+01 1.346055127073875202e-01
1.233733733733733828e+01 1.348077787794962068e-01
1.234734734734734829e+01 1.350108256608476553e-01
1.235735735735735830e+01 1.352138725421990761e-01
1.236736736736736830e+01 1.354175762226853819e-01
1.237737737737737831e+01 1.356222161167335849e-01
1.238738738738738832e+01 1.358268560107818157e-01
1.239739739739739832e+01 1.360320141995071119e-01
1.240740740740740833e+01 1.362382677133469611e-01
1.241741741741741833e+01 1.364445212271867824e-01
1.242742742742742834e+01 1.366511507541233461e-01
1.243743743743743835e+01 1.368590383970232083e-01
1.244744744744744835e+01 1.370669260399230982e-01
1.245745745745745836e+01 1.372750436636229476e-01
1.246746746746746837e+01 1.374845858446521185e-01
1.247747747747747837e+01 1.376941280256813449e-01
1.248748748748748838e+01 1.379037504317704443e-01
1.249749749749749839e+01 1.381149674574739250e-01
1.250750750750750839e+01 1.383261844831774057e-01
1.251751751751751840e+01 1.385374015088808586e-01
1.252752752752752841e+01 1.387502403549940033e-01
1.253753753753753841e+01 1.389631524271122409e-01
1.254754754754754842e+01 1.391760644992304785e-01
1.255755755755755843e+01 1.393904613690145344e-01
1.256756756756756843e+01 1.396050885822507082e-01
1.257757757757757844e+01 1.398197157954869374e-01
1.258758758758758844e+01 1.400356870377846286e-01
1.259759759759759845e+01 1.402520493776171495e-01
1.260760760760760846e+01 1.404684117174496705e-01
1.261761761761761846e+01 1.406859736002663841e-01
1.262762762762762847e+01 1.409040909408072750e-01
1.263763763763763848e+01 1.411222082813481660e-01
1.264764764764764848e+01 1.413413769905175754e-01
1.265765765765765849e+01 1.415612690924164807e-01
1.266766766766766850e+01 1.417811611943153860e-01
1.267767767767767850e+01 1.420019528321900260e-01
1.268768768768768851e+01 1.422236393405835186e-01
1.269769769769769852e+01 1.424453258489769836e-01
1.270770770770770852e+01 1.426677564331433057e-01
1.271771771771771853e+01 1.428912568756489365e-01
1.272772772772772854e+01 1.431147573181545951e-01
1.273773773773773854e+01 1.433388427801722820e-01
1.274774774774774855e+01 1.435641765649281476e-01
1.275775775775775855e+01 1.437895103496840410e-01
1.276776776776776856e+01 1.440152665338500226e-01
1.277777777777777857e+01 1.442424529475975215e-01
1.278778778778778857e+01 1.444696393613450203e-01
1.279779779779779858e+01 1.446970820234810273e-01
1.280780780780780859e+01 1.449261402296937173e-01
1.281781781781781859e+01 1.451551984359064629e-01
1.282782782782782860e+01 1.453843432421717263e-01
1.283783783783783861e+01 1.456152922792259552e-01
1.284784784784784861e+01 1.458462413162801563e-01
1.285785785785785862e+01 1.460771903533343852e-01
1.286786786786786863e+01 1.463099626213976712e-01
1.287787787787787863e+01 1.465428214007887808e-01
1.288788788788788864e+01 1.467756801801799182e-01
1.289789789789789864e+01 1.470102044339419156e-01
1.290790790790790865e+01 1.472449917385424689e-01
1.291791791791791866e+01 1.474797790431430222e-01
1.292792792792792866e+01 1.477160705425641374e-01
1.293793793793793867e+01 1.479528050249259430e-01
1.294794794794794868e+01 1.481895395072877764e-01
1.295795795795795868e+01 1.484276134164960737e-01
1.296796796796796869e+01 1.486663135971943994e-01
1.297797797797797870e+01 1.489050137778926974e-01
1.298798798798798870e+01 1.491448851641569151e-01
1.299799799799799871e+01 1.493855694301777504e-01
1.300800800800800872e+01 1.496262536961986134e-01
1.301801801801801872e+01 1.498679375289234117e-01
1.302802802802802873e+01 1.501106241320916135e-01
1.303803803803803874e+01 1.503533107352598153e-01
1.304804804804804874e+01 1.505968218850044782e-01
1.305805805805805875e+01 1.508415289404551052e-01
1.306806806806806875e+01 1.510862359959057322e-01
1.307807807807807876e+01 1.513315892334252122e-01
1.308808808808808877e+01 1.515783347181151319e-01
1.309809809809809877e+01 1.518250802028050239e-01
1.310810810810810878e+01 1.520722901981132191e-01
1.311811811811811879e+01 1.523210919493738491e-01
1.312812812812812879e+01 1.525698937006344513e-01
1.313813813813813880e+01 1.528189750220900756e-01
1.314814814814814881e+01 1.530698507362215910e-01
1.315815815815815881e+01 1.533207264503531619e-01
1.316816816816816882e+01 1.535716935637676805e-01
1.317817817817817883e+01 1.538246607946725242e-01
1.318818818818818883e+01 1.540776280255773678e-01
1.319819819819819884e+01 1.543305952564821837e-01
1.320820820820820884e+01 1.545855714512014700e-01
1.321821821821821885e+01 1.548406476090582740e-01
1.322822822822822886e+01 1.550957237669150779e-01
1.323823823823823886e+01 1.553526316392835616e-01
1.324824824824824887e+01 1.556098339892607041e-01
1.325825825825825888e+01 1.558670363392378744e-01
1.326826826826826888e+01 1.561258898960332375e-01
1.327827827827827889e+01 1.563852355570413410e-01
1.328828828828828890e+01 1.566445812180494168e-01
1.329829829829829890e+01 1.569053943589430178e-01
1.330830830830830891e+01 1.571669003024264155e-01
1.331831831831831892e+01 1.574284062459098410e-01
1.332832832832832892e+01 1.576911927627209220e-01
1.333833833833833893e+01 1.579548758114876772e-01
1.334834834834834894e+01 1.582185588602544601e-01
1.335835835835835894e+01 1.584833324362255047e-01
1.336836836836836895e+01 1.587492092633151219e-01
1.337837837837837895e+01 1.590150860904047392e-01
1.338838838838838896e+01 1.592818602994971744e-01
1.339839839839839897e+01 1.595499474270863915e-01
1.340840840840840897e+01 1.598180345546755532e-01
1.341841841841841898e+01 1.600868228608859634e-01
1.342842842842842899e+01 1.603571366592316527e-01
1.343843843843843899e+01 1.606274504575772866e-01
1.344844844844844900e+01 1.608982662142736386e-01
1.345845845845845901e+01 1.611708229006920123e-01
1.346846846846846901e+01 1.614433795871103861e-01
1.347847847847847902e+01 1.617162360363882112e-01
1.348848848848848903e+01 1.619910516742721629e-01
1.349849849849849903e+01 1.622658673121560591e-01
1.350850850850850904e+01 1.625407775842154512e-01
1.351851851851851904e+01 1.628178680820859536e-01
1.352852852852852905e+01 1.630949585799564561e-01
1.353853853853853906e+01 1.633720490778269030e-01
1.354854854854854906e+01 1.636513168030915844e-01
1.355855855855855907e+01 1.639306979136860576e-01
1.356856856856856908e+01 1.642100790242805031e-01
1.357857857857857908e+01 1.644914420907190866e-01
1.358858858858858909e+01 1.647731294101152100e-01
1.359859859859859910e+01 1.650548167295113056e-01
1.360860860860860910e+01 1.653382877705872056e-01
1.361861861861861911e+01 1.656222967373603416e-01
1.362862862862862912e+01 1.659063057041334777e-01
1.363863863863863912e+01 1.661918972383070181e-01
1.364864864864864913e+01 1.664782431327239409e-01
1.365865865865865914e+01 1.667645890271408360e-01
1.366866866866866914e+01 1.670523134573759505e-01
1.367867867867867915e+01 1.673410114006210758e-01
1.368868868868868915e+01 1.676297093438661734e-01
1.369869869869869916e+01 1.679195789571559794e-01
1.370870870870870917e+01 1.682106439105924001e-01
1.371871871871871917e+01 1.685017088640288208e-01
1.372872872872872918e+01 1.687937358309389291e-01
1.373873873873873919e+01 1.690871825954020358e-01
1.374874874874874919e+01 1.693806293598651702e-01
1.375875875875875920e+01 1.696748257340951749e-01
1.376876876876876921e+01 1.699706689492197498e-01
1.377877877877877921e+01 1.702665121643442969e-01
1.378878878878878922e+01 1.705628898823073059e-01
1.379879879879879923e+01 1.708611440258868408e-01
1.380880880880880923e+01 1.711593981694663757e-01
1.381881881881881924e+01 1.714579690498859721e-01
1.382882882882882924e+01 1.717586484372637667e-01
1.383883883883883925e+01 1.720593278246416169e-01
1.384884884884884926e+01 1.723601035681659732e-01
1.385885885885885926e+01 1.726632223516589570e-01
1.386886886886886927e+01 1.729663411351519409e-01
1.387887887887887928e+01 1.732694599186449247e-01
1.388888888888888928e+01 1.735749054923387547e-01
1.389889889889889929e+01 1.738804776606913405e-01
1.390890890890890930e+01 1.741860498290439263e-01
1.391891891891891930e+01 1.744937371361156286e-01
1.392892892892892931e+01 1.748017765139854296e-01
1.393893893893893932e+01 1.751098158918552306e-01
1.394894894894894932e+01 1.754197561120154347e-01
1.395895895895895933e+01 1.757302763594889294e-01
1.396896896896896934e+01 1.760407966069624519e-01
1.397897897897897934e+01 1.763530008000216143e-01
1.398898898898898935e+01 1.766660154121605375e-01
1.399899899899899935e+01 1.769790300242995162e-01
1.400900900900900936e+01 1.772935091298965815e-01
1.401901901901901937e+01 1.776090314363131528e-01
1.402902902902902937e+01 1.779245537427297241e-01
1.403903903903903938e+01 1.782413185800769684e-01
1.404904904904904939e+01 1.785593617445390968e-01
1.405905905905905939e+01 1.788774049090012530e-01
1.406906906906906940e+01 1.791964661766448919e-01
1.407907907907907941e+01 1.795170431967106905e-01
1.408908908908908941e+01 1.798376202167764615e-01
1.409909909909909942e+01 1.801589884923729956e-01
1.410910910910910943e+01 1.804821121990520805e-01
1.411911911911911943e+01 1.808052359057311931e-01
1.412912912912912944e+01 1.811289216458386031e-01
1.413913913913913944e+01 1.814546047032841725e-01
1.414914914914914945e+01 1.817802877607297141e-01
1.415915915915915946e+01 1.821063013006150588e-01
1.416916916916916946e+01 1.824345562058411474e-01
1.417917917917917947e+01 1.827628111110672082e-01
1.418918918918918948e+01 1.830911626645281565e-01
1.419919919919919948e+01 1.834220017471563380e-01
1.420920920920920949e+01 1.837528408297845472e-01
1.421921921921921950e+01 1.840836799124127288e-01
1.422922922922922950e+01 1.844169759110179940e-01
1.423923923923923951e+01 1.847504113330492304e-01
1.424924924924924952e+01 1.850838467550804667e-01
1.425925925925925952e+01 1.854195128239926604e-01
1.426926926926926953e+01 1.857555565796078501e-01
1.427927927927927954e+01 1.860916003352230397e-01
1.428928928928928954e+01 1.864296461549179162e-01
1.429929929929929955e+01 1.867683100703024235e-01
1.430930930930930955e+01 1.871069739856868752e-01
1.431931931931931956e+01 1.874474091144583132e-01
1.432932932932932957e+01 1.877887048476540033e-01
1.433933933933933957e+01 1.881300005808497211e-01
1.434934934934934958e+01 1.884728344547298429e-01
1.435935935935935959e+01 1.888167734955117361e-01
1.436936936936936959e+01 1.891607125362936570e-01
1.437937937937937960e+01 1.895059544689873254e-01
1.438938938938938961e+01 1.898525481387662583e-01
1.439939939939939961e+01 1.901991418085451357e-01
1.440940940940940962e+01 1.905468009913774130e-01
1.441941941941941963e+01 1.908960604431261532e-01
1.442942942942942963e+01 1.912453198948748934e-01
1.443943943943943964e+01 1.915954053967519333e-01
1.444944944944944965e+01 1.919473416149564959e-01
1.445945945945945965e+01 1.922992778331611141e-01
1.446946946946946966e+01 1.926517986005443217e-01
1.447947947947947966e+01 1.930064224011792950e-01
1.448948948948948967e+01 1.933610462018142406e-01
1.449949949949949968e+01 1.937160110587075601e-01
1.450950950950950968e+01 1.940733330892345510e-01
1.451951951951951969e+01 1.944306551197615418e-01
1.452952952952952970e+01 1.947880727677114288e-01
1.453953953953953970e+01 1.951481035071015724e-01
1.454954954954954971e+01 1.955081342464917438e-01
1.455955955955955972e+01 1.958681649858818874e-01
1.456956956956956972e+01 1.962307630233785238e-01
1.457957957957957973e+01 1.965935127821570316e-01
1.458958958958958974e+01 1.969562625409355394e-01
1.459959959959959974e+01 1.973213405474198157e-01
1.460960960960960975e+01 1.976868194677336710e-01
1.461961961961961975e+01 1.980522983880475263e-01
1.462962962962962976e+01 1.984198645295314756e-01
1.463963963963963977e+01 1.987880825852391398e-01
1.464964964964964977e+01 1.991563006409468040e-01
1.465965965965965978e+01 1.995263629612220035e-01
1.466966966966966979e+01 1.998973299580051322e-01
1.467967967967967979e+01 2.002682969547882885e-01
1.468968968968968980e+01 2.006408633755091819e-01
1.469969969969969981e+01 2.010145889510053241e-01
1.470970970970970981e+01 2.013883145265014385e-01
1.471971971971971982e+01 2.017633928472807037e-01
1.472972972972972983e+01 2.021398864712383447e-01
1.473973973973973983e+01 2.025163800951960136e-01
1.474974974974974984e+01 2.028939779937105059e-01
1.475975975975975985e+01 2.032732489681632337e-01
1.476976976976976985e+01 2.036525199426159893e-01
1.477977977977977986e+01 2.040326449747243975e-01
1.478978978978978986e+01 2.044147024341874119e-01
1.479979979979979987e+01 2.047967598936504263e-01
1.480980980980980988e+01 2.051794194935220583e-01
1.481981981981981988e+01 2.055642724052071102e-01
1.482982982982982989e+01 2.059491253168921066e-01
1.483983983983983990e+01 2.063343267971463335e-01
1.484984984984984990e+01 2.067219839611981747e-01
1.485985985985985991e+01 2.071096411252500158e-01
1.486986986986986992e+01 2.074973916771070681e-01
1.487987987987987992e+01 2.078878617268576923e-01
1.488988988988988993e+01 2.082783317766083164e-01
1.489989989989989994e+01 2.086688018263589406e-01
1.490990990990990994e+01 2.090619298722931063e-01
1.491991991991991995e+01 2.094552212745366127e-01
1.492992992992992995e+01 2.098485126767801190e-01
1.493993993993993996e+01 2.102442121137624298e-01
1.494994994994994997e+01 2.106403331690479830e-01
1.495995995995995997e+01 2.110364542243335362e-01
1.496996996996996998e+01 2.114347317144603944e-01
1.497997997997997999e+01 2.118336905574039197e-01
1.498998998998998999e+01 2.122326494003474728e-01
1.500000000000000000e+01 2.126335114853520336e-01
