5.000000000000000000e+00 1.148285138153268617e-02
5.010010010010010006e+00 1.159048518245168850e-02
5.020020020020020013e+00 1.169811898337069257e-02
5.030030030030030019e+00 1.180575278428969664e-02
5.040040040040040026e+00 1.191338658520870071e-02
5.050050050050050032e+00 1.202193162812112762e-02
5.060060060060060039e+00 1.213067453565335428e-02
5.070070070070070045e+00 1.223941744318558095e-02
5.080080080080080052e+00 1.234895638314391364e-02
5.090090090090090058e+00 1.245877196609199503e-02
5.100100100100100065e+00 1.256858754904007468e-02
5.110110110110110071e+00 1.267908970770384273e-02
5.120120120120120077e+00 1.278994147494966725e-02
5.130130130130130084e+00 1.290079324219549350e-02
5.140140140140140090e+00 1.301222792980705548e-02
5.150150150150150097e+00 1.312407938898520546e-02
5.160160160160160103e+00 1.323593084816335370e-02
5.170170170170170110e+00 1.334826740273497778e-02
5.180180180180180116e+00 1.346108211726156946e-02
5.190190190190190123e+00 1.357389683178816114e-02
5.200200200200200129e+00 1.368710465727461696e-02
5.210210210210210136e+00 1.380084630167591891e-02
5.220220220220220142e+00 1.391458794607721740e-02
5.230230230230230148e+00 1.402863654950722676e-02
5.240240240240240155e+00 1.414326896299938213e-02
5.250250250250250161e+00 1.425790137649153751e-02
5.260260260260260168e+00 1.437276040403436331e-02
5.270270270270270174e+00 1.448824764231214715e-02
5.280280280280280181e+00 1.460373488058993099e-02
5.290290290290290187e+00 1.471937415253626869e-02
5.300300300300300194e+00 1.483568053773513980e-02
5.310310310310310200e+00 1.495198692293400917e-02
5.320320320320320207e+00 1.506837646757315345e-02
5.330330330330330213e+00 1.518546663637496651e-02
5.340340340340340219e+00 1.530255680517678130e-02
5.350350350350350226e+00 1.541966689155470534e-02
5.360360360360360232e+00 1.553750584141326552e-02
5.370370370370370239e+00 1.565534479127182396e-02
5.380380380380380245e+00 1.577318374113038588e-02
5.390390390390390252e+00 1.589169909428551561e-02
5.400400400400400258e+00 1.601025222775358248e-02
5.410410410410410265e+00 1.612880536122165628e-02
5.420420420420420271e+00 1.624794849190748861e-02
5.430430430430430278e+00 1.636718165905208869e-02
5.440440440440440284e+00 1.648641482619668877e-02
5.450450450450450290e+00 1.660615739892001494e-02
5.460460460460460297e+00 1.672603693781785084e-02
5.470470470470470303e+00 1.684591647671568673e-02
5.480480480480480310e+00 1.696623055493479484e-02
5.490490490490490316e+00 1.708672333024424672e-02
5.500500500500500323e+00 1.720721610555369860e-02
5.510510510510510329e+00 1.732807417677506220e-02
5.520520520520520336e+00 1.744914761638576006e-02
5.530530530530530342e+00 1.757022105599645792e-02
5.540540540540540349e+00 1.769159605571580390e-02
5.550550550550550355e+00 1.781321818548051855e-02
5.560560560560560361e+00 1.793484031524523667e-02
5.570570570570570368e+00 1.805670564973754430e-02
5.580580580580580374e+00 1.817884512629569516e-02
5.590590590590590381e+00 1.830098460285384254e-02
5.600600600600600387e+00 1.842331417081837994e-02
5.610610610610610394e+00 1.854594031252344843e-02
5.620620620620620400e+00 1.866856645422851346e-02
5.630630630630630407e+00 1.879133466729646443e-02
5.640640640640640413e+00 1.891441748326344249e-02
5.650650650650650419e+00 1.903750029923042056e-02
5.660660660660660426e+00 1.916068210134428892e-02
5.670670670670670432e+00 1.928419231863634162e-02
5.680680680680680439e+00 1.940770253592839778e-02
5.690690690690690445e+00 1.953127342160363572e-02
5.700700700700700452e+00 1.965518251057999169e-02
5.710710710710710458e+00 1.977909159955634766e-02
5.720720720720720465e+00 1.990302763103693126e-02
5.730730730730730471e+00 2.002730782888696021e-02
5.740740740740740478e+00 2.015158802673698568e-02
5.750750750750750484e+00 2.027586822458701116e-02
5.760760760760760490e+00 2.040049018254886867e-02
5.770770770770770497e+00 2.052511451503974751e-02
5.780780780780780503e+00 2.064973884753062636e-02
5.790790790790790510e+00 2.077465367647863409e-02
5.800800800800800516e+00 2.089959597794623092e-02
5.810810810810810523e+00 2.102453827941382428e-02
5.820820820820820529e+00 2.114972466368723880e-02
5.830830830830830536e+00 2.127495959530207800e-02
5.840840840840840542e+00 2.140019452691691720e-02
5.850850850850850549e+00 2.152563179299705337e-02
5.860860860860860555e+00 2.165113485933928966e-02
5.870870870870870561e+00 2.177663792568152942e-02
5.880880880880880568e+00 2.190230605237816416e-02
5.890890890890890574e+00 2.202805361635689491e-02
5.900900900900900581e+00 2.215380118033562912e-02
5.910910910910910587e+00 2.227968080799801187e-02
5.920920920920920594e+00 2.240565010415211666e-02
5.930930930930930600e+00 2.253161940030621799e-02
5.940940940940940607e+00 2.265769183907898054e-02
5.950950950950950613e+00 2.278386098529831122e-02
5.960960960960960620e+00 2.291003013151763842e-02
5.970970970970970626e+00 2.303627736866219189e-02
5.980980980980980632e+00 2.316262537636852234e-02
5.990990990990990639e+00 2.328897338407485279e-02
6.001001001001000645e+00 2.341537809037748039e-02
6.011011011011010652e+00 2.354188487320644368e-02
6.021021021021020658e+00 2.366839165603540698e-02
6.031031031031030665e+00 2.379493719132384083e-02
6.041041041041040671e+00 2.392158357234974372e-02
6.051051051051050678e+00 2.404822995337564662e-02
6.061061061061060684e+00 2.417490037116618376e-02
6.071071071071070691e+00 2.430166808871219233e-02
6.081081081081080697e+00 2.442843580625819744e-02
6.091091091091090703e+00 2.455521585755564284e-02
6.101101101101100710e+00 2.468208756963318970e-02
6.111111111111110716e+00 2.480895928171073309e-02
6.121121121121120723e+00 2.493583441798420675e-02
6.131131131131130729e+00 2.506279370540522369e-02
6.141141141141140736e+00 2.518975299282624064e-02
6.151151151151150742e+00 2.531671228024725759e-02
6.161161161161160749e+00 2.544374073639014966e-02
6.171171171171170755e+00 2.557077210459678465e-02
6.181181181181180762e+00 2.569780347280341964e-02
6.191191191191190768e+00 2.582488545683728903e-02
6.201201201201200774e+00 2.595197433649402627e-02
6.211211211211210781e+00 2.607906321615076350e-02
6.221221221221220787e+00 2.620618721551640912e-02
6.231231231231230794e+00 2.633331996190922675e-02
6.241241241241240800e+00 2.646045270830205132e-02
6.251251251251250807e+00 2.658760791327901413e-02
6.261261261261260813e+00 2.671477180456733116e-02
6.271271271271270820e+00 2.684193569585564820e-02
6.281281281281280826e+00 2.696911199766264394e-02
6.291291291291290833e+00 2.709629523202869081e-02
6.301301301301300839e+00 2.722347846639474461e-02
6.311311311311310845e+00 2.735066645465137128e-02
6.321321321321320852e+00 2.747785814639257598e-02
6.331331331331330858e+00 2.760504983813378416e-02
6.341341341341340865e+00 2.773224079770700637e-02
6.351351351351350871e+00 2.785943097231604812e-02
6.361361361361360878e+00 2.798662114692508640e-02
6.371371371371370884e+00 2.811380705418398823e-02
6.381381381381380891e+00 2.824098664246175658e-02
6.391391391391390897e+00 2.836816623073952146e-02
6.401401401401400904e+00 2.849533974924163549e-02
6.411411411411410910e+00 2.862250058048709800e-02
6.421421421421420916e+00 2.874966141173255704e-02
6.431431431431430923e+00 2.887681588736486921e-02
6.441441441441440929e+00 2.900395068168634682e-02
6.451451451451450936e+00 2.913108547600782444e-02
6.461461461461460942e+00 2.925821493160567568e-02
6.471471471471470949e+00 2.938531729139722340e-02
6.481481481481480955e+00 2.951241965118877458e-02
6.491491491491490962e+00 2.963951878065531828e-02
6.501501501501500968e+00 2.976658318128113170e-02
6.511511511511510975e+00 2.989364758190694513e-02
6.521521521521520981e+00 3.002071174385573943e-02
6.531531531531530987e+00 3.014773352358561878e-02
6.541541541541540994e+00 3.027475530331549813e-02
6.551551551551551000e+00 3.040177708304537402e-02
6.561561561561561007e+00 3.052875586349648382e-02
6.571571571571571013e+00 3.065573121273422116e-02
6.581581581581581020e+00 3.078270656197195504e-02
6.591591591591591026e+00 3.090964008968484847e-02
6.601601601601601033e+00 3.103656603953108481e-02
6.611611611611611927e+00 3.116349198937733156e-02
6.621621621621621934e+00 3.129037840315335162e-02
6.631631631631631940e+00 3.141725281334345476e-02
6.641641641641641947e+00 3.154412722353355791e-02
6.651651651651651953e+00 3.167096528448340442e-02
6.661661661661661959e+00 3.179778683074060974e-02
6.671671671671671966e+00 3.192460837699781506e-02
6.681681681681681972e+00 3.205139745958460185e-02
6.691691691691691979e+00 3.217816562042754430e-02
6.701701701701701985e+00 3.230493378127048676e-02
6.711711711711711992e+00 3.243167386404426089e-02
6.721721721721721998e+00 3.255838890708705191e-02
6.731731731731732005e+00 3.268510395012983599e-02
6.741741741741742011e+00 3.281179560617346336e-02
6.751751751751752018e+00 3.293845857395649723e-02
6.761761761761762024e+00 3.306512154173953111e-02
6.771771771771772030e+00 3.319176592884521410e-02
6.781781781781782037e+00 3.331837862423283475e-02
6.791791791791792043e+00 3.344499131962045541e-02
6.801801801801802050e+00 3.357159017021579817e-02
6.811811811811812056e+00 3.369815514139701262e-02
6.821821821821822063e+00 3.382472011257822014e-02
6.831831831831832069e+00 3.395127572342042377e-02
6.841841841841842076e+00 3.407779624854744699e-02
6.851851851851852082e+00 3.420431677367447715e-02
6.861861861861862089e+00 3.433083199533081692e-02
6.871871871871872095e+00 3.445731206682945552e-02
6.881881881881882101e+00 3.458379213832808718e-02
6.891891891891892108e+00 3.471027036446037994e-02
6.901901901901902114e+00 3.483671467304544356e-02
6.911911911911912121e+00 3.496315898163050023e-02
6.921921921921922127e+00 3.508960329021556385e-02
6.931931931931932134e+00 3.521601805652863071e-02
6.941941941941942140e+00 3.534243197495630373e-02
6.951951951951952147e+00 3.546884589338399063e-02
6.961961961961962153e+00 3.559523807535984463e-02
6.971971971971972160e+00 3.572162764194815321e-02
6.981981981981982166e+00 3.584801720853646873e-02
6.991991991991992172e+00 3.597439241200554860e-02
7.002002002002002179e+00 3.610076431395331520e-02
7.012012012012012185e+00 3.622713621590106792e-02
7.022022022022022192e+00 3.635350052845264662e-02
7.032032032032032198e+00 3.647986208498575633e-02
7.042042042042042205e+00 3.660622364151886604e-02
7.052052052052052211e+00 3.673258362091250118e-02
7.062062062062062218e+00 3.685894276628604721e-02
7.072072072072072224e+00 3.698530191165958630e-02
7.082082082082082231e+00 3.711166457416522485e-02
7.092092092092092237e+00 3.723802984054832427e-02
7.102102102102102243e+00 3.736439510693141675e-02
7.112112112112112250e+00 3.749076791561190003e-02
7.122122122122122256e+00 3.761714841588184588e-02
7.132132132132132263e+00 3.774352891615179173e-02
7.142142142142142269e+00 3.786991976910111801e-02
7.152152152152152276e+00 3.799632517957168137e-02
7.162162162162162282e+00 3.812273059004225861e-02
7.172172172172172289e+00 3.824914780859240554e-02
7.182182182182182295e+00 3.837558835170081645e-02
7.192192192192192302e+00 3.850202889480922042e-02
7.202202202202202308e+00 3.862848121171801735e-02
7.212212212212212314e+00 3.875496763869382827e-02
7.222222222222222321e+00 3.888145406566963225e-02
7.232232232232232327e+00 3.900795061330159658e-02
7.242242242242242334e+00 3.913449418683953573e-02
7.252252252252252340e+00 3.926103776037747489e-02
7.262262262262262347e+00 3.938758805888926962e-02
7.272272272272272353e+00 3.951420053584784459e-02
7.282282282282282360e+00 3.964081301280642650e-02
7.292292292292292366e+00 3.976742695834808994e-02
7.302302302302302373e+00 3.989412057249375199e-02
7.312312312312312379e+00 4.002081418663941403e-02
7.322322322322322385e+00 4.014750780078506914e-02
7.332332332332332392e+00 4.027428948439873424e-02
7.342342342342342398e+00 4.040107692921561522e-02
7.352352352352352405e+00 4.052786437403250314e-02
7.362362362362362411e+00 4.065474371399840220e-02
7.372372372372372418e+00 4.078163812558169288e-02
7.382382382382382424e+00 4.090853253716497662e-02
7.392392392392392431e+00 4.103552091274158958e-02
7.402402402402402437e+00 4.116253585279245480e-02
7.412412412412412444e+00 4.128955079284332697e-02
7.422422422422422450e+00 4.141665989556546357e-02
7.432432432432432456e+00 4.154380933450401575e-02
7.442442442442442463e+00 4.167095877344256794e-02
7.452452452452452469e+00 4.179820059568742363e-02
7.462462462462462476e+00 4.192549889589941570e-02
7.472472472472472482e+00 4.205279719611142164e-02
7.482482482482482489e+00 4.218018401975350690e-02
7.492492492492492495e+00 4.230764591898619753e-02
7.502502502502502502e+00 4.243510781821888123e-02
7.512512512512512508e+00 4.256265220338109612e-02
7.522522522522522515e+00 4.269029279830165863e-02
7.532532532532532521e+00 4.281793339322221420e-02
7.542542542542542527e+00 4.294564816712995864e-02
7.552552552552552534e+00 4.307348289706014466e-02
7.562562562562562540e+00 4.320131762699033068e-02
7.572572572572572547e+00 4.332921587293565163e-02
7.582582582582582553e+00 4.345726050377506783e-02
7.592592592592592560e+00 4.358530513461449096e-02
7.602602602602602566e+00 4.371340018103635899e-02
7.612612612612612573e+00 4.384167078938568107e-02
7.622622622622622579e+00 4.396994139773498927e-02
7.632632632632632586e+00 4.409824680742164410e-02
7.642642642642642592e+00 4.422675976491678707e-02
7.652652652652652598e+00 4.435527272241192309e-02
7.662662662662662605e+00 4.448380228183092949e-02
7.672672672672672611e+00 4.461257423969848535e-02
7.682682682682682618e+00 4.474134619756602732e-02
7.692692692692692624e+00 4.487011815543358317e-02
7.702702702702702631e+00 4.499916178016999391e-02
7.712712712712712637e+00 4.512820965401242307e-02
7.722722722722722644e+00 4.525725752785485223e-02
7.732732732732732650e+00 4.538657066929043665e-02
7.742742742742742657e+00 4.551591162411083857e-02
7.752752752752752663e+00 4.564525257893122662e-02
7.762762762762762669e+00 4.577484986657837096e-02
7.772772772772772676e+00 4.590450130205131485e-02
7.782782782782782682e+00 4.603415273752427261e-02
7.792792792792792689e+00 4.616404896879810343e-02
7.802802802802802695e+00 4.629402850479496373e-02
7.812812812812812702e+00 4.642400804079182403e-02
7.822822822822822708e+00 4.655421817131193823e-02
7.832832832832832715e+00 4.668454363368631371e-02
7.842842842842842721e+00 4.681486909606068919e-02
7.852852852852852727e+00 4.694540823011326969e-02
7.862862862862862734e+00 4.707609763675302955e-02
7.872872872872872740e+00 4.720678704339278942e-02
7.882882882882882747e+00 4.733767042455595125e-02
7.892892892892892753e+00 4.746874197170674464e-02
7.902902902902902760e+00 4.759981351885753803e-02
7.912912912912912766e+00 4.773105652079228517e-02
7.922922922922922773e+00 4.786252856965751007e-02
7.932932932932932779e+00 4.799400061852273497e-02
7.942942942942942786e+00 4.812561873593181050e-02
7.952952952952952792e+00 4.825750979955278214e-02
7.962962962962962798e+00 4.838940086317374684e-02
7.972972972972972805e+00 4.852140970293036815e-02
7.982982982982982811e+00 4.865373843335051712e-02
7.992992992992992818e+00 4.878606716377065916e-02
8.003003003003001936e+00 4.891848243621887277e-02
8.013013013013011943e+00 4.905126761193483176e-02
8.023023023023021949e+00 4.918405278765077687e-02
8.033033033033031955e+00 4.931689029807899416e-02
8.043043043043041962e+00 4.945015081178100874e-02
8.053053053053051968e+00 4.958341132548302332e-02
8.063063063063061975e+00 4.971668696577184743e-02
8.073073073073071981e+00 4.985044181237568983e-02
8.083083083083081988e+00 4.998419665897953917e-02
8.093093093093091994e+00 5.011795150558338852e-02
8.103103103103102001e+00 5.025219466439671823e-02
8.113113113113112007e+00 5.038646292936821425e-02
8.123123123123122014e+00 5.052073119433972415e-02
8.133133133133132020e+00 5.065546365865586376e-02
8.143143143143142026e+00 5.079026450662948305e-02
8.153153153153152033e+00 5.092506535460310235e-02
8.163163163163162039e+00 5.106030329580725502e-02
8.173173173173172046e+00 5.119565595949925746e-02
8.183183183183182052e+00 5.133100862319126684e-02
8.193193193193192059e+00 5.146676825682229561e-02
8.203203203203202065e+00 5.160269202623845447e-02
8.213213213213213848e+00 5.173861579565462721e-02
8.223223223223223854e+00 5.187491337423135590e-02
8.233233233233233861e+00 5.201142758616932732e-02
8.243243243243243867e+00 5.214794179810731262e-02
8.253253253253253874e+00 5.228479360413172683e-02
8.263263263263263880e+00 5.242191763197728144e-02
8.273273273273273887e+00 5.255904165982284298e-02
8.283283283283283893e+00 5.269646399896011496e-02
8.293293293293293900e+00 5.283421724277637815e-02
8.303303303303303906e+00 5.297197048659264829e-02
8.313313313313313913e+00 5.310997968102711131e-02
8.323323323323323919e+00 5.324838155793561872e-02
8.333333333333333925e+00 5.338678343484413308e-02
8.343343343343343932e+00 5.352539581681058783e-02
8.353353353353353938e+00 5.366446575166244903e-02
8.363363363363363945e+00 5.380353568651430329e-02
8.373373373373373951e+00 5.394276759200365701e-02
8.383383383383383958e+00 5.408252500833894000e-02
8.393393393393393964e+00 5.422228242467421605e-02
8.403403403403403971e+00 5.436215018731242049e-02
8.413413413413413977e+00 5.450261449860560603e-02
8.423423423423423984e+00 5.464307880989878463e-02
8.433433433433433990e+00 5.478359875499801135e-02
8.443443443443443996e+00 5.492478935618719943e-02
8.453453453453454003e+00 5.506597995737638751e-02
8.463463463463464009e+00 5.520717055856558253e-02
8.473473473473474016e+00 5.534910465545404140e-02
8.483483483483484022e+00 5.549104091475100947e-02
8.493493493493494029e+00 5.563297717404797754e-02
8.503503503503504035e+00 5.577561538971159694e-02
8.513513513513514042e+00 5.591831664068974694e-02
8.523523523523524048e+00 5.606101789166789695e-02
8.533533533533534055e+00 5.620437645021091055e-02
8.543543543543544061e+00 5.634786198416825292e-02
8.553553553553554067e+00 5.649134751812560223e-02
8.563563563563564074e+00 5.663544260587194401e-02
8.573573573573574080e+00 5.677973166446546177e-02
8.583583583583584087e+00 5.692402072305898647e-02
8.593593593593594093e+00 5.706886848371091336e-02
8.603603603603604100e+00 5.721398025185884390e-02
8.613613613613614106e+00 5.735909202000678137e-02
8.623623623623624113e+00 5.750470854996263259e-02
8.633633633633634119e+00 5.765066214901101022e-02
8.643643643643644126e+00 5.779661574805940172e-02
8.653653653653654132e+00 5.794301709188860033e-02
8.663663663663664138e+00 5.808983157303814621e-02
8.673673673673674145e+00 5.823664605418769902e-02
8.683683683683684151e+00 5.838384820026082389e-02
8.693693693693694158e+00 5.853154253825010311e-02
8.703703703703704164e+00 5.867923687623938234e-02
8.713713713713714171e+00 5.882725575251113864e-02
8.723723723723724177e+00 5.897584883955189067e-02
8.733733733733734184e+00 5.912444192659262882e-02
8.743743743743744190e+00 5.927329339653549661e-02
8.753753753753754197e+00 5.942280403649571885e-02
8.763763763763764203e+00 5.957231467645595496e-02
8.773773773773774209e+00 5.972201453514230235e-02
8.783783783783784216e+00 5.987246143797304160e-02
8.793793793793794222e+00 6.002290834080376697e-02
8.803803803803804229e+00 6.017347231113419348e-02
8.813813813813814235e+00 6.032487408753502145e-02
8.823823823823824242e+00 6.047627586393583554e-02
8.833833833833834248e+00 6.062771959301112984e-02
8.843843843843844255e+00 6.078009474933024348e-02
8.853853853853854261e+00 6.093246990564937099e-02
8.863863863863864268e+00 6.108484506196848463e-02
8.873873873873874274e+00 6.123817589464800037e-02
8.883883883883884280e+00 6.139154282801194407e-02
8.893893893893894287e+00 6.154490976137589470e-02
8.903903903903904293e+00 6.169916968905512361e-02
8.913913913913914300e+00 6.185354668272366463e-02
8.923923923923924306e+00 6.200792367639220565e-02
8.933933933933934313e+00 6.216312798011505020e-02
8.943943943943944319e+00 6.231853319905616972e-02
8.953953953953954326e+00 6.247393841799728231e-02
8.963963963963964332e+00 6.263010228567619797e-02
8.973973973973974338e+00 6.278655377235667356e-02
8.983983983983984345e+00 6.294300525903714916e-02
8.993993993993994351e+00 6.310014378271830426e-02
9.004004004004004358e+00 6.325765945310492244e-02
9.014014014014014364e+00 6.341517512349155450e-02
9.024024024024024371e+00 6.357330329674404368e-02
9.034034034034034377e+00 6.373190093651037724e-02
9.044044044044044384e+00 6.389049857627671081e-02
9.054054054054054390e+00 6.404963129170340719e-02
9.064064064064064397e+00 6.420932855263772332e-02
9.074074074074074403e+00 6.436902581357203945e-02
9.084084084084084409e+00 6.452917786043946280e-02
9.094094094094094416e+00 6.468999225704830103e-02
9.104104104104104422e+00 6.485080665365713926e-02
9.114114114114114429e+00 6.501199271564177262e-02
9.124124124124124435e+00 6.517394162194473095e-02
9.134134134134134442e+00 6.533589052824771704e-02
9.144144144144144448e+00 6.549812518129621841e-02
9.154154154154154455e+00 6.566122582780686834e-02
9.164164164164164461e+00 6.582432647431754602e-02
9.174174174174174468e+00 6.598762418461825985e-02
9.184184184184184474e+00 6.615189365550643019e-02
9.194194194194194480e+00 6.631616312639458666e-02
9.204204204204204487e+00 6.648053824845792659e-02
9.214214214214214493e+00 6.664599347888798542e-02
9.224224224224224500e+00 6.681144870931805813e-02
9.234234234234234506e+00 6.697691548416294383e-02
9.244244244244244513e+00 6.714357325780430374e-02
9.254254254254254519e+00 6.731023103144566366e-02
9.264264264264264526e+00 6.747688880508703746e-02
9.274274274274274532e+00 6.764468053159364280e-02
9.284284284284284539e+00 6.781255747829732783e-02
9.294294294294294545e+00 6.798043442500099898e-02
9.304304304304304551e+00 6.814936241298674702e-02
9.314314314314314558e+00 6.831847500662444062e-02
9.324324324324324564e+00 6.848758760026214809e-02
9.334334334334334571e+00 6.865766558243210915e-02
9.344344344344344577e+00 6.882803013889211841e-02
9.354354354354354584e+00 6.899839469535212766e-02
9.364364364364364590e+00 6.916963628282676857e-02
9.374374374374374597e+00 6.934126895816279668e-02
9.384384384384384603e+00 6.951290163349879703e-02
9.394394394394394610e+00 6.968532031464173826e-02
9.404404404404404616e+00 6.985823710336923342e-02
9.414414414414414622e+00 7.003115389209672859e-02
9.424424424424424629e+00 7.020476303142933472e-02
9.434434434434434635e+00 7.037897976496554353e-02
9.444444444444444642e+00 7.055319649850173847e-02
9.454454454454454648e+00 7.072800933570205784e-02
9.464464464464464655e+00 7.090354168094449572e-02
9.474474474474474661e+00 7.107907402618694748e-02
9.484484484484484668e+00 7.125510367517039201e-02
9.494494494494494674e+00 7.143196713320994207e-02
9.504504504504504681e+00 7.160883059124950600e-02
9.514514514514514687e+00 7.178609003932942545e-02
9.524524524524524693e+00 7.196429994429306976e-02
9.534534534534534700e+00 7.214250984925671406e-02
9.544544544544544706e+00 7.232101195638213076e-02
9.554554554554554713e+00 7.250058347440158091e-02
9.564564564564564719e+00 7.268015499242104493e-02
9.574574574574574726e+00 7.285991249048957841e-02
9.584584584584584732e+00 7.304086061879097591e-02
9.594594594594594739e+00 7.322180874709237342e-02
9.604604604604604745e+00 7.340283423933599560e-02
9.614614614614614752e+00 7.358517380544682407e-02
9.624624624624624758e+00 7.376751337155765254e-02
9.634634634634634764e+00 7.394985293766848100e-02
9.644644644644644771e+00 7.413356499306796021e-02
9.654654654654654777e+00 7.431731065413695048e-02
9.664664664664664784e+00 7.450105631520592686e-02
9.674674674674674790e+00 7.468607566934036546e-02
9.684684684684684797e+00 7.487124191156643849e-02
9.694694694694694803e+00 7.505640815379251152e-02
9.704704704704704810e+00 7.524274684949121272e-02
9.714714714714714816e+00 7.542934798765735249e-02
9.724724724724724823e+00 7.561594912582347838e-02
9.734734734734734829e+00 7.580361907511327935e-02
9.744744744744744835e+00 7.599166925222146374e-02
9.754754754754754842e+00 7.617971942932967588e-02
9.764764764764764848e+00 7.636873241325010941e-02
9.774774774774774855e+00 7.655824560025378811e-02
9.784784784784784861e+00 7.674775878725749456e-02
9.794794794794794868e+00 7.693812645573232245e-02
9.804804804804804874e+00 7.712911645136223682e-02
9.814814814814814881e+00 7.732010644699216506e-02
9.824824824824824887e+00 7.751184031875565927e-02
9.834834834834834894e+00 7.770432074943582623e-02
9.844844844844844900e+00 7.789680118011597931e-02
9.854854854854854906e+00 7.808991264269174448e-02
9.864864864864864913e+00 7.828389696254162144e-02
9.874874874874874919e+00 7.847788128239147065e-02
9.884884884884884926e+00 7.867238159212226745e-02
9.894894894894894932e+00 7.886788308304219786e-02
9.904904904904904939e+00 7.906338457396214214e-02
9.914914914914914945e+00 7.925928485608879637e-02
9.924924924924924952e+00 7.945631662792476679e-02
9.934934934934934958e+00 7.965334839976073722e-02
9.944944944944944965e+00 7.985065964854830278e-02
9.954954954954954971e+00 8.004923463933295846e-02
9.964964964964964977e+00 8.024780963011760027e-02
9.974974974974974984e+00 8.044654270902724946e-02
9.984984984984984990e+00 8.064667368529425395e-02
9.994994994994994997e+00 8.084680466156125844e-02
1.000500500500500500e+01 8.104697030346616482e-02
1.001501501501501501e+01 8.124866986063403185e-02
1.002502502502502502e+01 8.145036941780189887e-02
1.003503503503503502e+01 8.165206897496975202e-02
1.004504504504504503e+01 8.185525878806844402e-02
1.005505505505505504e+01 8.205853935089173212e-02
1.006506506506506504e+01 8.226181991371503410e-02
1.007507507507507505e+01 8.246647561946952865e-02
1.008508508508508505e+01 8.267134944255373485e-02
1.009509509509509506e+01 8.287622326563792718e-02
1.010510510510510507e+01 8.308235503729387295e-02
1.011511511511511507e+01 8.328883420567126383e-02
1.012512512512512508e+01 8.349531337404865472e-02
1.013513513513513509e+01 8.370293125616841412e-02
1.014514514514514509e+01 8.391102768593251826e-02
1.015515515515515510e+01 8.411912411569662240e-02
1.016516516516516511e+01 8.432823802462645346e-02
1.017517517517517511e+01 8.453796346362166259e-02
1.018518518518518512e+01 8.474768890261688559e-02
1.019519519519519513e+01 8.495830862698638963e-02
1.020520520520520513e+01 8.516967465555101702e-02
1.021521521521521514e+01 8.538104068411565828e-02
1.022522522522522515e+01 8.559317588536774490e-02
1.023523523523523515e+01 8.580619391712708544e-02
1.024524524524524516e+01 8.601921194888641209e-02
1.025525525525525516e+01 8.623287216183683768e-02
1.026526526526526517e+01 8.644755344454427282e-02
1.027527527527527518e+01 8.666223472725173571e-02
1.028528528528528518e+01 8.687742936067664734e-02
1.029529529529529519e+01 8.709378497710058842e-02
1.030530530530530520e+01 8.731014059352452950e-02
1.031531531531531520e+01 8.752687893077527870e-02
1.032532532532532521e+01 8.774491979962913135e-02
1.033533533533533522e+01 8.796296066848295625e-02
1.034534534534534522e+01 8.818125186812630911e-02
1.035535535535535523e+01 8.840098874503934945e-02
1.036536536536536524e+01 8.862072562195237591e-02
1.037537537537537524e+01 8.884057871843535625e-02
1.038538538538538525e+01 8.906202219696300604e-02
1.039539539539539525e+01 8.928346567549066970e-02
1.040540540540540526e+01 8.950490915401833336e-02
1.041541541541541527e+01 8.972805009249966435e-02
1.042542542542542527e+01 8.995121060517022316e-02
1.043543543543543528e+01 9.017437111784078196e-02
1.044544544544544529e+01 9.039910192505570818e-02
1.045545545545545529e+01 9.062398974445201594e-02
1.046546546546546530e+01 9.084887756384832369e-02
1.047547547547547531e+01 9.107520674727294374e-02
1.048548548548548531e+01 9.130183198714698911e-02
1.049549549549549532e+01 9.152845722702102060e-02
1.050550550550550533e+01 9.175639317404106488e-02
1.051551551551551533e+01 9.198476579045958279e-02
1.052552552552552534e+01 9.221313840687810071e-02
1.053553553553553535e+01 9.244268938559006832e-02
1.054554554554554535e+01 9.267281917810975267e-02
1.055555555555555536e+01 9.290294897062945090e-02
1.056556556556556536e+01 9.313412313065796977e-02
1.057557557557557537e+01 9.336601974352759514e-02
1.058558558558558538e+01 9.359791635639722052e-02
1.059559559559559538e+01 9.383072172972863056e-02
1.060560560560560539e+01 9.406439465311780546e-02
1.061561561561561540e+01 9.429806757650698035e-02
1.062562562562562540e+01 9.453251207833762715e-02
1.063563563563563541e+01 9.476797064958951411e-02
1.064564564564564542e+01 9.500342922084138719e-02
1.065565565565565542e+01 9.523952065044002935e-02
1.066566566566566543e+01 9.547677405534693573e-02
1.067567567567567544e+01 9.571402746025384212e-02
1.068568568568568544e+01 9.595177350183745069e-02
1.069569569569569545e+01 9.619083077593774955e-02
1.070570570570570545e+01 9.642988805003804842e-02
1.071571571571571546e+01 9.666929627366022126e-02
1.072572572572572547e+01 9.691016630355529793e-02
1.073573573573573547e+01 9.715103633345038847e-02
1.074574574574574548e+01 9.739211419590157459e-02
1.075575575575575549e+01 9.763480572059171636e-02
1.076576576576576549e+01 9.787749724528185813e-02
1.077577577577577550e+01 9.812025209100110057e-02
1.078578578578578551e+01 9.836477370323799818e-02
1.079579579579579551e+01 9.860929531547492355e-02
1.080580580580580552e+01 9.885381692771182116e-02
1.081581581581581553e+01 9.910009452512749673e-02
1.082582582582582553e+01 9.934645467278345465e-02
1.083583583583583554e+01 9.959281482043944034e-02
1.084584584584584555e+01 9.984079206102117188e-02
1.085585585585585555e+01 1.000889990484735703e-01
1.086586586586586556e+01 1.003372060359259826e-01
1.087587587587587556e+01 1.005868897905311254e-01
1.088588588588588557e+01 1.008369517800595944e-01
1.089589589589589558e+01 1.010870137695880494e-01
1.090590590590590558e+01 1.013384108018778873e-01
1.091591591591591559e+01 1.015903358150755803e-01
1.092592592592592560e+01 1.018422608282732733e-01
1.093593593593593560e+01 1.020953777956824376e-01
1.094594594594594561e+01 1.023491737148783526e-01
1.095595595595595562e+01 1.026029696340742814e-01
1.096596596596596562e+01 1.028578130887868591e-01
1.097597597597597563e+01 1.031134876584789417e-01
1.098598598598598564e+01 1.033691622281710104e-01
1.099599599599599564e+01 1.036257386181028139e-01
1.100600600600600565e+01 1.038832994464012893e-01
1.101601601601601566e+01 1.041408602746997647e-01
1.102602602602602566e+01 1.043991759444862083e-01
1.103603603603603567e+01 1.046586305045658222e-01
1.104604604604604567e+01 1.049180850646454222e-01
1.105605605605605568e+01 1.051781462566344638e-01
1.106606606606606569e+01 1.054395018881945367e-01
1.107607607607607569e+01 1.057008575197546235e-01
1.108608608608608570e+01 1.059626703750044530e-01
1.109609609609609571e+01 1.062259342857371086e-01
1.110610610610610571e+01 1.064891981964697781e-01
1.111611611611611572e+01 1.067527687557511124e-01
1.112612612612612573e+01 1.070179480228152930e-01
1.113613613613613573e+01 1.072831272898794597e-01
1.114614614614614574e+01 1.075484614946813217e-01
1.115615615615615575e+01 1.078155630661832703e-01
1.116616616616616575e+01 1.080826646376852190e-01
1.117617617617617576e+01 1.083497683312246163e-01
1.118618618618618576e+01 1.086187990277036747e-01
1.119619619619619577e+01 1.088878297241827053e-01
1.120620620620620578e+01 1.091568604206617499e-01
1.121621621621621578e+01 1.094276751683362636e-01
1.122622622622622579e+01 1.096986416842548467e-01
1.123623623623623580e+01 1.099696082001734299e-01
1.124624624624624580e+01 1.102422104021379273e-01
1.125625625625625581e+01 1.105151193073759530e-01
1.126626626626626582e+01 1.107880282126139787e-01
1.127627627627627582e+01 1.110624233002730638e-01
1.128628628628628583e+01 1.113372810416257686e-01
1.129629629629629584e+01 1.116121387829784595e-01
1.130630630630630584e+01 1.118883320950328081e-01
1.131631631631631585e+01 1.121651449977113107e-01
1.132632632632632586e+01 1.124419579003898273e-01
1.133633633633633586e+01 1.127199546838611316e-01
1.134634634634634587e+01 1.129987289529955641e-01
1.135635635635635587e+01 1.132775032221299966e-01
1.136636636636636588e+01 1.135573086333870885e-01
1.137637637637637589e+01 1.138380503555317530e-01
1.138638638638638589e+01 1.141187920776764037e-01
1.139639639639639590e+01 1.144004111834624610e-01
1.140640640640640591e+01 1.146831263281024166e-01
1.141641641641641769e+01 1.149658414727424138e-01
1.142642642642642770e+01 1.152492792512027492e-01
1.143643643643643770e+01 1.155339736722611893e-01
1.144644644644644771e+01 1.158186680933196155e-01
1.145645645645645772e+01 1.161039294350300483e-01
1.146646646646646772e+01 1.163906088723769827e-01
1.147647647647647773e+01 1.166772883097239033e-01
1.148648648648648773e+01 1.169643780187196447e-01
1.149649649649649774e+01 1.172530480996804014e-01
1.150650650650650775e+01 1.175417181806411721e-01
1.151651651651651775e+01 1.178306409754456829e-01
1.152652652652652776e+01 1.181213072163096595e-01
1.153653653653653777e+01 1.184119734571736360e-01
1.154654654654654777e+01 1.187027339718275259e-01
1.155655655655655778e+01 1.189954017793561358e-01
1.156656656656656779e+01 1.192880695868847457e-01
1.157657657657657779e+01 1.195807373944133695e-01
1.158658658658658780e+01 1.198753470449090697e-01
1.159659659659659781e+01 1.201700217178439389e-01
1.160660660660660781e+01 1.204646963907787943e-01
1.161661661661661782e+01 1.207611579720986178e-01
1.162662662662662783e+01 1.210578447026677135e-01
1.163663663663663783e+01 1.213545314332368230e-01
1.164664664664664784e+01 1.216528492271352208e-01
1.165665665665665784e+01 1.219515531025587574e-01
1.166666666666666785e+01 1.222502569779822940e-01
1.167667667667667786e+01 1.225504351873467068e-01
1.168668668668668786e+01 1.228511611913408602e-01
1.169669669669669787e+01 1.231518871953350414e-01
1.170670670670670788e+01 1.234539299452106914e-01
1.171671671671671788e+01 1.237566829594903689e-01
1.172672672672672789e+01 1.240594359737700464e-01
1.173673673673673790e+01 1.243633473123833683e-01
1.174674674674674790e+01 1.246681321181621477e-01
1.175675675675675791e+01 1.249729169239409271e-01
1.176676676676676792e+01 1.252787008237219168e-01
1.177677677677677792e+01 1.255855221032108893e-01
1.178678678678678793e+01 1.258923433826998062e-01
1.179679679679679793e+01 1.262000037413029685e-01
1.180680680680680794e+01 1.265088660792065001e-01
1.181681681681681795e+01 1.268177284171100316e-01
1.182682682682682795e+01 1.271272690584339393e-01
1.183683683683683796e+01 1.274381769434434764e-01
1.184684684684684797e+01 1.277490848284530134e-01
1.185685685685685797e+01 1.280605095036581320e-01
1.186686686686686798e+01 1.283734673299431750e-01
1.187687687687687799e+01 1.286864251562282457e-01
1.188688688688688799e+01 1.289997375447535510e-01
1.189689689689689800e+01 1.293147496134499919e-01
1.190690690690690801e+01 1.296297616821464327e-01
1.191691691691691801e+01 1.299449653927239601e-01
1.192692692692692802e+01 1.302620359134193384e-01
1.193693693693693803e+01 1.305791064341146890e-01
1.194694694694694803e+01 1.308962050057827509e-01
1.195695695695695804e+01 1.312153380979987349e-01
1.196696696696696804e+01 1.315344711902147468e-01
1.197697697697697805e+01 1.318536042824307586e-01
1.198698698698698806e+01 1.321746677880001608e-01
1.199699699699699806e+01 1.324958674826713645e-01
1.200700700700700807e+01 1.328170671773425682e-01
1.201701701701701808e+01 1.331400363608643000e-01
1.202702702702702808e+01 1.334633066018150738e-01
1.203703703703703809e+01 1.337865768427658475e-01
1.204704704704704810e+01 1.341114549546175150e-01
1.205705705705705810e+01 1.344367996000334353e-01
1.206706706706706811e+01 1.347621442454493002e-01
1.207707707707707812e+01 1.350889344718173568e-01
1.208708708708708812e+01 1.354163572957153006e-01
1.209709709709709813e+01 1.357437801196132721e-01
1.210710710710710813e+01 1.360724855834921365e-01
1.211711711711711814e+01 1.364019902771854142e-01
1.212712712712712815e+01 1.367314949708786920e-01
1.213713713713713815e+01 1.370621187330688662e-01
1.214714714714714816e+01 1.373937089066295525e-01
1.215715715715715817e+01 1.377252990801902666e-01
1.216716716716716817e+01 1.380578441402931789e-01
1.217717717717717818e+01 1.383915233240096965e-01
1.218718718718718819e+01 1.387252025077261863e-01
1.219719719719719819e+01 1.390596718051378133e-01
1.220720720720720820e+01 1.393954434509706020e-01
1.221721721721721821e+01 1.397312150968033906e-01
1.222722722722722821e+01 1.400676115117050202e-01
1.223723723723723822e+01 1.404054789947360438e-01
1.224724724724724823e+01 1.407433464777670951e-01
1.225725725725725823e+01 1.410816728321134528e-01
1.226726726726726824e+01 1.414216394519939857e-01
1.227727727727727824e+01 1.417616060718745463e-01
1.228728728728728825e+01 1.421018651303805613e-01
1.229729729729729826e+01 1.424439341127736458e-01
1.230730730730730826e+01 1.427860030951666748e-01
1.231731731731731827e+01 1.431281975662909989e-01
1.232732732732732828e+01 1.434723720643099332e-01
1.233733733733733828e+01 1.438165465623288397e-01
1.234734734734734829e+01 1.441607210603477740e-01
1.235735735735735830e+01 1.445069621948988636e-01
1.236736736736736830e+01 1.448532452905426926e-01
1.237737737737737831e+01 1.451995283861865216e-01
1.238738738738738832e+01 1.455477131977421790e-01
1.239739739739739832e+01 1.458961079033258557e-01
1.240740740740740833e+01 1.462445026089095046e-01
1.241741741741741833e+01 1.465946335747805862e-01
1.242742742742742834e+01 1.469451428343618027e-01
1.243743743743743835e+01 1.472956520939430469e-01
1.244744744744744835e+01 1.476477316405170326e-01
1.245745745745745836e+01 1.480003583313182769e-01
1.246746746746746837e+01 1.483529850221195212e-01
1.247747747747747837e+01 1.487070155258279069e-01
1.248748748748748838e+01 1.490617624596545787e-01
1.249749749749749839e+01 1.494165093934812505e-01
1.250750750750750839e+01 1.497724931817640548e-01
1.251751751751751840e+01 1.501293631064183065e-01
1.252752752752752841e+01 1.504862330310725582e-01
1.253753753753753841e+01 1.508441723833404136e-01
1.254754754754754842e+01 1.512031679840304954e-01
1.255755755755755843e+01 1.515621635847205217e-01
1.256756756756756843e+01 1.519220607333138795e-01
1.257757757757757844e+01 1.522831846340589601e-01
1.258758758758758844e+01 1.526443085348040130e-01
1.259759759759759845e+01 1.530061656659498226e-01
1.260760760760760846e+01 1.533694204309806186e-01
1.261761761761761846e+01 1.537326751960114424e-01
1.262762762762762847e+01 1.540964944507772216e-01
1.263763763763763848e+01 1.544618825859326583e-01
1.264764764764764848e+01 1.548272707210881227e-01
1.265765765765765849e+01 1.551930541963335020e-01
1.266766766766766850e+01 1.555605781504511564e-01
1.267767767767767850e+01 1.559281021045688387e-01
1.268768768768768851e+01 1.562958518538933861e-01
1.269769769769769852e+01 1.566655140201974328e-01
1.270770770770770852e+01 1.570351761865014795e-01
1.271771771771771853e+01 1.574048942211913049e-01
1.272772772772772854e+01 1.577766969386744100e-01
1.273773773773773854e+01 1.581484996561575151e-01
1.274774774774774855e+01 1.585203023736406203e-01
1.275775775775775855e+01 1.588941335009290690e-01
1.276776776776776856e+01 1.592680790557302606e-01
1.277777777777777857e+01 1.596420246105314800e-01
1.278778778778778857e+01 1.600178301572432737e-01
1.279779779779779858e+01 1.603939207840207049e-01
1.280780780780780859e+01 1.607700114107981082e-01
1.281781781781781859e+01 1.611477932168123295e-01
1.282782782782782860e+01 1.615260311001118498e-01
1.283783783783783861e+01 1.619042689834113702e-01
1.284784784784784861e+01 1.622840288514116602e-01
1.285785785785785862e+01 1.626644161270297539e-01
1.286786786786786863e+01 1.630448034026478199e-01
1.287787787787787863e+01 1.634265430990494428e-01
1.288788788788788864e+01 1.638090818553921690e-01
1.289789789789789864e+01 1.641916206117348676e-01
1.290790790790790865e+01 1.645753418676084712e-01
1.291791791791791866e+01 1.649600341470451037e-01
1.292792792792792866e+01 1.653447264264817640e-01
1.293793793793793867e+01 1.657304309384740604e-01
1.294794794794794868e+01 1.661172787386850369e-01
1.295795795795795868e+01 1.665041265388960412e-01
1.296796796796796869e+01 1.668918159701476833e-01
1.297797797797797870e+01 1.672808212454691967e-01
1.298798798798798870e+01 1.676698265207907101e-01
1.299799799799799871e+01 1.680595025018511712e-01
1.300800800800800872e+01 1.684506671646128773e-01
1.301801801801801872e+01 1.688418318273745833e-01
1.302802802802802873e+01 1.692334959571136221e-01
1.303803803803803874e+01 1.696268218789724058e-01
1.304804804804804874e+01 1.700201478008312173e-01
1.305805805805805875e+01 1.704138016473476513e-01
1.306806806806806875e+01 1.708092906606155925e-01
1.307807807807807876e+01 1.712047796738835614e-01
1.308808808808808877e+01 1.716004247754104595e-01
1.309809809809809877e+01 1.719980786743778023e-01
1.310810810810810878e+01 1.723957325733451451e-01
1.311811811811811879e+01 1.727933864723124879e-01
1.312812812812812879e+01 1.731931909814047876e-01
1.313813813813813880e+01 1.735930115236573867e-01
1.314814814814814881e+01 1.739928320659099859e-01
1.315815815815815881e+01 1.743946325426813104e-01
1.316816816816816882e+01 1.747966214504127203e-01
1.317817817817817883e+01 1.751986103581441578e-01
1.318818818818818883e+01 1.756024082225453031e-01
1.319819819819819884e+01 1.760065671838632329e-01
1.320820820820820884e+01 1.764107261451811626e-01
1.321821821821821885e+01 1.768165227921879579e-01
1.322822822822822886e+01 1.772228534624156748e-01
1.323823823823823886e+01 1.776291841326434195e-01
1.324824824824824887e+01 1.780369809331400488e-01
1.325825825825825888e+01 1.784454849361114814e-01
1.326826826826826888e+01 1.788539889390828863e-01
1.327827827827827889e+01 1.792637872407420729e-01
1.328828828828828890e+01 1.796744661700918344e-01
1.329829829829829890e+01 1.800851450994415959e-01
1.330830830830830891e+01 1.804969462276009295e-01
1.331831831831831892e+01 1.809098016480476245e-01
1.332832832832832892e+01 1.813226570684942918e-01
1.333833833833833893e+01 1.817364623270296131e-01
1.334834834834834894e+01 1.821514957756547592e-01
1.335835835835835894e+01 1.825665292242799331e-01
1.336836836836836895e+01 1.829823398964747772e-01
1.337837837837837895e+01 1.833995528839942324e-01
1.338838838838838896e+01 1.838167658715136876e-01
1.339839839839839897e+01 1.842345832209251189e-01
1.340840840840840897e+01 1.846539772329556239e-01
1.341841841841841898e+01 1.850733712449861013e-01
1.342842842842842899e+01 1.854931965163071073e-01
1.343843843843843899e+01 1.859147730146256949e-01
1.344844844844844900e+01 1.863363495129443104e-01
1.345845845845845901e+01 1.867581839328620874e-01
1.346846846846846901e+01 1.871819443566608288e-01
1.347847847847847902e+01 1.876057047804595701e-01
1.348848848848848903e+01 1.880295495585110055e-01
1.349849849849849903e+01 1.884554953256432908e-01
1.350850850850850904e+01 1.888814410927755760e-01
1.351851851851851904e+01 1.893073868599078613e-01
1.352852852852852905e+01 1.897354299304199188e-01
1.353853853853853906e+01 1.901635624386426027e-01
1.354854854854854906e+01 1.905916949468652866e-01
1.355855855855855907e+01 1.910217521254268802e-01
1.356856856856856908e+01 1.914520727536347111e-01
1.357857857857857908e+01 1.918823933818425975e-01
1.358858858858858909e+01 1.923144658139946395e-01
1.359859859859859910e+01 1.927469759234475832e-01
1.360860860860860910e+01 1.931794860329005825e-01
1.361861861861861911e+01 1.936135748516361610e-01
1.362862862862862912e+01 1.940482757871821728e-01
1.363863863863863912e+01 1.944829767227281847e-01
1.364864864864864913e+01 1.949190830493207904e-01
1.365865865865865914e+01 1.953559761406094275e-01
1.366866866866866914e+01 1.957928692318980923e-01
1.367867867867867915e+01 1.962309941767262644e-01
1.368868868868868915e+01 1.966700807394172468e-01
1.369869869869869916e+01 1.971091673021082291e-01
1.370870870870870917e+01 1.975493119654761209e-01
1.371871871871871917e+01 1.979905933024398434e-01
1.372872872872872918e+01 1.984318746394036215e-01
1.373873873873873919e+01 1.988740401123569868e-01
1.374874874874874919e+01 1.993175175148686751e-01
1.375875875875875920e+01 1.997609949173803356e-01
1.376876876876876921e+01 2.002051822825187122e-01
1.377877877877877921e+01 2.006508570314453066e-01
1.378878878878878922e+01 2.010965317803719565e-01
1.379879879879879923e+01 2.015427421126562146e-01
1.380880880880880923e+01 2.019906154796355935e-01
1.381881881881881924e+01 2.024384888466149723e-01
1.382882882882882924e+01 2.028867232141705612e-01
1.383883883883883925e+01 2.033367964627842417e-01
1.384884884884884926e+01 2.037868697113979499e-01
1.385885885885885926e+01 2.042371291763138419e-01
1.386886886886886927e+01 2.046894035632512154e-01
1.387887887887887928e+01 2.051416779501886167e-01
1.388888888888888928e+01 2.055939635693113388e-01
1.389889889889889929e+01 2.060484403455279390e-01
1.390890890890890930e+01 2.065029171217445392e-01
1.391891891891891930e+01 2.069573938979611394e-01
1.392892892892892931e+01 2.074139103593347910e-01
1.393893893893893932e+01 2.078705907712007916e-01
1.394894894894894932e+01 2.083272711830667645e-01
1.395895895895895933e+01 2.087858171426967280e-01
1.396896896896896934e+01 2.092447024331396399e-01
1.397897897897897934e+01 2.097035877235826073e-01
1.398898898898898935e+01 2.101641642250011710e-01
1.399899899899899935e+01 2.106252556346400462e-01
1.400900900900900936e+01 2.110863470442789491e-01
1.401901901901901937e+01 2.115489551300341331e-01
1.402902902902902937e+01 2.120122538983054139e-01
1.403903903903903938e+01 2.124755526665766669e-01
1.404904904904904939e+01 2.129401933789956680e-01
1.405905905905905939e+01 2.134057007452716814e-01
1.406906906906906940e+01 2.138712081115477504e-01
1.407907907907907941e+01 2.143378824934946969e-01
1.408908908908908941e+01 2.148055996981931837e-01
1.409909909909909942e+01 2.152733169028916704e-01
1.410910910910910943e+01 2.157420259985216859e-01
1.411911911911911943e+01 2.162119542842087516e-01
1.412912912912912944e+01 2.166818825698958728e-01
1.413913913913913944e+01 2.171526274254030608e-01
1.414914914914914945e+01 2.176247680378852745e-01
1.415915915915915946e+01 2.180969086503674881e-01
1.416916916916916946e+01 2.185696903147282821e-01
1.417917917917917947e+01 2.190440445041391959e-01
1.418918918918918948e+01 2.195183986935501097e-01
1.419919919919919948e+01 2.199932182192619046e-01
1.420920920920920949e+01 2.204697872411377491e-01
1.421921921921921950e+01 2.209463562630135658e-01
1.422922922922922950e+01 2.214232147068274370e-01
1.423923923923923951e+01 2.219019998231752666e-01
1.424924924924924952e+01 2.223807849395230685e-01
1.425925925925925952e+01 2.228596833631717178e-01
1.426926926926926953e+01 2.233406858435288134e-01
1.427927927927927954e+01 2.238216883238858812e-01
1.428928928928928954e+01 2.243026908042429490e-01
1.429929929929929955e+01 2.247858489172910590e-01
1.430930930930930955e+01 2.252690700397755319e-01
1.431931931931931956e+01 2.257522911622600603e-01
1.432932932932932957e+01 2.262374926841793921e-01
1.433933933933933957e+01 2.267229337365314346e-01
1.434934934934934958e+01 2.272083747888834770e-01
1.435935935935935959e+01 2.276956208113216362e-01
1.436936936936936959e+01 2.281832830919361954e-01
1.437937937937937960e+01 2.286709453725507268e-01
1.438938938938938961e+01 2.291602369960192565e-01
1.439939939939939961e+01 2.296501218149695767e-01
1.440940940940940962e+01 2.301400066339199246e-01
1.441941941941941963e+01 2.306313449684863626e-01
1.442942942942942963e+01 2.311234536485384516e-01
1.443943943943943964e+01 2.316155623285905685e-01
1.444944944944944965e+01 2.321089484945647596e-01
1.445945945945945965e+01 2.326032823721819742e-01
1.446946946946946966e+01 2.330976162497991611e-01
1.447947947947947966e+01 2.335930513784141849e-01
1.448948948948948967e+01 2.340896118047532948e-01
1.449949949949949968e+01 2.345861722310923492e-01
1.450950950950950968e+01 2.350836574651795630e-01
1.451951951951951969e+01 2.355824458070767125e-01
1.452952952952952970e+01 2.360812341489738342e-01
1.453953953953953970e+01 2.365807706436323932e-01
1.454954954954954971e+01 2.370817882845803193e-01
1.455955955955955972e+01 2.375828059255281899e-01
1.456956956956956972e+01 2.380843948487885997e-01
1.457957957957957973e+01 2.385876431899023875e-01
1.458958958958958974e+01 2.390908915310161753e-01
1.459959959959959974e+01 2.395945340644977661e-01
1.460960960960960975e+01 2.401000145254743312e-01
1.461961961961961975e+01 2.406054949864509240e-01
1.462962962962962976e+01 2.411111923260148282e-01
1.463963963963963977e+01 2.416189063460782716e-01
1.464964964964964977e+01 2.421266203661417149e-01
1.465965965965965978e+01 2.426343737225356567e-01
1.466966966966966979e+01 2.431443227613769853e-01
1.467967967967967979e+01 2.436542718002183139e-01
1.468968968968968980e+01 2.441642208390596425e-01
1.469969969969969981e+01 2.446762679384213712e-01
1.470970970970970981e+01 2.451884534771245905e-01
1.471971971971971982e+01 2.457006390158277820e-01
1.472972972972972983e+01 2.462147461041282459e-01
1.473973973973973983e+01 2.467291696460894024e-01
1.474974974974974984e+01 2.472435931880505311e-01
1.475975975975975985e+01 2.477597615477358239e-01
1.476976976976976985e+01 2.482764246195700575e-01
1.477977977977977986e+01 2.487930876914042633e-01
1.478978978978978986e+01 2.493113186232298883e-01
1.479979979979979987e+01 2.498302227756693250e-01
1.480980980980980988e+01 2.503491269281087339e-01
1.481981981981981988e+01 2.508694217517455360e-01
1.482982982982982989e+01 2.513905685605263840e-01
1.483983983983983990e+01 2.519117153693072320e-01
1.484984984984984990e+01 2.524340754239406959e-01
1.485985985985985991e+01 2.529574664906804604e-01
1.486986986986986992e+01 2.534808575574202805e-01
1.487987987987987992e+01 2.540052842023440838e-01
1.488988988988988993e+01 2.545309211554080964e-01
1.489989989989989994e+01 2.550565581084719979e-01
1.490990990990990994e+01 2.555830527236752636e-01
1.491991991991991995e+01 2.561109372190330524e-01
1.492992992992992995e+01 2.566388217143907857e-01
1.493993993993993996e+01 2.571673857011386177e-01
1.494994994994994997e+01 2.576975194232097865e-01
1.495995995995995997e+01 2.582276531452809554e-01
1.496996996996996998e+01 2.587582879266891456e-01
1.497997997997997999e+01 2.592906725891783171e-01
1.498998998998998999e+01 2.598230572516675441e-01
1.500000000000000000e+01 2.603557642732704513e-01
