5.000000000000000000e+00 1.162901217601396836e-02
5.010010010010010006e+00 1.174523790676684255e-02
5.020020020020020013e+00 1.186146363751972022e-02
5.030030030030030019e+00 1.197768936827259614e-02
5.040040040040040026e+00 1.209533178216971004e-02
5.050050050050050032e+00 1.221327138074769676e-02
5.060060060060060039e+00 1.233121097932568695e-02
5.070070070070070045e+00 1.245042445837942109e-02
5.080080080080080052e+00 1.257005557266016767e-02
5.090090090090090058e+00 1.268968668694091251e-02
5.100100100100100065e+00 1.281045178934641683e-02
5.110110110110110071e+00 1.293175151475835227e-02
5.120120120120120077e+00 1.305305124017028945e-02
5.130130130130130084e+00 1.317534811154720369e-02
5.140140140140140090e+00 1.329829302086439451e-02
5.150150150150150097e+00 1.342123793018158706e-02
5.160160160160160103e+00 1.354504632422161466e-02
5.170170170170170110e+00 1.366961249663087470e-02
5.180180180180180116e+00 1.379417866904013475e-02
5.190190190190190123e+00 1.391947796769156358e-02
5.200200200200200129e+00 1.404564101712581052e-02
5.210210210210210136e+00 1.417180406656005573e-02
5.220220220220220142e+00 1.429857329974698957e-02
5.230230230230230148e+00 1.442630840248177761e-02
5.240240240240240155e+00 1.455404350521656391e-02
5.250250250250250161e+00 1.468226137009223317e-02
5.260260260260260168e+00 1.481154329160587653e-02
5.270270270270270174e+00 1.494082521311952162e-02
5.280280280280280181e+00 1.507047009285466047e-02
5.290290290290290187e+00 1.520127321395544837e-02
5.300300300300300194e+00 1.533207633505623974e-02
5.310310310310310200e+00 1.546312631716483151e-02
5.320320320320320207e+00 1.559542465939100370e-02
5.330330330330330213e+00 1.572772300161717415e-02
5.340340340340340219e+00 1.586015589582300683e-02
5.350350350350350226e+00 1.599392314612404012e-02
5.360360360360360232e+00 1.612769039642507340e-02
5.370370370370370239e+00 1.626148375207389987e-02
5.380380380380380245e+00 1.639669328678338908e-02
5.390390390390390252e+00 1.653190282149287829e-02
5.400400400400400258e+00 1.666711235620236750e-02
5.410410410410410265e+00 1.680365885262830733e-02
5.420420420420420271e+00 1.694028376074076941e-02
5.430430430430430278e+00 1.707690866885323497e-02
5.440440440440440284e+00 1.721474283594136290e-02
5.450450450450450290e+00 1.735275594170698071e-02
5.460460460460460297e+00 1.749076904747259506e-02
5.470470470470470303e+00 1.762986751063788660e-02
5.480480480480480310e+00 1.776924139549035039e-02
5.490490490490490316e+00 1.790861528034281766e-02
5.500500500500500323e+00 1.804895449113203335e-02
5.510510510510510329e+00 1.818966151496633973e-02
5.520520520520520336e+00 1.833036853880064612e-02
5.530530530530530342e+00 1.847192478950280409e-02
5.540540540540540349e+00 1.861393711132028339e-02
5.550550550550550355e+00 1.875594943313775576e-02
5.560560560560560361e+00 1.889869887100513804e-02
5.570570570570570368e+00 1.904198846894444852e-02
5.580580580580580374e+00 1.918527806688375553e-02
5.590590590590590381e+00 1.932919670797411671e-02
5.600600600600600387e+00 1.947373539874713150e-02
5.610610610610610394e+00 1.961827408952014629e-02
5.620620620620620400e+00 1.976333783217097337e-02
5.630630630630630407e+00 1.990909728992333247e-02
5.640640640640640413e+00 2.005485674767569157e-02
5.650650650650650419e+00 2.020104138562172150e-02
5.660660660660660426e+00 2.034799316023799473e-02
5.670670670670670432e+00 2.049494493485427143e-02
5.680680680680680439e+00 2.064222616999944124e-02
5.690690690690690445e+00 2.079034170487320879e-02
5.700700700700700452e+00 2.093845723974697981e-02
5.710710710710710458e+00 2.108681069460225863e-02
5.720720720720720465e+00 2.123606134389161709e-02
5.730730730730730471e+00 2.138531199318097556e-02
5.740740740740740478e+00 2.153471322297945134e-02
5.750750750750750484e+00 2.168507026836814094e-02
5.760760760760760490e+00 2.183542731375683055e-02
5.770770770770770497e+00 2.198585181825744167e-02
5.780780780780780503e+00 2.213728648524230375e-02
5.790790790790790510e+00 2.228872115222716582e-02
5.800800800800800516e+00 2.244015581921202443e-02
5.810810810810810523e+00 2.259262786094301187e-02
5.820820820820820529e+00 2.274511133466745882e-02
5.830830830830830536e+00 2.289759480839189884e-02
5.840840840840840542e+00 2.305101216383706464e-02
5.850850850850850549e+00 2.320451560449108414e-02
5.860860860860860555e+00 2.335801904514510363e-02
5.870870870870870561e+00 2.351235710555245328e-02
5.880880880880880568e+00 2.366685166335804127e-02
5.890890890890890574e+00 2.382134622116362233e-02
5.900900900900900581e+00 2.397658038122556581e-02
5.910910910910910587e+00 2.413203721102745100e-02
5.920920920920920594e+00 2.428749404082933272e-02
5.930930930930930600e+00 2.444359970872203233e-02
5.940940940940940607e+00 2.459998998420196911e-02
5.950950950950950613e+00 2.475638025968190936e-02
5.960960960960960620e+00 2.491333286687801712e-02
5.970970970970970626e+00 2.507062779441100384e-02
5.980980980980980632e+00 2.522792272194398708e-02
5.990990990990990639e+00 2.538569773280860767e-02
6.001001001001000645e+00 2.554386856497876945e-02
6.011011011011010652e+00 2.570203939714893471e-02
6.021021021021020658e+00 2.586061231832841381e-02
6.031031031031030665e+00 2.601963036712167179e-02
6.041041041041040671e+00 2.617864841591492631e-02
6.051051051051050678e+00 2.633799480552777642e-02
6.061061061061060684e+00 2.649783145521755409e-02
6.071071071071070691e+00 2.665766810490732483e-02
6.081081081081080697e+00 2.681776358154623618e-02
6.091091091091090703e+00 2.697839030128831514e-02
6.101101101101100710e+00 2.713901702103039756e-02
6.111111111111110716e+00 2.729983727258413276e-02
6.121121121121120723e+00 2.746122562873572551e-02
6.131131131131130729e+00 2.762261398488731826e-02
6.141141141141140736e+00 2.778413477719075472e-02
6.151151151151150742e+00 2.794625644536809228e-02
6.161161161161160749e+00 2.810837811354542290e-02
6.171171171171170755e+00 2.827057529886572301e-02
6.181181181181180762e+00 2.843340207575419457e-02
6.191191191191190768e+00 2.859622885264266265e-02
6.201201201201200774e+00 2.875907837800932912e-02
6.211211211211210781e+00 2.892258219293918423e-02
6.221221221221220787e+00 2.908608600786903586e-02
6.231231231231230794e+00 2.924958982279889444e-02
6.241241241241240800e+00 2.941371684955503690e-02
6.251251251251250807e+00 2.957786977585483840e-02
6.261261261261260813e+00 2.974202270215464683e-02
6.271271271271270820e+00 2.990672650835661528e-02
6.281281281281280826e+00 3.007150077449644368e-02
6.291291291291290833e+00 3.023627504063627208e-02
6.301301301301300839e+00 3.040153207221276549e-02
6.311311311311310845e+00 3.056690007274770124e-02
6.321321321321320852e+00 3.073226807328263699e-02
6.331331331331330858e+00 3.089805491357953265e-02
6.341341341341340865e+00 3.106398921990402573e-02
6.351351351351350871e+00 3.122992352622852227e-02
6.361361361361360878e+00 3.139621690348176619e-02
6.371371371371370884e+00 3.156269027440429531e-02
6.381381381381380891e+00 3.172916364532683137e-02
6.391391391391390897e+00 3.189594044002683898e-02
6.401401401401400904e+00 3.206292583217361380e-02
6.411411411411410910e+00 3.222991122432038863e-02
6.421421421421420916e+00 3.239714847647263973e-02
6.431431431431430923e+00 3.256461905452863459e-02
6.441441441441440929e+00 3.273208963258463639e-02
6.451451451451450936e+00 3.289976454887074547e-02
6.461461461461460942e+00 3.306769369566577021e-02
6.471471471471470949e+00 3.323562284246079496e-02
6.481481481481480955e+00 3.340371280330396014e-02
6.491491491491490962e+00 3.357207412975000277e-02
6.501501501501500968e+00 3.374043545619603152e-02
6.511511511511510975e+00 3.390891802273453964e-02
6.521521521521520981e+00 3.407768537762150690e-02
6.531531531531530987e+00 3.424645273250847416e-02
6.541541541541540994e+00 3.441530565348063092e-02
6.551551551551551000e+00 3.458445313313521230e-02
6.561561561561561007e+00 3.475360061278978674e-02
6.571571571571571013e+00 3.492280183133324861e-02
6.581581581581581020e+00 3.509230378914664911e-02
6.591591591591591026e+00 3.526180574696004266e-02
6.601601601601601033e+00 3.543133340732839559e-02
6.611611611611611927e+00 3.560116446315662875e-02
6.621621621621621934e+00 3.577099551898485497e-02
6.631631631631631940e+00 3.594082797318369493e-02
6.641641641641641947e+00 3.611096302262521707e-02
6.651651651651651953e+00 3.628109807206674614e-02
6.661661661661661959e+00 3.645123312150826828e-02
6.671671671671671966e+00 3.662162810996505424e-02
6.681681681681681972e+00 3.679204233351811987e-02
6.691691691691691979e+00 3.696245655707119243e-02
6.701701701701701985e+00 3.713308916722084935e-02
6.711711711711711992e+00 3.730375803932403644e-02
6.721721721721721998e+00 3.747442691142722354e-02
6.731731731731732005e+00 3.764527646044320275e-02
6.741741741741742011e+00 3.781617575840124507e-02
6.751751751751752018e+00 3.798707505635928044e-02
6.761761761761762024e+00 3.815812110376159277e-02
6.771771771771772030e+00 3.832922691655817754e-02
6.781781781781782037e+00 3.850033272935475537e-02
6.791791791791792043e+00 3.867155508316084261e-02
6.801801801801802050e+00 3.884284382016004594e-02
6.811811811811812056e+00 3.901413255715926315e-02
6.821821821821822063e+00 3.918551127996486999e-02
6.831831831831832069e+00 3.935695967950203489e-02
6.841841841841842076e+00 3.952840807903919285e-02
6.851851851851852082e+00 3.969992349402959309e-02
6.861861861861862089e+00 3.987150863189207334e-02
6.871871871871872095e+00 4.004309376975454665e-02
6.881881881881882101e+00 4.021472646664620704e-02
6.891891891891892108e+00 4.038642576444429616e-02
6.901901901901902114e+00 4.055812506224239222e-02
6.911911911911912121e+00 4.072985590315509469e-02
6.921921921921922127e+00 4.090164713658304974e-02
6.931931931931932134e+00 4.107343837001100478e-02
6.941941941941942140e+00 4.124524849527022585e-02
6.951951951951952147e+00 4.141710980225626199e-02
6.961961961961962153e+00 4.158897110924229812e-02
6.971971971971972160e+00 4.176084194311131120e-02
6.981981981981982166e+00 4.193275183185649763e-02
6.991991991991992172e+00 4.210466172060169099e-02
7.002002002002002179e+00 4.227657497694315564e-02
7.012012012012012185e+00 4.244851233384722144e-02
7.022022022022022192e+00 4.262044969075129419e-02
7.032032032032032198e+00 4.279238737861731229e-02
7.042042042042042205e+00 4.296433147609061975e-02
7.052052052052052211e+00 4.313627557356393416e-02
7.062062062062062218e+00 4.330821967103724163e-02
7.072072072072072224e+00 4.348015050687346200e-02
7.082082082082082231e+00 4.365208101103282973e-02
7.092092092092092237e+00 4.382401151519219745e-02
7.102102102102102243e+00 4.399591177562567346e-02
7.112112112112112250e+00 4.416780875387227995e-02
7.122122122122122256e+00 4.433970573211890032e-02
7.132132132132132263e+00 4.451155875332700462e-02
7.142142142142142269e+00 4.468340268180471392e-02
7.152152152152152276e+00 4.485524661028243015e-02
7.162162162162162282e+00 4.502703605259614911e-02
7.172172172172172289e+00 4.519880782352654613e-02
7.182182182182182295e+00 4.537057959445693622e-02
7.192192192192192302e+00 4.554228944745487145e-02
7.202202202202202308e+00 4.571397037634820915e-02
7.212212212212212314e+00 4.588565130524154684e-02
7.222222222222222321e+00 4.605726589276263466e-02
7.232232232232232327e+00 4.622883772550031439e-02
7.242242242242242334e+00 4.640040955823800106e-02
7.252252252252252340e+00 4.657191354331220029e-02
7.262262262262262347e+00 4.674335846309911335e-02
7.272272272272272353e+00 4.691480338288602642e-02
7.282282282282282360e+00 4.708618177258099696e-02
7.292292292292292366e+00 4.725748240676402867e-02
7.302302302302302373e+00 4.742878304094706038e-02
7.312312312312312379e+00 4.760002119112893837e-02
7.322322322322322385e+00 4.777116061787864409e-02
7.332332332332332392e+00 4.794230004462835676e-02
7.342342342342342398e+00 4.811338366463522448e-02
7.352352352352352405e+00 4.828434541948795761e-02
7.362362362362362411e+00 4.845530717434069073e-02
7.372372372372372418e+00 4.862622233156671525e-02
7.382382382382382424e+00 4.879699041382298125e-02
7.392392392392392431e+00 4.896775849607925418e-02
7.402402402402402437e+00 4.913849162046754482e-02
7.412412412412412444e+00 4.930905049944446505e-02
7.422422422422422450e+00 4.947960937842138529e-02
7.432432432432432456e+00 4.965014726686411972e-02
7.442442442442442463e+00 4.982048188799730049e-02
7.452452452452452469e+00 4.999081650913046737e-02
7.462462462462462476e+00 5.016114632977379528e-02
7.472472472472472482e+00 5.033124212056618724e-02
7.482482482482482489e+00 5.050133791135859307e-02
7.492492492492492495e+00 5.067143370215099196e-02
7.502502502502502502e+00 5.084129008362475027e-02
7.512512512512512508e+00 5.101113295943865422e-02
7.522522522522522515e+00 5.118097583525255817e-02
7.532532532532532521e+00 5.135058602456866322e-02
7.542542542542542527e+00 5.152016239425748906e-02
7.552552552552552534e+00 5.168973876394631489e-02
7.562562562562562540e+00 5.185909156682433352e-02
7.572572572572572547e+00 5.202838833820049025e-02
7.582582582582582553e+00 5.219768510957664004e-02
7.592592592592592560e+00 5.236676972452371931e-02
7.602602602602602566e+00 5.253577430965956224e-02
7.612612612612612573e+00 5.270477889479541211e-02
7.622622622622622579e+00 5.287358491673741639e-02
7.632632632632632586e+00 5.304228523709569876e-02
7.642642642642642592e+00 5.321098555745398112e-02
7.652652652652652598e+00 5.337950298125693216e-02
7.662662662662662605e+00 5.354788747264728477e-02
7.672672672672672611e+00 5.371627196403762350e-02
7.682682682682682618e+00 5.388449118791736187e-02
7.692692692692692624e+00 5.405254880527565059e-02
7.702702702702702631e+00 5.422060642263393238e-02
7.712712712712712637e+00 5.438851825145251534e-02
7.722722722722722644e+00 5.455623847344005101e-02
7.732732732732732650e+00 5.472395869542757280e-02
7.742742742742742657e+00 5.489155434387438248e-02
7.752752752752752663e+00 5.505892717729327090e-02
7.762762762762762669e+00 5.522630001071215933e-02
7.772772772772772676e+00 5.539357110636804193e-02
7.782782782782782682e+00 5.556058709039021076e-02
7.792792792792792689e+00 5.572760307441238653e-02
7.802802802802802695e+00 5.589454166069519198e-02
7.812812812812812702e+00 5.606119187090179840e-02
7.822822822822822708e+00 5.622784208110839788e-02
7.832832832832832715e+00 5.639444062009819902e-02
7.842842842842842721e+00 5.656071667232640682e-02
7.852852852852852727e+00 5.672699272455462155e-02
7.862862862862862734e+00 5.689324409969696156e-02
7.872872872872872740e+00 5.705913815369179076e-02
7.882882882882882747e+00 5.722503220768663384e-02
7.892892892892892753e+00 5.739092626168146999e-02
7.902902902902902760e+00 5.755643448924051969e-02
7.912912912912912766e+00 5.772193925210855614e-02
7.922922922922922773e+00 5.788744401497657871e-02
7.932932932932932779e+00 5.805258537759192677e-02
7.942942942942942786e+00 5.821769410705467801e-02
7.952952952952952792e+00 5.838280283651742925e-02
7.962962962962962798e+00 5.854757205037453005e-02
7.972972972972972805e+00 5.871227855781897126e-02
7.982982982982982811e+00 5.887698506526341941e-02
7.992992992992992818e+00 5.904137728032270160e-02
8.003003003003001936e+00 5.920567593364674946e-02
8.013013013013011943e+00 5.936997458697081814e-02
8.023023023023021949e+00 5.953398538883184626e-02
8.033033033033031955e+00 5.969787111508226274e-02
8.043043043043041962e+00 5.986175684133268615e-02
8.053053053053051968e+00 6.002538225296634444e-02
8.063063063063061975e+00 6.018885054076781455e-02
8.073073073073071981e+00 6.035231882856928465e-02
8.083083083083081988e+00 6.051555531191626924e-02
8.093093093093091994e+00 6.067860221368886336e-02
8.103103103103102001e+00 6.084164911546147136e-02
8.113113113113112007e+00 6.100449357289654956e-02
8.123123123123122014e+00 6.116711570686066135e-02
8.133133133133132020e+00 6.132973784082478702e-02
8.143143143143142026e+00 6.149218761648574116e-02
8.153153153153152033e+00 6.165438216845245400e-02
8.163163163163162039e+00 6.181657672041916685e-02
8.173173173173172046e+00 6.197862960139971511e-02
8.183183183183182052e+00 6.214039432634532734e-02
8.193193193193192059e+00 6.230215905129093262e-02
8.203203203203202065e+00 6.246381326869677314e-02
8.213213213213213848e+00 6.262514649212044815e-02
8.223223223223223854e+00 6.278647971554408846e-02
8.233233233233233861e+00 6.294773394541146316e-02
8.243243243243243867e+00 6.310863456447432518e-02
8.253253253253253874e+00 6.326953518353720107e-02
8.263263263263263880e+00 6.343038854761334777e-02
8.273273273273273887e+00 6.359085603205916204e-02
8.283283283283283893e+00 6.375132351650496243e-02
8.293293293293293900e+00 6.391177558289014293e-02
8.303303303303303906e+00 6.407180997574536685e-02
8.313313313313313913e+00 6.423184436860060464e-02
8.323323323323323919e+00 6.439187876145584244e-02
8.333333333333333925e+00 6.455149707030502504e-02
8.343343343343343932e+00 6.471109898835925023e-02
8.353353353353353938e+00 6.487070090641347542e-02
8.363363363363363945e+00 6.502991958551471163e-02
8.373373373373373951e+00 6.518909021957951244e-02
8.383383383383383958e+00 6.534826085364434101e-02
8.393393393393393964e+00 6.550708138667647729e-02
8.403403403403403971e+00 6.566582250162376899e-02
8.413413413413413977e+00 6.582456361657108845e-02
8.423423423423423984e+00 6.598298793455710520e-02
8.433433433433433990e+00 6.614130186913590170e-02
8.443443443443443996e+00 6.629961580371471208e-02
8.453453453453454003e+00 6.645764628474477853e-02
8.463463463463464009e+00 6.661553595117700177e-02
8.473473473473474016e+00 6.677342561760923889e-02
8.483483483483484022e+00 6.693106508642399088e-02
8.493493493493494029e+00 6.708853396977937367e-02
8.503503503503504035e+00 6.724600285313477033e-02
8.513513513513514042e+00 6.740325458056897756e-02
8.523523523523524048e+00 6.756030673791937891e-02
8.533533533533534055e+00 6.771735889526979413e-02
8.543543543543544061e+00 6.787422659755704135e-02
8.553553553553554067e+00 6.803086665691110424e-02
8.563563563563564074e+00 6.818750671626518101e-02
8.573573573573574080e+00 6.834399455420359093e-02
8.583583583583584087e+00 6.850022771322178405e-02
8.593593593593594093e+00 6.865646087223999106e-02
8.603603603603604100e+00 6.881257345021957184e-02
8.613613613613614106e+00 6.896840547471143335e-02
8.623623623623624113e+00 6.912423749920329485e-02
8.633633633633634119e+00 6.927997986409552278e-02
8.643643643643644126e+00 6.943541708629918929e-02
8.653653653653654132e+00 6.959085430850288356e-02
8.663663663663664138e+00 6.974623194841292340e-02
8.673673673673674145e+00 6.990128126505905370e-02
8.683683683683684151e+00 7.005633058170519789e-02
8.693693693693694158e+00 7.021134942458784334e-02
8.703703703703704164e+00 7.036601829474833925e-02
8.713713713713714171e+00 7.052068716490884903e-02
8.723723723723724177e+00 7.067535357704828047e-02
8.733733733733734184e+00 7.082965001977252484e-02
8.743743743743744190e+00 7.098394646249678308e-02
8.753753753753754197e+00 7.113824290522104132e-02
8.763763763763764203e+00 7.129219983859085008e-02
8.773773773773774209e+00 7.144613243032976735e-02
8.783783783783784216e+00 7.160006502206867074e-02
8.793793793793794222e+00 7.175369269656596549e-02
8.803803803803804229e+00 7.190727056838677744e-02
8.813813813813814235e+00 7.206084844020757552e-02
8.823823823823824242e+00 7.221415507826370317e-02
8.833833833833834248e+00 7.236738791285683703e-02
8.843843843843844255e+00 7.252062074744998477e-02
8.853853853853854261e+00 7.267361499920725609e-02
8.863863863863864268e+00 7.282651302768776425e-02
8.873873873873874274e+00 7.297941105616827240e-02
8.883883883883884280e+00 7.313210199709158088e-02
8.893893893893894287e+00 7.328467599559683465e-02
8.903903903903904293e+00 7.343724999410207455e-02
8.913913913913914300e+00 7.358964712246329753e-02
8.923923923923924306e+00 7.374190840854986939e-02
8.933933933933934313e+00 7.389416969463644125e-02
8.943943943943944319e+00 7.404628292887295571e-02
8.953953953953954326e+00 7.419824335771493806e-02
8.963963963963964332e+00 7.435020378655690654e-02
8.973973973973974338e+00 7.450204346250546839e-02
8.983983983983984345e+00 7.465371542289686579e-02
8.993993993993994351e+00 7.480538738328824933e-02
9.004004004004004358e+00 7.495696425129610985e-02
9.014014014014014364e+00 7.510836066145994139e-02
9.024024024024024371e+00 7.525975707162377293e-02
9.034034034034034377e+00 7.541108229353818415e-02
9.044044044044044384e+00 7.556221659674540458e-02
9.054054054054054390e+00 7.571335089995261114e-02
9.064064064064064397e+00 7.586443604599067692e-02
9.074074074074074403e+00 7.601532220599169221e-02
9.084084084084084409e+00 7.616620836599272137e-02
9.094094094094094416e+00 7.631706541149309297e-02
9.104104104104104422e+00 7.646771790776503430e-02
9.114114114114114429e+00 7.661837040403698951e-02
9.124124124124124435e+00 7.676901172609516821e-02
9.134134134134134442e+00 7.691944554890822738e-02
9.144144144144144448e+00 7.706987937172125880e-02
9.154154154154154455e+00 7.722031319453429021e-02
9.164164164164164461e+00 7.737054839101620285e-02
9.174174174174174468e+00 7.752077903632192957e-02
9.184184184184184474e+00 7.767100968162767016e-02
9.194194194194194480e+00 7.782107109644659237e-02
9.204204204204204487e+00 7.797111456059223344e-02
9.214214214214214493e+00 7.812115802473788839e-02
9.224224224224224500e+00 7.827105971387417205e-02
9.234234234234234506e+00 7.842093248814577255e-02
9.244244244244244513e+00 7.857080526241738694e-02
9.254254254254254519e+00 7.872056166339834460e-02
9.264264264264264526e+00 7.887028072839684378e-02
9.274274274274274532e+00 7.901999979339534297e-02
9.284284284284284539e+00 7.916962572121276354e-02
9.294294294294294545e+00 7.931920854106631891e-02
9.304304304304304551e+00 7.946879136091986040e-02
9.314314314314314558e+00 7.961830200384639733e-02
9.324324324324324564e+00 7.976776652026278114e-02
9.334334334334334571e+00 7.991723103667916495e-02
9.344344344344344577e+00 8.006664195198560929e-02
9.354354354354354584e+00 8.021600657814864643e-02
9.364364364364364590e+00 8.036537120431169745e-02
9.374374374374374597e+00 8.051469831388741172e-02
9.384384384384384603e+00 8.066398192820133095e-02
9.394394394394394610e+00 8.081326554251525018e-02
9.404404404404404616e+00 8.096252512839387239e-02
9.414414414414414622e+00 8.111174706807916523e-02
9.424424424424424629e+00 8.126096900776447196e-02
9.434434434434434635e+00 8.141017770755701322e-02
9.444444444444444642e+00 8.155935776210229693e-02
9.454454454454454648e+00 8.170853781664760840e-02
9.464464464464464655e+00 8.185771261888555306e-02
9.474474474474474661e+00 8.200687102335930956e-02
9.484484484484484668e+00 8.215602942783306606e-02
9.494494494494494674e+00 8.230518766722338952e-02
9.504504504504504681e+00 8.245434509544967427e-02
9.514514514514514687e+00 8.260350252367594515e-02
9.524524524524524693e+00 8.275266187627057513e-02
9.534534534534534700e+00 8.290183943387274823e-02
9.544544544544544706e+00 8.305101699147492134e-02
9.554554554554554713e+00 8.320019546975682134e-02
9.564564564564564719e+00 8.334941468707410261e-02
9.574574574574574726e+00 8.349863390439139776e-02
9.584584584584584732e+00 8.364785312170869291e-02
9.594594594594594739e+00 8.379713267716026870e-02
9.604604604604604745e+00 8.394641550204057223e-02
9.614614614614614752e+00 8.409569832692087576e-02
9.624624624624624758e+00 8.424505638029201882e-02
9.634634634634634764e+00 8.439442517076578554e-02
9.644644644644644771e+00 8.454379396123956614e-02
9.654654654654654777e+00 8.469324990676828369e-02
9.664664664664664784e+00 8.484272742360803032e-02
9.674674674674674790e+00 8.499220494044777696e-02
9.684684684684684797e+00 8.514177848081143363e-02
9.694694694694694803e+00 8.529138787998037652e-02
9.704704704704704810e+00 8.544099727914933329e-02
9.714714714714714816e+00 8.559070842006410995e-02
9.724724724724724823e+00 8.574047324505926215e-02
9.734734734734734829e+00 8.589023807005440048e-02
9.744744744744744835e+00 8.604010711481070717e-02
9.754754754754754842e+00 8.619005128890439016e-02
9.764764764764764848e+00 8.633999546299807315e-02
9.774774774774774855e+00 8.649004300693344249e-02
9.784784784784784861e+00 8.664019082531727867e-02
9.794794794794794868e+00 8.679033864370111484e-02
9.804804804804804874e+00 8.694058556861385123e-02
9.814814814814814881e+00 8.709096169045058011e-02
9.824824824824824887e+00 8.724133781228729512e-02
9.834834834834834894e+00 8.739180528079312782e-02
9.844844844844844900e+00 8.754243472117978486e-02
9.854854854854854906e+00 8.769306416156641415e-02
9.864864864864864913e+00 8.784377361140044416e-02
9.874874874874874919e+00 8.799468173324777320e-02
9.884884884884884926e+00 8.814558985509508837e-02
9.894894894894894932e+00 8.829656299336169356e-02
9.904904904904904939e+00 8.844777549919426163e-02
9.914914914914914945e+00 8.859898800502685745e-02
9.924924924924924952e+00 8.875024680240004016e-02
9.934934934934934958e+00 8.890178972608131502e-02
9.944944944944944965e+00 8.905333264976257601e-02
9.954954954954954971e+00 8.920489933463923715e-02
9.964964964964964977e+00 8.935679903302609639e-02
9.974974974974974984e+00 8.950869873141296951e-02
9.984984984984984990e+00 8.966059842979982875e-02
9.994994994994994997e+00 8.981287892855259469e-02
1.000500500500500500e+01 8.996516207308374868e-02
1.001501501501501501e+01 9.011744521761491655e-02
1.002502502502502502e+01 9.027010578777278083e-02
1.003503503503503502e+01 9.042279935599542573e-02
1.004504504504504503e+01 9.057549292421809839e-02
1.005505505505505504e+01 9.072855682940954292e-02
1.006506506506506504e+01 9.088168809644885104e-02
1.007507507507507505e+01 9.103481936348817305e-02
1.008508508508508505e+01 9.118831009267185095e-02
1.009509509509509506e+01 9.134190662264718430e-02
1.010510510510510507e+01 9.149550315262253153e-02
1.011511511511511507e+01 9.164944441399343333e-02
1.012512512512512508e+01 9.180353405138624856e-02
1.013513513513513509e+01 9.195762368877906379e-02
1.014514514514514509e+01 9.211203940364619258e-02
1.015515515515515510e+01 9.226665026462325947e-02
1.016516516516516511e+01 9.242126112560032636e-02
1.017517517517517511e+01 9.257617542223905982e-02
1.018518518518518512e+01 9.273133588593601706e-02
1.019519519519519513e+01 9.288649634963298818e-02
1.020520520520520513e+01 9.304193355711395941e-02
1.021521521521521514e+01 9.319767225688280199e-02
1.022522522522522515e+01 9.335341095665164457e-02
1.023523523523523515e+01 9.350939559864873685e-02
1.024524524524524516e+01 9.366574141327381475e-02
1.025525525525525516e+01 9.382208722789887878e-02
1.026526526526526517e+01 9.397864401647865185e-02
1.027527527527527518e+01 9.413562606136523236e-02
1.028528528528528518e+01 9.429260810625178513e-02
1.029529529529529519e+01 9.444976193564658118e-02
1.030530530530530520e+01 9.460740955398616592e-02
1.031531531531531520e+01 9.476505717232573678e-02
1.032532532532532521e+01 9.492283311269282542e-02
1.033533533533533522e+01 9.508117586660939924e-02
1.034534534534534522e+01 9.523951862052595918e-02
1.035535535535535523e+01 9.539794191169512216e-02
1.036536536536536524e+01 9.555700957337592838e-02
1.037537537537537524e+01 9.571607723505673460e-02
1.038538538538538525e+01 9.587517328026820551e-02
1.039539539539539525e+01 9.603499582308369642e-02
1.040540540540540526e+01 9.619481836589917345e-02
1.041541541541541527e+01 9.635464090871466436e-02
1.042542542542542527e+01 9.651522031515118172e-02
1.043543543543543528e+01 9.667582790476786370e-02
1.044544544544544529e+01 9.683643549438453180e-02
1.045545545545545529e+01 9.699776927556549855e-02
1.046546546546546530e+01 9.715919226105494688e-02
1.047547547547547531e+01 9.732061524654438134e-02
1.048548548548548531e+01 9.748272943282426661e-02
1.049549549549549532e+01 9.764499833777330606e-02
1.050550550550550533e+01 9.780726724272235939e-02
1.051551551551551533e+01 9.797018799388269861e-02
1.052552552552552534e+01 9.813333350750751138e-02
1.053553553553553535e+01 9.829647902113231028e-02
1.054554554554554535e+01 9.846023262011392718e-02
1.055555555555555536e+01 9.862428558838255699e-02
1.056556556556556536e+01 9.878833855665115904e-02
1.057557557557557537e+01 9.895295140329338213e-02
1.058558558558558538e+01 9.911794282005950696e-02
1.059559559559559538e+01 9.928293423682561791e-02
1.060560560560560539e+01 9.944843284161497543e-02
1.061561561561561540e+01 9.961439383976754269e-02
1.062562562562562540e+01 9.978035483792009608e-02
1.063563563563563541e+01 9.994676581575029362e-02
1.064564564564564542e+01 1.001137276583815849e-01
1.065565565565565542e+01 1.002806895010128901e-01
1.066566566566566543e+01 1.004480395649579999e-01
1.067567567567567544e+01 1.006160336365545110e-01
1.068568568568568544e+01 1.007840277081510361e-01
1.069569569569569545e+01 1.009523436632540072e-01
1.070570570570570545e+01 1.011214014609128076e-01
1.071571571571571546e+01 1.012904592585716079e-01
1.072572572572572547e+01 1.014597679956496107e-01
1.073573573573573547e+01 1.016299211203236935e-01
1.074574574574574548e+01 1.018000742449978041e-01
1.075575575575575549e+01 1.019704027344666836e-01
1.076576576576576549e+01 1.021416828822435258e-01
1.077577577577577550e+01 1.023129630300203680e-01
1.078578578578578551e+01 1.024843383157400811e-01
1.079579579579579551e+01 1.026567772691546476e-01
1.080580580580580552e+01 1.028292162225692419e-01
1.081581581581581553e+01 1.030016654157111800e-01
1.082582582582582553e+01 1.031752950350989101e-01
1.083583583583583554e+01 1.033489246544866402e-01
1.084584584584584555e+01 1.035225542738743565e-01
1.085585585585585555e+01 1.036973271423171916e-01
1.086586586586586556e+01 1.038721793572081747e-01
1.087587587587587556e+01 1.040470315720991579e-01
1.088588588588588557e+01 1.042229647380009810e-01
1.089589589589589558e+01 1.043990715385591239e-01
1.090590590590590558e+01 1.045751783391172807e-01
1.091591591591591559e+01 1.047522991311643503e-01
1.092592592592592560e+01 1.049296925596744506e-01
1.093593593593593560e+01 1.051070859881845648e-01
1.094594594594594561e+01 1.052854217696443107e-01
1.095595595595595562e+01 1.054641339120498261e-01
1.096596596596596562e+01 1.056428460544553416e-01
1.097597597597597563e+01 1.058224242172361995e-01
1.098598598598598564e+01 1.060024871947303771e-01
1.099599599599599564e+01 1.061825501722245685e-01
1.100600600600600565e+01 1.063633981309713428e-01
1.101601601601601566e+01 1.065448440916448580e-01
1.102602602602602566e+01 1.067262900523183594e-01
1.103603603603603567e+01 1.069084352385442915e-01
1.104604604604604567e+01 1.070912963490911474e-01
1.105605605605605568e+01 1.072741574596379893e-01
1.106606606606606569e+01 1.074576273158952405e-01
1.107607607607607569e+01 1.076419357533807825e-01
1.108608608608608570e+01 1.078262441908663105e-01
1.109609609609609571e+01 1.080110661649561765e-01
1.110610610610610571e+01 1.081968541086483909e-01
1.111611611611611572e+01 1.083826420523405915e-01
1.112612612612612573e+01 1.085688435915646843e-01
1.113613613613613573e+01 1.087561432148324569e-01
1.114614614614614574e+01 1.089434428381002296e-01
1.115615615615615575e+01 1.091310513835542229e-01
1.116616616616616575e+01 1.093198948458335984e-01
1.117617617617617576e+01 1.095087383081129878e-01
1.118618618618618576e+01 1.096977812890239379e-01
1.119619619619619577e+01 1.098882007278561418e-01
1.120620620620620578e+01 1.100786201666883318e-01
1.121621621621621578e+01 1.102691249947973795e-01
1.122622622622622579e+01 1.104611525179392817e-01
1.123623623623623580e+01 1.106531800410811839e-01
1.124624624624624580e+01 1.108452075642230722e-01
1.125625625625625581e+01 1.110388417826822377e-01
1.126626626626626582e+01 1.112325094602925613e-01
1.127627627627627582e+01 1.114261771379028848e-01
1.128628628628628583e+01 1.116213599771701259e-01
1.129629629629629584e+01 1.118166998340729412e-01
1.130630630630630584e+01 1.120120396909757565e-01
1.131631631631631585e+01 1.122087984241049441e-01
1.132632632632632586e+01 1.124058424321323774e-01
1.133633633633633586e+01 1.126028864401598245e-01
1.134634634634634587e+01 1.128012482931467914e-01
1.135635635635635587e+01 1.130000283635632791e-01
1.136636636636636588e+01 1.131988084339797668e-01
1.137637637637637589e+01 1.133988005804706933e-01
1.138638638638638589e+01 1.135993485564800176e-01
1.139639639639639590e+01 1.137998965324893280e-01
1.140640640640640591e+01 1.140015460885426962e-01
1.141641641641641769e+01 1.142038937378800495e-01
1.142642642642642770e+01 1.144062413872173473e-01
1.143643643643643770e+01 1.146095754061205590e-01
1.144644644644644771e+01 1.148137544137309840e-01
1.145645645645645772e+01 1.150179334213414090e-01
1.146646646646646772e+01 1.152229788884829298e-01
1.147647647647647773e+01 1.154290208492885772e-01
1.148648648648648773e+01 1.156350628100941969e-01
1.149649649649649774e+01 1.158418466378919737e-01
1.150650650650650775e+01 1.160497830496479144e-01
1.151651651651651775e+01 1.162577194614038550e-01
1.152652652652652776e+01 1.164662684842909940e-01
1.153653653653653777e+01 1.166761307405335540e-01
1.154654654654654777e+01 1.168859929967761141e-01
1.155655655655655778e+01 1.170963339662447755e-01
1.156656656656656779e+01 1.173081533493315620e-01
1.157657657657657779e+01 1.175199727324183763e-01
1.158658658658658780e+01 1.177321323121222341e-01
1.159659659659659781e+01 1.179459399863665159e-01
1.160660660660660781e+01 1.181597476606107977e-01
1.161661661661661782e+01 1.183737524215270898e-01
1.162662662662662783e+01 1.185895794264271996e-01
1.163663663663663783e+01 1.188054064313273095e-01
1.164664664664664784e+01 1.190212828469792705e-01
1.165665665665665784e+01 1.192391600905449572e-01
1.166666666666666785e+01 1.194570373341106578e-01
1.167667667667667786e+01 1.196749145776763584e-01
1.168668668668668786e+01 1.198947700280266482e-01
1.169669669669669787e+01 1.201147282802023097e-01
1.170670670670670788e+01 1.203346865323779435e-01
1.171671671671671788e+01 1.205564968987449664e-01
1.172672672672672789e+01 1.207785667849319844e-01
1.173673673673673790e+01 1.210006366711190023e-01
1.174674674674674790e+01 1.212244279556900228e-01
1.175675675675675791e+01 1.214486399503688085e-01
1.176676676676676792e+01 1.216728519450476081e-01
1.177677677677677792e+01 1.218986500277836893e-01
1.178678678678678793e+01 1.221250344482360806e-01
1.179679679679679793e+01 1.223514188686884718e-01
1.180680680680680794e+01 1.225792495029593560e-01
1.181681681681681795e+01 1.228078365030926822e-01
1.182682682682682795e+01 1.230364235032260223e-01
1.183683683683683796e+01 1.232663123115094739e-01
1.184684684684684797e+01 1.234971318757829561e-01
1.185685685685685797e+01 1.237279514400564384e-01
1.186686686686686798e+01 1.239599239097026878e-01
1.187687687687687799e+01 1.241930058471566178e-01
1.188688688688688799e+01 1.244260877846105617e-01
1.189689689689689800e+01 1.246601692636723907e-01
1.190690690690690801e+01 1.248955432020616568e-01
1.191691691691691801e+01 1.251309171404509368e-01
1.192692692692692802e+01 1.253671328335795865e-01
1.193693693693693803e+01 1.256048282136108252e-01
1.194694694694694803e+01 1.258425235936420916e-01
1.195695695695695804e+01 1.260808985580492425e-01
1.196696696696696804e+01 1.263209446277237802e-01
1.197697697697697805e+01 1.265609906973983456e-01
1.198698698698698806e+01 1.268015498388847806e-01
1.199699699699699806e+01 1.270439756479464777e-01
1.200700700700700807e+01 1.272864014570081470e-01
1.201701701701701808e+01 1.275291695260590830e-01
1.202702702702702808e+01 1.277740039205483291e-01
1.203703703703703809e+01 1.280188383150375198e-01
1.204704704704704810e+01 1.282638399029850940e-01
1.205705705705705810e+01 1.285111115198992182e-01
1.206706706706706811e+01 1.287583831368133147e-01
1.207707707707707812e+01 1.290056547537274112e-01
1.208708708708708812e+01 1.292553799341267518e-01
1.209709709709709813e+01 1.295051171961872916e-01
1.210710710710710813e+01 1.297548544582478314e-01
1.211711711711711814e+01 1.300068900510545633e-01
1.212712712712712815e+01 1.302591211615810318e-01
1.213713713713713815e+01 1.305113522721075003e-01
1.214714714714714816e+01 1.307657221444224471e-01
1.215715715715715817e+01 1.310204750823142084e-01
1.216716716716716817e+01 1.312752280202059141e-01
1.217717717717717818e+01 1.315319558603898764e-01
1.218718718718718819e+01 1.317892583752144908e-01
1.219719719719719819e+01 1.320465608900391330e-01
1.220720720720720820e+01 1.323056702043212685e-01
1.221721721721721821e+01 1.325655498115114184e-01
1.222722722722722821e+01 1.328254294187015960e-01
1.223723723723723822e+01 1.330869435278556889e-01
1.224724724724724823e+01 1.333494275040132127e-01
1.225725725725725823e+01 1.336119114801707919e-01
1.226726726726726824e+01 1.338758535162597185e-01
1.227727727727727824e+01 1.341409688945674195e-01
1.228728728728728825e+01 1.344060842728751204e-01
1.229729729729729826e+01 1.346724771760634543e-01
1.230730730730730826e+01 1.349402507418048236e-01
1.231731731731731827e+01 1.352080243075462207e-01
1.232732732732732828e+01 1.354768908229809776e-01
1.233733733733733828e+01 1.357473491091679973e-01
1.234734734734734829e+01 1.360178073953549893e-01
1.235735735735735830e+01 1.362891700701146236e-01
1.236736736736736830e+01 1.365623393532220675e-01
1.237737737737737831e+01 1.368355086363295114e-01
1.238738738738738832e+01 1.371093898164405522e-01
1.239739739739739832e+01 1.373852961122492555e-01
1.240740740740740833e+01 1.376612024080579866e-01
1.241741741741741833e+01 1.379376242355801474e-01
1.242742742742742834e+01 1.382162932951266632e-01
1.243743743743743835e+01 1.384949623546731512e-01
1.244744744744744835e+01 1.387739467648520519e-01
1.245745745745745836e+01 1.390554040704851668e-01
1.246746746746746837e+01 1.393368613761183095e-01
1.247747747747747837e+01 1.396184300946055612e-01
1.248748748748748838e+01 1.399027008561507246e-01
1.249749749749749839e+01 1.401869716176958602e-01
1.250750750750750839e+01 1.404712423792410236e-01
1.251751751751751840e+01 1.407582553088667920e-01
1.252752752752752841e+01 1.410453644598960998e-01
1.253753753753753841e+01 1.413324736109253799e-01
1.254754754754754842e+01 1.416221383142967361e-01
1.255755755755755843e+01 1.419121105085056067e-01
1.256756756756756843e+01 1.422020827027144774e-01
1.257757757757757844e+01 1.424944199773053033e-01
1.258758758758758844e+01 1.427872795849948195e-01
1.259759759759759845e+01 1.430801391926843080e-01
1.260760760760760846e+01 1.433751696125186992e-01
1.261761761761761846e+01 1.436709407171836428e-01
1.262762762762762847e+01 1.439667118218485586e-01
1.263763763763763848e+01 1.442644557351621948e-01
1.264764764764764848e+01 1.445631621301837200e-01
1.265765765765765849e+01 1.448618685252052452e-01
1.266766766766766850e+01 1.451623460521731246e-01
1.267767767767767850e+01 1.454640112376162642e-01
1.268768768768768851e+01 1.457656764230593760e-01
1.269769769769769852e+01 1.460689074535896081e-01
1.270770770770770852e+01 1.463735546331045856e-01
1.271771771771771853e+01 1.466782018126195630e-01
1.272772772772772854e+01 1.469842060042123588e-01
1.273773773773773854e+01 1.472918580820396228e-01
1.274774774774774855e+01 1.475995101598668868e-01
1.275775775775775855e+01 1.479083069355388580e-01
1.276776776776776856e+01 1.482189865136165630e-01
1.277777777777777857e+01 1.485296660916942679e-01
1.278778778778778857e+01 1.488412746379676466e-01
1.279779779779779858e+01 1.491550040131421340e-01
1.280780780780780859e+01 1.494687333883166214e-01
1.281781781781781859e+01 1.497831726532733720e-01
1.282782782782782860e+01 1.500999738146108486e-01
1.283783783783783861e+01 1.504167749759483530e-01
1.284784784784784861e+01 1.507340636673480117e-01
1.285785785785785862e+01 1.510539582935469805e-01
1.286786786786786863e+01 1.513738529197460048e-01
1.287787787787787863e+01 1.516940095032073832e-01
1.288788788788788864e+01 1.520170189601125488e-01
1.289789789789789864e+01 1.523400284170177144e-01
1.290790790790790865e+01 1.526630711142647479e-01
1.291791791791791866e+01 1.529892164524790654e-01
1.292792792792792866e+01 1.533153617906933830e-01
1.293793793793793867e+01 1.536415071289077283e-01
1.294794794794794868e+01 1.539706105304599615e-01
1.295795795795795868e+01 1.542999124830568558e-01
1.296796796796796869e+01 1.546292144356537501e-01
1.297797797797797870e+01 1.549612600694035836e-01
1.298798798798798870e+01 1.552937390497366454e-01
1.299799799799799871e+01 1.556262180300696796e-01
1.300800800800800872e+01 1.559612230543436784e-01
1.301801801801801872e+01 1.562968991539540053e-01
1.302802802802802873e+01 1.566325752535643046e-01
1.303803803803803874e+01 1.569705565744057563e-01
1.304804804804804874e+01 1.573094495610257715e-01
1.305805805805805875e+01 1.576483425476457867e-01
1.306806806806806875e+01 1.579893168174667795e-01
1.307807807807807876e+01 1.583314461331195855e-01
1.308808808808808877e+01 1.586735754487723637e-01
1.309809809809809877e+01 1.590175590650666215e-01
1.310810810810810878e+01 1.593629438242613050e-01
1.311811811811811879e+01 1.597083285834559330e-01
1.312812812812812879e+01 1.600553376875704092e-01
1.313813813813813880e+01 1.604039966755895219e-01
1.314814814814814881e+01 1.607526556636086346e-01
1.315815815815815881e+01 1.611027061395748639e-01
1.316816816816816882e+01 1.614546578108574382e-01
1.317817817817817883e+01 1.618066094821400125e-01
1.318818818818818883e+01 1.621597169555641371e-01
1.319819819819819884e+01 1.625149794321791297e-01
1.320820820820820884e+01 1.628702419087940945e-01
1.321821821821821885e+01 1.632264217458042899e-01
1.322822822822822886e+01 1.635850128160159234e-01
1.323823823823823886e+01 1.639436038862275569e-01
1.324824824824824887e+01 1.643028711924798269e-01
1.325825825825825888e+01 1.646648083094042758e-01
1.326826826826826888e+01 1.650267454263287248e-01
1.327827827827827889e+01 1.653891150460697901e-01
1.328828828828828890e+01 1.657544153264202680e-01
1.329829829829829890e+01 1.661197156067707736e-01
1.330830830830830891e+01 1.664852021219569156e-01
1.331831831831831892e+01 1.668538823448779407e-01
1.332832832832832892e+01 1.672225625677989658e-01
1.333833833833833893e+01 1.675912427907199631e-01
1.334834834834834894e+01 1.679632569032606382e-01
1.335835835835835894e+01 1.683353335092497571e-01
1.336836836836836895e+01 1.687074101152389038e-01
1.337837837837837895e+01 1.690825855978823344e-01
1.338838838838838896e+01 1.694580746877987210e-01
1.339839839839839897e+01 1.698335637777150797e-01
1.340840840840840897e+01 1.702119140802757224e-01
1.341841841841841898e+01 1.705908314144340132e-01
1.342842842842842899e+01 1.709697487485923040e-01
1.343843843843843899e+01 1.713512870548051514e-01
1.344844844844844900e+01 1.717336480521543252e-01
1.345845845845845901e+01 1.721160090495034989e-01
1.346846846846846901e+01 1.725007482765021083e-01
1.347847847847847902e+01 1.728865680138882976e-01
1.348848848848848903e+01 1.732723877512744592e-01
1.349849849849849903e+01 1.736603405491205510e-01
1.350850850850850904e+01 1.740496337606313726e-01
1.351851851851851904e+01 1.744389269721421942e-01
1.352852852852852905e+01 1.748301057234077360e-01
1.353853853853853906e+01 1.752228867997997208e-01
1.354854854854854906e+01 1.756156678761916501e-01
1.355855855855855907e+01 1.760100846955917064e-01
1.356856856856856908e+01 1.764063676837971384e-01
1.357857857857857908e+01 1.768026506720025703e-01
1.358858858858858909e+01 1.772003174060786945e-01
1.359859859859859910e+01 1.776001160087929687e-01
1.360860860860860910e+01 1.779999146115072151e-01
1.361861861861861911e+01 1.784008428383610512e-01
1.362862862862862912e+01 1.788041704137074694e-01
1.363863863863863912e+01 1.792074979890538600e-01
1.364864864864864913e+01 1.796116990181298168e-01
1.365865865865865914e+01 1.800185685794028490e-01
1.366866866866866914e+01 1.804254381406759367e-01
1.367867867867867915e+01 1.808329230125930442e-01
1.368868868868868915e+01 1.812433472280777502e-01
1.369869869869869916e+01 1.816537714435624840e-01
1.370870870870870917e+01 1.820645509299943787e-01
1.371871871871871917e+01 1.824785421228605486e-01
1.372872872872872918e+01 1.828925333157267186e-01
1.373873873873873919e+01 1.833066179193289791e-01
1.374874874874874919e+01 1.837241880676002415e-01
1.375875875875875920e+01 1.841417582158715316e-01
1.376876876876876921e+01 1.845593283641428217e-01
1.377877877877877921e+01 1.849803189068524589e-01
1.378878878878878922e+01 1.854014796434487189e-01
1.379879879879879923e+01 1.858226403800450066e-01
1.380880880880880923e+01 1.862469675260573498e-01
1.381881881881881924e+01 1.866717301389089756e-01
1.382882882882882924e+01 1.870964927517606013e-01
1.383883883883883925e+01 1.875241658519054555e-01
1.384884884884884926e+01 1.879525412841379917e-01
1.385885885885885926e+01 1.883809167163704723e-01
1.386886886886886927e+01 1.888119448528900457e-01
1.387887887887887928e+01 1.892439437030806193e-01
1.388888888888888928e+01 1.896759425532711651e-01
1.389889889889889929e+01 1.901103345400456113e-01
1.390890890890890930e+01 1.905459670625469504e-01
1.391891891891891930e+01 1.909815995850483450e-01
1.392892892892892931e+01 1.914193639678640202e-01
1.393893893893893932e+01 1.918586400731962238e-01
1.394894894894894932e+01 1.922979161785283997e-01
1.395895895895895933e+01 1.927390612353892807e-01
1.396896896896896934e+01 1.931819904906993124e-01
1.397897897897897934e+01 1.936249197460093163e-01
1.398898898898898935e+01 1.940694534874898292e-01
1.399899899899899935e+01 1.945160451170761806e-01
1.400900900900900936e+01 1.949626367466625598e-01
1.401901901901901937e+01 1.954105669163016812e-01
1.402902902902902937e+01 1.958608298022038730e-01
1.403903903903903938e+01 1.963110926881060925e-01
1.404904904904904939e+01 1.967624267628418633e-01
1.405905905905905939e+01 1.972163694454928395e-01
1.406906906906906940e+01 1.976703121281438158e-01
1.407907907907907941e+01 1.981250573187878228e-01
1.408908908908908941e+01 1.985826879977302117e-01
1.409909909909909942e+01 1.990403186766726285e-01
1.410910910910910943e+01 1.994984819284242872e-01
1.411911911911911943e+01 1.999598084630869743e-01
1.412912912912912944e+01 2.004211349977496615e-01
1.413913913913913944e+01 2.008827229907489687e-01
1.414914914914914945e+01 2.013477529012843714e-01
1.415915915915915946e+01 2.018127828118197464e-01
1.416916916916916946e+01 2.022778127223551492e-01
1.417917917917917947e+01 2.027465424299186025e-01
1.418918918918918948e+01 2.032152828980992032e-01
1.419919919919919948e+01 2.036840233662798039e-01
1.420920920920920949e+01 2.041561972269413383e-01
1.421921921921921950e+01 2.046286550971151419e-01
1.422922922922922950e+01 2.051011129672889732e-01
1.423923923923923951e+01 2.055767365332929753e-01
1.424924924924924952e+01 2.060529183133952003e-01
1.425925925925925952e+01 2.065291000934974253e-01
1.426926926926926953e+01 2.070081786556838832e-01
1.427927927927927954e+01 2.074880905183050239e-01
1.428928928928928954e+01 2.079680023809262202e-01
1.429929929929929955e+01 2.084505409695241729e-01
1.430930930930930955e+01 2.089341887530339892e-01
1.431931931931931956e+01 2.094178365365438055e-01
1.432932932932932957e+01 2.099038399219986806e-01
1.433933933933933957e+01 2.103912291317236449e-01
1.434934934934934958e+01 2.108786183414486370e-01
1.435935935935935959e+01 2.113680910352822850e-01
1.436936936936936959e+01 2.118592268447352100e-01
1.437937937937937960e+01 2.123503626541881073e-01
1.438938938938938961e+01 2.128433089098934472e-01
1.439939939939939961e+01 2.133381961620575973e-01
1.440940940940940962e+01 2.138330834142217196e-01
1.441941941941941963e+01 2.143295072281887204e-01
1.442942942942942963e+01 2.148281504368496353e-01
1.443943943943943964e+01 2.153267936455105780e-01
1.444944944944944965e+01 2.158266987579842422e-01
1.445945945945945965e+01 2.163291021091144906e-01
1.446946946946946966e+01 2.168315054602447667e-01
1.447947947947947966e+01 2.173348953563152275e-01
1.448948948948948967e+01 2.178410627095064833e-01
1.449949949949949968e+01 2.183472300626977669e-01
1.450950950950950968e+01 2.188541079733204442e-01
1.451951951951951969e+01 2.193640428632636086e-01
1.452952952952952970e+01 2.198739777532068007e-01
1.453953953953953970e+01 2.203843466562528941e-01
1.454954954954954971e+01 2.208980522942662061e-01
1.455955955955955972e+01 2.214117579322795459e-01
1.456956956956956972e+01 2.219256205536165039e-01
1.457957957957957973e+01 2.224430998292178940e-01
1.458958958958958974e+01 2.229605791048193120e-01
1.459959959959959974e+01 2.234780583804206744e-01
1.460960960960960975e+01 2.239991934019461284e-01
1.461961961961961975e+01 2.245204488844724233e-01
1.462962962962962976e+01 2.250417043669987738e-01
1.463963963963963977e+01 2.255663400578215572e-01
1.464964964964964977e+01 2.260913739980903725e-01
1.465965965965965978e+01 2.266164079383592156e-01
1.466966966966966979e+01 2.271445459582907278e-01
1.467967967967967979e+01 2.276733602903055764e-01
1.468968968968968980e+01 2.282021746223204806e-01
1.469969969969969981e+01 2.287338163855225093e-01
1.470970970970970981e+01 2.292664127282211528e-01
1.471971971971971982e+01 2.297990090709197408e-01
1.472972972972972983e+01 2.303341557471652590e-01
1.473973973973973983e+01 2.308705354062069448e-01
1.474974974974974984e+01 2.314069150652486306e-01
1.475975975975975985e+01 2.319455675812087669e-01
1.476976976976976985e+01 2.324857315508039313e-01
1.477977977977977986e+01 2.330258955203990956e-01
1.478978978978978986e+01 2.335680545609551406e-01
1.479979979979979987e+01 2.341120035257331922e-01
1.480980980980980988e+01 2.346559524905112160e-01
1.481981981981981988e+01 2.352016185000905257e-01
1.482982982982982989e+01 2.357493528370053493e-01
1.483983983983983990e+01 2.362970871739201728e-01
1.484984984984984990e+01 2.368462603578559977e-01
1.485985985985985991e+01 2.373977801381304265e-01
1.486986986986986992e+01 2.379492999184048829e-01
1.487987987987987992e+01 2.385019802443201775e-01
1.488988988988988993e+01 2.390572852354257705e-01
1.489989989989989994e+01 2.396125902265314189e-01
1.490990990990990994e+01 2.401687774257447450e-01
1.491991991991991995e+01 2.407278670934171194e-01
1.492992992992992995e+01 2.412869567610894661e-01
1.493993993993993996e+01 2.418466503300435444e-01
1.494994994994994997e+01 2.424095238403330688e-01
1.495995995995995997e+01 2.429723973506225654e-01
1.496996996996996998e+01 2.435355965523348931e-01
1.497997997997997999e+01 2.441022527736905756e-01
1.498998998998998999e+01 2.446689089950463136e-01
1.500000000000000000e+01 2.452356128605808205e-01
