5.000000000000000000e+00 1.227512229314005852e-02
5.010010010010010006e+00 1.239290417654656355e-02
5.020020020020020013e+00 1.251068605995306858e-02
5.030030030030030019e+00 1.262846794335957534e-02
5.040040040040040026e+00 1.274624982676608037e-02
5.050050050050050032e+00 1.286403171017258540e-02
5.060060060060060039e+00 1.298181359357909043e-02
5.070070070070070045e+00 1.309959547698559719e-02
5.080080080080080052e+00 1.321737736039210222e-02
5.090090090090090058e+00 1.333515924379860725e-02
5.100100100100100065e+00 1.345294112720511227e-02
5.110110110110110071e+00 1.357188454306137472e-02
5.120120120120120077e+00 1.369083744416094844e-02
5.130130130130130084e+00 1.380979034526052217e-02
5.140140140140140090e+00 1.392973635946003798e-02
5.150150150150150097e+00 1.404982178775762702e-02
5.160160160160160103e+00 1.416990721605521780e-02
5.170170170170170110e+00 1.429082622940802162e-02
5.180180180180180116e+00 1.441200574492862430e-02
5.190190190190190123e+00 1.453318526044922697e-02
5.200200200200200129e+00 1.465504774614759427e-02
5.210210210210210136e+00 1.477728302017455517e-02
5.220220220220220142e+00 1.489951829420151606e-02
5.230230230230230148e+00 1.502229482957852941e-02
5.240240240240240155e+00 1.514554770343638779e-02
5.250250250250250161e+00 1.526880057729424790e-02
5.260260260260260168e+00 1.539246187473077530e-02
5.270270270270270174e+00 1.551669441656337509e-02
5.280280280280280181e+00 1.564092695839597313e-02
5.290290290290290187e+00 1.576544389536303770e-02
5.300300300300300194e+00 1.589061845486527957e-02
5.310310310310310200e+00 1.601579301436752145e-02
5.320320320320320207e+00 1.614113666259249166e-02
5.330330330330330213e+00 1.626721592366096522e-02
5.340340340340340219e+00 1.639329518472943878e-02
5.350350350350350226e+00 1.651943683847568317e-02
5.360360360360360232e+00 1.664638386974956127e-02
5.370370370370370239e+00 1.677333090102344285e-02
5.380380380380380245e+00 1.690027793229732095e-02
5.390390390390390252e+00 1.702802040774469700e-02
5.400400400400400258e+00 1.715579871101512513e-02
5.410410410410410265e+00 1.728357701428555326e-02
5.420420420420420271e+00 1.741202484122583369e-02
5.430430430430430278e+00 1.754059839769717827e-02
5.440440440440440284e+00 1.766917195416852285e-02
5.450450450450450290e+00 1.779829777867298832e-02
5.460460460460460297e+00 1.792763109306580796e-02
5.470470470470470303e+00 1.805696440745862760e-02
5.480480480480480310e+00 1.818674124416407370e-02
5.490490490490490316e+00 1.831679938665400562e-02
5.500500500500500323e+00 1.844685752914394100e-02
5.510510510510510329e+00 1.857725878282436363e-02
5.520520520520520336e+00 1.870800742881699799e-02
5.530530530530530342e+00 1.883875607480962888e-02
5.540540540540540349e+00 1.896975556102974830e-02
5.550550550550550355e+00 1.910116102877541799e-02
5.560560560560560361e+00 1.923256649652109115e-02
5.570570570570570368e+00 1.936413846137427508e-02
5.580580580580580374e+00 1.949616774743207631e-02
5.590590590590590381e+00 1.962819703348988101e-02
5.600600600600600387e+00 1.976031617242387031e-02
5.610610610610610394e+00 1.989293698498719593e-02
5.620620620620620400e+00 2.002555779755052154e-02
5.630630630630630407e+00 2.015819927328498309e-02
5.640640640640640413e+00 2.029138006338581518e-02
5.650650650650650419e+00 2.042456085348664380e-02
5.660660660660660426e+00 2.055774164358747588e-02
5.670670670670670432e+00 2.069141030363978728e-02
5.680680680680680439e+00 2.082512029425204192e-02
5.690690690690690445e+00 2.095883028486430003e-02
5.700700700700700452e+00 2.109294309807401707e-02
5.710710710710710458e+00 2.122715231113944320e-02
5.720720720720720465e+00 2.136136152420486933e-02
5.730730730730730471e+00 2.149589597755371256e-02
5.740740740740740478e+00 2.163057525895765304e-02
5.750750750750750484e+00 2.176525454036159352e-02
5.760760760760760490e+00 2.190018867375700257e-02
5.770770770770770497e+00 2.203530971628327173e-02
5.780780780780780503e+00 2.217043075880954436e-02
5.790790790790790510e+00 2.230574317656208033e-02
5.800800800800800516e+00 2.244127854085987278e-02
5.810810810810810523e+00 2.257681390515766176e-02
5.820820820820820529e+00 2.271248378662544740e-02
5.830830830830830536e+00 2.284840692022272260e-02
5.840840840840840542e+00 2.298433005382000127e-02
5.850850850850850549e+00 2.312033716323159266e-02
5.860860860860860555e+00 2.325662241763229443e-02
5.870870870870870561e+00 2.339290767203299273e-02
5.880880880880880568e+00 2.352923236750045083e-02
5.890890890890890574e+00 2.366585501340463804e-02
5.900900900900900581e+00 2.380247765930882178e-02
5.910910910910910587e+00 2.393910090104309218e-02
5.920920920920920594e+00 2.407603714173084039e-02
5.930930930930930600e+00 2.421297338241858513e-02
5.940940940940940607e+00 2.434990962310633333e-02
5.950950950950950613e+00 2.448710372308152833e-02
5.960960960960960620e+00 2.462433070600340487e-02
5.970970970970970626e+00 2.476155768892527795e-02
5.980980980980980632e+00 2.489899219229632643e-02
5.990990990990990639e+00 2.503648801891450101e-02
6.001001001001000645e+00 2.517398384553267907e-02
6.011011011011010652e+00 2.531164252246098992e-02
6.021021021021020658e+00 2.544938625638641302e-02
6.031031031031030665e+00 2.558712999031183960e-02
6.041041041041040671e+00 2.572499724467769769e-02
6.051051051051050678e+00 2.586296891814995891e-02
6.061061061061060684e+00 2.600094059162222360e-02
6.071071071071070691e+00 2.613900146383673143e-02
6.081081081081080697e+00 2.627718208259418459e-02
6.091091091091090703e+00 2.641536270135163775e-02
6.101101101101100710e+00 2.655360287049967835e-02
6.111111111111110716e+00 2.669197441708846125e-02
6.121121121121120723e+00 2.683034596367724761e-02
6.131131131131130729e+00 2.696875174900660588e-02
6.141141141141140736e+00 2.710729718457748766e-02
6.151151151151150742e+00 2.724584262014836597e-02
6.161161161161160749e+00 2.738440098192026356e-02
6.171171171171170755e+00 2.752310424656334228e-02
6.181181181181180762e+00 2.766180751120641754e-02
6.191191191191190768e+00 2.780051077584949626e-02
6.201201201201200774e+00 2.793935206259037102e-02
6.211211211211210781e+00 2.807819807425775138e-02
6.221221221221220787e+00 2.821704408592512828e-02
6.231231231231230794e+00 2.835599968634906418e-02
6.241241241241240800e+00 2.849497433841620755e-02
6.251251251251250807e+00 2.863394899048334746e-02
6.261261261261260813e+00 2.877300875851608597e-02
6.271271271271270820e+00 2.891209891603253868e-02
6.281281281281280826e+00 2.905118907354899138e-02
6.291291291291290833e+00 2.919034349644785906e-02
6.301301301301300839e+00 2.932953699112851587e-02
6.311311311311310845e+00 2.946873048580917268e-02
6.321321321321320852e+00 2.960797068084573824e-02
6.331331331331330858e+00 2.974725630485349978e-02
6.341341341341340865e+00 2.988654192886125785e-02
6.351351351351350871e+00 3.002585963951026962e-02
6.361361361361360878e+00 3.016522713808105979e-02
6.371371371371370884e+00 3.030459463665184650e-02
6.381381381381380891e+00 3.044398222830228817e-02
6.391391391391390897e+00 3.058342229126329720e-02
6.401401401401400904e+00 3.072286235422430276e-02
6.411411411411410910e+00 3.086231280942821481e-02
6.421421421421420916e+00 3.100181706165975812e-02
6.431431431431430923e+00 3.114132131389130489e-02
6.441441441441440929e+00 3.128082822716599792e-02
6.451451451451450936e+00 3.142038921805753032e-02
6.461461461461460942e+00 3.155995020894906966e-02
6.471471471471470949e+00 3.169951119984059512e-02
6.481481481481480955e+00 3.183911897309821964e-02
6.491491491491490962e+00 3.197873016504790278e-02
6.501501501501500968e+00 3.211834135699759285e-02
6.511511511511510975e+00 3.225798895332620403e-02
6.521521521521520981e+00 3.239764470933383100e-02
6.531531531531530987e+00 3.253730046534145798e-02
6.541541541541540994e+00 3.267698416707246617e-02
6.551551551551551000e+00 3.281667973747441625e-02
6.561561561561561007e+00 3.295637530787636632e-02
6.571571571571571013e+00 3.309609197028612337e-02
6.581581581581581020e+00 3.323582347868060671e-02
6.591591591591591026e+00 3.337555498707507617e-02
6.601601601601601033e+00 3.351530203042504125e-02
6.611611611611611927e+00 3.365506645883539760e-02
6.621621621621621934e+00 3.379483088724574702e-02
6.631631631631631940e+00 3.393460628851539818e-02
6.641641641641641947e+00 3.407440146183834256e-02
6.651651651651651953e+00 3.421419663516129389e-02
6.661661661661661959e+00 3.435399891948842654e-02
6.671671671671671966e+00 3.449382348927349656e-02
6.681681681681681972e+00 3.463364805905856658e-02
6.691691691691691979e+00 3.477347629090105086e-02
6.701701701701701985e+00 3.491332971850654582e-02
6.711711711711711992e+00 3.505318314611204772e-02
6.721721721721721998e+00 3.519303692014516538e-02
6.731731731731732005e+00 3.533291945931561068e-02
6.741741741741742011e+00 3.547280199848606985e-02
6.751751751751752018e+00 3.561268453765651515e-02
6.761761761761762024e+00 3.575259410915794522e-02
6.771771771771772030e+00 3.589250678806634592e-02
6.781781781781782037e+00 3.603241946697475356e-02
6.791791791791792043e+00 3.617235710717248837e-02
6.801801801801802050e+00 3.631230170997055973e-02
6.811811811811812056e+00 3.645224631276863803e-02
6.821821821821822063e+00 3.659221388701745792e-02
6.831831831831832069e+00 3.673219293493587556e-02
6.841841841841842076e+00 3.687217198285429320e-02
6.851851851851852082e+00 3.701217182863895949e-02
6.861861861861862089e+00 3.715218856067813158e-02
6.871871871871872095e+00 3.729220529271731754e-02
6.881881881881882101e+00 3.743224020906453509e-02
6.891891891891892108e+00 3.757229856231689841e-02
6.901901901901902114e+00 3.771235691556926173e-02
6.911911911911912121e+00 3.785243015231534724e-02
6.921921921921922127e+00 3.799253474195703889e-02
6.931931931931932134e+00 3.813263933159873748e-02
6.941941941941942140e+00 3.827275457852481744e-02
6.951951951951952147e+00 3.841291067751588517e-02
6.961961961961962153e+00 3.855306677650696678e-02
6.971971971971972160e+00 3.869322815235361201e-02
6.981981981981982166e+00 3.883344167088302601e-02
6.991991991991992172e+00 3.897365518941244694e-02
7.002002002002002179e+00 3.911386870794186787e-02
7.012012012012012185e+00 3.925414469549696334e-02
7.022022022022022192e+00 3.939442216020886539e-02
7.032032032032032198e+00 3.953469962492077439e-02
7.042042042042042205e+00 3.967503834342100966e-02
7.052052052052052211e+00 3.981538687645677643e-02
7.062062062062062218e+00 3.995573540949253627e-02
7.072072072072072224e+00 4.009614277199828603e-02
7.082082082082082231e+00 4.023657006988876073e-02
7.092092092092092237e+00 4.037699736777923543e-02
7.102102102102102243e+00 4.051747965016370967e-02
7.112112112112112250e+00 4.065799396260395826e-02
7.122122122122122256e+00 4.079850827504420685e-02
7.132132132132132263e+00 4.093907210448771705e-02
7.142142142142142269e+00 4.107968221302635975e-02
7.152152152152152276e+00 4.122029232156500939e-02
7.162162162162162282e+00 4.136094466502514971e-02
7.172172172172172289e+00 4.150165986169889604e-02
7.182182182182182295e+00 4.164237505837264236e-02
7.192192192192192302e+00 4.178312321103967719e-02
7.202202202202202308e+00 4.192395327698245078e-02
7.212212212212212314e+00 4.206478334292522436e-02
7.222222222222222321e+00 4.220563491667163325e-02
7.232232232232232327e+00 4.234659010072745755e-02
7.242242242242242334e+00 4.248754528478328185e-02
7.252252252252252340e+00 4.262850819661647556e-02
7.262262262262262347e+00 4.276959919398280047e-02
7.272272272272272353e+00 4.291069019134911844e-02
7.282282282282282360e+00 4.305178118871542947e-02
7.292292292292292366e+00 4.319301058280404504e-02
7.302302302302302373e+00 4.333424851373261083e-02
7.312312312312312379e+00 4.347548644466118356e-02
7.322322322322322385e+00 4.361685540422188118e-02
7.332332332332332392e+00 4.375825179280207894e-02
7.342342342342342398e+00 4.389964818138226976e-02
7.352352352352352405e+00 4.404116585242803805e-02
7.362362362362362411e+00 4.418273260547737197e-02
7.372372372372372418e+00 4.432429935852669201e-02
7.382382382382382424e+00 4.446597512523488976e-02
7.392392392392392431e+00 4.460772451131969629e-02
7.402402402402402437e+00 4.474947389740449588e-02
7.412412412412412444e+00 4.489131737086150820e-02
7.422422422422422450e+00 4.503326199947010888e-02
7.432432432432432456e+00 4.517520662807870263e-02
7.442442442442442463e+00 4.531722763509728885e-02
7.452452452452452469e+00 4.545938043598714978e-02
7.462462462462462476e+00 4.560153323687701071e-02
7.472472472472472482e+00 4.574374180889258928e-02
7.482482482482482489e+00 4.588611601163129078e-02
7.492492492492492495e+00 4.602849021436997839e-02
7.502502502502502502e+00 4.617089657642197559e-02
7.512512512512512508e+00 4.631350569014167778e-02
7.522522522522522515e+00 4.645611480386137304e-02
7.532532532532532521e+00 4.659872936366570711e-02
7.542542542542542527e+00 4.674158715704904848e-02
7.552552552552552534e+00 4.688444495043238291e-02
7.562562562562562540e+00 4.702730274381573122e-02
7.572572572572572547e+00 4.717039876906566759e-02
7.582582582582582553e+00 4.731351925058067259e-02
7.592592592592592560e+00 4.745663973209567760e-02
7.602602602602602566e+00 4.759997950409203260e-02
7.612612612612612573e+00 4.774337690249218225e-02
7.622622622622622579e+00 4.788677430089233189e-02
7.632632632632632586e+00 4.803036891187707769e-02
7.642642642642642592e+00 4.817405765698219711e-02
7.652652652652652598e+00 4.831774640208731653e-02
7.662662662662662605e+00 4.846160706536752072e-02
7.672672672672672611e+00 4.860560176913982650e-02
7.682682682682682618e+00 4.874959647291211839e-02
7.692692692692692624e+00 4.889373451277904264e-02
7.702702702702702631e+00 4.903804995070802641e-02
7.712712712712712637e+00 4.918236538863699631e-02
7.722722722722722644e+00 4.932679223042069072e-02
7.732732732732732650e+00 4.947144332322980786e-02
7.742742742742742657e+00 4.961609441603891807e-02
7.752752752752752663e+00 4.976082157630217634e-02
7.762762762762762669e+00 4.990582337198887219e-02
7.772772772772772676e+00 5.005082516767556805e-02
7.782782782782782682e+00 5.019586424455065726e-02
7.792792792792792689e+00 5.034123190077113147e-02
7.802802802802802695e+00 5.048659955699160568e-02
7.812812812812812702e+00 5.063196721321207294e-02
7.822822822822822708e+00 5.077771098747205919e-02
7.832832832832832715e+00 5.092345975428074628e-02
7.842842842842842721e+00 5.106920852108943337e-02
7.852852852852852727e+00 5.121530294057280441e-02
7.862862862862862734e+00 5.136144814352631982e-02
7.872872872872872740e+00 5.150759334647984217e-02
7.882882882882882747e+00 5.165405025650629534e-02
7.892892892892892753e+00 5.180060728014012489e-02
7.902902902902902760e+00 5.194716430377396138e-02
7.912912912912912766e+00 5.209399557793260166e-02
7.922922922922922773e+00 5.224097984961878494e-02
7.932932932932932779e+00 5.238796412130496821e-02
7.942942942942942786e+00 5.253518165294186748e-02
7.952952952952952792e+00 5.268260862713463472e-02
7.962962962962962798e+00 5.283003560132740195e-02
7.972972972972972805e+00 5.297765129520076027e-02
7.982982982982982811e+00 5.312553643807665926e-02
7.992992992992992818e+00 5.327342158095257213e-02
8.003003003003001936e+00 5.342144734505716724e-02
8.013013013013011943e+00 5.356980611955552973e-02
8.023023023023021949e+00 5.371816489405389222e-02
8.033033033033031955e+00 5.386661263161672542e-02
8.043043043043041962e+00 5.401546048288513591e-02
8.053053053053051968e+00 5.416430833415354640e-02
8.063063063063061975e+00 5.431318993580171867e-02
8.073073073073071981e+00 5.446254227705157880e-02
8.083083083083081988e+00 5.461189461830144587e-02
8.093093093093091994e+00 5.476124695955130600e-02
8.103103103103102001e+00 5.491109415317965703e-02
8.113113113113112007e+00 5.506096635195496802e-02
8.123123123123122014e+00 5.521083855073028596e-02
8.133133133133132020e+00 5.536115863000429238e-02
8.143143143143142026e+00 5.551156599486719440e-02
8.153153153153152033e+00 5.566197335973008253e-02
8.163163163163162039e+00 5.581277806035461059e-02
8.173173173173172046e+00 5.596373582799022556e-02
8.183183183183182052e+00 5.611469359562584053e-02
8.193193193193192059e+00 5.626599459865584685e-02
8.203203203203202065e+00 5.641751792139838156e-02
8.213213213213213848e+00 5.656904124414095097e-02
8.223223223223223854e+00 5.672085016945345448e-02
8.233233233233233861e+00 5.687295410323476436e-02
8.243243243243243867e+00 5.702505803701606729e-02
8.253253253253253874e+00 5.717738643696219231e-02
8.263263263263263880e+00 5.733008592968439482e-02
8.273273273273273887e+00 5.748278542240659733e-02
8.283283283283283893e+00 5.763564477564371569e-02
8.293293293293293900e+00 5.778895465597536085e-02
8.303303303303303906e+00 5.794226453630701296e-02
8.313313313313313913e+00 5.809566624181097122e-02
8.323323323323323919e+00 5.824960120840753236e-02
8.333333333333333925e+00 5.840353617500409350e-02
8.343343343343343932e+00 5.855749154626183062e-02
8.353353353353353938e+00 5.871206615740930806e-02
8.363363363363363945e+00 5.886664076855679245e-02
8.373373373373373951e+00 5.902121537970427684e-02
8.383383383383383958e+00 5.917638969161967410e-02
8.393393393393393964e+00 5.933161835530060407e-02
8.403403403403403971e+00 5.948684701898153404e-02
8.413413413413413977e+00 5.964261159299339560e-02
8.423423423423423984e+00 5.979850855737382787e-02
8.433433433433433990e+00 5.995440552175425319e-02
8.443443443443443996e+00 6.011077121292583703e-02
8.453453453453454003e+00 6.026735055726136631e-02
8.463463463463464009e+00 6.042392990159688865e-02
8.473473473473474016e+00 6.058090744939247790e-02
8.483483483483484022e+00 6.073818307535076844e-02
8.493493493493494029e+00 6.089545870130906591e-02
8.503503503503504035e+00 6.105305872509751708e-02
8.513513513513514042e+00 6.121104434849539838e-02
8.523523523523524048e+00 6.136902997189329356e-02
8.533533533533534055e+00 6.152726296662647948e-02
8.543543543543544061e+00 6.168597210957773441e-02
8.553553553553554067e+00 6.184468125252898241e-02
8.563563563563564074e+00 6.200355758459419331e-02
8.573573573573574080e+00 6.216300356806533922e-02
8.583583583583584087e+00 6.232244955153648514e-02
8.593593593593594093e+00 6.248197945478178167e-02
8.603603603603604100e+00 6.264217539155185477e-02
8.613613613613614106e+00 6.280237132832194868e-02
8.623623623623624113e+00 6.296256726509202872e-02
8.633633633633634119e+00 6.312352368827352234e-02
8.643643643643644126e+00 6.328448247629389622e-02
8.653653653653654132e+00 6.344544126431427011e-02
8.663663663663664138e+00 6.360708399059242235e-02
8.673673673673674145e+00 6.376881830674271945e-02
8.683683683683684151e+00 6.393055262289303042e-02
8.693693693693694158e+00 6.409289123943624766e-02
8.703703703703704164e+00 6.425541353367093811e-02
8.713713713713714171e+00 6.441793582790561468e-02
8.723723723723724177e+00 6.458097976968288356e-02
8.733733733733734184e+00 6.474430225956501195e-02
8.743743743743744190e+00 6.490762474944715421e-02
8.753753753753754197e+00 6.507138329648061437e-02
8.763763763763764203e+00 6.523551796209629827e-02
8.773773773773774209e+00 6.539965262771198218e-02
8.783783783783784216e+00 6.556413490248967635e-02
8.793793793793794222e+00 6.572909348173899824e-02
8.803803803803804229e+00 6.589405206098830625e-02
8.813813813813814235e+00 6.605926702603484579e-02
8.823823823823824242e+00 6.622506101029310144e-02
8.833833833833834248e+00 6.639085499455135708e-02
8.843843843843844255e+00 6.655681145015508726e-02
8.853853853853854261e+00 6.672345208029910324e-02
8.863863863863864268e+00 6.689009271044309146e-02
8.873873873873874274e+00 6.705679929253782756e-02
8.883883883883884280e+00 6.722429755533089468e-02
8.893893893893894287e+00 6.739179581812397568e-02
8.903903903903904293e+00 6.755929408091702892e-02
8.913913913913914300e+00 6.772762762115339119e-02
8.923923923923924306e+00 6.789599424598335986e-02
8.933933933933934313e+00 6.806436087081331465e-02
8.943943943943944319e+00 6.823347177773032846e-02
8.953953953953954326e+00 6.840271723369389933e-02
8.963963963963964332e+00 6.857196268965745634e-02
8.973973973973974338e+00 6.874185883206788972e-02
8.983983983983984345e+00 6.891199332539567346e-02
8.993993993993994351e+00 6.908212781872342945e-02
9.004004004004004358e+00 6.925281689187973155e-02
9.014014014014014364e+00 6.942385036369433382e-02
9.024024024024024371e+00 6.959488383550893609e-02
9.034034034034034377e+00 6.976637336005696299e-02
9.044044044044044384e+00 6.993831548445861301e-02
9.054054054054054390e+00 7.011025760886024916e-02
9.064064064064064397e+00 7.028255492992943609e-02
9.074074074074074403e+00 7.045541511240172028e-02
9.084084084084084409e+00 7.062827529487399059e-02
9.094094094094094416e+00 7.080138758130147258e-02
9.104104104104104422e+00 7.097517495743022042e-02
9.114114114114114429e+00 7.114896233355899602e-02
9.124124124124124435e+00 7.132289657724603937e-02
9.134134134134134442e+00 7.149762001174510273e-02
9.144144144144144448e+00 7.167234344624415221e-02
9.154154154154154455e+00 7.184710646164259307e-02
9.164164164164164461e+00 7.202277454767849751e-02
9.174174174174174468e+00 7.219844263371438808e-02
9.184184184184184474e+00 7.237411071975027865e-02
9.194194194194194480e+00 7.255066211624991435e-02
9.204204204204204487e+00 7.272728317505929019e-02
9.214214214214214493e+00 7.290390423386866603e-02
9.224224224224224500e+00 7.308130554642551513e-02
9.234234234234234506e+00 7.325888762721724512e-02
9.244244244244244513e+00 7.343646970800897511e-02
9.254254254254254519e+00 7.361472694506333847e-02
9.264264264264264526e+00 7.379327782519878864e-02
9.274274274274274532e+00 7.397182870533423882e-02
9.284284284284284539e+00 7.415094769752872406e-02
9.294294294294294545e+00 7.433047488297270244e-02
9.304304304304304551e+00 7.451000206841668083e-02
9.314314314314314558e+00 7.468998846896246491e-02
9.324324324324324564e+00 7.487049919499710882e-02
9.334334334334334571e+00 7.505100992103178048e-02
9.344344344344344577e+00 7.523186920618440965e-02
9.354354354354354584e+00 7.541337043837978427e-02
9.364364364364364590e+00 7.559487167057518664e-02
9.374374374374374597e+00 7.577660914021741578e-02
9.384384384384384603e+00 7.595910757564980353e-02
9.394394394394394610e+00 7.614160601108221904e-02
9.404404404404404616e+00 7.632422678941146177e-02
9.414414414414414622e+00 7.650772885812401336e-02
9.424424424424424629e+00 7.669123092683659271e-02
9.434434434434434635e+00 7.687473996315523361e-02
9.444444444444444642e+00 7.705925182985186306e-02
9.454454454454454648e+00 7.724376369654849250e-02
9.464464464464464655e+00 7.742827556324512195e-02
9.474474474474474661e+00 7.761369333212031485e-02
9.484484484484484668e+00 7.779922089808655183e-02
9.494494494494494674e+00 7.798474846405280270e-02
9.504504504504504681e+00 7.817106950850319369e-02
9.514514514514514687e+00 7.835761841374624947e-02
9.524524524524524693e+00 7.854416731898929138e-02
9.534534534534534700e+00 7.873139581043711588e-02
9.544544544544544706e+00 7.891897143603787690e-02
9.554554554554554713e+00 7.910654706163865180e-02
9.564564564564564719e+00 7.929468700330775943e-02
9.574574574574574726e+00 7.948329447397772807e-02
9.584584584584584732e+00 7.967190194464771058e-02
9.594594594594594739e+00 7.986095717302948982e-02
9.604604604604604745e+00 8.005060135986481751e-02
9.614614614614614752e+00 8.024024554670015907e-02
9.624624624624624758e+00 8.043021973310110484e-02
9.634634634634634764e+00 8.062090525652715334e-02
9.644644644644644771e+00 8.081159077995321571e-02
9.654654654654654777e+00 8.100248743212182245e-02
9.664664664664664784e+00 8.119421866502066210e-02
9.674674674674674790e+00 8.138594989791950174e-02
9.684684684684684797e+00 8.157777236175052515e-02
9.694694694694694803e+00 8.177055343276426469e-02
9.704704704704704810e+00 8.196333450377799035e-02
9.714714714714714816e+00 8.215611557479172988e-02
9.724724724724724823e+00 8.234992076209450562e-02
9.734734734734734829e+00 8.254375555909759798e-02
9.744744744744744835e+00 8.273759035610067647e-02
9.754754754754754842e+00 8.293233121922385931e-02
9.764764764764764848e+00 8.312722339295713914e-02
9.774774774774774855e+00 8.332211556669041896e-02
9.784784784784784861e+00 8.351779474358608790e-02
9.794794794794794868e+00 8.371374771144575455e-02
9.804804804804804874e+00 8.390970067930542120e-02
9.814814814814814881e+00 8.410632065755294096e-02
9.824824824824824887e+00 8.430333760752754813e-02
9.834834834834834894e+00 8.450035455750216917e-02
9.844844844844844900e+00 8.469791767650639014e-02
9.854854854854854906e+00 8.489600157125463953e-02
9.864864864864864913e+00 8.509408546600288892e-02
9.874874874874874919e+00 8.529259391924959299e-02
9.884884884884884926e+00 8.549174750031293679e-02
9.894894894894894932e+00 8.569090108137629447e-02
9.904904904904904939e+00 8.589035691874292999e-02
9.914914914914914945e+00 8.609058271088573799e-02
9.924924924924924952e+00 8.629080850302854599e-02
9.934934934934934958e+00 8.649121363314815625e-02
9.944944944944944965e+00 8.669251394881878625e-02
9.954954954954954971e+00 8.689381426448944401e-02
9.964964964964964977e+00 8.709517045716554107e-02
9.974974974974974984e+00 8.729754740107235900e-02
9.984984984984984990e+00 8.749992434497920468e-02
9.994994994994994997e+00 8.770230128888603649e-02
1.000500500500500500e+01 8.790568870744529251e-02
1.001501501501501501e+01 8.810914418124049519e-02
1.002502502502502502e+01 8.831259965503568399e-02
1.003503503503503502e+01 8.851694297255588428e-02
1.004504504504504503e+01 8.872147867962154599e-02
1.005505505505505504e+01 8.892601438668720770e-02
1.006506506506506504e+01 8.913131477806590652e-02
1.007507507507507505e+01 8.933693222839515780e-02
1.008508508508508505e+01 8.954254967872442295e-02
1.009509509509509506e+01 8.974880819513164631e-02
1.010510510510510507e+01 8.995550871029950324e-02
1.011511511511511507e+01 9.016220922546734629e-02
1.012512512512512508e+01 9.036942679706971848e-02
1.013513513513513509e+01 9.057721151528748404e-02
1.014514514514514509e+01 9.078499623350526349e-02
1.015515515515515510e+01 9.099317367222310715e-02
1.016516516516516511e+01 9.120204355346955838e-02
1.017517517517517511e+01 9.141091343471600961e-02
1.018518518518518512e+01 9.162005143701210108e-02
1.019519519519519513e+01 9.183000726823682680e-02
1.020520520520520513e+01 9.203996309946153864e-02
1.021521521521521514e+01 9.225006224915940911e-02
1.022522522522522515e+01 9.246110464955131780e-02
1.023523523523523515e+01 9.267214704994321262e-02
1.024524524524524516e+01 9.288320782107324647e-02
1.025525525525525516e+01 9.309533724738981719e-02
1.026526526526526517e+01 9.330746667370640179e-02
1.027527527527527518e+01 9.351959610002297252e-02
1.028528528528528518e+01 9.373270618532848764e-02
1.029529529529529519e+01 9.394592293727868637e-02
1.030530530530530520e+01 9.415913968922885735e-02
1.031531531531531520e+01 9.437321217425474751e-02
1.032532532532532521e+01 9.458751639993183413e-02
1.033533533533533522e+01 9.480182062560892076e-02
1.034534534534534522e+01 9.501685552619562602e-02
1.035535535535535523e+01 9.523224722755306570e-02
1.036536536536536524e+01 9.544763892891051926e-02
1.037537537537537524e+01 9.566363616824814786e-02
1.038538538538538525e+01 9.588011520661435250e-02
1.039539539539539525e+01 9.609659424498058489e-02
1.040540540540540526e+01 9.631355365660129730e-02
1.041541541541541527e+01 9.653111975822729895e-02
1.042542542542542527e+01 9.674868585985330061e-02
1.043543543543543528e+01 9.696660719063651679e-02
1.044544544544544529e+01 9.718525995227235426e-02
1.045545545545545529e+01 9.740391271390820560e-02
1.046546546546546530e+01 9.762279562709669234e-02
1.047547547547547531e+01 9.784253452159080711e-02
1.048548548548548531e+01 9.806227341608492187e-02
1.049549549549549532e+01 9.828211749431030320e-02
1.050550550550550533e+01 9.850294187622747610e-02
1.051551551551551533e+01 9.872376625814467677e-02
1.052552552552552534e+01 9.894459064006184967e-02
1.053553553553553535e+01 9.916648011771418691e-02
1.054554554554554535e+01 9.938838922896750527e-02
1.055555555555555536e+01 9.961029834022083751e-02
1.056556556556556536e+01 9.983314705338273976e-02
1.057557557557557537e+01 1.000561400288748209e-01
1.058558558558558538e+01 1.002791330043669021e-01
1.059559559559559538e+01 1.005029402106971254e-01
1.060560560560560539e+01 1.007270160839656703e-01
1.061561561561561540e+01 1.009510919572342430e-01
1.062562562562562540e+01 1.011758568515935680e-01
1.063563563563563541e+01 1.014010145604576224e-01
1.064564564564564542e+01 1.016261722693216768e-01
1.065565565565565542e+01 1.018518939868199857e-01
1.066566566566566543e+01 1.020781323790223433e-01
1.067567567567567544e+01 1.023043707712246869e-01
1.068568568568568544e+01 1.025310483902643482e-01
1.069569569569569545e+01 1.027583662291054883e-01
1.070570570570570545e+01 1.029856840679466146e-01
1.071571571571571546e+01 1.032133166132614133e-01
1.072572572572572547e+01 1.034417125832216566e-01
1.073573573573573547e+01 1.036701085531819000e-01
1.074574574574574548e+01 1.038986949988700975e-01
1.075575575575575549e+01 1.041281677112156218e-01
1.076576576576576549e+01 1.043576404235611321e-01
1.077577577577577550e+01 1.045871796961115041e-01
1.078578578578578551e+01 1.048177276944805419e-01
1.079579579579579551e+01 1.050482756928495659e-01
1.080580580580580552e+01 1.052788236912186037e-01
1.081581581581581553e+01 1.055103884401239894e-01
1.082582582582582553e+01 1.057420102060886991e-01
1.083583583583583554e+01 1.059736319720534226e-01
1.084584584584584555e+01 1.062061456950735006e-01
1.085585585585585555e+01 1.064388396536759956e-01
1.086586586586586556e+01 1.066715336122785046e-01
1.087587587587587556e+01 1.069049950601148463e-01
1.088588588588588557e+01 1.071387595853707936e-01
1.089589589589589558e+01 1.073725241106267270e-01
1.090590590590590558e+01 1.076069320038514632e-01
1.091591591591591559e+01 1.078417654242208729e-01
1.092592592592592560e+01 1.080765988445902687e-01
1.093593593593593560e+01 1.083119518765816303e-01
1.094594594594594561e+01 1.085478524804013301e-01
1.095595595595595562e+01 1.087837530842210160e-01
1.096596596596596562e+01 1.090200499240819021e-01
1.097597597597597563e+01 1.092570159649577516e-01
1.098598598598598564e+01 1.094939820058336150e-01
1.099599599599599564e+01 1.097312213012921894e-01
1.100600600600600565e+01 1.099692510034475657e-01
1.101601601601601566e+01 1.102072807056029419e-01
1.102602602602602566e+01 1.104454610858940228e-01
1.103603603603603567e+01 1.106845526494708853e-01
1.104604604604604567e+01 1.109236442130477757e-01
1.105605605605605568e+01 1.111627642917742131e-01
1.106606606606606569e+01 1.114029158980859580e-01
1.107607607607607569e+01 1.116430675043976889e-01
1.108608608608608570e+01 1.118832191107094337e-01
1.109609609609609571e+01 1.121243356991016016e-01
1.110610610610610571e+01 1.123655455158316385e-01
1.111611611611611572e+01 1.126067553325616477e-01
1.112612612612612573e+01 1.128488069702394542e-01
1.113613613613613573e+01 1.130910731565864663e-01
1.114614614614614574e+01 1.133333393429334646e-01
1.115615615615615575e+01 1.135763246101624963e-01
1.116616616616616575e+01 1.138196453219267323e-01
1.117617617617617576e+01 1.140629660336909684e-01
1.118618618618618576e+01 1.143068835113605214e-01
1.119619619619619577e+01 1.145512569059706220e-01
1.120620620620620578e+01 1.147956303005807366e-01
1.121621621621621578e+01 1.150404785728900703e-01
1.122622622622622579e+01 1.152859028143672498e-01
1.123623623623623580e+01 1.155313270558444294e-01
1.124624624624624580e+01 1.157771047129613762e-01
1.125625625625625581e+01 1.160235779768183928e-01
1.126626626626626582e+01 1.162700512406754233e-01
1.127627627627627582e+01 1.165167568813670479e-01
1.128628628628628583e+01 1.167642773594404909e-01
1.129629629629629584e+01 1.170117978375139478e-01
1.130630630630630584e+01 1.172594300717486743e-01
1.131631631631631585e+01 1.175079959769624316e-01
1.132632632632632586e+01 1.177565618821761612e-01
1.133633633633633586e+01 1.180051277873899046e-01
1.134634634634634587e+01 1.182547289047531647e-01
1.135635635635635587e+01 1.185043384758097396e-01
1.136636636636636588e+01 1.187539480468663144e-01
1.137637637637637589e+01 1.190044712906746238e-01
1.138638638638638589e+01 1.192551227966744259e-01
1.139639639639639590e+01 1.195057743026742419e-01
1.140640640640640591e+01 1.197572183667571510e-01
1.141641641641641769e+01 1.200089101117425838e-01
1.142642642642642770e+01 1.202606018567279611e-01
1.143643643643643770e+01 1.205129654606918732e-01
1.144644644644644771e+01 1.207656957881142884e-01
1.145645645645645772e+01 1.210184261155367175e-01
1.146646646646646772e+01 1.212717080071355480e-01
1.147647647647647773e+01 1.215254753042447899e-01
1.148648648648648773e+01 1.217792426013540319e-01
1.149649649649649774e+01 1.220334415588263527e-01
1.150650650650650775e+01 1.222882442609801584e-01
1.151651651651651775e+01 1.225430469631339503e-01
1.152652652652652776e+01 1.227981617975053008e-01
1.153653653653653777e+01 1.230539983923969183e-01
1.154654654654654777e+01 1.233098349872885358e-01
1.155655655655655778e+01 1.235658645446390258e-01
1.156656656656656779e+01 1.238227335764428422e-01
1.157657657657657779e+01 1.240796026082466447e-01
1.158658658658658780e+01 1.243365457719435713e-01
1.159659659659659781e+01 1.245944458453763226e-01
1.160660660660660781e+01 1.248523459188091017e-01
1.161661661661661782e+01 1.251102459922418531e-01
1.162662662662662783e+01 1.253691313960006992e-01
1.163663663663663783e+01 1.256280611802977898e-01
1.164664664664664784e+01 1.258869909645948804e-01
1.165665665665665784e+01 1.261467865996908355e-01
1.166666666666666785e+01 1.264067448324959764e-01
1.167667667667667786e+01 1.266667030653010617e-01
1.168668668668668786e+01 1.269274080122097248e-01
1.169669669669669787e+01 1.271883935033771007e-01
1.170670670670670788e+01 1.274493789945444766e-01
1.171671671671671788e+01 1.277109923833119054e-01
1.172672672672672789e+01 1.279730040186205509e-01
1.173673673673673790e+01 1.282350156539291963e-01
1.174674674674674790e+01 1.284975366661331164e-01
1.175675675675675791e+01 1.287605734109110167e-01
1.176676676676676792e+01 1.290236101556889448e-01
1.177677677677677792e+01 1.292870380263615726e-01
1.178678678678678793e+01 1.295510989290203918e-01
1.179679679679679793e+01 1.298151598316791833e-01
1.180680680680680794e+01 1.300794938511915244e-01
1.181681681681681795e+01 1.303445780466698511e-01
1.182682682682682795e+01 1.306096622421482056e-01
1.183683683683683796e+01 1.308749017580556062e-01
1.184684684684684797e+01 1.311410084711709390e-01
1.185685685685685797e+01 1.314071151842862717e-01
1.186686686686686798e+01 1.316732596031350289e-01
1.187687687687687799e+01 1.319403881518432520e-01
1.188688688688688799e+01 1.322075167005515028e-01
1.189689689689689800e+01 1.324746452492597815e-01
1.190690690690690801e+01 1.327427152882085792e-01
1.191691691691691801e+01 1.330108650867709574e-01
1.192692692692692802e+01 1.332790148853333911e-01
1.193693693693693803e+01 1.335479883379589450e-01
1.194694694694694803e+01 1.338171589000151651e-01
1.195695695695695804e+01 1.340863294620713575e-01
1.196696696696696804e+01 1.343562060246981937e-01
1.197697697697697805e+01 1.346263969662465920e-01
1.198698698698698806e+01 1.348965879077949903e-01
1.199699699699699806e+01 1.351673673454571178e-01
1.200700700700700807e+01 1.354385783877399829e-01
1.201701701701701808e+01 1.357097894300228480e-01
1.202702702702702808e+01 1.359814715779783523e-01
1.203703703703703809e+01 1.362537025502734145e-01
1.204704704704704810e+01 1.365259335225684767e-01
1.205705705705705810e+01 1.367985182877742290e-01
1.206706706706706811e+01 1.370717691300914753e-01
1.207707707707707812e+01 1.373450199724086940e-01
1.208708708708708812e+01 1.376185073349545374e-01
1.209709709709709813e+01 1.378927781006379361e-01
1.210710710710710813e+01 1.381670488663213348e-01
1.211711711711711814e+01 1.384414388808239971e-01
1.212712712712712815e+01 1.387167297390589915e-01
1.213713713713713815e+01 1.389920205972940137e-01
1.214714714714714816e+01 1.392673133942509689e-01
1.215715715715715817e+01 1.395436246324759655e-01
1.216716716716716817e+01 1.398199358707009621e-01
1.217717717717717818e+01 1.400962471089259309e-01
1.218718718718718819e+01 1.403734636840275329e-01
1.219719719719719819e+01 1.406507957102519080e-01
1.220720720720720820e+01 1.409281277364762552e-01
1.221721721721721821e+01 1.412062481186836249e-01
1.222722722722722821e+01 1.414846014637096139e-01
1.223723723723723822e+01 1.417629548087356306e-01
1.224724724724724823e+01 1.420419794888269360e-01
1.225725725725725823e+01 1.423213548083777091e-01
1.226726726726726824e+01 1.426007301279284545e-01
1.227727727727727824e+01 1.428806596796065864e-01
1.228728728728728825e+01 1.431610577563586506e-01
1.229729729729729826e+01 1.434414558331106870e-01
1.230730730730730826e+01 1.437222909140608851e-01
1.231731731731731827e+01 1.440037126595835326e-01
1.232732732732732828e+01 1.442851344051061246e-01
1.233733733733733828e+01 1.445668757580136632e-01
1.234734734734734829e+01 1.448493222146132187e-01
1.235735735735735830e+01 1.451317686712127464e-01
1.236736736736736830e+01 1.454144171247403194e-01
1.237737737737737831e+01 1.456978894672110725e-01
1.238738738738738832e+01 1.459813618096817978e-01
1.239739739739739832e+01 1.462649182794075187e-01
1.240740740740740833e+01 1.465494178166892314e-01
1.241741741741741833e+01 1.468339173539709441e-01
1.242742742742742834e+01 1.471184168912526846e-01
1.243743743743743835e+01 1.474039110200287273e-01
1.244744744744744835e+01 1.476894391967708831e-01
1.245745745745745836e+01 1.479749673735130666e-01
1.246746746746746837e+01 1.482613731957737047e-01
1.247747747747747837e+01 1.485479315938076639e-01
1.248748748748748838e+01 1.488344899918416231e-01
1.249749749749749839e+01 1.491218088277031228e-01
1.250750750750750839e+01 1.494093991674218802e-01
1.251751751751751840e+01 1.496969895071406653e-01
1.252752752752752841e+01 1.499852227682782757e-01
1.253753753753753841e+01 1.502738469099247354e-01
1.254754754754754842e+01 1.505624710515712228e-01
1.255755755755755843e+01 1.508516202418689056e-01
1.256756756756756843e+01 1.511412801867334510e-01
1.257757757757757844e+01 1.514309401315979686e-01
1.258758758758758844e+01 1.517210068477596041e-01
1.259759759759759845e+01 1.520117047392869070e-01
1.260760760760760846e+01 1.523024026308141543e-01
1.261761761761761846e+01 1.525933885629365272e-01
1.262762762762762847e+01 1.528851266877432613e-01
1.263763763763763848e+01 1.531768648125500232e-01
1.264764764764764848e+01 1.534687717446578115e-01
1.265765765765765849e+01 1.537615525334611877e-01
1.266766766766766850e+01 1.540543333222645361e-01
1.267767767767767850e+01 1.543471631328077187e-01
1.268768768768768851e+01 1.546409891612655352e-01
1.269769769769769852e+01 1.549348151897233516e-01
1.270770770770770852e+01 1.552286412181812236e-01
1.271771771771771853e+01 1.555234438415002973e-01
1.272772772772772854e+01 1.558183178309638650e-01
1.273773773773773854e+01 1.561131918204274327e-01
1.274774774774774855e+01 1.564089242318696671e-01
1.275775775775775855e+01 1.567048490500499713e-01
1.276776776776776856e+01 1.570007738682302756e-01
1.277777777777777857e+01 1.572974383790702591e-01
1.278778778778778857e+01 1.575944170406181344e-01
1.279779779779779858e+01 1.578913957021660097e-01
1.280780780780780859e+01 1.581889947202147206e-01
1.281781781781781859e+01 1.584870303872164266e-01
1.282782782782782860e+01 1.587850660542181325e-01
1.283783783783783861e+01 1.590836020840507292e-01
1.284784784784784861e+01 1.593826980664389548e-01
1.285785785785785862e+01 1.596817940488271803e-01
1.286786786786786863e+01 1.599812696919753474e-01
1.287787787787787863e+01 1.602814294478573653e-01
1.288788788788788864e+01 1.605815892037393833e-01
1.289789789789789864e+01 1.608820071588485945e-01
1.290790790790790865e+01 1.611832342947522034e-01
1.291791791791791866e+01 1.614844614306558124e-01
1.292792792792792866e+01 1.617858244936080103e-01
1.293793793793793867e+01 1.620881227646464862e-01
1.294794794794794868e+01 1.623904210356849342e-01
1.295795795795795868e+01 1.626927320996865156e-01
1.296796796796796869e+01 1.629961054096421558e-01
1.297797797797797870e+01 1.632994787195977959e-01
1.298798798798798870e+01 1.636028520295534361e-01
1.299799799799799871e+01 1.639071931765630763e-01
1.300800800800800872e+01 1.642116455778934725e-01
1.301801801801801872e+01 1.645160979792238687e-01
1.302802802802802873e+01 1.648213974069081544e-01
1.303803803803803874e+01 1.651269331006722241e-01
1.304804804804804874e+01 1.654324687944362660e-01
1.305805805805805875e+01 1.657387298366131967e-01
1.306806806806806875e+01 1.660453531723218579e-01
1.307807807807807876e+01 1.663519765080305468e-01
1.308808808808808877e+01 1.666592025956291634e-01
1.309809809809809877e+01 1.669669180710188772e-01
1.310810810810810878e+01 1.672746335464085909e-01
1.311811811811811879e+01 1.675828282073142106e-01
1.312812812812812879e+01 1.678916404680459717e-01
1.313813813813813880e+01 1.682004527287777607e-01
1.314814814814814881e+01 1.685096195876458203e-01
1.315815815815815881e+01 1.688195334269308734e-01
1.316816816816816882e+01 1.691294472662159543e-01
1.317817817817817883e+01 1.694395900442544900e-01
1.318818818818818883e+01 1.697506104024061047e-01
1.319819819819819884e+01 1.700616307605577471e-01
1.320820820820820884e+01 1.703727532752790652e-01
1.321821821821821885e+01 1.706848852391944782e-01
1.322822822822822886e+01 1.709970172031098634e-01
1.323823823823823886e+01 1.713091491670253042e-01
1.324824824824824887e+01 1.716223721706235661e-01
1.325825825825825888e+01 1.719356209731947860e-01
1.326826826826826888e+01 1.722488697757660336e-01
1.327827827827827889e+01 1.725630858170693616e-01
1.328828828828828890e+01 1.728774568365243625e-01
1.329829829829829890e+01 1.731918278559793634e-01
1.330830830830830891e+01 1.735070411842331572e-01
1.331831831831831892e+01 1.738225399434106810e-01
1.332832832832832892e+01 1.741380387025882048e-01
1.333833833833833893e+01 1.744542536612564698e-01
1.334834834834834894e+01 1.747708858268127163e-01
1.335835835835835894e+01 1.750875179923689906e-01
1.336836836836836895e+01 1.754047390186728728e-01
1.337837837837837895e+01 1.757225104002237137e-01
1.338838838838838896e+01 1.760402817817745824e-01
1.339839839839839897e+01 1.763585134062030657e-01
1.340840840840840897e+01 1.766774299554016436e-01
1.341841841841841898e+01 1.769963465046002493e-01
1.342842842842842899e+01 1.773155933503940684e-01
1.343843843843843899e+01 1.776356611599455848e-01
1.344844844844844900e+01 1.779557289694970734e-01
1.345845845845845901e+01 1.782759957521062311e-01
1.346846846846846901e+01 1.785972210547214778e-01
1.347847847847847902e+01 1.789184463573367245e-01
1.348848848848848903e+01 1.792397378838517796e-01
1.349849849849849903e+01 1.795621270511391365e-01
1.350850850850850904e+01 1.798845162184264934e-01
1.351851851851851904e+01 1.802069053857138226e-01
1.352852852852852905e+01 1.805303969282842091e-01
1.353853853853853906e+01 1.808539564695847424e-01
1.354854854854854906e+01 1.811775160108852756e-01
1.355855855855855907e+01 1.815020488299093071e-01
1.356856856856856908e+01 1.818267853910713883e-01
1.357857857857857908e+01 1.821515219522334694e-01
1.358858858858858909e+01 1.824771012612829979e-01
1.359859859859859910e+01 1.828030216233826055e-01
1.360860860860860910e+01 1.831289419854822131e-01
1.361861861861861911e+01 1.834555730859057932e-01
1.362862862862862912e+01 1.837826841639108311e-01
1.363863863863863912e+01 1.841097952419158412e-01
1.364864864864864913e+01 1.844374835220915221e-01
1.365865865865865914e+01 1.847657923634720700e-01
1.366866866866866914e+01 1.850941012048525902e-01
1.367867867867867915e+01 1.854228521394181706e-01
1.368868868868868915e+01 1.857523659227040547e-01
1.369869869869869916e+01 1.860818797059899388e-01
1.370870870870870917e+01 1.864116988550514331e-01
1.371871871871871917e+01 1.867424248883397531e-01
1.372872872872872918e+01 1.870731509216281008e-01
1.373873873873873919e+01 1.874040439299466398e-01
1.374874874874874919e+01 1.877359896493578095e-01
1.375875875875875920e+01 1.880679353687689515e-01
1.376876876876876921e+01 1.883999079649260888e-01
1.377877877877877921e+01 1.887330809330123316e-01
1.378878878878878922e+01 1.890662539010985466e-01
1.379879879879879923e+01 1.893994268691847616e-01
1.380880880880880923e+01 1.897337198007475190e-01
1.381881881881881924e+01 1.900681277048537066e-01
1.382882882882882924e+01 1.904025356089599219e-01
1.383883883883883925e+01 1.907379276439978011e-01
1.384884884884884926e+01 1.910735782945766070e-01
1.385885885885885926e+01 1.914092289451553852e-01
1.386886886886886927e+01 1.917457261798774237e-01
1.387887887887887928e+01 1.920826275087591517e-01
1.388888888888888928e+01 1.924195288376408519e-01
1.389889889889889929e+01 1.927571374467626220e-01
1.390890890890890930e+01 1.930952975053828735e-01
1.391891891891891930e+01 1.934334575640030973e-01
1.392892892892892931e+01 1.937721837997705421e-01
1.393893893893893932e+01 1.941116107573552241e-01
1.394894894894894932e+01 1.944510377149399061e-01
1.395895895895895933e+01 1.947908879061356069e-01
1.396896896896896934e+01 1.951315900478450549e-01
1.397897897897897934e+01 1.954722921895544752e-01
1.398898898898898935e+01 1.958132727404870987e-01
1.399899899899899935e+01 1.961552584655215370e-01
1.400900900900900936e+01 1.964972441905559475e-01
1.401901901901901937e+01 1.968393615800333452e-01
1.402902902902902937e+01 1.971826393996996274e-01
1.403903903903903938e+01 1.975259172193658819e-01
1.404904904904904939e+01 1.978691950390321364e-01
1.405905905905905939e+01 1.982137565353943864e-01
1.406906906906906940e+01 1.985583350711371819e-01
1.407907907907907941e+01 1.989029136068800330e-01
1.408908908908908941e+01 1.992486338482877539e-01
1.409909909909909942e+01 1.995945218296836798e-01
1.410910910910910943e+01 1.999404098110795502e-01
1.411911911911911943e+01 2.002872955996091442e-01
1.412912912912912944e+01 2.006345018623284515e-01
1.413913913913913944e+01 2.009817081250477588e-01
1.414914914914914945e+01 2.013297663309367713e-01
1.415915915915915946e+01 2.016782998146713357e-01
1.416916916916916946e+01 2.020268332984058723e-01
1.417917917917917947e+01 2.023760708589177060e-01
1.418918918918918948e+01 2.027259406052775159e-01
1.419919919919919948e+01 2.030758103516373536e-01
1.420920920920920949e+01 2.034262342699130199e-01
1.421921921921921950e+01 2.037774494202928555e-01
1.422922922922922950e+01 2.041286645706726910e-01
1.423923923923923951e+01 2.044802819145703221e-01
1.424924924924924952e+01 2.048328517079875677e-01
1.425925925925925952e+01 2.051854215014047855e-01
1.426926926926926953e+01 2.055382394023269055e-01
1.427927927927927954e+01 2.058921731732311633e-01
1.428928928928928954e+01 2.062461069441353934e-01
1.429929929929929955e+01 2.066001325958443380e-01
1.430930930930930955e+01 2.069554397719012284e-01
1.431931931931931956e+01 2.073107469479581189e-01
1.432932932932932957e+01 2.076660541240150093e-01
1.433933933933933957e+01 2.080226777052299747e-01
1.434934934934934958e+01 2.083793678050794018e-01
1.435935935935935959e+01 2.087360579049287734e-01
1.436936936936936959e+01 2.090939134140908373e-01
1.437937937937937960e+01 2.094519960450821616e-01
1.438938938938938961e+01 2.098100786760734582e-01
1.439939939939939961e+01 2.101691735732286181e-01
1.440940940940940962e+01 2.105286584291317376e-01
1.441941941941941963e+01 2.108881432850348292e-01
1.442942942942942963e+01 2.112484850854335072e-01
1.443943943943943964e+01 2.116093819441304258e-01
1.444944944944944965e+01 2.119702788028273444e-01
1.445945945945945965e+01 2.123318750756670870e-01
1.446946946946946966e+01 2.126941937968215568e-01
1.447947947947947966e+01 2.130565125179760266e-01
1.448948948948948967e+01 2.134193708851366833e-01
1.449949949949949968e+01 2.137831214078464159e-01
1.450950950950950968e+01 2.141468719305561486e-01
1.451951951951951969e+01 2.145110000653267512e-01
1.452952952952952970e+01 2.148761924057565331e-01
1.453953953953953970e+01 2.152413847461863150e-01
1.454954954954954971e+01 2.156067903719849632e-01
1.455955955955955972e+01 2.159734346209843392e-01
1.456956956956956972e+01 2.163400788699837152e-01
1.457957957957957973e+01 2.167067697590704667e-01
1.458958958958958974e+01 2.170748760797752419e-01
1.459959959959959974e+01 2.174429824004799616e-01
1.460960960960960975e+01 2.178110887211847091e-01
1.461961961961961975e+01 2.181805449980830092e-01
1.462962962962962976e+01 2.185501236235031230e-01
1.463963963963963977e+01 2.189197022489232924e-01
1.464964964964964977e+01 2.192904697754323728e-01
1.465965965965965978e+01 2.196615310060263948e-01
1.466966966966966979e+01 2.200325922366204168e-01
1.467967967967967979e+01 2.204046789887496582e-01
1.468968968968968980e+01 2.207772331899875151e-01
1.469969969969969981e+01 2.211497873912253442e-01
1.470970970970970981e+01 2.215232013861665739e-01
1.471971971971971982e+01 2.218972589860814248e-01
1.472972972972972983e+01 2.222713165859963036e-01
1.473973973973973983e+01 2.226460658807973281e-01
1.474974974974974984e+01 2.230216373675281138e-01
1.475975975975975985e+01 2.233972088542588996e-01
1.476976976976976985e+01 2.237733015444935969e-01
1.477977977977977986e+01 2.241503974638184016e-01
1.478978978978978986e+01 2.245274933831432618e-01
1.479979979979979987e+01 2.249049376015778978e-01
1.480980980980980988e+01 2.252835685544408162e-01
1.481981981981981988e+01 2.256621995073037623e-01
1.482982982982982989e+01 2.260410034225607823e-01
1.483983983983983990e+01 2.264211800625917648e-01
1.484984984984984990e+01 2.268013567026227750e-01
1.485985985985985991e+01 2.271815333426537298e-01
1.486986986986986992e+01 2.275632615488712152e-01
1.487987987987987992e+01 2.279449945799007504e-01
1.488988988988988993e+01 2.283267276109302857e-01
1.489989989989989994e+01 2.287098427049660265e-01
1.490990990990990994e+01 2.290931428785357993e-01
1.491991991991991995e+01 2.294764430521055165e-01
1.492992992992992995e+01 2.298609533473248423e-01
1.493993993993993996e+01 2.302458314601950606e-01
1.494994994994994997e+01 2.306307095730652790e-01
1.495995995995995997e+01 2.310166234108250172e-01
1.496996996996996998e+01 2.314030903024796304e-01
1.497997997997997999e+01 2.317895571941342436e-01
1.498998998998998999e+01 2.321768829424356861e-01
1.500000000000000000e+01 2.325649494925869920e-01
