5.000000000000000000e+00 1.706841650706672486e-02
5.010010010010010006e+00 1.720817811773647094e-02
5.020020020020020013e+00 1.734793972840622048e-02
5.030030030030030019e+00 1.748770133907597002e-02
5.040040040040040026e+00 1.762746294974571956e-02
5.050050050050050032e+00 1.776722456041546910e-02
5.060060060060060039e+00 1.790698617108522211e-02
5.070070070070070045e+00 1.804674778175497166e-02
5.080080080080080052e+00 1.818650939242472120e-02
5.090090090090090058e+00 1.832627100309447074e-02
5.100100100100100065e+00 1.846603261376422028e-02
5.110110110110110071e+00 1.860579422443396982e-02
5.120120120120120077e+00 1.874623592982143858e-02
5.130130130130130084e+00 1.888776954340342859e-02
5.140140140140140090e+00 1.902930315698541860e-02
5.150150150150150097e+00 1.917128399683737383e-02
5.160160160160160103e+00 1.931454368633584578e-02
5.170170170170170110e+00 1.945780337583431774e-02
5.180180180180180116e+00 1.960128883227166274e-02
5.190190190190190123e+00 1.974622833530344235e-02
5.200200200200200129e+00 1.989116783833521501e-02
5.210210210210210136e+00 2.003612318407281892e-02
5.220220220220220142e+00 2.018269595574681205e-02
5.230230230230230148e+00 2.032926872742080865e-02
5.240240240240240155e+00 2.047584149909480178e-02
5.250250250250250161e+00 2.062381831664727994e-02
5.260260260260260168e+00 2.077197758083933893e-02
5.270270270270270174e+00 2.092013684503139792e-02
5.280280280280280181e+00 2.106946661754088498e-02
5.290290290290290187e+00 2.121916541654477600e-02
5.300300300300300194e+00 2.136886421554866355e-02
5.310310310310310200e+00 2.151951161166468923e-02
5.320320320320320207e+00 2.167070285420560558e-02
5.330330330330330213e+00 2.182189409674652886e-02
5.340340340340340219e+00 2.197382372520785554e-02
5.350350350350350226e+00 2.212646023281123614e-02
5.360360360360360232e+00 2.227909674041461327e-02
5.370370370370370239e+00 2.243227317265340456e-02
5.380380380380380245e+00 2.258630772436710787e-02
5.390390390390390252e+00 2.274034227608081465e-02
5.400400400400400258e+00 2.289473006820738274e-02
5.410410410410410265e+00 2.305011544367966542e-02
5.420420420420420271e+00 2.320550081915194116e-02
5.430430430430430278e+00 2.336106453332165503e-02
5.440440440440440284e+00 2.351775355424306699e-02
5.450450450450450290e+00 2.367444257516447548e-02
5.460460460460460297e+00 2.383114680032876950e-02
5.470470470470470303e+00 2.398909237024893920e-02
5.480480480480480310e+00 2.414703794016911237e-02
5.490490490490490316e+00 2.430498351008927860e-02
5.500500500500500323e+00 2.446400245474826193e-02
5.510510510510510329e+00 2.462315759728372216e-02
5.520520520520520336e+00 2.478231273981918587e-02
5.530530530530530342e+00 2.494235471400364779e-02
5.540540540540540349e+00 2.510267260945506923e-02
5.550550550550550355e+00 2.526299050490648720e-02
5.560560560560560361e+00 2.542402048807588383e-02
5.570570570570570368e+00 2.558545450847711858e-02
5.580580580580580374e+00 2.574688852887834986e-02
5.590590590590590381e+00 2.590887163769640261e-02
5.600600600600600387e+00 2.607137538032015117e-02
5.610610610610610394e+00 2.623387912294390320e-02
5.620620620620620400e+00 2.639678062748251550e-02
5.630630630630630407e+00 2.656030794683005014e-02
5.640640640640640413e+00 2.672383526617758479e-02
5.650650650650650419e+00 2.688762060555782360e-02
5.660660660660660426e+00 2.705212564386217169e-02
5.670670670670670432e+00 2.721663068216652326e-02
5.680680680680680439e+00 2.738126547964431570e-02
5.690690690690690445e+00 2.754670269591874901e-02
5.700700700700700452e+00 2.771213991219318926e-02
5.710710710710710458e+00 2.787758998969778676e-02
5.720720720720720465e+00 2.804391418736273955e-02
5.730730730730730471e+00 2.821023838502768888e-02
5.740740740740740478e+00 2.837656258269264167e-02
5.750750750750750484e+00 2.854363613028419386e-02
5.760760760760760490e+00 2.871080248340722799e-02
5.770770770770770497e+00 2.887796883653025865e-02
5.780780780780780503e+00 2.904574552909800281e-02
5.790790790790790510e+00 2.921370960728274235e-02
5.800800800800800516e+00 2.938167368546748190e-02
5.810810810810810523e+00 2.955012044195469076e-02
5.820820820820820529e+00 2.971883823391592572e-02
5.830830830830830536e+00 2.988755602587716068e-02
5.840840840840840542e+00 3.005664003904816653e-02
5.850850850850850549e+00 3.022606797491045674e-02
5.860860860860860555e+00 3.039549591077274696e-02
5.870870870870870561e+00 3.056518465790498615e-02
5.880880880880880568e+00 3.073527963026330759e-02
5.890890890890890574e+00 3.090537460262162556e-02
5.900900900900900581e+00 3.107563585574192946e-02
5.910910910910910587e+00 3.124635523952337679e-02
5.920920920920920594e+00 3.141707462330482759e-02
5.930930930930930600e+00 3.158787645897982721e-02
5.940940940940940607e+00 3.175917813014504654e-02
5.950950950950950613e+00 3.193047980131026586e-02
5.960960960960960620e+00 3.210179061000058981e-02
5.970970970970970626e+00 3.227363296312447255e-02
5.980980980980980632e+00 3.244547531624836223e-02
5.990990990990990639e+00 3.261731766937224497e-02
6.001001001001000645e+00 3.278960577600775750e-02
6.011011011011010652e+00 3.296194774077883943e-02
6.021021021021020658e+00 3.313428970554992831e-02
6.031031031031030665e+00 3.330698402335891678e-02
6.041041041041040671e+00 3.347978508003607301e-02
6.051051051051050678e+00 3.365258613671321536e-02
6.061061061061060684e+00 3.382565661477530961e-02
6.071071071071070691e+00 3.399887680864122769e-02
6.081081081081080697e+00 3.417209700250714577e-02
6.091091091091090703e+00 3.434551395053880851e-02
6.101101101101100710e+00 3.451911390538859453e-02
6.111111111111110716e+00 3.469271386023838055e-02
6.121121121121120723e+00 3.486644795498881205e-02
6.131131131131130729e+00 3.504038888569177557e-02
6.141141141141140736e+00 3.521432981639474602e-02
6.151151151151150742e+00 3.538835210770301110e-02
6.161161161161160749e+00 3.556259583187564022e-02
6.171171171171170755e+00 3.573683955604826934e-02
6.181181181181180762e+00 3.591112147257109755e-02
6.191191191191190768e+00 3.608563042139788929e-02
6.201201201201200774e+00 3.626013937022468103e-02
6.211211211211210781e+00 3.643465272484412015e-02
6.221221221221220787e+00 3.660938995308298666e-02
6.231231231231230794e+00 3.678412718132185316e-02
6.241241241241240800e+00 3.695886440956071967e-02
6.251251251251250807e+00 3.713377337145001844e-02
6.261261261261260813e+00 3.730870256665785173e-02
6.271271271271270820e+00 3.748363176186567808e-02
6.281281281281280826e+00 3.765868128921408958e-02
6.291291291291290833e+00 3.783376678022732503e-02
6.301301301301300839e+00 3.800885227124056048e-02
6.311311311311310845e+00 3.818401600803950774e-02
6.321321321321320852e+00 3.835922277274416564e-02
6.331331331331330858e+00 3.853442953744882354e-02
6.341341341341340865e+00 3.870968153762131131e-02
6.351351351351350871e+00 3.888497521004512930e-02
6.361361361361360878e+00 3.906026888246896117e-02
6.371371371371370884e+00 3.923558361316896448e-02
6.381381381381380891e+00 3.941093048992875408e-02
6.391391391391390897e+00 3.958627736668855063e-02
6.401401401401400904e+00 3.976162971136593810e-02
6.411411411411410910e+00 3.993699675750086997e-02
6.421421421421420916e+00 4.011236380363579490e-02
6.431431431431430923e+00 4.028772906487466943e-02
6.441441441441440929e+00 4.046308391909670538e-02
6.451451451451450936e+00 4.063843877331874133e-02
6.461461461461460942e+00 4.081379267545692108e-02
6.471471471471470949e+00 4.098910365484721707e-02
6.481481481481480955e+00 4.116441463423752001e-02
6.491491491491490962e+00 4.133972561362782294e-02
6.501501501501500968e+00 4.151496942995494543e-02
6.511511511511510975e+00 4.169020553413547298e-02
6.521521521521520981e+00 4.186544163831598664e-02
6.531531531531530987e+00 4.204059650474351734e-02
6.541541541541540994e+00 4.221572741955074287e-02
6.551551551551551000e+00 4.239085833435797535e-02
6.561561561561561007e+00 4.256590194354160223e-02
6.571571571571571013e+00 4.274089804422961936e-02
6.581581581581581020e+00 4.291589414491765037e-02
6.591591591591591026e+00 4.309080462246139831e-02
6.601601601601601033e+00 4.326563697645927770e-02
6.611611611611611927e+00 4.344046933045717096e-02
6.621621621621621934e+00 4.361522523612786084e-02
6.631631631631631940e+00 4.378986560537639211e-02
6.641641641641641947e+00 4.396450597462492338e-02
6.651651651651651953e+00 4.413908630341468325e-02
6.661661661661661959e+00 4.431350714630574034e-02
6.671671671671671966e+00 4.448792798919679742e-02
6.681681681681681972e+00 4.466231217223933653e-02
6.691691691691691979e+00 4.483648664518068844e-02
6.701701701701701985e+00 4.501066111812204729e-02
6.711711711711711992e+00 4.518482902346842439e-02
6.721721721721721998e+00 4.535873098209530774e-02
6.731731731731732005e+00 4.553263294072219802e-02
6.741741741741742011e+00 4.570653489934907443e-02
6.751751751751752018e+00 4.588016887403599531e-02
6.761761761761762024e+00 4.605377287409054277e-02
6.771771771771772030e+00 4.622737687414508329e-02
6.781781781781782037e+00 4.640073087683856817e-02
6.791791791791792043e+00 4.657401217473608468e-02
6.801801801801802050e+00 4.674729347263358731e-02
6.811811811811812056e+00 4.692034938641372055e-02
6.821821821821822063e+00 4.709328393951527775e-02
6.831831831831832069e+00 4.726621849261682801e-02
6.841841841841842076e+00 4.743895863928367790e-02
6.851851851851852082e+00 4.761152310589234632e-02
6.861861861861862089e+00 4.778408757250102168e-02
6.871871871871872095e+00 4.795649471246888479e-02
6.881881881881882101e+00 4.812866645156677753e-02
6.891891891891892108e+00 4.830083819066467721e-02
6.901901901901902114e+00 4.847289552276308477e-02
6.911911911911912121e+00 4.864465259350471416e-02
6.921921921921922127e+00 4.881640966424635047e-02
6.931931931931932134e+00 4.898810082543172961e-02
6.941941941941942140e+00 4.915942198640975425e-02
6.951951951951952147e+00 4.933074314738777888e-02
6.961961961961962153e+00 4.950205221236973763e-02
6.971971971971972160e+00 4.967291692066622133e-02
6.981981981981982166e+00 4.984378162896270503e-02
6.991991991991992172e+00 5.001464633725919567e-02
7.002002002002002179e+00 5.018508151978589432e-02
7.012012012012012185e+00 5.035546992982358611e-02
7.022022022022022192e+00 5.052585833986127789e-02
7.032032032032032198e+00 5.069586173738857560e-02
7.042042042042042205e+00 5.086575469959408319e-02
7.052052052052052211e+00 5.103564766179959078e-02
7.062062062062062218e+00 5.120520535374383647e-02
7.072072072072072224e+00 5.137458441303508622e-02
7.082082082082082231e+00 5.154396347232633596e-02
7.092092092092092237e+00 5.171306197190075199e-02
7.102102102102102243e+00 5.188190936600944880e-02
7.112112112112112250e+00 5.205075676011815256e-02
7.122122122122122256e+00 5.221938301342996663e-02
7.132132132132132263e+00 5.238768167106994805e-02
7.142142142142142269e+00 5.255598032870992947e-02
7.152152152152152276e+00 5.272412171380193302e-02
7.162162162162162282e+00 5.289185525269242405e-02
7.172172172172172289e+00 5.305958879158290120e-02
7.182182182182182295e+00 5.322723311742192515e-02
7.192192192192192302e+00 5.339438584217526262e-02
7.202202202202202308e+00 5.356153856692861398e-02
7.212212212212212314e+00 5.372867407234317022e-02
7.222222222222222321e+00 5.389523097222517073e-02
7.232232232232232327e+00 5.406178787210716430e-02
7.242242242242242334e+00 5.422834477198915787e-02
7.252252252252252340e+00 5.439434997124689003e-02
7.262262262262262347e+00 5.456029671781737617e-02
7.272272272272272353e+00 5.472624346438785536e-02
7.282282282282282360e+00 5.489170395735420288e-02
7.292292292292292366e+00 5.505702690199505700e-02
7.302302302302302373e+00 5.522234984663592500e-02
7.312312312312312379e+00 5.538725583211759340e-02
7.322322322322322385e+00 5.555194200345486139e-02
7.332332332332332392e+00 5.571662817479213631e-02
7.342342342342342398e+00 5.588097027406319778e-02
7.352352352352352405e+00 5.604500737528875925e-02
7.362362362362362411e+00 5.620904447651432073e-02
7.372372372372372418e+00 5.637281373193561013e-02
7.382382382382382424e+00 5.653619013803468096e-02
7.392392392392392431e+00 5.669956654413375874e-02
7.402402402402402437e+00 5.686275441773808170e-02
7.412412412412412444e+00 5.702545917262677455e-02
7.422422422422422450e+00 5.718816392751547434e-02
7.432432432432432456e+00 5.735076229955964056e-02
7.442442442442442463e+00 5.751278511313730191e-02
7.452452452452452469e+00 5.767480792671495632e-02
7.462462462462462476e+00 5.783680909419990773e-02
7.472472472472472482e+00 5.799814033932031848e-02
7.482482482482482489e+00 5.815947158444073617e-02
7.492492492492492495e+00 5.832080282956114692e-02
7.502502502502502502e+00 5.848149896896562977e-02
7.512512512512512508e+00 5.864212967833053874e-02
7.522522522522522515e+00 5.880276038769544772e-02
7.532532532532532521e+00 5.896283685007060182e-02
7.542542542542542527e+00 5.912275871304880498e-02
7.552552552552552534e+00 5.928268057602701507e-02
7.562562562562562540e+00 5.944213155283707001e-02
7.572572572572572547e+00 5.960133691221190105e-02
7.582582582582582553e+00 5.976054227158671822e-02
7.592592592592592560e+00 5.991936236149918854e-02
7.602602602602602566e+00 6.007784421014657900e-02
7.612612612612612573e+00 6.023632605879397639e-02
7.622622622622622579e+00 6.039451026598726541e-02
7.632632632632632586e+00 6.055226224348675412e-02
7.642642642642642592e+00 6.071001422098624978e-02
7.652652652652652598e+00 6.086755795343263414e-02
7.662662662662662605e+00 6.102457434261315122e-02
7.672672672672672611e+00 6.118159073179366830e-02
7.682682682682682618e+00 6.133848979951794095e-02
7.692692692692692624e+00 6.149476552293937914e-02
7.702702702702702631e+00 6.165104124636081734e-02
7.712712712712712637e+00 6.180729185967470674e-02
7.722722722722722644e+00 6.196282247604703586e-02
7.732732732732732650e+00 6.211835309241936498e-02
7.742742742742742657e+00 6.227388370879169410e-02
7.752752752752752663e+00 6.242873356067290408e-02
7.762762762762762669e+00 6.258351526121343211e-02
7.772772772772772676e+00 6.273829696175393933e-02
7.782782782782782682e+00 6.289248879354999988e-02
7.792792792792792689e+00 6.304651839827965509e-02
7.802802802802802695e+00 6.320054800300929643e-02
7.812812812812812702e+00 6.335407984010377191e-02
7.822822822822822708e+00 6.350735479408270434e-02
7.832832832832832715e+00 6.366062974806165065e-02
7.842842842842842721e+00 6.381350000500458919e-02
7.852852852852852727e+00 6.396601837450792416e-02
7.862862862862862734e+00 6.411853674401124525e-02
7.872872872872872740e+00 6.427074422257750275e-02
7.882882882882882747e+00 6.442250469121035827e-02
7.892892892892892753e+00 6.457426515984319992e-02
7.902902902902902760e+00 6.472580904706834448e-02
7.912912912912912766e+00 6.487681091182130599e-02
7.922922922922922773e+00 6.502781277657425363e-02
7.932932932932932779e+00 6.517869264276777985e-02
7.942942942942942786e+00 6.532893581001179839e-02
7.952952952952952792e+00 6.547917897725578917e-02
7.962962962962962798e+00 6.562939477399155896e-02
7.972972972972972805e+00 6.577887975541198140e-02
7.982982982982982811e+00 6.592836473683240384e-02
7.992992992992992818e+00 6.607784971825282627e-02
8.003003003003001936e+00 6.622664470338618381e-02
8.013013013013011943e+00 6.637537261185615101e-02
8.023023023023021949e+00 6.652410052032610432e-02
8.033033033033031955e+00 6.667223418466262930e-02
8.043043043043041962e+00 6.682020673005464872e-02
8.053053053053051968e+00 6.696817927544665427e-02
8.063063063063061975e+00 6.711565329481616882e-02
8.073073073073071981e+00 6.726287277975122325e-02
8.083083083083081988e+00 6.741009226468630544e-02
8.093093093093091994e+00 6.755690868360234025e-02
8.103103103103102001e+00 6.770337799913665744e-02
8.113113113113112007e+00 6.784984731467098851e-02
8.123123123123122014e+00 6.799600854414264428e-02
8.133133133133132020e+00 6.814173116539035124e-02
8.143143143143142026e+00 6.828745378663805821e-02
8.153153153153152033e+00 6.843296260195759484e-02
8.163163163163162039e+00 6.857794258364922901e-02
8.173173173173172046e+00 6.872292256534087707e-02
8.183183183183182052e+00 6.886778210384685017e-02
8.193193193193192059e+00 6.901202407582240905e-02
8.203203203203202065e+00 6.915626604779796793e-02
8.213213213213213848e+00 6.930047980661399598e-02
8.223223223223223854e+00 6.944398896925006726e-02
8.233233233233233861e+00 6.958749813188615241e-02
8.243243243243243867e+00 6.973100729452222368e-02
8.253253253253253874e+00 6.987385208520449642e-02
8.263263263263263880e+00 7.001663420477446942e-02
8.273273273273273887e+00 7.015941632434444242e-02
8.283283283283283893e+00 7.030162972723140447e-02
8.293293293293293900e+00 7.044369113119751391e-02
8.303303303303303906e+00 7.058575253516362336e-02
8.313313313313313913e+00 7.072733966932913396e-02
8.323323323323323919e+00 7.086868724156646093e-02
8.333333333333333925e+00 7.101003481380378790e-02
8.343343343343343932e+00 7.115100114396503972e-02
8.353353353353353938e+00 7.129164231991544365e-02
8.363363363363363945e+00 7.143228349586583370e-02
8.373373373373373951e+00 7.157263482992549941e-02
8.383383383383383958e+00 7.171257759168138401e-02
8.393393393393393964e+00 7.185252035343728250e-02
8.403403403403403971e+00 7.199226283999882181e-02
8.413413413413413977e+00 7.213151571131602713e-02
8.423423423423423984e+00 7.227076858263323245e-02
8.433433433433433990e+00 7.240990870848945660e-02
8.443443443443443996e+00 7.254848074972815308e-02
8.453453453453454003e+00 7.268705279096683569e-02
8.463463463463464009e+00 7.282559737856128534e-02
8.473473473473474016e+00 7.296349818155407896e-02
8.483483483483484022e+00 7.310139898454688645e-02
8.493493493493494029e+00 7.323929978753969394e-02
8.503503503503504035e+00 7.337659487225522970e-02
8.513513513513514042e+00 7.351383455510256126e-02
8.523523523523524048e+00 7.365107423794990671e-02
8.533533533533534055e+00 7.378779906504150110e-02
8.543543543543544061e+00 7.392438826683292441e-02
8.553553553553554067e+00 7.406097746862436160e-02
8.563563563563564074e+00 7.419714036761874965e-02
8.573573573573574080e+00 7.433309024307989399e-02
8.583583583583584087e+00 7.446904011854103833e-02
8.593593593593594093e+00 7.460464973875934047e-02
8.603603603603604100e+00 7.473997195282432171e-02
8.613613613613614106e+00 7.487529416688933070e-02
8.623623623623624113e+00 7.501035947469518461e-02
8.633633633633634119e+00 7.514506619700377088e-02
8.643643643643644126e+00 7.527977291931235715e-02
8.653653653653654132e+00 7.541430319533186377e-02
8.663663663663664138e+00 7.554840709465084070e-02
8.673673673673674145e+00 7.568251099396980375e-02
8.683683683683684151e+00 7.581651583028287122e-02
8.693693693693694158e+00 7.595003006885235608e-02
8.703703703703704164e+00 7.608354430742186869e-02
8.713713713713714171e+00 7.621703360472520394e-02
8.723723723723724177e+00 7.634997183252863195e-02
8.733733733733734184e+00 7.648291006033204609e-02
8.743743743743744190e+00 7.661584828813547410e-02
8.753753753753754197e+00 7.674827037403171570e-02
8.763763763763764203e+00 7.688064672298995650e-02
8.773773773773774209e+00 7.701302307194818342e-02
8.783783783783784216e+00 7.714496494256380121e-02
8.793793793793794222e+00 7.727679402065336378e-02
8.803803803803804229e+00 7.740862309874294023e-02
8.813813813813814235e+00 7.754009603341492640e-02
8.823823823823824242e+00 7.767139291871073825e-02
8.833833833833834248e+00 7.780268980400655010e-02
8.843843843843844255e+00 7.793370537302138357e-02
8.853853853853854261e+00 7.806448560766342248e-02
8.863863863863864268e+00 7.819526584230546140e-02
8.873873873873874274e+00 7.832583590384364913e-02
8.883883883883884280e+00 7.845611548792863488e-02
8.893893893893894287e+00 7.858639507201362062e-02
8.903903903903904293e+00 7.871653176906609484e-02
8.913913913913914300e+00 7.884632715446422691e-02
8.923923923923924306e+00 7.897612253986233122e-02
8.933933933933934313e+00 7.910583829711875792e-02
8.943943943943944319e+00 7.923516638121587408e-02
8.953953953953954326e+00 7.936449446531297636e-02
8.963963963963964332e+00 7.949380198602186420e-02
8.973973973973974338e+00 7.962268010538783858e-02
8.983983983983984345e+00 7.975155822475381295e-02
8.993993993993994351e+00 7.988043634411977345e-02
9.004004004004004358e+00 8.000891641153898282e-02
9.014014014014014364e+00 8.013736233552304355e-02
9.024024024024024371e+00 8.026580825950709042e-02
9.034034034034034377e+00 8.039392451550547714e-02
9.044044044044044384e+00 8.052195643975869344e-02
9.054054054054054390e+00 8.064998836401192361e-02
9.064064064064064397e+00 8.077775474815150625e-02
9.074074074074074403e+00 8.090539128807831826e-02
9.084084084084084409e+00 8.103302782800511639e-02
9.094094094094094416e+00 8.116045853895115236e-02
9.104104104104104422e+00 8.128771872308938884e-02
9.114114114114114429e+00 8.141497890722762532e-02
9.124124124124124435e+00 8.154208839940153830e-02
9.134134134134134442e+00 8.166899166273371147e-02
9.144144144144144448e+00 8.179589492606588463e-02
9.154154154154154455e+00 8.192269790627239312e-02
9.164164164164164461e+00 8.204926408346790989e-02
9.174174174174174468e+00 8.217583026066339891e-02
9.184184184184184474e+00 8.230234168469191536e-02
9.194194194194194480e+00 8.242859100328213395e-02
9.204204204204204487e+00 8.255484032187236643e-02
9.214214214214214493e+00 8.268107539107315274e-02
9.224224224224224500e+00 8.280702846456061694e-02
9.234234234234234506e+00 8.293298153804810890e-02
9.244244244244244513e+00 8.305893461153557311e-02
9.254254254254254519e+00 8.318463351678655193e-02
9.264264264264264526e+00 8.331031133768952712e-02
9.274274274274274532e+00 8.343598915859253007e-02
9.284284284284284539e+00 8.356146419909460388e-02
9.294294294294294545e+00 8.368688813192835807e-02
9.304304304304304551e+00 8.381231206476211226e-02
9.314314314314314558e+00 8.393757952267451306e-02
9.324324324324324564e+00 8.406277129687125815e-02
9.334334334334334571e+00 8.418796307106800325e-02
9.344344344344344577e+00 8.431303945302925928e-02
9.354354354354354584e+00 8.443802115579786272e-02
9.364364364364364590e+00 8.456300285856643839e-02
9.374374374374374597e+00 8.468790489209111760e-02
9.384384384384384603e+00 8.481269896121887419e-02
9.394394394394394610e+00 8.493749303034660303e-02
9.404404404404404616e+00 8.506223766020050425e-02
9.414414414414414622e+00 8.518686687679791203e-02
9.424424424424424629e+00 8.531149609339533368e-02
9.434434434434434635e+00 8.543610047794968076e-02
9.444444444444444642e+00 8.556058795914145421e-02
9.454454454454454648e+00 8.568507544033322765e-02
9.464464464464464655e+00 8.580955694789871302e-02
9.474474474474474661e+00 8.593392613946104763e-02
9.484484484484484668e+00 8.605829533102341000e-02
9.494494494494494674e+00 8.618266452258574462e-02
9.504504504504504681e+00 8.630694620511164539e-02
9.514514514514514687e+00 8.643122087405956389e-02
9.524524524524524693e+00 8.655549554300748238e-02
9.534534534534534700e+00 8.667971378101146929e-02
9.544544544544544706e+00 8.680391800813701264e-02
9.554554554554554713e+00 8.692812223526254212e-02
9.564564564564564719e+00 8.705229531094735296e-02
9.574574574574574726e+00 8.717645348331133637e-02
9.584584584584584732e+00 8.730061165567529202e-02
9.594594594594594739e+00 8.742475803877053364e-02
9.604604604604604745e+00 8.754889484215004625e-02
9.614614614614614752e+00 8.767303164552954498e-02
9.624624624624624758e+00 8.779716998948827733e-02
9.634634634634634764e+00 8.792131040078166038e-02
9.644644644644644771e+00 8.804545081207507118e-02
9.654654654654654777e+00 8.816959995025516750e-02
9.664664664664664784e+00 8.829376922984731590e-02
9.674674674674674790e+00 8.841793850943946431e-02
9.684684684684684797e+00 8.854211745127039956e-02
9.694694694694694803e+00 8.866634113536028816e-02
9.704704704704704810e+00 8.879056481945017676e-02
9.714714714714714816e+00 8.891479274658574405e-02
9.724724724724724823e+00 8.903909663947885689e-02
9.734734734734734829e+00 8.916340053237195584e-02
9.744744744744744835e+00 8.928770442526505480e-02
9.754754754754754842e+00 8.941210696119726575e-02
9.764764764764764848e+00 8.953651712756495462e-02
9.774774774774774855e+00 8.966092729393264349e-02
9.784784784784784861e+00 8.978544399696064549e-02
9.794794794794794868e+00 8.990998675406923490e-02
9.804804804804804874e+00 9.003452951117783820e-02
9.814814814814814881e+00 9.015918030120932680e-02
9.824824824824824887e+00 9.028388221112122747e-02
9.834834834834834894e+00 9.040858412103311426e-02
9.844844844844844900e+00 9.053338906685826082e-02
9.854854854854854906e+00 9.065827692860776998e-02
9.864864864864864913e+00 9.078316479035729303e-02
9.874874874874874919e+00 9.090814410571725068e-02
9.884884884884884926e+00 9.103324494746310724e-02
9.894894894894894932e+00 9.115834578920899156e-02
9.904904904904904939e+00 9.128351982885679616e-02
9.914914914914914945e+00 9.140886090001498765e-02
9.924924924924924952e+00 9.153420197117319301e-02
9.934934934934934958e+00 9.165959122692737826e-02
9.944944944944944965e+00 9.178519999028549037e-02
9.954954954954954971e+00 9.191080875364358860e-02
9.964964964964964977e+00 9.203643385043507041e-02
9.974974974974974984e+00 9.216233797425216201e-02
9.984984984984984990e+00 9.228824209806926748e-02
9.994994994994994997e+00 9.241414622188634520e-02
1.000500500500500500e+01 9.254035114007627683e-02
1.001501501501501501e+01 9.266657849016979309e-02
1.002502502502502502e+01 9.279280584026330936e-02
1.003503503503503502e+01 9.291931628830266132e-02
1.004504504504504503e+01 9.304589492012571572e-02
1.005505505505505504e+01 9.317247355194877012e-02
1.006506506506506504e+01 9.329931071203843851e-02
1.007507507507507505e+01 9.342626886274968401e-02
1.008508508508508505e+01 9.355322701346090175e-02
1.009509509509509506e+01 9.368041217711577107e-02
1.010510510510510507e+01 9.380777825764484434e-02
1.011511511511511507e+01 9.393514433817393150e-02
1.012512512512512508e+01 9.406269890224508434e-02
1.013513513513513509e+01 9.419050148935609323e-02
1.014514514514514509e+01 9.431830407646710213e-02
1.015515515515515510e+01 9.444624953916433419e-02
1.016516516516516511e+01 9.457451736751998350e-02
1.017517517517517511e+01 9.470278519587561894e-02
1.018518518518518512e+01 9.483114315279060624e-02
1.019519519519519513e+01 9.495990510701986242e-02
1.020520520520520513e+01 9.508866706124914636e-02
1.021521521521521514e+01 9.521745920138011132e-02
1.022522522522522515e+01 9.534674430815183455e-02
1.023523523523523515e+01 9.547602941492355777e-02
1.024524524524524516e+01 9.560531452169529487e-02
1.025525525525525516e+01 9.573511493680740558e-02
1.026526526526526517e+01 9.586495235691286365e-02
1.027527527527527518e+01 9.599478977701833560e-02
1.028528528528528518e+01 9.612509730467930225e-02
1.029529529529529519e+01 9.625551632512562017e-02
1.030530530530530520e+01 9.638593534557193809e-02
1.031531531531531520e+01 9.651677204949558886e-02
1.032532532532532521e+01 9.664780207561382563e-02
1.033533533533533522e+01 9.677883210173207629e-02
1.034534534534534522e+01 9.691022011528918623e-02
1.035535535535535523e+01 9.704189066285827392e-02
1.036536536536536524e+01 9.717356121042736161e-02
1.037537537537537524e+01 9.730552273270699770e-02
1.038538538538538525e+01 9.743786342009769230e-02
1.039539539539539525e+01 9.757020410748837302e-02
1.040540540540540526e+01 9.770276139936678872e-02
1.041541541541541527e+01 9.783580193970652095e-02
1.042542542542542527e+01 9.796884248004625317e-02
1.043543543543543528e+01 9.810201786026467863e-02
1.044544544544544529e+01 9.823578805362766231e-02
1.045545545545545529e+01 9.836955824699065987e-02
1.046546546546546530e+01 9.850337408824248742e-02
1.047547547547547531e+01 9.863790381386583483e-02
1.048548548548548531e+01 9.877243353948919613e-02
1.049549549549549532e+01 9.890696326511254355e-02
1.050550550550550533e+01 9.904223147304674901e-02
1.051551551551551533e+01 9.917755068157672882e-02
1.052552552552552534e+01 9.931286989010670863e-02
1.053553553553553535e+01 9.944885346504886425e-02
1.054554554554554535e+01 9.958499217081850929e-02
1.055555555555555536e+01 9.972113087658814046e-02
1.056556556556556536e+01 9.985785238571201483e-02
1.057557557557557537e+01 9.999484065905342445e-02
1.058558558558558538e+01 1.001318289323948341e-01
1.059559559559559538e+01 1.002693109736293303e-01
1.060560560560560539e+01 1.004071789332224574e-01
1.061561561561561540e+01 1.005450468928155983e-01
1.062562562562562540e+01 1.006833120910272661e-01
1.063563563563563541e+01 1.008220898962881584e-01
1.064564564564564542e+01 1.009608677015490369e-01
1.065565565565565542e+01 1.010999387047399195e-01
1.066566566566566543e+01 1.012396565482502481e-01
1.067567567567567544e+01 1.013793743917605628e-01
1.068568568568568544e+01 1.015192738672821005e-01
1.069569569569569545e+01 1.016599619672626104e-01
1.070570570570570545e+01 1.018006500672431341e-01
1.071571571571571546e+01 1.019414006980267351e-01
1.072572572572572547e+01 1.020830892908568405e-01
1.073573573573573547e+01 1.022247778836869320e-01
1.074574574574574548e+01 1.023664664765170512e-01
1.075575575575575549e+01 1.025091216972775360e-01
1.076576576576576549e+01 1.026518410300632650e-01
1.077577577577577550e+01 1.027945603628490079e-01
1.078578578578578551e+01 1.029381423869346335e-01
1.079579579579579551e+01 1.030819227101273106e-01
1.080580580580580552e+01 1.032257030333200015e-01
1.081581581581581553e+01 1.033702345639771480e-01
1.082582582582582553e+01 1.035151061240444231e-01
1.083583583583583554e+01 1.036599776841116843e-01
1.084584584584584555e+01 1.038054814179932700e-01
1.085585585585585555e+01 1.039514744501455340e-01
1.086586586586586556e+01 1.040974674822977980e-01
1.087587587587587556e+01 1.042439661058425227e-01
1.088588588588588557e+01 1.043911108268158888e-01
1.089589589589589558e+01 1.045382555477892550e-01
1.090590590590590558e+01 1.046857717336230481e-01
1.091591591591591559e+01 1.048340983345214111e-01
1.092592592592592560e+01 1.049824249354197603e-01
1.093593593593593560e+01 1.051309813387797665e-01
1.094594594594594561e+01 1.052805199779779100e-01
1.095595595595595562e+01 1.054300586171760812e-01
1.096596596596596562e+01 1.055796778723577800e-01
1.097597597597597563e+01 1.057304586684673364e-01
1.098598598598598564e+01 1.058812394645769067e-01
1.099599599599599564e+01 1.060320202606864631e-01
1.100600600600600565e+01 1.061839972063049892e-01
1.101601601601601566e+01 1.063360502312051814e-01
1.102602602602602566e+01 1.064881032561053875e-01
1.103603603603603567e+01 1.066412182634624006e-01
1.104604604604604567e+01 1.067945735353973136e-01
1.105605605605605568e+01 1.069479288073322126e-01
1.106606606606606569e+01 1.071022043663495266e-01
1.107607607607607569e+01 1.072568918430939350e-01
1.108608608608608570e+01 1.074115793198383573e-01
1.109609609609609571e+01 1.075670378787610126e-01
1.110610610610610571e+01 1.077230874508564862e-01
1.111611611611611572e+01 1.078791370229519736e-01
1.112612612612612573e+01 1.080358009849896744e-01
1.113613613613613573e+01 1.081932424690521255e-01
1.114614614614614574e+01 1.083506839531145766e-01
1.115615615615615575e+01 1.085085756731108964e-01
1.116616616616616575e+01 1.086674388052120827e-01
1.117617617617617576e+01 1.088263019373132828e-01
1.118618618618618576e+01 1.089854437184428065e-01
1.119619619619619577e+01 1.091457581475666488e-01
1.120620620620620578e+01 1.093060725766904634e-01
1.121621621621621578e+01 1.094664866671842818e-01
1.122622622622622579e+01 1.096282819487598426e-01
1.123623623623623580e+01 1.097900772303354033e-01
1.124624624624624580e+01 1.099518725119109502e-01
1.125625625625625581e+01 1.101150914097478173e-01
1.126626626626626582e+01 1.102783969992602447e-01
1.127627627627627582e+01 1.104417025887726722e-01
1.128628628628628583e+01 1.106062674638837035e-01
1.129629629629629584e+01 1.107711127105652227e-01
1.130630630630630584e+01 1.109359579572467419e-01
1.131631631631631585e+01 1.111018907611931589e-01
1.132632632632632586e+01 1.112683049017940684e-01
1.133633633633633586e+01 1.114347190423949502e-01
1.134634634634634587e+01 1.116020416528416548e-01
1.135635635635635587e+01 1.117700538054844372e-01
1.136636636636636588e+01 1.119380659581271920e-01
1.137637637637637589e+01 1.121068001757991595e-01
1.138638638638638589e+01 1.122764393339155398e-01
1.139639639639639590e+01 1.124460784920319062e-01
1.140640640640640591e+01 1.126162460377025248e-01
1.141641641641641769e+01 1.127875410640553078e-01
1.142642642642642770e+01 1.129588360904080768e-01
1.143643643643643770e+01 1.131304586019196007e-01
1.144644644644644771e+01 1.133034382227105646e-01
1.145645645645645772e+01 1.134764178435015286e-01
1.146646646646646772e+01 1.136495168728181571e-01
1.147647647647647773e+01 1.138242096718827395e-01
1.148648648648648773e+01 1.139989024709473359e-01
1.149649649649649774e+01 1.141735952700119322e-01
1.150650650650650775e+01 1.143499338943306104e-01
1.151651651651651775e+01 1.145263683074206895e-01
1.152652652652652776e+01 1.147028027205107964e-01
1.153653653653653777e+01 1.148806889793434621e-01
1.154654654654654777e+01 1.150588932884991228e-01
1.155655655655655778e+01 1.152370975976547696e-01
1.156656656656656779e+01 1.154165526087264637e-01
1.157657657657657779e+01 1.155965549367378165e-01
1.158658658658658780e+01 1.157765572647491692e-01
1.159659659659659781e+01 1.159576020430003740e-01
1.160660660660660781e+01 1.161394303479601764e-01
1.161661661661661782e+01 1.163212586529199649e-01
1.162662662662662783e+01 1.165039141078175189e-01
1.163663663663663783e+01 1.166875961777655568e-01
1.164664664664664784e+01 1.168712782477135670e-01
1.165665665665665784e+01 1.170555651805959413e-01
1.166666666666666785e+01 1.172411286282557669e-01
1.167667667667667786e+01 1.174266920759156063e-01
1.168668668668668786e+01 1.176126311773735000e-01
1.169669669669669787e+01 1.178001034349828724e-01
1.170670670670670788e+01 1.179875756925922309e-01
1.171671671671671788e+01 1.181751875398842633e-01
1.172672672672672789e+01 1.183645958541188203e-01
1.173673673673673790e+01 1.185540041683533774e-01
1.174674674674674790e+01 1.187434124825879345e-01
1.175675675675675791e+01 1.189346806498489811e-01
1.176676676676676792e+01 1.191260520768410575e-01
1.177677677677677792e+01 1.193174235038331477e-01
1.178678678678678793e+01 1.195104320819911359e-01
1.179679679679679793e+01 1.197037934824436572e-01
1.180680680680680794e+01 1.198971548828961786e-01
1.181681681681681795e+01 1.200919238938410460e-01
1.182682682682682795e+01 1.202873019282367506e-01
1.183683683683683796e+01 1.204826799626324690e-01
1.184684684684684797e+01 1.206792293002451749e-01
1.185685685685685797e+01 1.208766504241525208e-01
1.186686686686686798e+01 1.210740715480598667e-01
1.187687687687687799e+01 1.212724209759029753e-01
1.188688688688688799e+01 1.214719114353782076e-01
1.189689689689689800e+01 1.216714018948534537e-01
1.190690690690690801e+01 1.218715710438980637e-01
1.191691691691691801e+01 1.220731568709847586e-01
1.192692692692692802e+01 1.222747426980714675e-01
1.193693693693693803e+01 1.224767510644610008e-01
1.194694694694694803e+01 1.226804580727867966e-01
1.195695695695695804e+01 1.228841650811125785e-01
1.196696696696696804e+01 1.230880320239631232e-01
1.197697697697697805e+01 1.232938858044335673e-01
1.198698698698698806e+01 1.234997395849039836e-01
1.199699699699699806e+01 1.237055933653744000e-01
1.200700700700700807e+01 1.239135102407324385e-01
1.201701701701701808e+01 1.241215361573237558e-01
1.202702702702702808e+01 1.243295620739150453e-01
1.203703703703703809e+01 1.245394009572060312e-01
1.204704704704704810e+01 1.247496241428552866e-01
1.205705705705705810e+01 1.249598473285045003e-01
1.206706706706706811e+01 1.251716269198814846e-01
1.207707707707707812e+01 1.253840722724750278e-01
1.208708708708708812e+01 1.255965176250685156e-01
1.209709709709709813e+01 1.258102564753138808e-01
1.210710710710710813e+01 1.260249486537747821e-01
1.211711711711711814e+01 1.262396408322357111e-01
1.212712712712712815e+01 1.264553573408440657e-01
1.213713713713713815e+01 1.266723207613170421e-01
1.214714714714714816e+01 1.268892841817900186e-01
1.215715715715715817e+01 1.271069965950886171e-01
1.216716716716716817e+01 1.273262554272245606e-01
1.217717717717717818e+01 1.275455142593605040e-01
1.218718718718718819e+01 1.277652406686667630e-01
1.219719719719719819e+01 1.279868188320046896e-01
1.220720720720720820e+01 1.282083969953425884e-01
1.221721721721721821e+01 1.284301553351582525e-01
1.222722722722722821e+01 1.286540764956065064e-01
1.223723723723723822e+01 1.288779976560547047e-01
1.224724724724724823e+01 1.291019188165029585e-01
1.225725725725725823e+01 1.293280932687131679e-01
1.226726726726726824e+01 1.295543808351285742e-01
1.227727727727727824e+01 1.297806684015439804e-01
1.228728728728728825e+01 1.300089333242665235e-01
1.229729729729729826e+01 1.302376104451316574e-01
1.230730730730730826e+01 1.304662875659967913e-01
1.231731731731731827e+01 1.306966601492256519e-01
1.232732732732732828e+01 1.309277497094244458e-01
1.233733733733733828e+01 1.311588392696232397e-01
1.234734734734734829e+01 1.313913365365582675e-01
1.235735735735735830e+01 1.316248611542492064e-01
1.236736736736736830e+01 1.318583857719402008e-01
1.237737737737737831e+01 1.320930245774644685e-01
1.238738738738738832e+01 1.323290066010515686e-01
1.239739739739739832e+01 1.325649886246386966e-01
1.240740740740740833e+01 1.328017856538322439e-01
1.241741741741741833e+01 1.330402471590330926e-01
1.242742742742742834e+01 1.332787086642339136e-01
1.243743743743743835e+01 1.335176804309240461e-01
1.244744744744744835e+01 1.337586432179350138e-01
1.245745745745745836e+01 1.339996060049459536e-01
1.246746746746746837e+01 1.342407688502940399e-01
1.247747747747747837e+01 1.344842544410519425e-01
1.248748748748748838e+01 1.347277400318098450e-01
1.249749749749749839e+01 1.349712256225677198e-01
1.250750750750750839e+01 1.352171397584750190e-01
1.251751751751751840e+01 1.354631693940153703e-01
1.252752752752752841e+01 1.357091990295557771e-01
1.253753753753753841e+01 1.359573573605634411e-01
1.254754754754754842e+01 1.362059519984742950e-01
1.255755755755755843e+01 1.364545466363851767e-01
1.256756756756756843e+01 1.367049646916433936e-01
1.257757757757757844e+01 1.369561450036145545e-01
1.258758758758758844e+01 1.372073253155857431e-01
1.259759759759759845e+01 1.374600184439334072e-01
1.260760760760760846e+01 1.377138048134006199e-01
1.261761761761761846e+01 1.379675911828678603e-01
1.262762762762762847e+01 1.382225745516948712e-01
1.263763763763763848e+01 1.384789870715784910e-01
1.264764764764764848e+01 1.387353995914620830e-01
1.265765765765765849e+01 1.389926881856071994e-01
1.266766766766766850e+01 1.392517466561447037e-01
1.267767767767767850e+01 1.395108051266822080e-01
1.268768768768768851e+01 1.397704137473657904e-01
1.269769769769769852e+01 1.400321376740373824e-01
1.270770770770770852e+01 1.402938616007089745e-01
1.271771771771771853e+01 1.405558048645009217e-01
1.272772772772772854e+01 1.408202134560484486e-01
1.273773773773773854e+01 1.410846220475959478e-01
1.274774774774774855e+01 1.413490306391434193e-01
1.275775775775775855e+01 1.416160265519558759e-01
1.276776776776776856e+01 1.418831387184928683e-01
1.277777777777777857e+01 1.421502508850298607e-01
1.278778778778778857e+01 1.424196287258738536e-01
1.279779779779779858e+01 1.426894630770882688e-01
1.280780780780780859e+01 1.429592974283026563e-01
1.281781781781781859e+01 1.432310709518204717e-01
1.282782782782782860e+01 1.435036457952670041e-01
1.283783783783783861e+01 1.437762206387135089e-01
1.284784784784784861e+01 1.440504034094998442e-01
1.285785785785785862e+01 1.443257367489831355e-01
1.286786786786786863e+01 1.446010700884664268e-01
1.287787787787787863e+01 1.448776754802989231e-01
1.288788788788788864e+01 1.451557850143461725e-01
1.289789789789789864e+01 1.454338945483934220e-01
1.290790790790790865e+01 1.457129357434965578e-01
1.291791791791791866e+01 1.459938388639182016e-01
1.292792792792792866e+01 1.462747419843398178e-01
1.293793793793793867e+01 1.465562319726818885e-01
1.294794794794794868e+01 1.468399457632204863e-01
1.295795795795795868e+01 1.471236595537591119e-01
1.296796796796796869e+01 1.474076111323825156e-01
1.297797797797797870e+01 1.476941523674491497e-01
1.298798798798798870e+01 1.479806936025158115e-01
1.299799799799799871e+01 1.482672348375824456e-01
1.300800800800800872e+01 1.485565045183966371e-01
1.301801801801801872e+01 1.488458896618930771e-01
1.302802802802802873e+01 1.491352748053895172e-01
1.303803803803803874e+01 1.494270472415774320e-01
1.304804804804804874e+01 1.497192924458040364e-01
1.305805805805805875e+01 1.500115376500306685e-01
1.306806806806806875e+01 1.503058247435566097e-01
1.307807807807807876e+01 1.506009458482047703e-01
1.308808808808808877e+01 1.508960669528529586e-01
1.309809809809809877e+01 1.511928804094789247e-01
1.310810810810810878e+01 1.514908929407079718e-01
1.311811811811811879e+01 1.517889054719370467e-01
1.312812812812812879e+01 1.520882568007978497e-01
1.313813813813813880e+01 1.523891759703937254e-01
1.314814814814814881e+01 1.526900951399896011e-01
1.315815815815815881e+01 1.529919956531991254e-01
1.316816816816816882e+01 1.532958363578164063e-01
1.317817817817817883e+01 1.535996770624336871e-01
1.318818818818818883e+01 1.539041378747220135e-01
1.319819819819819884e+01 1.542109146952060361e-01
1.320820820820820884e+01 1.545176915156900588e-01
1.321821821821821885e+01 1.548247235440706193e-01
1.322822822822822886e+01 1.551344507448611243e-01
1.323823823823823886e+01 1.554441779456516293e-01
1.324824824824824887e+01 1.557539051464421342e-01
1.325825825825825888e+01 1.560664834377320787e-01
1.326826826826826888e+01 1.563791749663448194e-01
1.327827827827827889e+01 1.566918664949575879e-01
1.328828828828828890e+01 1.570070508721911340e-01
1.329829829829829890e+01 1.573227203587787559e-01
1.330830830830830891e+01 1.576383898453664056e-01
1.331831831831831892e+01 1.579561903129891864e-01
1.332832832832832892e+01 1.582748510699798494e-01
1.333833833833833893e+01 1.585935118269705124e-01
1.334834834834834894e+01 1.589139381903962311e-01
1.335835835835835894e+01 1.592356032122075049e-01
1.336836836836836895e+01 1.595572682340187787e-01
1.337837837837837895e+01 1.598803300995217391e-01
1.338838838838838896e+01 1.602050120623516871e-01
1.339839839839839897e+01 1.605296940251816629e-01
1.340840840840840897e+01 1.608554007998165281e-01
1.341841841841841898e+01 1.611831120615081769e-01
1.342842842842842899e+01 1.615108233231998258e-01
1.343843843843843899e+01 1.618391842147497151e-01
1.344844844844844900e+01 1.621699368147290210e-01
1.345845845845845901e+01 1.625006894147082992e-01
1.346846846846846901e+01 1.628317134316601411e-01
1.347847847847847902e+01 1.631655190909478970e-01
1.348848848848848903e+01 1.634993247502356528e-01
1.349849849849849903e+01 1.638331304095234087e-01
1.350850850850850904e+01 1.641698908230773135e-01
1.351851851851851904e+01 1.645067609443710555e-01
1.352852852852852905e+01 1.648436310656647696e-01
1.353853853853853906e+01 1.651830831082735651e-01
1.354854854854854906e+01 1.655230287761010333e-01
1.355855855855855907e+01 1.658629744439285292e-01
1.356856856856856908e+01 1.662051262083702463e-01
1.357857857857857908e+01 1.665481581893122620e-01
1.358858858858858909e+01 1.668911901702542500e-01
1.359859859859859910e+01 1.672360495504755240e-01
1.360860860860860910e+01 1.675821782934566184e-01
1.361861861861861911e+01 1.679283070364377128e-01
1.362862862862862912e+01 1.682758817277314745e-01
1.363863863863863912e+01 1.686251173643796009e-01
1.364864864864864913e+01 1.689743530010277273e-01
1.365865865865865914e+01 1.693246505002356794e-01
1.366866866866866914e+01 1.696770028453071233e-01
1.367867867867867915e+01 1.700293551903785116e-01
1.368868868868868915e+01 1.703823827961184201e-01
1.369869869869869916e+01 1.707378613479882123e-01
1.370870870870870917e+01 1.710933398998580046e-01
1.371871871871871917e+01 1.714491047127752743e-01
1.372872872872872918e+01 1.718077186539928580e-01
1.373873873873873919e+01 1.721663325952104695e-01
1.374874874874874919e+01 1.725249465364280532e-01
1.375875875875875920e+01 1.728865997161621593e-01
1.376876876876876921e+01 1.732483579140697005e-01
1.377877877877877921e+01 1.736101161119772973e-01
1.378878878878878922e+01 1.739745286602077112e-01
1.379879879879879923e+01 1.743394396676210545e-01
1.380880880880880923e+01 1.747043506750343700e-01
1.381881881881881924e+01 1.750715287864585690e-01
1.382882882882882924e+01 1.754396008424090880e-01
1.383883883883883925e+01 1.758076728983595793e-01
1.384884884884884926e+01 1.761776225717530120e-01
1.385885885885885926e+01 1.765488636022907454e-01
1.386886886886886927e+01 1.769201046328284510e-01
1.387887887887887928e+01 1.772928316714741659e-01
1.388888888888888928e+01 1.776672492905283507e-01
1.389889889889889929e+01 1.780416669095824800e-01
1.390890890890890930e+01 1.784171769217230696e-01
1.391891891891891930e+01 1.787947784320229050e-01
1.392892892892892931e+01 1.791723799423227403e-01
1.393893893893893932e+01 1.795506783416337959e-01
1.394894894894894932e+01 1.799314707356845511e-01
1.395895895895895933e+01 1.803122631297352507e-01
1.396896896896896934e+01 1.806933551358200496e-01
1.397897897897897934e+01 1.810773450969363763e-01
1.398898898898898935e+01 1.814613350580526752e-01
1.399899899899899935e+01 1.818453250191690018e-01
1.400900900900900936e+01 1.822324196003519137e-01
1.401901901901901937e+01 1.826196135037454205e-01
1.402902902902902937e+01 1.830068074071389272e-01
1.403903903903903938e+01 1.833967115224209576e-01
1.404904904904904939e+01 1.837871154363421022e-01
1.405905905905905939e+01 1.841775193502632746e-01
1.406906906906906940e+01 1.845702373344441094e-01
1.407907907907907941e+01 1.849638570213775757e-01
1.408908908908908941e+01 1.853574767083110419e-01
1.409909909909909942e+01 1.857530127055525559e-01
1.410910910910910943e+01 1.861498536234627577e-01
1.411911911911911943e+01 1.865466945413729316e-01
1.412912912912912944e+01 1.869450525058484192e-01
1.413913913913913944e+01 1.873451198094780445e-01
1.414914914914914945e+01 1.877451871131076977e-01
1.415915915915915946e+01 1.881463708096691723e-01
1.416916916916916946e+01 1.885496693518859679e-01
1.417917917917917947e+01 1.889529678941027635e-01
1.418918918918918948e+01 1.893569808989670478e-01
1.419919919919919948e+01 1.897635152321596741e-01
1.420920920920920949e+01 1.901700495653523282e-01
1.421921921921921950e+01 1.905768952668050742e-01
1.422922922922922950e+01 1.909866696443276723e-01
1.423923923923923951e+01 1.913964440218502983e-01
1.424924924924924952e+01 1.918062183993728964e-01
1.425925925925925952e+01 1.922191439986310479e-01
1.426926926926926953e+01 1.926321623762931590e-01
1.427927927927927954e+01 1.930451807539552700e-01
1.428928928928928954e+01 1.934609489252892556e-01
1.429929929929929955e+01 1.938772149628922026e-01
1.430930930930930955e+01 1.942934810004950941e-01
1.431931931931931956e+01 1.947120942783754638e-01
1.432932932932932957e+01 1.951316113412934206e-01
1.433933933933933957e+01 1.955511284042113496e-01
1.434934934934934958e+01 1.959725891397969821e-01
1.435935935935935959e+01 1.963953603006016180e-01
1.436936936936936959e+01 1.968181314614062261e-01
1.437937937937937960e+01 1.972424418233788279e-01
1.438938938938938961e+01 1.976684698635063075e-01
1.439939939939939961e+01 1.980944979036338149e-01
1.440940940940940962e+01 1.985216598790480458e-01
1.441941941941941963e+01 1.989509472905085230e-01
1.442942942942942963e+01 1.993802347019690280e-01
1.443943943943943964e+01 1.998102500971182527e-01
1.444944944944944965e+01 2.002427990842453320e-01
1.445945945945945965e+01 2.006753480713724114e-01
1.446946946946946966e+01 2.011082185126696342e-01
1.447947947947947966e+01 2.015440309939098007e-01
1.448948948948948967e+01 2.019798434751499394e-01
1.449949949949949968e+01 2.024156559563901059e-01
1.450950950950950968e+01 2.028546480197638835e-01
1.451951951951951969e+01 2.032937256295043460e-01
1.452952952952952970e+01 2.037328032392448085e-01
1.453953953953953970e+01 2.041746544177433231e-01
1.454954954954954971e+01 2.046169985081786602e-01
1.455955955955955972e+01 2.050593425986140250e-01
1.456956956956956972e+01 2.055040537041517845e-01
1.457957957957957973e+01 2.059496653471857286e-01
1.458958958958958974e+01 2.063952769902196449e-01
1.459959959959959974e+01 2.068428486604401706e-01
1.460960960960960975e+01 2.072917286496248346e-01
1.461961961961961975e+01 2.077406086388095541e-01
1.462962962962962976e+01 2.081910413380732294e-01
1.463963963963963977e+01 2.086431901905820840e-01
1.464964964964964977e+01 2.090953390430909942e-01
1.465965965965965978e+01 2.095486330634760141e-01
1.466966966966966979e+01 2.100040510221114209e-01
1.467967967967967979e+01 2.104594689807468555e-01
1.468968968968968980e+01 2.109156244430628324e-01
1.469969969969969981e+01 2.113743114782964394e-01
1.470970970970970981e+01 2.118329985135300741e-01
1.471971971971971982e+01 2.122920153683439670e-01
1.472972972972972983e+01 2.127539711803892730e-01
1.473973973973973983e+01 2.132159269924345513e-01
1.474974974974974984e+01 2.136778828044798573e-01
1.475975975975975985e+01 2.141430290420238691e-01
1.476976976976976985e+01 2.146082530629389862e-01
1.477977977977977986e+01 2.150734770838541032e-01
1.478978978978978986e+01 2.155414832745029541e-01
1.479979979979979987e+01 2.160099746703255941e-01
1.480980980980980988e+01 2.164784660661482341e-01
1.481981981981981988e+01 2.169493313921579125e-01
1.482982982982982989e+01 2.174210890650678518e-01
1.483983983983983990e+01 2.178928467379778189e-01
1.484984984984984990e+01 2.183665702177751966e-01
1.485985985985985991e+01 2.188415928082859119e-01
1.486986986986986992e+01 2.193166153987966827e-01
1.487987987987987992e+01 2.197931958880913195e-01
1.488988988988988993e+01 2.202714817772696565e-01
1.489989989989989994e+01 2.207497676664479658e-01
1.490990990990990994e+01 2.212292038593536847e-01
1.491991991991991995e+01 2.217107511710650625e-01
1.492992992992992995e+01 2.221922984827764402e-01
1.493993993993993996e+01 2.226745889129428113e-01
1.494994994994994997e+01 2.231593955161234877e-01
1.495995995995995997e+01 2.236442021193041363e-01
1.496996996996996998e+01 2.241293451610576748e-01
1.497997997997997999e+01 2.246174086720110208e-01
1.498998998998998999e+01 2.251054721829643390e-01
1.500000000000000000e+01 2.255935356939176295e-01
