5.000000000000000000e+00 9.346813888470580783e-03
5.010010010010010006e+00 9.429586932951830591e-03
5.020020020020020013e+00 9.512359977433082134e-03
5.030030030030030019e+00 9.595133021914330207e-03
5.040040040040040026e+00 9.677906066395581750e-03
5.050050050050050032e+00 9.760679110876831557e-03
5.060060060060060039e+00 9.843452155358081365e-03
5.070070070070070045e+00 9.926225199839332908e-03
5.080080080080080052e+00 1.000917922645095694e-02
5.090090090090090058e+00 1.009371967454916232e-02
5.100100100100100065e+00 1.017826012264736769e-02
5.110110110110110071e+00 1.026280057074557307e-02
5.120120120120120077e+00 1.034910638314930596e-02
5.130130130130130084e+00 1.043541219555303712e-02
5.140140140140140090e+00 1.052171800795676827e-02
5.150150150150150097e+00 1.060960609490395681e-02
5.160160160160160103e+00 1.069767469088997273e-02
5.170170170170170110e+00 1.078574328687598866e-02
5.180180180180180116e+00 1.087521116572088067e-02
5.190190190190190123e+00 1.096503942324974883e-02
5.200200200200200129e+00 1.105486768077861871e-02
5.210210210210210136e+00 1.114591249401927948e-02
5.220220220220220142e+00 1.123749674997740616e-02
5.230230230230230148e+00 1.132908100593553631e-02
5.240240240240240155e+00 1.142169952145707587e-02
5.250250250250250161e+00 1.151503557206867874e-02
5.260260260260260168e+00 1.160837162268028161e-02
5.270270270270270174e+00 1.170256023409228449e-02
5.280280280280280181e+00 1.179764333552437913e-02
5.290290290290290187e+00 1.189272643695647551e-02
5.300300300300300194e+00 1.198848116403335509e-02
5.310310310310310200e+00 1.208530603321644747e-02
5.320320320320320207e+00 1.218213090239954159e-02
5.330330330330330213e+00 1.227944739163235564e-02
5.340340340340340219e+00 1.237800820731870498e-02
5.350350350350350226e+00 1.247656902300505605e-02
5.360360360360360232e+00 1.257544254827305460e-02
5.370370370370370239e+00 1.267573295235347765e-02
5.380380380380380245e+00 1.277602335643390243e-02
5.390390390390390252e+00 1.287644881980381205e-02
5.400400400400400258e+00 1.297846191890318114e-02
5.410410410410410265e+00 1.308047501800255197e-02
5.420420420420420271e+00 1.318248811710192279e-02
5.430430430430430278e+00 1.328617531803381359e-02
5.440440440440440284e+00 1.338990368540420896e-02
5.450450450450450290e+00 1.349363205277460606e-02
5.460460460460460297e+00 1.359885192647474969e-02
5.470470470470470303e+00 1.370428760420429153e-02
5.480480480480480310e+00 1.380972328193383510e-02
5.490490490490490316e+00 1.391646909259666547e-02
5.500500500500500323e+00 1.402360359415049523e-02
5.510510510510510329e+00 1.413073809570432673e-02
5.520520520520520336e+00 1.423900274322627800e-02
5.530530530530530342e+00 1.434782705633531191e-02
5.540540540540540349e+00 1.445665136944434756e-02
5.550550550550550355e+00 1.456642739133425825e-02
5.560560560560560361e+00 1.467693198124568610e-02
5.570570570570570368e+00 1.478743657115711395e-02
5.580580580580580374e+00 1.489871614462909104e-02
5.590590590590590381e+00 1.501089095773136019e-02
5.600600600600600387e+00 1.512306577083362760e-02
5.610610610610610394e+00 1.523584071508678889e-02
5.620620620620620400e+00 1.534967518292051046e-02
5.630630630630630407e+00 1.546350965075423203e-02
5.640640640640640413e+00 1.557777142944333053e-02
5.650650650650650419e+00 1.569325447310799052e-02
5.660660660660660426e+00 1.580873751677264877e-02
5.670670670670670432e+00 1.592447724067321685e-02
5.680680680680680439e+00 1.604159727563835014e-02
5.690690690690690445e+00 1.615871731060347649e-02
5.700700700700700452e+00 1.627592574047473720e-02
5.710710710710710458e+00 1.639467068180259016e-02
5.720720720720720465e+00 1.651341562313045006e-02
5.730730730730730471e+00 1.663216056445830648e-02
5.740740740740740478e+00 1.675244044076434555e-02
5.750750750750750484e+00 1.687279770874995991e-02
5.760760760760760490e+00 1.699315497673556732e-02
5.770770770770770497e+00 1.711487097452816381e-02
5.780780780780780503e+00 1.723682750076116488e-02
5.790790790790790510e+00 1.735878402699416248e-02
5.800800800800800516e+00 1.748192539395942643e-02
5.810810810810810523e+00 1.760546762781055319e-02
5.820820820820820529e+00 1.772900986166167647e-02
5.830830830830830536e+00 1.785356551586204585e-02
5.840840840840840542e+00 1.797867943139623906e-02
5.850850850850850549e+00 1.810379334693043227e-02
5.860860860860860555e+00 1.822975188111765690e-02
5.870870870870870561e+00 1.835642298443397949e-02
5.880880880880880568e+00 1.848309408775030208e-02
5.890890890890890574e+00 1.861044377388639329e-02
5.900900900900900581e+00 1.873865711088400915e-02
5.910910910910910587e+00 1.886687044788162501e-02
5.920920920920920594e+00 1.899559924186709423e-02
5.930930930930930600e+00 1.912533940643537309e-02
5.940940940940940607e+00 1.925507957100364848e-02
5.950950950950950613e+00 1.938517511761183101e-02
5.960960960960960620e+00 1.951642626024092247e-02
5.970970970970970626e+00 1.964767740287001394e-02
5.980980980980980632e+00 1.977912704088608670e-02
5.990990990990990639e+00 1.991187287769421999e-02
6.001001001001000645e+00 2.004461871450235327e-02
6.011011011011010652e+00 2.017740948206553364e-02
6.021021021021020658e+00 2.031163330423698191e-02
6.031031031031030665e+00 2.044585712640843364e-02
6.041041041041040671e+00 2.058008094857988537e-02
6.051051051051050678e+00 2.071566045018274557e-02
6.061061061061060684e+00 2.085134513381045260e-02
6.071071071071070691e+00 2.098702981743816309e-02
6.081081081081080697e+00 2.112390611654083039e-02
6.091091091091090703e+00 2.126103413286592123e-02
6.101101101101100710e+00 2.139816214919101206e-02
6.111111111111110716e+00 2.153632102182192337e-02
6.121121121121120723e+00 2.167487444786191791e-02
6.131131131131130729e+00 2.181342787390190899e-02
6.141141141141140736e+00 2.195285482980490616e-02
6.151151151151150742e+00 2.209281535936133412e-02
6.161161161161160749e+00 2.223277588891776554e-02
6.171171171171170755e+00 2.237345617824242766e-02
6.181181181181180762e+00 2.251480513327770022e-02
6.191191191191190768e+00 2.265615408831297278e-02
6.201201201201200774e+00 2.279807270848071069e-02
6.211211211211210781e+00 2.294079105085363238e-02
6.221221221221220787e+00 2.308350939322655407e-02
6.231231231231230794e+00 2.322665109596801572e-02
6.241241241241240800e+00 2.337071943951611955e-02
6.251251251251250807e+00 2.351478778306422684e-02
6.261261261261260813e+00 2.365913708162346515e-02
6.271271271271270820e+00 2.380453570458035059e-02
6.281281281281280826e+00 2.394993432753723603e-02
6.291291291291290833e+00 2.409547550403792412e-02
6.301301301301300839e+00 2.424218436177242100e-02
6.311311311311310845e+00 2.438889321950691788e-02
6.321321321321320852e+00 2.453561033247552217e-02
6.331331331331330858e+00 2.468360907053974637e-02
6.341341341341340865e+00 2.483160780860397057e-02
6.351351351351350871e+00 2.497960654666819130e-02
6.361361361361360878e+00 2.512875266811717689e-02
6.371371371371370884e+00 2.527802063558932250e-02
6.381381381381380891e+00 2.542728860306146810e-02
6.391391391391390897e+00 2.557755720431519053e-02
6.401401401401400904e+00 2.572807346742304532e-02
6.411411411411410910e+00 2.587858973053089318e-02
6.421421421421420916e+00 2.602996397699618158e-02
6.431431431431430923e+00 2.618170733300654793e-02
6.441441441441440929e+00 2.633345068901691427e-02
6.451451451451450936e+00 2.648591356820351878e-02
6.461461461461460942e+00 2.663886255956281895e-02
6.471471471471470949e+00 2.679181155092211566e-02
6.481481481481480955e+00 2.694534588090768956e-02
6.491491491491490962e+00 2.709947880961786557e-02
6.501501501501500968e+00 2.725361173832804157e-02
6.511511511511510975e+00 2.740820017633207803e-02
6.521521521521520981e+00 2.756349511854699896e-02
6.531531531531530987e+00 2.771879006076191643e-02
6.541541541541540994e+00 2.787441511182262716e-02
6.551551551551551000e+00 2.803084993264869790e-02
6.561561561561561007e+00 2.818728475347476864e-02
6.571571571571571013e+00 2.834392877922262480e-02
6.581581581581581020e+00 2.850148114770781338e-02
6.591591591591591026e+00 2.865903351619299849e-02
6.601601601601601033e+00 2.881667874371488317e-02
6.611611611611611927e+00 2.897532614801019354e-02
6.621621621621621934e+00 2.913397355230548311e-02
6.631631631631631940e+00 2.929262095660077614e-02
6.641641641641641947e+00 2.945232184577038087e-02
6.651651651651651953e+00 2.961204160844750286e-02
6.661661661661661959e+00 2.977176137112463178e-02
6.671671671671671966e+00 2.993240472093395763e-02
6.681681681681681972e+00 3.009317401444312756e-02
6.691691691691691979e+00 3.025394330795230097e-02
6.701701701701701985e+00 3.041551086131546316e-02
6.711711711711711992e+00 3.057730672356690285e-02
6.721721721721721998e+00 3.073910258581834601e-02
6.731731731731732005e+00 3.090157600303355262e-02
6.741741741741742011e+00 3.106437535308677333e-02
6.751751751751752018e+00 3.122717470313999405e-02
6.761761761761762024e+00 3.139053557120481674e-02
6.771771771771772030e+00 3.155431522504924258e-02
6.781781781781782037e+00 3.171809487889366147e-02
6.791791791791792043e+00 3.188232472085748836e-02
6.801801801801802050e+00 3.204706140726867186e-02
6.811811811811812056e+00 3.221179809367986924e-02
6.821821821821822063e+00 3.237687837802721846e-02
6.831831831831832069e+00 3.254254875448234913e-02
6.841841841841842076e+00 3.270821913093747285e-02
6.851851851851852082e+00 3.287413128099616472e-02
6.861861861861862089e+00 3.304071194963337232e-02
6.871871871871872095e+00 3.320729261827056605e-02
6.881881881881882101e+00 3.337401802163861286e-02
6.891891891891892108e+00 3.354148554524419290e-02
6.901901901901902114e+00 3.370895306884977294e-02
6.911911911911912121e+00 3.387647308683501557e-02
6.921921921921922127e+00 3.404480400484302671e-02
6.931931931931932134e+00 3.421313492285102398e-02
6.941941941941942140e+00 3.438146584085902818e-02
6.951951951951952147e+00 3.455060174440676563e-02
6.961961961961962153e+00 3.471977258889612228e-02
6.971971971971972160e+00 3.488894343338547893e-02
6.981981981981982166e+00 3.505881317378445328e-02
6.991991991991992172e+00 3.522880048545793535e-02
7.002002002002002179e+00 3.539878779713141743e-02
7.012012012012012185e+00 3.556937273806470151e-02
7.022022022022022192e+00 3.574015308219544856e-02
7.032032032032032198e+00 3.591093342632619562e-02
7.042042042042042205e+00 3.608221495885283875e-02
7.052052052052052211e+00 3.625376494118368043e-02
7.062062062062062218e+00 3.642531492351450823e-02
7.072072072072072224e+00 3.659727447542276274e-02
7.082082082082082231e+00 3.676957075800399433e-02
7.092092092092092237e+00 3.694186704058523285e-02
7.102102102102102243e+00 3.711448608570955959e-02
7.112112112112112250e+00 3.728750540266153463e-02
7.122122122122122256e+00 3.746052471961351660e-02
7.132132132132132263e+00 3.763378478711016523e-02
7.142142142142142269e+00 3.780750396029667476e-02
7.152152152152152276e+00 3.798122313348317042e-02
7.162162162162162282e+00 3.815510581705897075e-02
7.172172172172172289e+00 3.832950177165813516e-02
7.182182182182182295e+00 3.850389772625729262e-02
7.192192192192192302e+00 3.867838469334670265e-02
7.202202202202202308e+00 3.885343447330678879e-02
7.212212212212212314e+00 3.902848425326687493e-02
7.222222222222222321e+00 3.920355725415233111e-02
7.232232232232232327e+00 3.937923803751913754e-02
7.242242242242242334e+00 3.955491882088595090e-02
7.252252252252252340e+00 3.973059960425276427e-02
7.262262262262262347e+00 3.990684881186053190e-02
7.272272272272272353e+00 4.008313792596465697e-02
7.282282282282282360e+00 4.025942704006878897e-02
7.292292292292292366e+00 4.043620355839930985e-02
7.302302302302302373e+00 4.061307849489091681e-02
7.312312312312312379e+00 4.078995343138253765e-02
7.322322322322322385e+00 4.096723949253347485e-02
7.332332332332332392e+00 4.114467792225332682e-02
7.342342342342342398e+00 4.132211635197319266e-02
7.352352352352352405e+00 4.149989432140264306e-02
7.362362362362362411e+00 4.167787410907784762e-02
7.372372372372372418e+00 4.185585389675305218e-02
7.382382382382382424e+00 4.203410628185835773e-02
7.392392392392392431e+00 4.221260550061226025e-02
7.402402402402402437e+00 4.239110471936616970e-02
7.412412412412412444e+00 4.256981417796756179e-02
7.422422422422422450e+00 4.274881112363315000e-02
7.432432432432432456e+00 4.292780806929874515e-02
7.442442442442442463e+00 4.310695741802397785e-02
7.452452452452452469e+00 4.328643062325093771e-02
7.462462462462462476e+00 4.346590382847789757e-02
7.472472472472472482e+00 4.364547605104394240e-02
7.482482482482482489e+00 4.382540429918950486e-02
7.492492492492492495e+00 4.400533254733506039e-02
7.502502502502502502e+00 4.418531080272334460e-02
7.512512512512512508e+00 4.436567314151752817e-02
7.522522522522522515e+00 4.454603548031171173e-02
7.532532532532532521e+00 4.472640311083303510e-02
7.542542542542542527e+00 4.490717886581001295e-02
7.552552552552552534e+00 4.508795462078699079e-02
7.562562562562562540e+00 4.526873037576396863e-02
7.572572572572572547e+00 4.544986394771936833e-02
7.582582582582582553e+00 4.563103273540551619e-02
7.592592592592592560e+00 4.581220152309165711e-02
7.602602602602602566e+00 4.599367165693526299e-02
7.612612612612612573e+00 4.617521339778659500e-02
7.622622622622622579e+00 4.635675513863791314e-02
7.632632632632632586e+00 4.653854609051530367e-02
7.642642642642642592e+00 4.672044102159631646e-02
7.652652652652652598e+00 4.690233595267732924e-02
7.662662662662662605e+00 4.708443220556764869e-02
7.672672672672672611e+00 4.726666089296382295e-02
7.682682682682682618e+00 4.744888958036000415e-02
7.692692692692692624e+00 4.763127585126795960e-02
7.702702702702702631e+00 4.781381920222599335e-02
7.712712712712712637e+00 4.799636255318402017e-02
7.722722722722722644e+00 4.817902380019592479e-02
7.732732732732732650e+00 4.836186307498395454e-02
7.742742742742742657e+00 4.854470234977198428e-02
7.752752752752752663e+00 4.872762377897360553e-02
7.762762762762762669e+00 4.891074060245622496e-02
7.772772772772772676e+00 4.909385742593883745e-02
7.782782782782782682e+00 4.927702449819289926e-02
7.792792792792792689e+00 4.946040087111480688e-02
7.802802802802802695e+00 4.964377724403671449e-02
7.812812812812812702e+00 4.982717568161765254e-02
7.822822822822822708e+00 5.001079399159036321e-02
7.832832832832832715e+00 5.019441230156307387e-02
7.842842842842842721e+00 5.037803061153578454e-02
7.852852852852852727e+00 5.056187112683400986e-02
7.862862862862862734e+00 5.074571415902105059e-02
7.872872872872872740e+00 5.092955719120807745e-02
7.882882882882882747e+00 5.111358451952454501e-02
7.892892892892892753e+00 5.129763546702004878e-02
7.902902902902902760e+00 5.148168641451554561e-02
7.912912912912912766e+00 5.166588751870980489e-02
7.922922922922922773e+00 5.185012999260676936e-02
7.932932932932932779e+00 5.203437246650374076e-02
7.942942942942942786e+00 5.221873460567273695e-02
7.952952952952952792e+00 5.240315264481620883e-02
7.962962962962962798e+00 5.258757068395968071e-02
7.972972972972972805e+00 5.277208141901209432e-02
7.982982982982982811e+00 5.295665949943480916e-02
7.992992992992992818e+00 5.314123757985752400e-02
8.003003003003001936e+00 5.332588477893108331e-02
8.013013013013011943e+00 5.351060782296718915e-02
8.023023023023021949e+00 5.369533086700328806e-02
8.033033033033031955e+00 5.388010271072436741e-02
8.043043043043041962e+00 5.406495609579942130e-02
8.053053053053051968e+00 5.424980948087447519e-02
8.063063063063061975e+00 5.443469446745870244e-02
8.073073073073071981e+00 5.461966403455278257e-02
8.083083083083081988e+00 5.480463360164685577e-02
8.093093093093091994e+00 5.498962055183996556e-02
8.103103103103102001e+00 5.517469261362172028e-02
8.113113113113112007e+00 5.535976467540347501e-02
8.123123123123122014e+00 5.554484273726145033e-02
8.133133133133132020e+00 5.573000408589182803e-02
8.143143143143142026e+00 5.591516543452219878e-02
8.153153153153152033e+00 5.610032678315257648e-02
8.163163163163162039e+00 5.628556200263365450e-02
8.173173173173172046e+00 5.647079991723698983e-02
8.183183183183182052e+00 5.665603783184032516e-02
8.193193193193192059e+00 5.684133123256842474e-02
8.203203203203202065e+00 5.702663348637023594e-02
8.213213213213213848e+00 5.721193574017209571e-02
8.223223223223223854e+00 5.739727798010357818e-02
8.233233233233233861e+00 5.758263284723390968e-02
8.243243243243243867e+00 5.776798771436423424e-02
8.253253253253253874e+00 5.795336980273585459e-02
8.263263263263263880e+00 5.813876606469783881e-02
8.273273273273273887e+00 5.832416232665982303e-02
8.283283283283283893e+00 5.850957562762142822e-02
8.293293293293293900e+00 5.869500257942424082e-02
8.303303303303303906e+00 5.888042953122704648e-02
8.313313313313313913e+00 5.906586576731077259e-02
8.323323323323323919e+00 5.925131322326755018e-02
8.333333333333333925e+00 5.943676067922432776e-02
8.343343343343343932e+00 5.962221193465026825e-02
8.353353353353353938e+00 5.980767023384096770e-02
8.363363363363363945e+00 5.999312853303167409e-02
8.373373373373373951e+00 6.017858725685019949e-02
8.383383383383383958e+00 6.036404726824987077e-02
8.393393393393393964e+00 6.054950727964954899e-02
8.403403403403403971e+00 6.073496628872044473e-02
8.413413413413413977e+00 6.092041941599388860e-02
8.423423423423423984e+00 6.110587254326733941e-02
8.433433433433433990e+00 6.129132502507620567e-02
8.443443443443443996e+00 6.147676321104000863e-02
8.453453453453454003e+00 6.166220139700381159e-02
8.463463463463464009e+00 6.184763958296760761e-02
8.473473473473474016e+00 6.203305664306936473e-02
8.483483483483484022e+00 6.221847237382265722e-02
8.493493493493494029e+00 6.240388810457594970e-02
8.503503503503504035e+00 6.258927916790112123e-02
8.513513513513514042e+00 6.277466547662659269e-02
8.523523523523524048e+00 6.296005178535206415e-02
8.533533533533534055e+00 6.314541171709719958e-02
8.543543543543544061e+00 6.333076218753419528e-02
8.553553553553554067e+00 6.351611265797116324e-02
8.563563563563564074e+00 6.370143670675255942e-02
8.573573573573574080e+00 6.388674547634422274e-02
8.583583583583584087e+00 6.407205424593587217e-02
8.593593593593594093e+00 6.425733804547564820e-02
8.603603603603604100e+00 6.444259980819252998e-02
8.613613613613614106e+00 6.462786157090939787e-02
8.623623623623624113e+00 6.481310114156486890e-02
8.633633633633634119e+00 6.499831115040718976e-02
8.643643643643644126e+00 6.518352115924951062e-02
8.653653653653654132e+00 6.536871290938658929e-02
8.663663663663664138e+00 6.555386697856825651e-02
8.673673673673674145e+00 6.573902104774990984e-02
8.683683683683684151e+00 6.592416177496183971e-02
8.693693693693694158e+00 6.610925628177861946e-02
8.703703703703704164e+00 6.629435078859538533e-02
8.713713713713714171e+00 6.647943768076766680e-02
8.723723723723724177e+00 6.666446956715278704e-02
8.733733733733734184e+00 6.684950145353790729e-02
8.743743743743744190e+00 6.703453208976081767e-02
8.753753753753754197e+00 6.721949886353137393e-02
8.763763763763764203e+00 6.740446563730191631e-02
8.773773773773774209e+00 6.758943241107247257e-02
8.783783783783784216e+00 6.777433772442935378e-02
8.793793793793794222e+00 6.795923746022689005e-02
8.803803803803804229e+00 6.814413719602442632e-02
8.813813813813814235e+00 6.832898123022626558e-02
8.823823823823824242e+00 6.851381257015480564e-02
8.833833833833834248e+00 6.869864391008335958e-02
8.843843843843844255e+00 6.888342598960642271e-02
8.853853853853854261e+00 6.906818814357222613e-02
8.863863863863864268e+00 6.925295029753802956e-02
8.873873873873874274e+00 6.943767014025949147e-02
8.883883883883884280e+00 6.962236288601610090e-02
8.893893893893894287e+00 6.980705563177269646e-02
8.903903903903904293e+00 6.999171334884987661e-02
8.913913913913914300e+00 7.017633703175268911e-02
8.923923923923924306e+00 7.036096071465551549e-02
8.933933933933934313e+00 7.054555681026483671e-02
8.943943943943944319e+00 7.073011234273905712e-02
8.953953953953954326e+00 7.091466787521329140e-02
8.963963963963964332e+00 7.109920324615116860e-02
8.973973973973974338e+00 7.128369210687823809e-02
8.983983983983984345e+00 7.146818096760529371e-02
8.993993993993994351e+00 7.165265690275214594e-02
9.004004004004004358e+00 7.183708113557812913e-02
9.014014014014014364e+00 7.202150536840412620e-02
9.024024024024024371e+00 7.220592354805326074e-02
9.034034034034034377e+00 7.239028576062460363e-02
9.044044044044044384e+00 7.257464797319596039e-02
9.054054054054054390e+00 7.275901018576730328e-02
9.064064064064064397e+00 7.294331383038021865e-02
9.074074074074074403e+00 7.312761719251104076e-02
9.084084084084084409e+00 7.331192055464184898e-02
9.094094094094094416e+00 7.349617470532000818e-02
9.104104104104104422e+00 7.368042294709613305e-02
9.114114114114114429e+00 7.386467118887225791e-02
9.124124124124124435e+00 7.404887925291545048e-02
9.134134134134134442e+00 7.423307666253957382e-02
9.144144144144144448e+00 7.441727407216369716e-02
9.154154154154154455e+00 7.460143984187832256e-02
9.164164164164164461e+00 7.478559126326189688e-02
9.174174174174174468e+00 7.496974268464545732e-02
9.184184184184184474e+00 7.515387033577708431e-02
9.194194194194194480e+00 7.533798116588341642e-02
9.204204204204204487e+00 7.552209199598973466e-02
9.214214214214214493e+00 7.570618608603703337e-02
9.224224224224224500e+00 7.589026227198140961e-02
9.234234234234234506e+00 7.607433845792579974e-02
9.244244244244244513e+00 7.625840392433758108e-02
9.254254254254254519e+00 7.644245196024884725e-02
9.264264264264264526e+00 7.662649999616014118e-02
9.274274274274274532e+00 7.681054215441776578e-02
9.284284284284284539e+00 7.699456907806738470e-02
9.294294294294294545e+00 7.717859600171700363e-02
9.304304304304304551e+00 7.736262054330411697e-02
9.314314314314314558e+00 7.754663393250760262e-02
9.324324324324324564e+00 7.773064732171110214e-02
9.334334334334334571e+00 7.791466031197265274e-02
9.344344344344344577e+00 7.809866828076912626e-02
9.354354354354354584e+00 7.828267624956559978e-02
9.364364364364364590e+00 7.846668421836207330e-02
9.374374374374374597e+00 7.865069532007341879e-02
9.384384384384384603e+00 7.883470651468832413e-02
9.394394394394394610e+00 7.901871770930324335e-02
9.404404404404404616e+00 7.920273967702250173e-02
9.414414414414414622e+00 7.938676327161936497e-02
9.424424424424424629e+00 7.957078686621625596e-02
9.434434434434434635e+00 7.975482739643664776e-02
9.444444444444444642e+00 7.993887308866337582e-02
9.454454454454454648e+00 8.012291878089010388e-02
9.464464464464464655e+00 8.030698592968474325e-02
9.474474474474474661e+00 8.049106393601977716e-02
9.484484484484484668e+00 8.067514194235481106e-02
9.494494494494494674e+00 8.085924412251983828e-02
9.504504504504504681e+00 8.104336517342397572e-02
9.514514514514514687e+00 8.122748622432811316e-02
9.524524524524524693e+00 8.141163220243370635e-02
9.534534534534534700e+00 8.159580753731311697e-02
9.544544544544544706e+00 8.177998287219252760e-02
9.554554554554554713e+00 8.196418176554366719e-02
9.564564564564564719e+00 8.214842312752991538e-02
9.574574574574574726e+00 8.233266448951613581e-02
9.584584584584584732e+00 8.251692576302563364e-02
9.594594594594594739e+00 8.270124539357807947e-02
9.604604604604604745e+00 8.288556502413055305e-02
9.614614614614614752e+00 8.306989848710616409e-02
9.624624624624624758e+00 8.325430912044258502e-02
9.634634634634634764e+00 8.343871975377900596e-02
9.644644644644644771e+00 8.362313555662705122e-02
9.654654654654654777e+00 8.380765041398803572e-02
9.664664664664664784e+00 8.399216527134902022e-02
9.674674674674674790e+00 8.417668012870999084e-02
9.684684684684684797e+00 8.436130668594941928e-02
9.694694694694694803e+00 8.454593946970234697e-02
9.704704704704704810e+00 8.473057225345526078e-02
9.714714714714714816e+00 8.491531663852801282e-02
9.724724724724724823e+00 8.510008152611597820e-02
9.734734734734734829e+00 8.528484641370391584e-02
9.744744744744744835e+00 8.546972024860589878e-02
9.754754754754754842e+00 8.565463188634744873e-02
9.764764764764764848e+00 8.583954352408899868e-02
9.774774774774774855e+00 8.602455875159299714e-02
9.784784784784784861e+00 8.620963224833837202e-02
9.794794794794794868e+00 8.639470574508376077e-02
9.804804804804804874e+00 8.657987462491975594e-02
9.814814814814814881e+00 8.676512554556883861e-02
9.824824824824824887e+00 8.695037646621790739e-02
9.834834834834834894e+00 8.713571157118851773e-02
9.844844844844844900e+00 8.732115593007638843e-02
9.854854854854854906e+00 8.750660028896425913e-02
9.864864864864864913e+00 8.769211450099724525e-02
9.874874874874874919e+00 8.787776875515290742e-02
9.884884884884884926e+00 8.806342300930855571e-02
9.894894894894894932e+00 8.824912951544883200e-02
9.904904904904904939e+00 8.843501055773225761e-02
9.914914914914914945e+00 8.862089160001568322e-02
9.924924924924924952e+00 8.880680388835861250e-02
9.934934934934934958e+00 8.899292904048207442e-02
9.944944944944944965e+00 8.917905419260553634e-02
9.954954954954954971e+00 8.936518604817386691e-02
9.964964964964964977e+00 8.955157305361273468e-02
9.974974974974974984e+00 8.973796005905161632e-02
9.984984984984984990e+00 8.992434706449048409e-02
9.994994994994994997e+00 9.011099257641623506e-02
1.000500500500500500e+01 9.029765959321435498e-02
1.001501501501501501e+01 9.048432661001248878e-02
1.002502502502502502e+01 9.067123869854747109e-02
1.003503503503503502e+01 9.085820429202308424e-02
1.004504504504504503e+01 9.104516988549869738e-02
1.005505505505505504e+01 9.123236360106190546e-02
1.006506506506506504e+01 9.141964673641893302e-02
1.007507507507507505e+01 9.160692987177594671e-02
1.008508508508508505e+01 9.179442053722074168e-02
1.009509509509509506e+01 9.198204057207086393e-02
1.010510510510510507e+01 9.216966060692101392e-02
1.011511511511511507e+01 9.235746381307692598e-02
1.012512512512512508e+01 9.254544048987754790e-02
1.013513513513513509e+01 9.273341716667818369e-02
1.014514514514514509e+01 9.292154876785403694e-02
1.015515515515515510e+01 9.310990220626753910e-02
1.016516516516516511e+01 9.329825564468106902e-02
1.017517517517517511e+01 9.348673175413095560e-02
1.018518518518518512e+01 9.367548244330985152e-02
1.019519519519519513e+01 9.386423313248876132e-02
1.020520520520520513e+01 9.405307011784300175e-02
1.021521521521521514e+01 9.424223890864656672e-02
1.022522522522522515e+01 9.443140769945013169e-02
1.023523523523523515e+01 9.462062217811338660e-02
1.024524524524524516e+01 9.481023027526014335e-02
1.025525525525525516e+01 9.499983837240688622e-02
1.026526526526526517e+01 9.518944720692486261e-02
1.027527527527527518e+01 9.537951616108646113e-02
1.028528528528528518e+01 9.556958511524805966e-02
1.029529529529529519e+01 9.575965406940967206e-02
1.030530530530530520e+01 9.595015710848575630e-02
1.031531531531531520e+01 9.614070880832630006e-02
1.032532532532532521e+01 9.633126050816682995e-02
1.033533533533533522e+01 9.652221456358221763e-02
1.034534534534534522e+01 9.671327122774862894e-02
1.035535535535535523e+01 9.690432789191502638e-02
1.036536536536536524e+01 9.709575085548456663e-02
1.037537537537537524e+01 9.728733502455179372e-02
1.038538538538538525e+01 9.747891919361902080e-02
1.039539539539539525e+01 9.767082917539739173e-02
1.040540540540540526e+01 9.786296370377396692e-02
1.041541541541541527e+01 9.805509823215054210e-02
1.042542542542542527e+01 9.824751355563574040e-02
1.043543543543543528e+01 9.844022160343350591e-02
1.044544544544544529e+01 9.863292965123127143e-02
1.045545545545545529e+01 9.882586884855243392e-02
1.046546546546546530e+01 9.901917387342507038e-02
1.047547547547547531e+01 9.921247889829770683e-02
1.048548548548548531e+01 9.940596070538902651e-02
1.049549549549549532e+01 9.959988645434411647e-02
1.050550550550550533e+01 9.979381220329922031e-02
1.051551551551551533e+01 9.998785555506170541e-02
1.052552552552552534e+01 1.001824260562502594e-01
1.053553553553553535e+01 1.003769965574388134e-01
1.054554554554554535e+01 1.005716205828912913e-01
1.055555555555555536e+01 1.007668601373789413e-01
1.056556556556556536e+01 1.009620996918665775e-01
1.057557557557557537e+01 1.011573392463542276e-01
1.058558558558558538e+01 1.013532568828121178e-01
1.059559559559559538e+01 1.015491900563364330e-01
1.060560560560560539e+01 1.017451232298607344e-01
1.061561561561561540e+01 1.019416851831174420e-01
1.062562562562562540e+01 1.021383367978350720e-01
1.063563563563563541e+01 1.023349884125527021e-01
1.064564564564564542e+01 1.025322146129656192e-01
1.065565565565565542e+01 1.027296097391937196e-01
1.066566566566566543e+01 1.029270048654218200e-01
1.067567567567567544e+01 1.031249154097356319e-01
1.068568568568568544e+01 1.033230793576906531e-01
1.069569569569569545e+01 1.035212433056456605e-01
1.070570570570570545e+01 1.037198584521162037e-01
1.071571571571571546e+01 1.039188167636548726e-01
1.072572572572572547e+01 1.041177750751935693e-01
1.073573573573573547e+01 1.043171152387139533e-01
1.074574574574574548e+01 1.045168936790793063e-01
1.075575575575575549e+01 1.047166721194446593e-01
1.076576576576576549e+01 1.049167578666755640e-01
1.077577577577577550e+01 1.051173824162522225e-01
1.078578578578578551e+01 1.053180069658289086e-01
1.079579579579579551e+01 1.055188590103341983e-01
1.080580580580580552e+01 1.057203558564163565e-01
1.081581581581581553e+01 1.059218527024985285e-01
1.082582582582582553e+01 1.061234918998875398e-01
1.083583583583583554e+01 1.063258874284624400e-01
1.084584584584584555e+01 1.065282829570373402e-01
1.085585585585585555e+01 1.067307303001149565e-01
1.086586586586586556e+01 1.069340510876668759e-01
1.087587587587587556e+01 1.071373718752187815e-01
1.088588588588588557e+01 1.073406926627706870e-01
1.089589589589589558e+01 1.075449212944813715e-01
1.090590590590590558e+01 1.077491940998172304e-01
1.091591591591591559e+01 1.079534669051531032e-01
1.092592592592592560e+01 1.081585729933809970e-01
1.093593593593593560e+01 1.083638247494828760e-01
1.094594594594594561e+01 1.085690765055847551e-01
1.095595595595595562e+01 1.087750815917802177e-01
1.096596596596596562e+01 1.089813393976865608e-01
1.097597597597597563e+01 1.091875972035929176e-01
1.098598598598598564e+01 1.093945229390228813e-01
1.099599599599599564e+01 1.096018140517417833e-01
1.100600600600600565e+01 1.098091051644606714e-01
1.101601601601601566e+01 1.100169733054536386e-01
1.102602602602602566e+01 1.102253251319116334e-01
1.103603603603603567e+01 1.104336769583696282e-01
1.104604604604604567e+01 1.106425093615787808e-01
1.105605605605605568e+01 1.108519494506073205e-01
1.106606606606606569e+01 1.110613895396358602e-01
1.107607607607607569e+01 1.112712081573218048e-01
1.108608608608608570e+01 1.114817641916846930e-01
1.109609609609609571e+01 1.116923202260475673e-01
1.110610610610610571e+01 1.119031471013816476e-01
1.111611611611611572e+01 1.121148468898458678e-01
1.112612612612612573e+01 1.123265466783100880e-01
1.113613613613613573e+01 1.125384039406991804e-01
1.114614614614614574e+01 1.127512754101520215e-01
1.115615615615615575e+01 1.129641468796048487e-01
1.116616616616616575e+01 1.131770567400388755e-01
1.117617617617617576e+01 1.133911279276534761e-01
1.118618618618618576e+01 1.136051991152680629e-01
1.119619619619619577e+01 1.138192703028826774e-01
1.120620620620620578e+01 1.140344829071432420e-01
1.121621621621621578e+01 1.142497819525956082e-01
1.122622622622622579e+01 1.144650809980479605e-01
1.123623623623623580e+01 1.146814190830399982e-01
1.124624624624624580e+01 1.148979742207792143e-01
1.125625625625625581e+01 1.151145293585184165e-01
1.126626626626626582e+01 1.153320154394053276e-01
1.127627627627627582e+01 1.155498549909796391e-01
1.128628628628628583e+01 1.157676945425539783e-01
1.129629629629629584e+01 1.159863511901014360e-01
1.130630630630630584e+01 1.162055035565426192e-01
1.131631631631631585e+01 1.164246559229838024e-01
1.132632632632632586e+01 1.166445057590946716e-01
1.133633633633633586e+01 1.168649994133621611e-01
1.134634634634634587e+01 1.170854930676296507e-01
1.135635635635635587e+01 1.173065587609089383e-01
1.136636636636636588e+01 1.175284222403962381e-01
1.137637637637637589e+01 1.177502857198835240e-01
1.138638638638638589e+01 1.179725899812345546e-01
1.139639639639639590e+01 1.181958518803402497e-01
1.140640640640640591e+01 1.184191137794459586e-01
1.141641641641641769e+01 1.186426793576982469e-01
1.142642642642642770e+01 1.188673683204624076e-01
1.143643643643643770e+01 1.190920572832265822e-01
1.144644644644644771e+01 1.193169069607956795e-01
1.145645645645645772e+01 1.195430516736045862e-01
1.146646646646646772e+01 1.197691963864134929e-01
1.147647647647647773e+01 1.199953529749948067e-01
1.148648648648648773e+01 1.202229821593554931e-01
1.149649649649649774e+01 1.204506113437161935e-01
1.150650650650650775e+01 1.206782405280768938e-01
1.151651651651651775e+01 1.209072400853976881e-01
1.152652652652652776e+01 1.211363824907832343e-01
1.153653653653653777e+01 1.213655248961687666e-01
1.154654654654654777e+01 1.215959058290329853e-01
1.155655655655655778e+01 1.218265902258013206e-01
1.156656656656656779e+01 1.220572746225696698e-01
1.157657657657657779e+01 1.222890598188912242e-01
1.158658658658658780e+01 1.225213149912777605e-01
1.159659659659659781e+01 1.227535701636642829e-01
1.160660660660660781e+01 1.229867825168241557e-01
1.161661661661661782e+01 1.232206372560110674e-01
1.162662662662662783e+01 1.234544919951979652e-01
1.163663663663663783e+01 1.236891543999900644e-01
1.164664664664664784e+01 1.239246374972519521e-01
1.165665665665665784e+01 1.241601205945138398e-01
1.166666666666666785e+01 1.243962559431294884e-01
1.167667667667667786e+01 1.246333961830584369e-01
1.168668668668668786e+01 1.248705364229873854e-01
1.169669669669669787e+01 1.251081676010385169e-01
1.170670670670670788e+01 1.253469937548485347e-01
1.171671671671671788e+01 1.255858199086585802e-01
1.172672672672672789e+01 1.258249697912399712e-01
1.173673673673673790e+01 1.260655106101523371e-01
1.174674674674674790e+01 1.263060514290647585e-01
1.175675675675675791e+01 1.265467428768557723e-01
1.176676676676676792e+01 1.267890270855671631e-01
1.177677677677677792e+01 1.270313112942785816e-01
1.178678678678678793e+01 1.272735955029899724e-01
1.179679679679679793e+01 1.275176234399182373e-01
1.180680680680680794e+01 1.277616797301508456e-01
1.181681681681681795e+01 1.280057360203834538e-01
1.182682682682682795e+01 1.282513798376263559e-01
1.183683683683683796e+01 1.284972368617635641e-01
1.184684684684684797e+01 1.287430938859007445e-01
1.185685685685685797e+01 1.289903763322869101e-01
1.186686686686686798e+01 1.292380626970926483e-01
1.187687687687687799e+01 1.294857490618984419e-01
1.188688688688688799e+01 1.297346928504594932e-01
1.189689689689689800e+01 1.299842371108848038e-01
1.190690690690690801e+01 1.302337813713100867e-01
1.191691691691691801e+01 1.304844091756734714e-01
1.192692692692692802e+01 1.307358398287486179e-01
1.193693693693693803e+01 1.309872704818237921e-01
1.194694694694694803e+01 1.312396049326481351e-01
1.195695695695695804e+01 1.314929504114630554e-01
1.196696696696696804e+01 1.317462958902780035e-01
1.197697697697697805e+01 1.320003595717315625e-01
1.198698698698698806e+01 1.322556482395038091e-01
1.199699699699699806e+01 1.325109369072760557e-01
1.200700700700700807e+01 1.327667523535583649e-01
1.201701701701701808e+01 1.330240124977903893e-01
1.202702702702702808e+01 1.332812726420223859e-01
1.203703703703703809e+01 1.335388623339292535e-01
1.204704704704704810e+01 1.337981221606543980e-01
1.205705705705705810e+01 1.340573819873795702e-01
1.206706706706706811e+01 1.343167683489116804e-01
1.207707707707707812e+01 1.345780559770305140e-01
1.208708708708708812e+01 1.348393436051493199e-01
1.209709709709709813e+01 1.351006312332681258e-01
1.210710710710710813e+01 1.353638924558711876e-01
1.211711711711711814e+01 1.356272359115777981e-01
1.212712712712712815e+01 1.358905793672844087e-01
1.213713713713713815e+01 1.361557098517874320e-01
1.214714714714714816e+01 1.364211370630868669e-01
1.215715715715715817e+01 1.366865642743863296e-01
1.216716716716716817e+01 1.369535861509142416e-01
1.217717717717717818e+01 1.372211249422302104e-01
1.218718718718718819e+01 1.374886637335462070e-01
1.219719719719719819e+01 1.377575990570030495e-01
1.220720720720720820e+01 1.380272771438779966e-01
1.221721721721721821e+01 1.382969552307529437e-01
1.222722722722722821e+01 1.385678259777426979e-01
1.223723723723723822e+01 1.388396709616286084e-01
1.224724724724724823e+01 1.391115159455144912e-01
1.225725725725725823e+01 1.393843440113069487e-01
1.226726726726726824e+01 1.396583833744486081e-01
1.227727727727727824e+01 1.399324227375902951e-01
1.228728728728728825e+01 1.402072299331318939e-01
1.229729729729729826e+01 1.404834910335419906e-01
1.230730730730730826e+01 1.407597521339520874e-01
1.231731731731731827e+01 1.410365601829215998e-01
1.232732732732732828e+01 1.413150702494476441e-01
1.233733733733733828e+01 1.415935803159737161e-01
1.234734734734734829e+01 1.418724108518826799e-01
1.235735735735735830e+01 1.421531969793669303e-01
1.236736736736736830e+01 1.424339831068511808e-01
1.237737737737737831e+01 1.427148576701900429e-01
1.238738738738738832e+01 1.429979468147207222e-01
1.239739739739739832e+01 1.432810359592514571e-01
1.240740740740740833e+01 1.435641251037821364e-01
1.241741741741741833e+01 1.438493949689352291e-01
1.242742742742742834e+01 1.441348139431906650e-01
1.243743743743743835e+01 1.444202329174461286e-01
1.244744744744744835e+01 1.447076162654580278e-01
1.245745745745745836e+01 1.449953917341430254e-01
1.246746746746746837e+01 1.452831672028280230e-01
1.247747747747747837e+01 1.455726851260037980e-01
1.248748748748748838e+01 1.458628436013775787e-01
1.249749749749749839e+01 1.461530020767513316e-01
1.250750750750750839e+01 1.464446755590279869e-01
1.251751751751751840e+01 1.467372433965246914e-01
1.252752752752752841e+01 1.470298112340213681e-01
1.253753753753753841e+01 1.473236611484302905e-01
1.254754754754754842e+01 1.476186645423712418e-01
1.255755755755755843e+01 1.479136679363121654e-01
1.256756756756756843e+01 1.482097150424867005e-01
1.257757757757757844e+01 1.485071800218842331e-01
1.258758758758758844e+01 1.488046450012817934e-01
1.259759759759759845e+01 1.491029099430090932e-01
1.260760760760760846e+01 1.494028623674618361e-01
1.261761761761761846e+01 1.497028147919146068e-01
1.262762762762762847e+01 1.500033180947322742e-01
1.263763763763763848e+01 1.503057836504118616e-01
1.264764764764764848e+01 1.506082492060914213e-01
1.265765765765765849e+01 1.509110112749287025e-01
1.266766766766766850e+01 1.512160154706570780e-01
1.267767767767767850e+01 1.515210196663854814e-01
1.268768768768768851e+01 1.518260607832486175e-01
1.269769769769769852e+01 1.521336289466661829e-01
1.270770770770770852e+01 1.524411971100837759e-01
1.271771771771771853e+01 1.527487652735013690e-01
1.272772772772772854e+01 1.530586947056096769e-01
1.273773773773773854e+01 1.533688519794337568e-01
1.274774774774774855e+01 1.536790092532578089e-01
1.275775775775775855e+01 1.539912828737404205e-01
1.276776776776776856e+01 1.543040542121130732e-01
1.277777777777777857e+01 1.546168255504857258e-01
1.278778778778778857e+01 1.549314630669969273e-01
1.279779779779779858e+01 1.552468732319229605e-01
1.280780780780780859e+01 1.555622833968490215e-01
1.281781781781781859e+01 1.558793043818298418e-01
1.282782782782782860e+01 1.561973779397036743e-01
1.283783783783783861e+01 1.565154514975774513e-01
1.284784784784784861e+01 1.568348753862494616e-01
1.285785785785785862e+01 1.571556367044699976e-01
1.286786786786786863e+01 1.574763980226905058e-01
1.287787787787787863e+01 1.577982441110925838e-01
1.288788788788788864e+01 1.581217173547669608e-01
1.289789789789789864e+01 1.584451905984413655e-01
1.290790790790790865e+01 1.587694780415097318e-01
1.291791791791791866e+01 1.590956871702446374e-01
1.292792792792792866e+01 1.594218962989795152e-01
1.293793793793793867e+01 1.597486441086702624e-01
1.294794794794794868e+01 1.600776128734494597e-01
1.295795795795795868e+01 1.604065816382286569e-01
1.296796796796796869e+01 1.607358086816822462e-01
1.297797797797797870e+01 1.610675606218319733e-01
1.298798798798798870e+01 1.613993125619817282e-01
1.299799799799799871e+01 1.617310645021314552e-01
1.300800800800800872e+01 1.620655959999695583e-01
1.301801801801801872e+01 1.624001544402085828e-01
1.302802802802802873e+01 1.627347128804475795e-01
1.303803803803803874e+01 1.630717840120019524e-01
1.304804804804804874e+01 1.634091720595781116e-01
1.305805805805805875e+01 1.637465601071542709e-01
1.306806806806806875e+01 1.640861890742799090e-01
1.307807807807807876e+01 1.644264296161909167e-01
1.308808808808808877e+01 1.647666701581019522e-01
1.309809809809809877e+01 1.651088750082231049e-01
1.310810810810810878e+01 1.654519907085213182e-01
1.311811811811811879e+01 1.657951064088195592e-01
1.312812812812812879e+01 1.661399050333875471e-01
1.313813813813813880e+01 1.664859183305689161e-01
1.314814814814814881e+01 1.668319316277502851e-01
1.315815815815815881e+01 1.671793417607409515e-01
1.316816816816816882e+01 1.675282748652160425e-01
1.317817817817817883e+01 1.678772079696910779e-01
1.318818818818818883e+01 1.682272471861431806e-01
1.319819819819819884e+01 1.685791220777911603e-01
1.320820820820820884e+01 1.689309969694391400e-01
1.321821821821821885e+01 1.692836826840320996e-01
1.322822822822822886e+01 1.696385211098356827e-01
1.323823823823823886e+01 1.699933595356392935e-01
1.324824824824824887e+01 1.703487090013108829e-01
1.325825825825825888e+01 1.707065324730725198e-01
1.326826826826826888e+01 1.710643559448341289e-01
1.327827827827827889e+01 1.714223862514375751e-01
1.328828828828828890e+01 1.717832160435750211e-01
1.329829829829829890e+01 1.721440458357124392e-01
1.330830830830830891e+01 1.725048756278498574e-01
1.331831831831831892e+01 1.728686310561345363e-01
1.332832832832832892e+01 1.732324882035567448e-01
1.333833833833833893e+01 1.735963453509790089e-01
1.334834834834834894e+01 1.739628360988251521e-01
1.335835835835835894e+01 1.743297413948862173e-01
1.336836836836836895e+01 1.746966466909472271e-01
1.337837837837837895e+01 1.750658891077629675e-01
1.338838838838838896e+01 1.754358631022938930e-01
1.339839839839839897e+01 1.758058370968248185e-01
1.340840840840840897e+01 1.761778473620590757e-01
1.341841841841841898e+01 1.765509103594772866e-01
1.342842842842842899e+01 1.769239733568954975e-01
1.343843843843843899e+01 1.772987674789640311e-01
1.344844844844844900e+01 1.776749395364582984e-01
1.345845845845845901e+01 1.780511115939525379e-01
1.346846846846846901e+01 1.784287054092011660e-01
1.347847847847847902e+01 1.788080063349928583e-01
1.348848848848848903e+01 1.791873072607845785e-01
1.349849849849849903e+01 1.795677164324886443e-01
1.350850850850850904e+01 1.799501657841676705e-01
1.351851851851851904e+01 1.803326151358467522e-01
1.352852852852852905e+01 1.807158551532471735e-01
1.353853853853853906e+01 1.811014722361816986e-01
1.354854854854854906e+01 1.814870893191162238e-01
1.355855855855855907e+01 1.818731754964914293e-01
1.356856856856856908e+01 1.822619793623108386e-01
1.357857857857857908e+01 1.826507832281303034e-01
1.358858858858858909e+01 1.830397307039037524e-01
1.359859859859859910e+01 1.834317401490541399e-01
1.360860860860860910e+01 1.838237495942045274e-01
1.361861861861861911e+01 1.842157590393549427e-01
1.362862862862862912e+01 1.846108068944595226e-01
1.363863863863863912e+01 1.850060404588312335e-01
1.364864864864864913e+01 1.854012740232029721e-01
1.365865865865865914e+01 1.857992312046267691e-01
1.366866866866866914e+01 1.861977071702509701e-01
1.367867867867867915e+01 1.865961831358751710e-01
1.368868868868868915e+01 1.869970639903845711e-01
1.369869869869869916e+01 1.873988003802023461e-01
1.370870870870870917e+01 1.878005367700201211e-01
1.371871871871871917e+01 1.882043554641446292e-01
1.372872872872872918e+01 1.886093700408432994e-01
1.373873873873873919e+01 1.890143846175419418e-01
1.374874874874874919e+01 1.894211551369237578e-01
1.375875875875875920e+01 1.898294654018415351e-01
1.376876876876876921e+01 1.902377756667593400e-01
1.377877877877877921e+01 1.906475118155362969e-01
1.378878878878878922e+01 1.910591350076362438e-01
1.379879879879879923e+01 1.914707581997361630e-01
1.380880880880880923e+01 1.918834735999571661e-01
1.381881881881881924e+01 1.922984266948652432e-01
1.382882882882882924e+01 1.927133797897732925e-01
1.383883883883883925e+01 1.931290878808454015e-01
1.384884884884884926e+01 1.935473875899557383e-01
1.385885885885885926e+01 1.939656872990660752e-01
1.386886886886886927e+01 1.943844013372343638e-01
1.387887887887887928e+01 1.948060641068801169e-01
1.388888888888888928e+01 1.952277268765258422e-01
1.389889889889889929e+01 1.956494599343852059e-01
1.390890890890890930e+01 1.960745019450716442e-01
1.391891891891891930e+01 1.964995439557580548e-01
1.392892892892892931e+01 1.969245859664444376e-01
1.393893893893893932e+01 1.973527460874976158e-01
1.394894894894894932e+01 1.977811832532000991e-01
1.395895895895895933e+01 1.982096204189025823e-01
1.396896896896896934e+01 1.986408407988911606e-01
1.397897897897897934e+01 1.990726887664149014e-01
1.398898898898898935e+01 1.995045367339385867e-01
1.399899899899899935e+01 1.999388296241364216e-01
1.400900900900900936e+01 2.003741037725375318e-01
1.401901901901901937e+01 2.008093779209386698e-01
1.402902902902902937e+01 2.012467553868067527e-01
1.403903903903903938e+01 2.016854708268750462e-01
1.404904904904904939e+01 2.021241862669433120e-01
1.405905905905905939e+01 2.025646601878544617e-01
1.406906906906906940e+01 2.030068317616547935e-01
1.407907907907907941e+01 2.034490033354551253e-01
1.408908908908908941e+01 2.038925854044476293e-01
1.409909909909909942e+01 2.043382276849215751e-01
1.410910910910910943e+01 2.047838699653955485e-01
1.411911911911911943e+01 2.052305716889553378e-01
1.412912912912912944e+01 2.056796989795800501e-01
1.413913913913913944e+01 2.061288262702047347e-01
1.414914914914914945e+01 2.065786589680757290e-01
1.415915915915915946e+01 2.070312853025810806e-01
1.416916916916916946e+01 2.074839116370863767e-01
1.417917917917917947e+01 2.079368864421091978e-01
1.418918918918918948e+01 2.083930255842506019e-01
1.419919919919919948e+01 2.088491647263920337e-01
1.420920920920920949e+01 2.093053038685334377e-01
1.421921921921921950e+01 2.097649580277572423e-01
1.422922922922922950e+01 2.102246234711450390e-01
1.423923923923923951e+01 2.106842889145328634e-01
1.424924924924924952e+01 2.111471201087185834e-01
1.425925925925925952e+01 2.116103250767015775e-01
1.426926926926926953e+01 2.120735300446845439e-01
1.427927927927927954e+01 2.125395485749429492e-01
1.428928928928928954e+01 2.130063060205464320e-01
1.429929929929929955e+01 2.134730634661499149e-01
1.430930930930930955e+01 2.139422794463054778e-01
1.431931931931931956e+01 2.144126020522222620e-01
1.432932932932932957e+01 2.148829246581390462e-01
1.433933933933933957e+01 2.153553480147555321e-01
1.434934934934934958e+01 2.158292481933898055e-01
1.435935935935935959e+01 2.163031483720240233e-01
1.436936936936936959e+01 2.167787888444552002e-01
1.437937937937937960e+01 2.172562787380170890e-01
1.438938938938938961e+01 2.177337686315789778e-01
1.439939939939939961e+01 2.182126357720441945e-01
1.440940940940940962e+01 2.186937272526963127e-01
1.441941941941941963e+01 2.191748187333484588e-01
1.442942942942942963e+01 2.196569219070327317e-01
1.443943943943943964e+01 2.201416265770852754e-01
1.444944944944944965e+01 2.206263312471378468e-01
1.445945945945945965e+01 2.211116796323160383e-01
1.446946946946946966e+01 2.216000088244725330e-01
1.447947947947947966e+01 2.220883380166290277e-01
1.448948948948948967e+01 2.225769406048146992e-01
1.449949949949949968e+01 2.230689053824650159e-01
1.450950950950950968e+01 2.235608701601153880e-01
1.451951951951951969e+01 2.240528349377657047e-01
1.452952952952952970e+01 2.245483469137931343e-01
1.453953953953953970e+01 2.250439580713541332e-01
1.454954954954954971e+01 2.255395692289151321e-01
1.455955955955955972e+01 2.260383633572347617e-01
1.456956956956956972e+01 2.265376314205386210e-01
1.457957957957957973e+01 2.270368994838425081e-01
1.458958958958958974e+01 2.275389839286554305e-01
1.459959959959959974e+01 2.280419191553825775e-01
1.460960960960960975e+01 2.285448543821097245e-01
1.461961961961961975e+01 2.290502371221606881e-01
1.462962962962962976e+01 2.295568495023191102e-01
1.463963963963963977e+01 2.300634618824775046e-01
1.464964964964964977e+01 2.305721507113625557e-01
1.465965965965965978e+01 2.310824499678111321e-01
1.466966966966966979e+01 2.315927492242597086e-01
1.467967967967967979e+01 2.321047517507547897e-01
1.468968968968968980e+01 2.326187473397695604e-01
1.469969969969969981e+01 2.331327429287843034e-01
1.470970970970970981e+01 2.336480665771955290e-01
1.471971971971971982e+01 2.341657676890799844e-01
1.472972972972972983e+01 2.346834688009644121e-01
1.473973973973973983e+01 2.352021208114991047e-01
1.474974974974974984e+01 2.357235363712361642e-01
1.475975975975975985e+01 2.362449519309731960e-01
1.476976976976976985e+01 2.367669393601309347e-01
1.477977977977977986e+01 2.372920780280754760e-01
1.478978978978978986e+01 2.378172166960200729e-01
1.479979979979979987e+01 2.383425464170037256e-01
1.480980980980980988e+01 2.388714165896173025e-01
1.481981981981981988e+01 2.394002867622308794e-01
1.482982982982982989e+01 2.399291569348444286e-01
1.483983983983983990e+01 2.404615752760022596e-01
1.484984984984984990e+01 2.409941850866262059e-01
1.485985985985985991e+01 2.415267948972501522e-01
1.486986986986986992e+01 2.420625765995292333e-01
1.487987987987987992e+01 2.425989339191975402e-01
1.488988988988988993e+01 2.431352912388658194e-01
1.489989989989989994e+01 2.436744423667891457e-01
1.490990990990990994e+01 2.442145548050797810e-01
1.491991991991991995e+01 2.447546672433703885e-01
1.492992992992992995e+01 2.452971936808943931e-01
1.493993993993993996e+01 2.458410685868181178e-01
1.494994994994994997e+01 2.463849434927418147e-01
1.495995995995995997e+01 2.469308509438013222e-01
1.496996996996996998e+01 2.474784954067276166e-01
1.497997997997997999e+01 2.480261398696538833e-01
1.498998998998998999e+01 2.485754338587244094e-01
1.500000000000000000e+01 2.491268547093434538e-01
