5.000000000000000000e+00 1.816721800462182262e-02
5.010010010010010006e+00 1.825159485472426998e-02
5.020020020020020013e+00 1.833717151072184609e-02
5.030030030030030019e+00 1.842274816671942567e-02
5.040040040040040026e+00 1.850846271242428606e-02
5.050050050050050032e+00 1.859536778564040496e-02
5.060060060060060039e+00 1.868227285885652386e-02
5.070070070070070045e+00 1.876928300315374928e-02
5.080080080080080052e+00 1.885747256391397120e-02
5.090090090090090058e+00 1.894566212467419658e-02
5.100100100100100065e+00 1.903392588111864694e-02
5.110110110110110071e+00 1.912335617238439950e-02
5.120120120120120077e+00 1.921278646365014858e-02
5.130130130130130084e+00 1.930226200917361037e-02
5.140140140140140090e+00 1.939288950302429926e-02
5.150150150150150097e+00 1.948351699687498814e-02
5.160160160160160103e+00 1.957416272327323556e-02
5.170170170170170110e+00 1.966594417583017104e-02
5.180180180180180116e+00 1.975772562838711000e-02
5.190190190190190123e+00 1.984950708094404548e-02
5.200200200200200129e+00 1.994239269714888699e-02
5.210210210210210136e+00 2.003528520187719195e-02
5.220220220220220142e+00 2.012817770660549690e-02
5.230230230230230148e+00 2.022210861326126027e-02
5.240240240240240155e+00 2.031606965259283651e-02
5.250250250250250161e+00 2.041003069192441274e-02
5.260260260260260168e+00 2.050496665906583957e-02
5.270270270270270174e+00 2.059995415429324156e-02
5.280280280280280181e+00 2.069494164952064355e-02
5.290290290290290187e+00 2.079084290172450791e-02
5.300300300300300194e+00 2.088681526112141223e-02
5.310310310310310200e+00 2.098278762051831656e-02
5.320320320320320207e+00 2.107961487914884746e-02
5.330330330330330213e+00 2.117653104427950211e-02
5.340340340340340219e+00 2.127344720941015677e-02
5.350350350350350226e+00 2.137116173322425525e-02
5.360360360360360232e+00 2.146898122340972631e-02
5.370370370370370239e+00 2.156680071359519044e-02
5.380380380380380245e+00 2.166536433768433828e-02
5.390390390390390252e+00 2.176404729259906815e-02
5.400400400400400258e+00 2.186273024751379801e-02
5.410410410410410265e+00 2.196210542056424575e-02
5.420420420420420271e+00 2.206161264094184601e-02
5.430430430430430278e+00 2.216111986131944281e-02
5.440440440440440284e+00 2.226126968117652163e-02
5.450450450450450290e+00 2.236156266760875796e-02
5.460460460460460297e+00 2.246185565404099430e-02
5.470470470470470303e+00 2.256274390156737600e-02
5.480480480480480310e+00 2.266378489138506924e-02
5.490490490490490316e+00 2.276482588120276249e-02
5.500500500500500323e+00 2.286641705242467570e-02
5.510510510510510329e+00 2.296816905465413200e-02
5.520520520520520336e+00 2.306992105688358830e-02
5.530530530530530342e+00 2.317218039342244101e-02
5.540540540540540349e+00 2.327460722181496841e-02
5.550550550550550355e+00 2.337703405020749581e-02
5.560560560560560361e+00 2.347992756799813230e-02
5.570570570570570368e+00 2.358299387213484352e-02
5.580580580580580374e+00 2.368606017627155474e-02
5.590590590590590381e+00 2.378955469257142130e-02
5.600600600600600387e+00 2.389322598704884254e-02
5.610610610610610394e+00 2.399689728152626378e-02
5.620620620620620400e+00 2.410096044022331380e-02
5.630630630630630407e+00 2.420520313192971174e-02
5.640640640640640413e+00 2.430944582363610273e-02
5.650650650650650419e+00 2.441404611886583212e-02
5.660660660660660426e+00 2.451882753236092269e-02
5.670670670670670432e+00 2.462360894585600632e-02
5.680680680680680439e+00 2.472871574394104252e-02
5.690690690690690445e+00 2.483400414495552655e-02
5.700700700700700452e+00 2.493929254597000711e-02
5.710710710710710458e+00 2.504487610569832920e-02
5.720720720720720465e+00 2.515064072277256590e-02
5.730730730730730471e+00 2.525640533984679914e-02
5.740740740740740478e+00 2.536243683110692843e-02
5.750750750750750484e+00 2.546864787539074998e-02
5.760760760760760490e+00 2.557485891967457500e-02
5.770770770770770497e+00 2.568131044046857020e-02
5.780780780780780503e+00 2.578793912370719657e-02
5.790790790790790510e+00 2.589456780694581947e-02
5.800800800800800516e+00 2.600141239880295746e-02
5.810810810810810523e+00 2.610843094953619811e-02
5.820820820820820529e+00 2.621544950026943877e-02
5.830830830830830536e+00 2.632266116208541173e-02
5.840840840840840542e+00 2.643004284008968266e-02
5.850850850850850549e+00 2.653742451809395358e-02
5.860860860860860555e+00 2.664497821842234590e-02
5.870870870870870561e+00 2.675269732742724393e-02
5.880880880880880568e+00 2.686041643643213850e-02
5.890890890890890574e+00 2.696828812425658070e-02
5.900900900900900581e+00 2.707632002296943979e-02
5.910910910910910587e+00 2.718435192168229542e-02
5.920920920920920594e+00 2.729251853569920547e-02
5.930930930930930600e+00 2.740083964717301285e-02
5.940940940940940607e+00 2.750916075864682023e-02
5.950950950950950613e+00 2.761760023509017906e-02
5.960960960960960620e+00 2.772618805447195009e-02
5.970970970970970626e+00 2.783477587385371765e-02
5.980980980980980632e+00 2.794346715289451957e-02
5.990990990990990639e+00 2.805230025359214605e-02
6.001001001001000645e+00 2.816113335428977946e-02
6.011011011011010652e+00 2.827005638504389434e-02
6.021021021021020658e+00 2.837911442335154175e-02
6.031031031031030665e+00 2.848817246165918568e-02
6.041041041041040671e+00 2.859730820583870556e-02
6.051051051051050678e+00 2.870657192406131028e-02
6.061061061061060684e+00 2.881583564228391153e-02
6.071071071071070691e+00 2.892516607652761279e-02
6.081081081081080697e+00 2.903461730464650115e-02
6.091091091091090703e+00 2.914406853276538950e-02
6.101101101101100710e+00 2.925357664968505911e-02
6.111111111111110716e+00 2.936319830560736588e-02
6.121121121121120723e+00 2.947281996152966918e-02
6.131131131131130729e+00 2.958248976950954984e-02
6.141141141141140736e+00 2.969226585794492237e-02
6.151151151151150742e+00 2.980204194638029491e-02
6.161161161161160749e+00 2.991185846816765345e-02
6.171171171171170755e+00 3.002177407817647331e-02
6.181181181181180762e+00 3.013168968818529317e-02
6.191191191191190768e+00 3.024163895831057450e-02
6.201201201201200774e+00 3.035168025956833104e-02
6.211211211211210781e+00 3.046172156082608412e-02
6.221221221221220787e+00 3.057179062189156402e-02
6.231231231231230794e+00 3.068194485971452792e-02
6.241241241241240800e+00 3.079209909753749530e-02
6.251251251251250807e+00 3.090227599541362294e-02
6.261261261261260813e+00 3.101253148459121381e-02
6.271271271271270820e+00 3.112278697376880121e-02
6.281281281281280826e+00 3.123306075173769639e-02
6.291291291291290833e+00 3.134340686921712610e-02
6.301301301301300839e+00 3.145375298669655928e-02
6.311311311311310845e+00 3.156411367858234090e-02
6.321321321321320852e+00 3.167454085505150979e-02
6.331331331331330858e+00 3.178496803152067174e-02
6.341341341341340865e+00 3.189540665384636015e-02
6.351351351351350871e+00 3.200590636426053209e-02
6.361361361361360878e+00 3.211640607467469710e-02
6.371371371371370884e+00 3.222691461788537021e-02
6.381381381381380891e+00 3.233747937098364889e-02
6.391391391391390897e+00 3.244804412408193450e-02
6.401401401401400904e+00 3.255861554287395321e-02
6.411411411411410910e+00 3.266923886973094326e-02
6.421421421421420916e+00 3.277986219658792638e-02
6.431431431431430923e+00 3.289049039938366642e-02
6.441441441441440929e+00 3.300116684104181103e-02
6.451451451451450936e+00 3.311184328269996258e-02
6.461461461461460942e+00 3.322252312030749000e-02
6.471471471471470949e+00 3.333324821453548942e-02
6.481481481481480955e+00 3.344397330876348190e-02
6.491491491491490962e+00 3.355470056226057124e-02
6.501501501501500968e+00 3.366547082948211089e-02
6.511511511511510975e+00 3.377624109670366442e-02
6.521521521521520981e+00 3.388701246458459410e-02
6.531531531531530987e+00 3.399782539302237394e-02
6.541541541541540994e+00 3.410863832146016766e-02
6.551551551551551000e+00 3.421945140608419894e-02
6.561561561561561007e+00 3.433030543616276409e-02
6.571571571571571013e+00 3.444115946624134311e-02
6.581581581581581020e+00 3.455201349631990826e-02
6.591591591591591026e+00 3.466290726767178726e-02
6.601601601601601033e+00 3.477380177572275688e-02
6.611611611611611927e+00 3.488469628377374038e-02
6.621621621621621934e+00 3.499562992600109557e-02
6.631631631631631940e+00 3.510656520731356839e-02
6.641641641641641947e+00 3.521750048862603427e-02
6.651651651651651953e+00 3.532847512935372025e-02
6.661661661661661959e+00 3.543945238061203817e-02
6.671671671671671966e+00 3.555042963187035610e-02
6.681681681681681972e+00 3.566144722401990569e-02
6.691691691691691979e+00 3.577246852517036724e-02
6.701701701701701985e+00 3.588348982632082879e-02
6.711711711711711992e+00 3.599455313109901217e-02
6.721721721721721998e+00 3.610562142668639896e-02
6.731731731731732005e+00 3.621668972227377881e-02
6.741741741741742011e+00 3.632780229172410946e-02
6.751751751751752018e+00 3.643892137173790347e-02
6.761761761761762024e+00 3.655004045175170441e-02
6.771771771771772030e+00 3.666120661090322558e-02
6.781781781781782037e+00 3.677238109117322851e-02
6.791791791791792043e+00 3.688355557144323837e-02
6.801801801801802050e+00 3.699478040008982033e-02
6.811811811811812056e+00 3.710601570226920026e-02
6.821821821821822063e+00 3.721725100444857326e-02
6.831831831831832069e+00 3.732854031859172278e-02
6.841841841841842076e+00 3.743984264976561033e-02
6.851851851851852082e+00 3.755114498093949787e-02
6.861861861861862089e+00 3.766250531392657114e-02
6.871871871871872095e+00 3.777388164588278696e-02
6.881881881881882101e+00 3.788525797783900279e-02
6.891891891891892108e+00 3.799669656122795641e-02
6.901901901901902114e+00 3.810815460942561933e-02
6.911911911911912121e+00 3.821961265762328919e-02
6.921921921921922127e+00 3.833113740180480594e-02
6.931931931931932134e+00 3.844268560407634178e-02
6.941941941941942140e+00 3.855423380634788455e-02
6.951951951951952147e+00 3.866585328095436397e-02
6.961961961961962153e+00 3.877750077597449940e-02
6.971971971971972160e+00 3.888914827099463484e-02
6.981981981981982166e+00 3.900087168512503949e-02
6.991991991991992172e+00 3.911262829068019864e-02
7.002002002002002179e+00 3.922438489623535085e-02
7.012012012012012185e+00 3.933622207852408015e-02
7.022022022022022192e+00 3.944809826961435950e-02
7.032032032032032198e+00 3.955997446070464579e-02
7.042042042042042205e+00 3.967193583926176964e-02
7.052052052052052211e+00 3.978394272606675802e-02
7.062062062062062218e+00 3.989594961287174640e-02
7.072072072072072224e+00 4.000804619512115384e-02
7.082082082082082231e+00 4.012019550085980935e-02
7.092092092092092237e+00 4.023234480659847179e-02
7.102102102102102243e+00 4.034458815903944201e-02
7.112112112112112250e+00 4.045689219775328721e-02
7.122122122122122256e+00 4.056919623646712547e-02
7.132132132132132263e+00 4.068159846438442612e-02
7.142142142142142269e+00 4.079407011867263594e-02
7.152152152152152276e+00 4.090654177296083882e-02
7.162162162162162282e+00 4.101911550010722135e-02
7.172172172172172289e+00 4.113176819884057506e-02
7.182182182182182295e+00 4.124442089757392876e-02
7.192192192192192302e+00 4.135717924584831479e-02
7.202202202202202308e+00 4.147002694188885868e-02
7.212212212212212314e+00 4.158287463792939564e-02
7.222222222222222321e+00 4.169583120707309049e-02
7.232232232232232327e+00 4.180888835502427625e-02
7.242242242242242334e+00 4.192194550297545508e-02
7.252252252252252340e+00 4.203511435030784366e-02
7.262262262262262347e+00 4.214839588432008760e-02
7.272272272272272353e+00 4.226167741833234542e-02
7.282282282282282360e+00 4.237507303854695651e-02
7.292292292292292366e+00 4.248859435020181652e-02
7.302302302302302373e+00 4.260211566185667653e-02
7.312312312312312379e+00 4.271575296689743284e-02
7.322322322322322385e+00 4.282952988319287807e-02
7.332332332332332392e+00 4.294330679948832330e-02
7.342342342342342398e+00 4.305720109852506639e-02
7.352352352352352405e+00 4.317124985998330861e-02
7.362362362362362411e+00 4.328529862144155083e-02
7.372372372372372418e+00 4.339946560096299977e-02
7.382382382382382424e+00 4.351380283988148800e-02
7.392392392392392431e+00 4.362814007879997624e-02
7.402402402402402437e+00 4.374259578284180050e-02
7.412412412412412444e+00 4.385723850170702987e-02
7.422422422422422450e+00 4.397188122057225229e-02
7.432432432432432456e+00 4.408664203109680796e-02
7.442442442442442463e+00 4.420160758117943484e-02
7.452452452452452469e+00 4.431657313126206171e-02
7.462462462462462476e+00 4.443165574870559104e-02
7.472472472472472482e+00 4.454696180885484719e-02
7.482482482482482489e+00 4.466226786900409640e-02
7.492492492492492495e+00 4.477768929300678796e-02
7.502502502502502502e+00 4.489335384866082607e-02
7.512512512512512508e+00 4.500901840431485029e-02
7.522522522522522515e+00 4.512479591464774870e-02
7.532532532532532521e+00 4.524083723707583715e-02
7.542542542542542527e+00 4.535687855950393255e-02
7.552552552552552534e+00 4.547302969720652677e-02
7.562562562562562540e+00 4.558946632299857443e-02
7.572572572572572547e+00 4.570590294879060822e-02
7.582582582582582553e+00 4.582244549753201196e-02
7.592592592592592560e+00 4.593929620834890509e-02
7.602602602602602566e+00 4.605614691916579129e-02
7.612612612612612573e+00 4.617309888684129060e-02
7.622622622622622579e+00 4.629038268944005857e-02
7.632632632632632586e+00 4.640766649203883348e-02
7.642642642642642592e+00 4.652504609261363250e-02
7.652652652652652598e+00 4.664278219915965473e-02
7.662662662662662605e+00 4.676051830570568391e-02
7.672672672672672611e+00 4.687834394131633331e-02
7.682682682682682618e+00 4.699655174999423785e-02
7.692692692692692624e+00 4.711475955867212850e-02
7.702702702702702631e+00 4.723304980199564268e-02
7.712712712712712637e+00 4.735174887792986675e-02
7.722722722722722644e+00 4.747044795386409777e-02
7.732732732732732650e+00 4.758922153076412115e-02
7.742742742742742657e+00 4.770843158725936867e-02
7.752752752752752663e+00 4.782764164375460925e-02
7.762762762762762669e+00 4.794691741621345121e-02
7.772772772772772676e+00 4.806665829632416481e-02
7.782782782782782682e+00 4.818639917643487147e-02
7.792792792792792689e+00 4.830619612577927852e-02
7.802802802802802695e+00 4.842648778421696637e-02
7.812812812812812702e+00 4.854677944265466116e-02
7.822822822822822708e+00 4.866711665308284807e-02
7.832832832832832715e+00 4.878797913846903006e-02
7.842842842842842721e+00 4.890884162385519818e-02
7.852852852852852727e+00 4.902973826627193138e-02
7.862862862862862734e+00 4.915119170374378926e-02
7.872872872872872740e+00 4.927264514121564715e-02
7.882882882882882747e+00 4.939412045738149348e-02
7.892892892892892753e+00 4.951618503155709450e-02
7.902902902902902760e+00 4.963824960573269551e-02
7.912912912912912766e+00 4.976032289273332743e-02
7.922922922922922773e+00 4.988301883104167417e-02
7.932932932932932779e+00 5.000571476935002785e-02
7.942942942942942786e+00 5.012841070765837459e-02
7.952952952952952792e+00 5.025175292077193462e-02
7.962962962962962798e+00 5.037510047715369060e-02
7.972972972972972805e+00 5.049844803353545353e-02
7.982982982982982811e+00 5.062244718166376833e-02
7.992992992992992818e+00 5.074646662064663527e-02
8.003003003003001936e+00 5.087048605962948833e-02
8.013013013013011943e+00 5.099516151096127048e-02
8.023023023023021949e+00 5.111987309211433322e-02
8.033033033033031955e+00 5.124458467326739597e-02
8.043043043043041962e+00 5.136995577732165336e-02
8.053053053053051968e+00 5.149537974009190527e-02
8.063063063063061975e+00 5.162080370286215719e-02
8.073073073073071981e+00 5.174688977700715731e-02
8.083083083083081988e+00 5.187304632594110648e-02
8.093093093093091994e+00 5.199920287487505566e-02
8.103103103103102001e+00 5.212602319119187533e-02
8.113113113113112007e+00 5.225293248154436881e-02
8.123123123123122014e+00 5.237984177189686230e-02
8.133133133133132020e+00 5.250741554438916048e-02
8.143143143143142026e+00 5.263509766812127927e-02
8.153153153153152033e+00 5.276277979185339806e-02
8.163163163163162039e+00 5.289112616400445249e-02
8.173173173173172046e+00 5.301960113617169151e-02
8.183183183183182052e+00 5.314807610833892360e-02
8.193193193193192059e+00 5.327721414101664610e-02
8.203203203203202065e+00 5.340650188654805230e-02
8.213213213213213848e+00 5.353578963207947239e-02
8.223223223223223854e+00 5.366573829178939575e-02
8.233233233233233861e+00 5.379585863265780310e-02
8.243243243243243867e+00 5.392597897352621045e-02
8.253253253253253874e+00 5.405675712101289110e-02
8.263263263263263880e+00 5.418772976379666179e-02
8.273273273273273887e+00 5.431870240658043247e-02
8.283283283283283893e+00 5.445032878577633906e-02
8.293293293293293900e+00 5.458217330961124408e-02
8.303303303303303906e+00 5.471401783344615605e-02
8.313313313313313913e+00 5.484651106076732230e-02
8.323323323323323919e+00 5.497924690568805478e-02
8.333333333333333925e+00 5.511198275060878726e-02
8.343343343343343932e+00 5.524536130459615363e-02
8.353353353353353938e+00 5.537900776026587896e-02
8.363363363363363945e+00 5.551265421593560428e-02
8.373373373373373951e+00 5.564693642724063971e-02
8.383383383383383958e+00 5.578151262206700045e-02
8.393393393393393964e+00 5.591608881689336119e-02
8.403403403403403971e+00 5.605129285860606381e-02
8.413413413413413977e+00 5.618681774924133565e-02
8.423423423423423984e+00 5.632234263987660056e-02
8.433433433433433990e+00 5.645848651819384417e-02
8.443443443443443996e+00 5.659497887941673799e-02
8.453453453453454003e+00 5.673147124063963875e-02
8.463463463463464009e+00 5.686857278587156839e-02
8.473473473473474016e+00 5.700605120084815958e-02
8.483483483483484022e+00 5.714352961582474383e-02
8.493493493493494029e+00 5.728160647373667369e-02
8.503503503503504035e+00 5.742008932465710036e-02
8.513513513513514042e+00 5.755857217557753397e-02
8.523523523523524048e+00 5.769764179906444745e-02
8.533533533533534055e+00 5.783714725815233132e-02
8.543543543543544061e+00 5.797665271724022212e-02
8.553553553553554067e+00 5.811673235833075130e-02
8.563563563563564074e+00 5.825727837922117791e-02
8.573573573573574080e+00 5.839782440011161840e-02
8.583583583583584087e+00 5.853893110229837354e-02
8.593593593593594093e+00 5.868053541178135102e-02
8.603603603603604100e+00 5.882213972126432155e-02
8.613613613613614106e+00 5.896429031215701805e-02
8.623623623623624113e+00 5.910697040228142518e-02
8.633633633633634119e+00 5.924965049240583231e-02
8.643643643643644126e+00 5.939286157670341237e-02
8.653653653653654132e+00 5.953663469723780716e-02
8.663663663663664138e+00 5.968040781777220194e-02
8.673673673673674145e+00 5.982469577055025967e-02
8.683683683683684151e+00 5.996957892179542726e-02
8.693693693693694158e+00 6.011446207304058792e-02
8.703703703703704164e+00 6.025984303334999681e-02
8.713713713713714171e+00 6.040585295929919857e-02
8.723723723723724177e+00 6.055186288524838645e-02
8.733733733733734184e+00 6.069835275002097991e-02
8.743743743743744190e+00 6.084550593186203310e-02
8.753753753753754197e+00 6.099265911370308629e-02
8.763763763763764203e+00 6.114027353195993636e-02
8.773773773773774209e+00 6.128858618191509317e-02
8.783783783783784216e+00 6.143689883187025691e-02
8.793793793793794222e+00 6.158565319922825604e-02
8.803803803803804229e+00 6.173514125472583103e-02
8.813813813813814235e+00 6.188462931022341296e-02
8.823823823823824242e+00 6.203453876369550979e-02
8.833833833833834248e+00 6.218521788186837096e-02
8.843843843843844255e+00 6.233589700004123213e-02
8.853853853853854261e+00 6.248697641312552647e-02
8.863863863863864268e+00 6.263886196563063502e-02
8.873873873873874274e+00 6.279074751813575050e-02
8.883883883883884280e+00 6.294301149618881930e-02
8.893893893893894287e+00 6.309611856434263477e-02
8.903903903903904293e+00 6.324922563249643637e-02
8.913913913913914300e+00 6.340268850838592929e-02
8.923923923923924306e+00 6.355703187860946290e-02
8.933933933933934313e+00 6.371137524883301040e-02
8.943943943943944319e+00 6.386605107886439425e-02
8.953953953953954326e+00 6.402164523843269228e-02
8.963963963963964332e+00 6.417723939800097643e-02
8.973973973973974338e+00 6.433314195811375147e-02
8.983983983983984345e+00 6.449000109120328617e-02
8.993993993993994351e+00 6.464686022429282086e-02
9.004004004004004358e+00 6.480400300652065793e-02
9.014014014014014364e+00 6.496214099054926916e-02
9.024024024024024371e+00 6.512027897457788039e-02
9.034034034034034377e+00 6.527867518376775924e-02
9.044044044044044384e+00 6.543810558602093652e-02
9.054054054054054390e+00 6.559753598827409993e-02
9.064064064064064397e+00 6.575719853905938328e-02
9.074074074074074403e+00 6.591793461359667095e-02
9.084084084084084409e+00 6.607867068813397249e-02
9.094094094094094416e+00 6.623961220215575374e-02
9.104104104104104422e+00 6.640166688699149222e-02
9.114114114114114429e+00 6.656372157182724458e-02
9.124124124124124435e+00 6.672595437519904249e-02
9.134134134134134442e+00 6.688934028975129786e-02
9.144144144144144448e+00 6.705272620430353936e-02
9.154154154154154455e+00 6.721626232531401068e-02
9.164164164164164461e+00 6.738099176811507274e-02
9.174174174174174468e+00 6.754572121091614867e-02
9.184184184184184474e+00 6.771057237796404560e-02
9.194194194194194480e+00 6.787665732462740131e-02
9.204204204204204487e+00 6.804274227129074315e-02
9.214214214214214493e+00 6.820891991104768848e-02
9.224224224224224500e+00 6.837637201248397689e-02
9.234234234234234506e+00 6.854382411392025143e-02
9.244244244244244513e+00 6.871133934971490609e-02
9.254254254254254519e+00 6.888016993059188631e-02
9.264264264264264526e+00 6.904900051146888040e-02
9.274274274274274532e+00 6.921786416188806246e-02
9.284284284284284539e+00 6.938808421932796122e-02
9.294294294294294545e+00 6.955830427676783223e-02
9.304304304304304551e+00 6.972852685446885579e-02
9.314314314314314558e+00 6.990014705697671082e-02
9.324324324324324564e+00 7.007176725948456586e-02
9.334334334334334571e+00 7.024338746199242089e-02
9.344344344344344577e+00 7.041638965683079399e-02
9.354354354354354584e+00 7.058942034344817262e-02
9.364364364364364590e+00 7.076245103006556514e-02
9.374374374374374597e+00 7.093684226493643386e-02
9.384384384384384603e+00 7.111129344461446233e-02
9.394394394394394610e+00 7.128574462429249081e-02
9.404404404404404616e+00 7.146153415846687174e-02
9.414414414414414622e+00 7.163741550965201099e-02
9.424424424424424629e+00 7.181329686083715025e-02
9.434434434434434635e+00 7.199049364470570811e-02
9.444444444444444642e+00 7.216781451513294698e-02
9.454454454454454648e+00 7.234513538556017198e-02
9.464464464464464655e+00 7.252374806062382440e-02
9.474474474474474661e+00 7.270251746731078157e-02
9.484484484484484668e+00 7.288128687399775263e-02
9.494494494494494674e+00 7.306132377303242720e-02
9.504504504504504681e+00 7.324155040246911608e-02
9.514514514514514687e+00 7.342177703190580496e-02
9.524524524524524693e+00 7.360324617929589475e-02
9.534534534534534700e+00 7.378493838782365644e-02
9.544544544544544706e+00 7.396663059635140425e-02
9.554554554554554713e+00 7.414953970858700893e-02
9.564564564564564719e+00 7.433270552296104838e-02
9.574574574574574726e+00 7.451587133733506008e-02
9.584584584584584732e+00 7.470022782366829428e-02
9.594594594594594739e+00 7.488487494179849047e-02
9.604604604604604745e+00 7.506952205992868665e-02
9.614614614614614752e+00 7.525533302318383744e-02
9.624624624624624758e+00 7.544146881504767976e-02
9.634634634634634764e+00 7.562760460691149433e-02
9.644644644644644771e+00 7.581487684444450370e-02
9.654654654654654777e+00 7.600250835316692266e-02
9.664664664664664784e+00 7.619013986188935550e-02
9.674674674674674790e+00 7.637887986669129881e-02
9.684684684684684797e+00 7.656801380978553451e-02
9.694694694694694803e+00 7.675714775287978409e-02
9.704704704704704810e+00 7.694736171482044473e-02
9.714714714714714816e+00 7.713800448558499889e-02
9.724724724724724823e+00 7.732864725634955305e-02
9.734734734734734829e+00 7.752034106355563947e-02
9.744744744744744835e+00 7.771249873262164876e-02
9.754754754754754842e+00 7.790465640168763028e-02
9.764764764764764848e+00 7.809783564205152739e-02
9.774774774774774855e+00 7.829151395907513189e-02
9.784784784784784861e+00 7.848519227609873639e-02
9.794794794794794868e+00 7.867986223891329511e-02
9.804804804804804874e+00 7.887506663440865817e-02
9.814814814814814881e+00 7.907027102990403511e-02
9.824824824824824887e+00 7.926643670761858440e-02
9.834834834834834894e+00 7.946317229492536049e-02
9.844844844844844900e+00 7.965990788223212271e-02
9.854854854854854906e+00 7.985757397232577659e-02
9.864864864864864913e+00 8.005584554970664179e-02
9.874874874874874919e+00 8.025411712708750700e-02
9.884884884884884926e+00 8.045328803405517315e-02
9.894894894894894932e+00 8.065310008691878307e-02
9.904904904904904939e+00 8.085291213978236524e-02
9.914914914914914945e+00 8.105359197722955544e-02
9.924924924924924952e+00 8.125494868047339336e-02
9.934934934934934958e+00 8.145630538371720353e-02
9.944944944944944965e+00 8.165849797655906628e-02
9.954954954954954971e+00 8.186140319702787937e-02
9.964964964964964977e+00 8.206430841749670635e-02
9.974974974974974984e+00 8.226801730425767345e-02
9.984984984984984990e+00 8.247247460331315339e-02
9.994994994994994997e+00 8.267693190236861944e-02
1.000500500500500500e+01 8.288216033757857260e-02
1.001501501501501501e+01 8.308817297377499300e-02
1.002502502502502502e+01 8.329418560997142729e-02
1.003503503503503502e+01 8.350093656665416586e-02
1.004504504504504503e+01 8.370850749851607708e-02
1.005505505505505504e+01 8.391607843037801606e-02
1.006506506506506504e+01 8.412435460262876474e-02
1.007507507507507505e+01 8.433348649152659637e-02
1.008508508508508505e+01 8.454261838042445576e-02
1.009509509509509506e+01 8.475242218607229039e-02
1.010510510510510507e+01 8.496311739919068518e-02
1.011511511511511507e+01 8.517381261230907996e-02
1.012512512512512508e+01 8.538514619566064945e-02
1.013513513513513509e+01 8.559740680905658650e-02
1.014514514514514509e+01 8.580966742245250967e-02
1.015515515515515510e+01 8.602253265711375108e-02
1.016516516516516511e+01 8.623636045885939294e-02
1.017517517517517511e+01 8.645018826060502093e-02
1.018518518518518512e+01 8.666458675237709297e-02
1.019519519519519513e+01 8.687998324578419251e-02
1.020520520520520513e+01 8.709537973919130593e-02
1.021521521521521514e+01 8.731131282903749347e-02
1.022522522522522515e+01 8.752827923595864201e-02
1.023523523523523515e+01 8.774524564287977668e-02
1.024524524524524516e+01 8.796271440995993840e-02
1.025525525525525516e+01 8.818125167416385191e-02
1.026526526526526517e+01 8.839978893836775153e-02
1.027527527527527518e+01 8.861879420313722999e-02
1.028528528528528518e+01 8.883890299375343802e-02
1.029529529529529519e+01 8.905901178436964605e-02
1.030530530530530520e+01 8.927955411173928157e-02
1.031531531531531520e+01 8.950123482676966558e-02
1.032532532532532521e+01 8.972291554180003570e-02
1.033533533533533522e+01 8.994499524435441151e-02
1.034534534534534522e+01 9.016824801424691560e-02
1.035535535535535523e+01 9.039150078413944744e-02
1.036536536536536524e+01 9.061511792541016019e-02
1.037537537537537524e+01 9.083994261669273151e-02
1.038538538538538525e+01 9.106476730797528896e-02
1.039539539539539525e+01 9.128992170576664955e-02
1.040540540540540526e+01 9.151631792473648164e-02
1.041541541541541527e+01 9.174271414370631372e-02
1.042542542542542527e+01 9.196940537346998124e-02
1.043543543543543528e+01 9.219737246993625623e-02
1.044544544544544529e+01 9.242533956640254511e-02
1.045545545545545529e+01 9.265356696465917863e-02
1.046546546546546530e+01 9.288310403573553364e-02
1.047547547547547531e+01 9.311264110681188866e-02
1.048548548548548531e+01 9.334240377461658356e-02
1.049549549549549532e+01 9.357350966856035901e-02
1.050550550550550533e+01 9.380461556250414834e-02
1.051551551551551533e+01 9.403591236895314509e-02
1.052552552552552534e+01 9.426858568904826485e-02
1.053553553553553535e+01 9.450125900914337074e-02
1.054554554554554535e+01 9.473408859491942724e-02
1.055555555555555536e+01 9.496832770340081498e-02
1.056556556556556536e+01 9.520256681188220271e-02
1.057557557557557537e+01 9.543692759283653460e-02
1.058558558558558538e+01 9.567273061485230545e-02
1.059559559559559538e+01 9.590853363686807631e-02
1.060560560560560539e+01 9.614442380763597862e-02
1.061561561561561540e+01 9.638178863524560214e-02
1.062562562562562540e+01 9.661915346285523953e-02
1.063563563563563541e+01 9.685657100050339141e-02
1.064564564564564542e+01 9.709549529670873091e-02
1.065565565565565542e+01 9.733441959291408430e-02
1.066566566566566543e+01 9.757336226061731621e-02
1.067567567567567544e+01 9.781384346342403280e-02
1.068568568568568544e+01 9.805432466623074939e-02
1.069569569569569545e+01 9.829480586903747985e-02
1.070570570570570545e+01 9.853682534348302824e-02
1.071571571571571546e+01 9.877886066999032322e-02
1.072572572572572547e+01 9.902089599649761820e-02
1.073573573573573547e+01 9.926443250082066239e-02
1.074574574574574548e+01 9.950801895133679076e-02
1.075575575575575549e+01 9.975160540185290525e-02
1.076576576576576549e+01 9.999665586722143729e-02
1.077577577577577550e+01 1.002417902294021751e-01
1.078578578578578551e+01 1.004869245915829268e-01
1.079579579579579551e+01 1.007334857543910611e-01
1.080580580580580552e+01 1.009801646074003217e-01
1.081581581581581553e+01 1.012268434604095824e-01
1.082582582582582553e+01 1.014749118660886879e-01
1.083583583583583554e+01 1.017231315847774986e-01
1.084584584584584555e+01 1.019713513034663233e-01
1.085585585585585555e+01 1.022209233103116011e-01
1.086586586586586556e+01 1.024706800694146630e-01
1.087587587587587556e+01 1.027204368285177249e-01
1.088588588588588557e+01 1.029715086115285949e-01
1.089589589589589558e+01 1.032227983898760110e-01
1.090590590590590558e+01 1.034740881682234548e-01
1.091591591591591559e+01 1.037266557229554464e-01
1.092592592592592560e+01 1.039794743076974254e-01
1.093593593593593560e+01 1.042322928924394182e-01
1.094594594594594561e+01 1.044863520388666089e-01
1.095595595595595562e+01 1.047406950297098821e-01
1.096596596596596562e+01 1.049950380205531553e-01
1.097597597597597563e+01 1.052505844069394764e-01
1.098598598598598564e+01 1.055064472203933179e-01
1.099599599599599564e+01 1.057623100338471733e-01
1.100600600600600565e+01 1.060193391406247659e-01
1.101601601601601566e+01 1.062767170142549372e-01
1.102602602602602566e+01 1.065340948878851224e-01
1.103603603603603567e+01 1.067926020315387581e-01
1.104604604604604567e+01 1.070514900282278498e-01
1.105605605605605568e+01 1.073103780249169553e-01
1.106606606606606569e+01 1.075703583618728976e-01
1.107607607607607569e+01 1.078307513740853346e-01
1.108608608608608570e+01 1.080911443862977855e-01
1.109609609609609571e+01 1.083525929168159263e-01
1.110610610610610571e+01 1.086144856708665535e-01
1.111611611611611572e+01 1.088763784249171668e-01
1.112612612612612573e+01 1.091392899969849950e-01
1.113613613613613573e+01 1.094026770573090224e-01
1.114614614614614574e+01 1.096660641176330359e-01
1.115615615615615575e+01 1.099304334308601611e-01
1.116616616616616575e+01 1.101953092042837756e-01
1.117617617617617576e+01 1.104601849777073902e-01
1.118618618618618576e+01 1.107260065872198718e-01
1.119619619619619577e+01 1.109923653272300026e-01
1.120620620620620578e+01 1.112587240672401473e-01
1.121621621621621578e+01 1.115259923875732279e-01
1.122622622622622579e+01 1.117938281985852017e-01
1.123623623623623580e+01 1.120616640095972033e-01
1.124624624624624580e+01 1.123303733185849473e-01
1.125625625625625581e+01 1.125996801602061476e-01
1.126626626626626582e+01 1.128689870018273200e-01
1.127627627627627582e+01 1.131391314444888385e-01
1.128628628628628583e+01 1.134099031357782839e-01
1.129629629629629584e+01 1.136806748270677292e-01
1.130630630630630584e+01 1.139522484194886581e-01
1.131631631631631585e+01 1.142244786432107945e-01
1.132632632632632586e+01 1.144967088669329031e-01
1.133633633633633586e+01 1.147697055001411920e-01
1.134634634634634587e+01 1.150433878070125510e-01
1.135635635635635587e+01 1.153170701138839099e-01
1.136636636636636588e+01 1.155914835577188937e-01
1.137637637637637589e+01 1.158666113706472017e-01
1.138638638638638589e+01 1.161417391835755236e-01
1.139639639639639590e+01 1.164175630905494863e-01
1.140640640640640591e+01 1.166941297088635726e-01
1.141641641641641769e+01 1.169706963271777006e-01
1.142642642642642770e+01 1.172479242363293622e-01
1.143643643643643770e+01 1.175259228399997968e-01
1.144644644644644771e+01 1.178039214436702314e-01
1.145645645645645772e+01 1.180825467844088400e-01
1.146646646646646772e+01 1.183619704382569970e-01
1.147647647647647773e+01 1.186413940921051680e-01
1.148648648648648773e+01 1.189214101880446822e-01
1.149649649649649774e+01 1.192022518459410763e-01
1.150650650650650775e+01 1.194830935038374564e-01
1.151651651651651775e+01 1.197644935766204038e-01
1.152652652652652776e+01 1.200467460856702445e-01
1.153653653653653777e+01 1.203289985947200713e-01
1.154654654654654777e+01 1.206117757678295266e-01
1.155655655655655778e+01 1.208954318725444649e-01
1.156656656656656779e+01 1.211790879772594032e-01
1.157657657657657779e+01 1.214632352798192955e-01
1.158658658658658780e+01 1.217482876262765551e-01
1.159659659659659781e+01 1.220333399727338147e-01
1.160660660660660781e+01 1.223188503432966479e-01
1.161661661661661782e+01 1.226052914832820584e-01
1.162662662662662783e+01 1.228917326232674551e-01
1.163663663663663783e+01 1.231785989135883580e-01
1.164664664664664784e+01 1.234664213087248164e-01
1.165665665665665784e+01 1.237542437038612470e-01
1.166666666666666785e+01 1.240424586826583409e-01
1.167667667667667786e+01 1.243316547085177443e-01
1.168668668668668786e+01 1.246208507343771754e-01
1.169669669669669787e+01 1.249104070910774106e-01
1.170670670670670788e+01 1.252009690412765608e-01
1.171671671671671788e+01 1.254915309914756971e-01
1.172672672672672789e+01 1.257824213399460489e-01
1.173673673673673790e+01 1.260743414302244736e-01
1.174674674674674790e+01 1.263662615205029538e-01
1.175675675675675791e+01 1.266584784027654509e-01
1.176676676676676792e+01 1.269517487750458085e-01
1.177677677677677792e+01 1.272450191473261383e-01
1.178678678678678793e+01 1.275385550372572785e-01
1.179679679679679793e+01 1.278331677636872221e-01
1.180680680680680794e+01 1.281277804901171935e-01
1.181681681681681795e+01 1.284226277971310670e-01
1.182682682682682795e+01 1.287185748841066235e-01
1.183683683683683796e+01 1.290145219710821800e-01
1.184684684684684797e+01 1.293106730437964536e-01
1.185685685685685797e+01 1.296079464359650713e-01
1.186686686686686798e+01 1.299052198281336612e-01
1.187687687687687799e+01 1.302026669580179097e-01
1.188688688688688799e+01 1.305012585422624105e-01
1.189689689689689800e+01 1.307998501265068836e-01
1.190690690690690801e+01 1.310985855515136578e-01
1.191691691691691801e+01 1.313984871609155392e-01
1.192692692692692802e+01 1.316983887703173928e-01
1.193693693693693803e+01 1.319984046784950238e-01
1.194694694694694803e+01 1.322996080962769438e-01
1.195695695695695804e+01 1.326008115140588639e-01
1.196696696696696804e+01 1.329021000471455327e-01
1.197697697697697805e+01 1.332045970105926458e-01
1.198698698698698806e+01 1.335070939740397866e-01
1.199699699699699806e+01 1.338096472310388863e-01
1.200700700700700807e+01 1.341134294353988343e-01
1.201701701701701808e+01 1.344172116397587546e-01
1.202702702702702808e+01 1.347210216804951288e-01
1.203703703703703809e+01 1.350260807828555232e-01
1.204704704704704810e+01 1.353311398852158620e-01
1.205705705705705810e+01 1.356361989875762564e-01
1.206706706706706811e+01 1.359425263570160636e-01
1.207707707707707812e+01 1.362488539801600396e-01
1.208708708708708812e+01 1.365551816033040156e-01
1.209709709709709813e+01 1.368627413650325975e-01
1.210710710710710813e+01 1.371703291012719150e-01
1.211711711711711814e+01 1.374779168375112326e-01
1.212712712712712815e+01 1.377867009282952027e-01
1.213713713713713815e+01 1.380955403432797268e-01
1.214714714714714816e+01 1.384043797582641955e-01
1.215715715715715817e+01 1.387143800935040916e-01
1.216716716716716817e+01 1.390244627300085689e-01
1.217717717717717818e+01 1.393345453665130740e-01
1.218718718718718819e+01 1.396457538436749746e-01
1.219719719719719819e+01 1.399570712253619675e-01
1.220720720720720820e+01 1.402683886070489605e-01
1.221721721721721821e+01 1.405807971090752284e-01
1.222722722722722821e+01 1.408933407442341801e-01
1.223723723723723822e+01 1.412058843793930762e-01
1.224724724724724823e+01 1.415194847780912035e-01
1.225725725725725823e+01 1.418332461633529107e-01
1.226726726726726824e+01 1.421470075486146456e-01
1.227727727727727824e+01 1.424617917080247820e-01
1.228728728728728825e+01 1.427767623320526924e-01
1.229729729729729826e+01 1.430917329560805751e-01
1.230730730730730826e+01 1.434076927358208242e-01
1.231731731731731827e+01 1.437238640829761327e-01
1.232732732732732828e+01 1.440400354301314412e-01
1.233733733733733828e+01 1.443571626887210080e-01
1.234734734734734829e+01 1.446745262427037992e-01
1.235735735735735830e+01 1.449918897966865905e-01
1.236736736736736830e+01 1.453101763948468628e-01
1.237737737737737831e+01 1.456287236423119413e-01
1.238738738738738832e+01 1.459472708897770477e-01
1.239739739739739832e+01 1.462667086937096683e-01
1.240740740740740833e+01 1.465864311278566312e-01
1.241741741741741833e+01 1.469061535620035663e-01
1.242742742742742834e+01 1.472267344466461347e-01
1.243743743743743835e+01 1.475476235707843808e-01
1.244744744744744835e+01 1.478685126949225992e-01
1.245745745745745836e+01 1.481902285471811132e-01
1.246746746746746837e+01 1.485122758782684849e-01
1.247747747747747837e+01 1.488343232093558288e-01
1.248748748748748838e+01 1.491571659313143949e-01
1.249749749749749839e+01 1.494803630034703124e-01
1.250750750750750839e+01 1.498035600756261743e-01
1.251751751751751840e+01 1.501275215877330427e-01
1.252752752752752841e+01 1.504518599557249647e-01
1.253753753753753841e+01 1.507761983237168868e-01
1.254754754754754842e+01 1.511012705679472268e-01
1.255755755755755843e+01 1.514267418106511054e-01
1.256756756756756843e+01 1.517522130533549840e-01
1.257757757757757844e+01 1.520783879963499563e-01
1.258758758758758844e+01 1.524049837201837676e-01
1.259759759759759845e+01 1.527315794440175789e-01
1.260760760760760846e+01 1.530588490801997603e-01
1.261761761761761846e+01 1.533865609225304460e-01
1.262762762762762847e+01 1.537142727648611040e-01
1.263763763763763848e+01 1.540426291195258202e-01
1.264764764764764848e+01 1.543714487520490564e-01
1.265765765765765849e+01 1.547002683845722926e-01
1.266766766766766850e+01 1.550297035169548032e-01
1.267767767767767850e+01 1.553596226490479570e-01
1.268768768768768851e+01 1.556895417811411386e-01
1.269769769769769852e+01 1.560200477874596203e-01
1.270770770770770852e+01 1.563510581695068402e-01
1.271771771771771853e+01 1.566820685515540323e-01
1.272772772772772854e+01 1.570136375680283858e-01
1.273773773773773854e+01 1.573457309947191296e-01
1.274774774774774855e+01 1.576778244214099012e-01
1.275775775775775855e+01 1.580104486272558006e-01
1.276776776776776856e+01 1.583436169408544980e-01
1.277777777777777857e+01 1.586767852544532509e-01
1.278778778778778857e+01 1.590104568748511582e-01
1.279779779779779858e+01 1.593446919684397556e-01
1.280780780780780859e+01 1.596789270620283252e-01
1.281781781781781859e+01 1.600136383710684951e-01
1.282782782782782860e+01 1.603489321917615507e-01
1.283783783783783861e+01 1.606842260124545785e-01
1.284784784784784861e+01 1.610199693360565010e-01
1.285785785785785862e+01 1.613563138881868031e-01
1.286786786786786863e+01 1.616926584403171330e-01
1.287787787787787863e+01 1.620294261591237184e-01
1.288788788788788864e+01 1.623668135074005925e-01
1.289789789789789864e+01 1.627042008556774388e-01
1.290790790790790865e+01 1.630419854079244169e-01
1.291791791791791866e+01 1.633804076805632222e-01
1.292792792792792866e+01 1.637188299532019720e-01
1.293793793793793867e+01 1.640576238375617280e-01
1.294794794794794868e+01 1.643970732293850712e-01
1.295795795795795868e+01 1.647365226212083866e-01
1.296796796796796869e+01 1.650763183996082351e-01
1.297797797797797870e+01 1.654167871751176244e-01
1.298798798798798870e+01 1.657572559506269860e-01
1.299799799799799871e+01 1.660980462510416034e-01
1.300800800800800872e+01 1.664395267474611528e-01
1.301801801801801872e+01 1.667810072438807023e-01
1.302802802802802873e+01 1.671227847630991914e-01
1.303803803803803874e+01 1.674652693933893488e-01
1.304804804804804874e+01 1.678077540236794785e-01
1.305805805805805875e+01 1.681505115300459263e-01
1.306806806806806875e+01 1.684939927858886133e-01
1.307807807807807876e+01 1.688374740417313280e-01
1.308808808808808877e+01 1.691812043778599117e-01
1.309809809809809877e+01 1.695256748326139928e-01
1.310810810810810878e+01 1.698701452873680739e-01
1.311811811811811879e+01 1.702148413728315768e-01
1.312812812812812879e+01 1.705602936844586581e-01
1.313813813813813880e+01 1.709057459960857950e-01
1.314814814814814881e+01 1.712514008300778379e-01
1.315815815815815881e+01 1.715978277440386168e-01
1.316816816816816882e+01 1.719442546579993958e-01
1.317817817817817883e+01 1.722908613219702734e-01
1.318818818818818883e+01 1.726382556740907182e-01
1.319819819819819884e+01 1.729856500262111629e-01
1.320820820820820884e+01 1.733332016864768677e-01
1.321821821821821885e+01 1.736815564057845596e-01
1.322822822822822886e+01 1.740299111250921960e-01
1.323823823823823886e+01 1.743784010354170744e-01
1.324824824824824887e+01 1.747277091469475740e-01
1.325825825825825888e+01 1.750770172584781015e-01
1.326826826826826888e+01 1.754264387626304489e-01
1.327827827827827889e+01 1.757766933902029927e-01
1.328828828828828890e+01 1.761269480177755364e-01
1.329829829829829890e+01 1.764772945520560188e-01
1.330830830830830891e+01 1.768284889210184341e-01
1.331831831831831892e+01 1.771796832899808771e-01
1.332832832832832892e+01 1.775309483857237525e-01
1.333833833833833893e+01 1.778830758256678968e-01
1.334834834834834894e+01 1.782352032656120966e-01
1.335835835835835894e+01 1.785873805516597912e-01
1.336836836836836895e+01 1.789404344991048501e-01
1.337837837837837895e+01 1.792934884465499090e-01
1.338838838838838896e+01 1.796465716516994771e-01
1.339839839839839897e+01 1.800005456527450087e-01
1.340840840840840897e+01 1.803545196537905959e-01
1.341841841841841898e+01 1.807085026092127844e-01
1.342842842842842899e+01 1.810633903221607888e-01
1.343843843843843899e+01 1.814182780351087931e-01
1.344844844844844900e+01 1.817731657480567975e-01
1.345845845845845901e+01 1.821289498746846702e-01
1.346846846846846901e+01 1.824847450726295173e-01
1.347847847847847902e+01 1.828405402705743643e-01
1.348848848848848903e+01 1.831972060169223815e-01
1.349849849849849903e+01 1.835539025903105970e-01
1.350850850850850904e+01 1.839105991636988124e-01
1.351851851851851904e+01 1.842681408021760170e-01
1.352852852852852905e+01 1.846257327613334276e-01
1.353853853853853906e+01 1.849833247204908382e-01
1.354854854854854906e+01 1.853417366377737296e-01
1.355855855855855907e+01 1.857002181154009945e-01
1.356856856856856908e+01 1.860586995930282594e-01
1.357857857857857908e+01 1.864179762923091344e-01
1.358858858858858909e+01 1.867773415459461628e-01
1.359859859859859910e+01 1.871367067995831912e-01
1.360860860860860910e+01 1.874968429027882022e-01
1.361861861861861911e+01 1.878570863172454308e-01
1.362862862862862912e+01 1.882173297317026872e-01
1.363863863863863912e+01 1.885783199816826461e-01
1.364864864864864913e+01 1.889394360714410082e-01
1.365865865865865914e+01 1.893005521611993702e-01
1.366866866866866914e+01 1.896623914238905750e-01
1.367867867867867915e+01 1.900243748354681350e-01
1.368868868868868915e+01 1.903863582470456672e-01
1.369869869869869916e+01 1.907490415136028350e-01
1.370870870870870917e+01 1.911118870278899484e-01
1.371871871871871917e+01 1.914747325421770618e-01
1.372872872872872918e+01 1.918382549310765905e-01
1.373873873873873919e+01 1.922019574656377017e-01
1.374874874874874919e+01 1.925656600001988128e-01
1.375875875875875920e+01 1.929300167593127613e-01
1.376876876876876921e+01 1.932945713706553659e-01
1.377877877877877921e+01 1.936591259819979705e-01
1.378878878878878922e+01 1.940243124906387839e-01
1.379879879879879923e+01 1.943897143764493352e-01
1.380880880880880923e+01 1.947551162622598864e-01
1.381881881881881924e+01 1.951211280331961451e-01
1.382882882882882924e+01 1.954873725345437629e-01
1.383883883883883925e+01 1.958536170358913253e-01
1.384884884884884926e+01 1.962204497173328233e-01
1.385885885885885926e+01 1.965875323208375880e-01
1.386886886886886927e+01 1.969546149243423527e-01
1.387887887887887928e+01 1.973222643018962275e-01
1.388888888888888928e+01 1.976901806418662755e-01
1.389889889889889929e+01 1.980580969818363513e-01
1.390890890890890930e+01 1.984265589804333763e-01
1.391891891891891930e+01 1.987953048409673573e-01
1.392892892892892931e+01 1.991640507015013661e-01
1.393893893893893932e+01 1.995333213872912403e-01
1.394894894894894932e+01 1.999028927043459691e-01
1.395895895895895933e+01 2.002724640214007257e-01
1.396896896896896934e+01 2.006425396036184694e-01
1.397897897897897934e+01 2.010129324670449913e-01
1.398898898898898935e+01 2.013833253304715132e-01
1.399899899899899935e+01 2.017542021632727223e-01
1.400900900900900936e+01 2.021254128188159638e-01
1.401901901901901937e+01 2.024966234743592608e-01
1.402902902902902937e+01 2.028682980586251627e-01
1.403903903903903938e+01 2.032403229098909414e-01
1.404904904904904939e+01 2.036123477611567201e-01
1.405905905905905939e+01 2.039848167462687822e-01
1.406906906906906940e+01 2.043576523566552616e-01
1.407907907907907941e+01 2.047304879670417688e-01
1.408908908908908941e+01 2.051037481526253592e-01
1.409909909909909942e+01 2.054773912472209474e-01
1.410910910910910943e+01 2.058510343418164801e-01
1.411911911911911943e+01 2.062250826794539971e-01
1.412912912912912944e+01 2.065995301468998291e-01
1.413913913913913944e+01 2.069739776143456333e-01
1.414914914914914945e+01 2.073488112092586044e-01
1.415915915915915946e+01 2.077240601035768852e-01
1.416916916916916946e+01 2.080993089978951383e-01
1.417917917917917947e+01 2.084749251105951495e-01
1.418918918918918948e+01 2.088509726529816091e-01
1.419919919919919948e+01 2.092270201953680686e-01
1.420920920920920949e+01 2.096034162432768577e-01
1.421921921921921950e+01 2.099802598238596218e-01
1.422922922922922950e+01 2.103571034044424137e-01
1.423923923923923951e+01 2.107342769634801549e-01
1.424924924924924952e+01 2.111119141430407020e-01
1.425925925925925952e+01 2.114895513226012769e-01
1.426926926926926953e+01 2.118675001287435300e-01
1.427927927927927954e+01 2.122459286404059786e-01
1.428928928928928954e+01 2.126243571520684272e-01
1.429929929929929955e+01 2.130030791028725834e-01
1.430930930930930955e+01 2.133822968537542053e-01
1.431931931931931956e+01 2.137615146046357995e-01
1.432932932932932957e+01 2.141410077607340812e-01
1.433933933933933957e+01 2.145210128335615918e-01
1.434934934934934958e+01 2.149010179063891024e-01
1.435935935935935959e+01 2.152812804929512269e-01
1.436936936936936959e+01 2.156620711476414376e-01
1.437937937937937960e+01 2.160428618023316760e-01
1.438938938938938961e+01 2.164238922104952390e-01
1.439939939939939961e+01 2.168054668856999878e-01
1.440940940940940962e+01 2.171870415609047089e-01
1.441941941941941963e+01 2.175688383491736488e-01
1.442942942942942963e+01 2.179511956637871506e-01
1.443943943943943964e+01 2.183335529784006523e-01
1.444944944944944965e+01 2.187161148740111305e-01
1.445945945945945965e+01 2.190992536286435199e-01
1.446946946946946966e+01 2.194823923832759094e-01
1.447947947947947966e+01 2.198657182835309087e-01
1.448948948948948967e+01 2.202496374619438979e-01
1.449949949949949968e+01 2.206335566403568871e-01
1.450950950950950968e+01 2.210176456139279488e-01
1.451951951951951969e+01 2.214023443844347905e-01
1.452952952952952970e+01 2.217870431549416599e-01
1.453953953953953970e+01 2.221718944431383957e-01
1.454954954954954971e+01 2.225573721599675425e-01
1.455955955955955972e+01 2.229428498767966893e-01
1.456956956956956972e+01 2.233284628948040973e-01
1.457957957957957973e+01 2.237147190994252521e-01
1.458958958958958974e+01 2.241009753040464070e-01
1.459959959959959974e+01 2.244873496421287418e-01
1.460960960960960975e+01 2.248743840645440750e-01
1.461961961961961975e+01 2.252614184869594083e-01
1.462962962962962976e+01 2.256485539116329098e-01
1.463963963963963977e+01 2.260363664716302512e-01
1.464964964964964977e+01 2.264241790316276204e-01
1.465965965965965978e+01 2.268120754867994637e-01
1.466966966966966979e+01 2.272006662951686629e-01
1.467967967967967979e+01 2.275892571035378897e-01
1.468968968968968980e+01 2.279779147116124116e-01
1.469969969969969981e+01 2.283672840713253660e-01
1.470970970970970981e+01 2.287566534310382926e-01
1.471971971971971982e+01 2.291460724939906879e-01
1.472972972972972983e+01 2.295362209013441790e-01
1.473973973973973983e+01 2.299263693086976701e-01
1.474974974974974984e+01 2.303165503091149646e-01
1.475975975975975985e+01 2.307074784548363566e-01
1.476976976976976985e+01 2.310984066005577764e-01
1.477977977977977986e+01 2.314893502026461325e-01
1.478978978978978986e+01 2.318810589729618510e-01
1.479979979979979987e+01 2.322727677432775695e-01
1.480980980980980988e+01 2.326644765135933157e-01
1.481981981981981988e+01 2.330569652715043516e-01
1.482982982982982989e+01 2.334494557491715028e-01
1.483983983983983990e+01 2.338419462268387095e-01
1.484984984984984990e+01 2.342352007438384676e-01
1.485985985985985991e+01 2.346284742091389597e-01
1.486986986986986992e+01 2.350217476744394518e-01
1.487987987987987992e+01 2.354157693637888848e-01
1.488988988988988993e+01 2.358098272954858021e-01
1.489989989989989994e+01 2.362038852271827472e-01
1.490990990990990994e+01 2.365986756883813047e-01
1.491991991991991995e+01 2.369935197646388658e-01
1.492992992992992995e+01 2.373883638408964547e-01
1.493993993993993996e+01 2.377839248604866340e-01
1.494994994994994997e+01 2.381795569597521811e-01
1.495995995995995997e+01 2.385751890590177282e-01
1.496996996996996998e+01 2.389715226113564017e-01
1.497997997997997999e+01 2.393679448132048360e-01
1.498998998998998999e+01 2.397643670150532702e-01
1.500000000000000000e+01 2.401614752630489569e-01
