5.000000000000000000e+00 4.690182701000774126e-03
5.010010010010010006e+00 4.733052878564707709e-03
5.020020020020020013e+00 4.775923056128640425e-03
5.030030030030030019e+00 4.818923786344343069e-03
5.040040040040040026e+00 4.863225462282937291e-03
5.050050050050050032e+00 4.907527138221529778e-03
5.060060060060060039e+00 4.951884457515595868e-03
5.070070070070070045e+00 4.997635179169597833e-03
5.080080080080080052e+00 5.043385900823599798e-03
5.090090090090090058e+00 5.089136622477600895e-03
5.100100100100100065e+00 5.136332405715884897e-03
5.110110110110110071e+00 5.183549301866926390e-03
5.120120120120120077e+00 5.230766198017967883e-03
5.130130130130130084e+00 5.279366308631123876e-03
5.140140140140140090e+00 5.328066067627484567e-03
5.150150150150150097e+00 5.376765826623845258e-03
5.160160160160160103e+00 5.426784784455049131e-03
5.170170170170170110e+00 5.476983633036460429e-03
5.180180180180180116e+00 5.527182481617869993e-03
5.190190190190190123e+00 5.578634401116506179e-03
5.200200200200200129e+00 5.630348083978895316e-03
5.210210210210210136e+00 5.682061766841285319e-03
5.220220220220220142e+00 5.734960341546052609e-03
5.230230230230230148e+00 5.788204101684240807e-03
5.240240240240240155e+00 5.841447861822429005e-03
5.250250250250250161e+00 5.895806349442388183e-03
5.260260260260260168e+00 5.950594909305869339e-03
5.270270270270270174e+00 6.005383469169349626e-03
5.280280280280280181e+00 6.061214677285000317e-03
5.290290290290290187e+00 6.117562220779117210e-03
5.300300300300300194e+00 6.173909764273234103e-03
5.310310310310310200e+00 6.231226036677914477e-03
5.320320320320320207e+00 6.289146192039828283e-03
5.330330330330330213e+00 6.347066347401742088e-03
5.340340340340340219e+00 6.405879551101769862e-03
5.350350350350350226e+00 6.465385374677666205e-03
5.360360360360360232e+00 6.524891198253561682e-03
5.370370370370370239e+00 6.585212711143791434e-03
5.380380380380380245e+00 6.646316672091032336e-03
5.390390390390390252e+00 6.707420633038272371e-03
5.400400400400400258e+00 6.769261332267902803e-03
5.410410410410410265e+00 6.831975298202883941e-03
5.420420420420420271e+00 6.894689264137865078e-03
5.430430430430430278e+00 6.958059515179572559e-03
5.440440440440440284e+00 7.022394738789270591e-03
5.450450450450450290e+00 7.086729962398969490e-03
5.460460460460460297e+00 7.151639608832690426e-03
5.470470470470470303e+00 7.217606715465182433e-03
5.480480480480480310e+00 7.283573822097673574e-03
5.490490490490490316e+00 7.350032176118665925e-03
5.500500500500500323e+00 7.417641152365130053e-03
5.510510510510510329e+00 7.485250128611594181e-03
5.520520520520520336e+00 7.553265962270671111e-03
5.530530530530530342e+00 7.622526145548842204e-03
5.540540540540540349e+00 7.691786328827012430e-03
5.550550550550550355e+00 7.761367866009264219e-03
5.560560560560560361e+00 7.832287935155619885e-03
5.570570570570570368e+00 7.903208004301977285e-03
5.580580580580580374e+00 7.974362913448619292e-03
5.590590590590590381e+00 8.046950880324274177e-03
5.600600600600600387e+00 8.119538847199927328e-03
5.610610610610610394e+00 8.192274234776438999e-03
5.620620620620620400e+00 8.266537436889122986e-03
5.630630630630630407e+00 8.340800639001806974e-03
5.640640640640640413e+00 8.415123043713935297e-03
5.650650650650650419e+00 8.491068137856319295e-03
5.660660660660660426e+00 8.567013231998706763e-03
5.670670670670670432e+00 8.642958326141094230e-03
5.680680680680680439e+00 8.720561576658755407e-03
5.690690690690690445e+00 8.798194533560992764e-03
5.700700700700700452e+00 8.875827490463230121e-03
5.710710710710710458e+00 8.955034393181958083e-03
5.720720720720720465e+00 9.034360493174227111e-03
5.730730730730730471e+00 9.113686593166494404e-03
5.740740740740740478e+00 9.194501262548072582e-03
5.750750750750750484e+00 9.275525092227050392e-03
5.760760760760760490e+00 9.356548921906031671e-03
5.770770770770770497e+00 9.438974886639634257e-03
5.780780780780780503e+00 9.521700336530538808e-03
5.790790790790790510e+00 9.604425786421441624e-03
5.800800800800800516e+00 9.688465988339662119e-03
5.810810810810810523e+00 9.772896251543995369e-03
5.820820820820820529e+00 9.857326514748328619e-03
5.830830830830830536e+00 9.942983308460179998e-03
5.840840840840840542e+00 1.002912088027742808e-02
5.850850850850850549e+00 1.011525845209467443e-02
5.860860860860860555e+00 1.020253360532652476e-02
5.870870870870870561e+00 1.029038028383638149e-02
5.880880880880880568e+00 1.037822696234623997e-02
5.890890890890890574e+00 1.046712165698058389e-02
5.900900900900900581e+00 1.055667854457087093e-02
5.910910910910910587e+00 1.064623543216115624e-02
5.920920920920920594e+00 1.073675026596224678e-02
5.930930930930930600e+00 1.082801777178611126e-02
5.940940940940940607e+00 1.091928527760997573e-02
5.950950950950950613e+00 1.101142026662441271e-02
5.960960960960960620e+00 1.110439810996912725e-02
5.970970970970970626e+00 1.119737595331383832e-02
5.980980980980980632e+00 1.129113053493354356e-02
5.990990990990990639e+00 1.138581774948202278e-02
6.001001001001000645e+00 1.148050496403050201e-02
6.011011011011010652e+00 1.157587800070461991e-02
6.021021021021020658e+00 1.167227293966953232e-02
6.031031031031030665e+00 1.176866787863444300e-02
6.041041041041040671e+00 1.186565766221612042e-02
6.051051051051050678e+00 1.196375800432543032e-02
6.061061061061060684e+00 1.206185834643474196e-02
6.071071071071070691e+00 1.216046260314801453e-02
6.081081081081080697e+00 1.226026535945990044e-02
6.091091091091090703e+00 1.236006811577178635e-02
6.101101101101100710e+00 1.246028401178330206e-02
6.111111111111110716e+00 1.256178553330747696e-02
6.121121121121120723e+00 1.266328705483165187e-02
6.131131131131130729e+00 1.276511120241136978e-02
6.141141141141140736e+00 1.286830718851297677e-02
6.151151151151150742e+00 1.297150317461458549e-02
6.161161161161160749e+00 1.307493163886909969e-02
6.171171171171170755e+00 1.317981714643079103e-02
6.181181181181180762e+00 1.328470265399248063e-02
6.191191191191190768e+00 1.338973096015421901e-02
6.201201201201200774e+00 1.349630041347119926e-02
6.211211211211210781e+00 1.360286986678817776e-02
6.221221221221220787e+00 1.370949300804325671e-02
6.231231231231230794e+00 1.381774020942588138e-02
6.241241241241240800e+00 1.392598741080850432e-02
6.251251251251250807e+00 1.403423461219112725e-02
6.261261261261260813e+00 1.414411799770337597e-02
6.271271271271270820e+00 1.425403613876086162e-02
6.281281281281280826e+00 1.436395427981834727e-02
6.291291291291290833e+00 1.447541351740377034e-02
6.301301301301300839e+00 1.458699519098277317e-02
6.311311311311310845e+00 1.469857686456177946e-02
6.321321321321320852e+00 1.481160481716159959e-02
6.331331331331330858e+00 1.492484202991278298e-02
6.341341341341340865e+00 1.503807924266396465e-02
6.351351351351350871e+00 1.515266829068453482e-02
6.361361361361360878e+00 1.526755247622980406e-02
6.371371371371370884e+00 1.538243666177507504e-02
6.381381381381380891e+00 1.549857871391477175e-02
6.391391391391390897e+00 1.561510074658820080e-02
6.401401401401400904e+00 1.573162277926163158e-02
6.411411411411410910e+00 1.584930928374017958e-02
6.421421421421420916e+00 1.596745949287490390e-02
6.431431431431430923e+00 1.608560970200962822e-02
6.441441441441440929e+00 1.620483165818113400e-02
6.451451451451450936e+00 1.632459984291485811e-02
6.461461461461460942e+00 1.644436802764858568e-02
6.471471471471470949e+00 1.656511599797937800e-02
6.481481481481480955e+00 1.668649144255081665e-02
6.491491491491490962e+00 1.680786688712225529e-02
6.501501501501500968e+00 1.693013100951483441e-02
6.511511511511510975e+00 1.705310249902365974e-02
6.521521521521520981e+00 1.717607398853248854e-02
6.531531531531530987e+00 1.729984398897665282e-02
6.541541541541540994e+00 1.742439982557940706e-02
6.551551551551551000e+00 1.754895566218216477e-02
6.561561561561561007e+00 1.767422086771474471e-02
6.571571571571571013e+00 1.780034888722934264e-02
6.581581581581581020e+00 1.792647690674393710e-02
6.591591591591591026e+00 1.805322625869839118e-02
6.601601601601601033e+00 1.818091384759013343e-02
6.611611611611611927e+00 1.830860143648189303e-02
6.621621621621621934e+00 1.843682350400937045e-02
6.631631631631631940e+00 1.856605761673136429e-02
6.641641641641641947e+00 1.869529172945336160e-02
6.651651651651651953e+00 1.882497472329676749e-02
6.661661661661661959e+00 1.895574189995800560e-02
6.671671671671671966e+00 1.908650907661924370e-02
6.681681681681681972e+00 1.921764086312209921e-02
6.691691691691691979e+00 1.934992724745673506e-02
6.701701701701701985e+00 1.948221363179137092e-02
6.711711711711711992e+00 1.961478174712345812e-02
6.721721721721721998e+00 1.974857310473506974e-02
6.731731731731732005e+00 1.988236446234668484e-02
6.741741741741742011e+00 2.001635612692860555e-02
6.751751751751752018e+00 2.015163786378357941e-02
6.761761761761762024e+00 2.028691960063854979e-02
6.771771771771772030e+00 2.042232173374754906e-02
6.781781781781782037e+00 2.055907891489210104e-02
6.791791791791792043e+00 2.069583609603664609e-02
6.801801801801802050e+00 2.083263533057632885e-02
6.811811811811812056e+00 2.097085269905195684e-02
6.821821821821822063e+00 2.110907006752758483e-02
6.831831831831832069e+00 2.124728743600320935e-02
6.841841841841842076e+00 2.138691476087703144e-02
6.851851851851852082e+00 2.152657675680982180e-02
6.861861861861862089e+00 2.166623875274260869e-02
6.871871871871872095e+00 2.180721980197793466e-02
6.881881881881882101e+00 2.194831058181728398e-02
6.891891891891892108e+00 2.208940136165662982e-02
6.901901901901902114e+00 2.223172173472439533e-02
6.911911911911912121e+00 2.237422519060741979e-02
6.921921921921922127e+00 2.251672864649045119e-02
6.931931931931932134e+00 2.266037373633238497e-02
6.941941941941942140e+00 2.280427351555067150e-02
6.951951951951952147e+00 2.294817329476895804e-02
6.961961961961962153e+00 2.309312830321349347e-02
6.971971971971972160e+00 2.323840782775898894e-02
6.981981981981982166e+00 2.338368735230448095e-02
6.991991991991992172e+00 2.352993730552521007e-02
7.002002002002002179e+00 2.367657979169322455e-02
7.012012012012012185e+00 2.382322227786123903e-02
7.022022022022022192e+00 2.397075204186297631e-02
7.032032032032032198e+00 2.411874051989039425e-02
7.042042042042042205e+00 2.426672899791781218e-02
7.052052052052052211e+00 2.441552329403524901e-02
7.062062062062062218e+00 2.456484062775201108e-02
7.072072072072072224e+00 2.471415796146876967e-02
7.082082082082082231e+00 2.486420138186381384e-02
7.092092092092092237e+00 2.501483028833759170e-02
7.102102102102102243e+00 2.516545919481136956e-02
7.112112112112112250e+00 2.531673621795497639e-02
7.122122122122122256e+00 2.546865928710812660e-02
7.132132132132132263e+00 2.562058235626127681e-02
7.142142142142142269e+00 2.577307736238611258e-02
7.152152152152152276e+00 2.592627707656536620e-02
7.162162162162162282e+00 2.607947679074461289e-02
7.172172172172172289e+00 2.623317407725540493e-02
7.182182182182182295e+00 2.638763283073512420e-02
7.192192192192192302e+00 2.654209158421483999e-02
7.202202202202202308e+00 2.669697538104325724e-02
7.212212212212212314e+00 2.685267549944324664e-02
7.222222222222222321e+00 2.700837561784322910e-02
7.232232232232232327e+00 2.716443010273479619e-02
7.242242242242242334e+00 2.732135386233499122e-02
7.252252252252252340e+00 2.747827762193518278e-02
7.262262262262262347e+00 2.763548693565604300e-02
7.272272272272272353e+00 2.779361658259011519e-02
7.282282282282282360e+00 2.795174622952418392e-02
7.292292292292292366e+00 2.811009449097562340e-02
7.302302302302302373e+00 2.826941226028668874e-02
7.312312312312312379e+00 2.842873002959775061e-02
7.322322322322322385e+00 2.858820135082710059e-02
7.332332332332332392e+00 2.874868948536898547e-02
7.342342342342342398e+00 2.890917761991087034e-02
7.352352352352352405e+00 2.906975612100746315e-02
7.362362362362362411e+00 2.923139689017573151e-02
7.372372372372372418e+00 2.939303765934399293e-02
7.382382382382382424e+00 2.955470748320944765e-02
7.392392392392392431e+00 2.971748320148669131e-02
7.402402402402402437e+00 2.988025891976394191e-02
7.412412412412412444e+00 3.004303463804118904e-02
7.422422422422422450e+00 3.020689729204683108e-02
7.432432432432432456e+00 3.037079033734751271e-02
7.442442442442442463e+00 3.053468338264819434e-02
7.452452452452452469e+00 3.069958823152903887e-02
7.462462462462462476e+00 3.086458106332989546e-02
7.472472472472472482e+00 3.102957389513074857e-02
7.482482482482482489e+00 3.119550533689793154e-02
7.492492492492492495e+00 3.136158051413966141e-02
7.502502502502502502e+00 3.152765569138139129e-02
7.512512512512512508e+00 3.169459822213777783e-02
7.522522522522522515e+00 3.186173842088570879e-02
7.532532532532532521e+00 3.202887861963365362e-02
7.542542542542542527e+00 3.219681684731078020e-02
7.552552552552552534e+00 3.236500487816113686e-02
7.562562562562562540e+00 3.253319290901148658e-02
7.572572572572572547e+00 3.270211156691122528e-02
7.582582582582582553e+00 3.287133039213147728e-02
7.592592592592592560e+00 3.304054921735173622e-02
7.602602602602602566e+00 3.321043317748446910e-02
7.612612612612612573e+00 3.338066592787618247e-02
7.622622622622622579e+00 3.355089867826789585e-02
7.632632632632632586e+00 3.372173296447982666e-02
7.642642642642642592e+00 3.389296295595279479e-02
7.652652652652652598e+00 3.406419294742576293e-02
7.662662662662662605e+00 3.423596274830808389e-02
7.672672672672672611e+00 3.440817349815560033e-02
7.682682682682682618e+00 3.458038424800312371e-02
7.692692692692692624e+00 3.475307492957621647e-02
7.702702702702702631e+00 3.492625017244138652e-02
7.712712712712712637e+00 3.509942541530655657e-02
7.722722722722722644e+00 3.527302253347266991e-02
7.732732732732732650e+00 3.544714623699644213e-02
7.742742742742742657e+00 3.562126994052020740e-02
7.752752752752752663e+00 3.579575925327828367e-02
7.762762762762762669e+00 3.597081563342018062e-02
7.772772772772772676e+00 3.614587201356208451e-02
7.782782782782782682e+00 3.632123949297898224e-02
7.792792792792792689e+00 3.649721302900237052e-02
7.802802802802802695e+00 3.667318656502575186e-02
7.812812812812812702e+00 3.684941840895821635e-02
7.822822822822822708e+00 3.702629385807196943e-02
7.832832832832832715e+00 3.720316930718572251e-02
7.842842842842842721e+00 3.738025195074776152e-02
7.852852852852852727e+00 3.755801436239696728e-02
7.862862862862862734e+00 3.773577677404617997e-02
7.872872872872872740e+00 3.791369690081684840e-02
7.882882882882882747e+00 3.809233163061574029e-02
7.892892892892892753e+00 3.827096636041463912e-02
7.902902902902902760e+00 3.844971091338175717e-02
7.912912912912912766e+00 3.862920363668238821e-02
7.922922922922922773e+00 3.880869635998301231e-02
7.932932932932932779e+00 3.898825255221823050e-02
7.942942942942942786e+00 3.916858927730864498e-02
7.952952952952952792e+00 3.934892600239906640e-02
7.962962962962962798e+00 3.952928132746021811e-02
7.972972972972972805e+00 3.971044840838693774e-02
7.982982982982982811e+00 3.989161548931365736e-02
7.992992992992992818e+00 4.007278257024037699e-02
8.003003003003001936e+00 4.025474188038026535e-02
8.013013013013011943e+00 4.043672602938989252e-02
8.023023023023021949e+00 4.061871017839951276e-02
8.033033033033031955e+00 4.080143157266591381e-02
8.043043043043041962e+00 4.098421987226103652e-02
8.053053053053051968e+00 4.116700817185615230e-02
8.063063063063061975e+00 4.135048042682017144e-02
8.073073073073071981e+00 4.153406034142560072e-02
8.083083083083081988e+00 4.171764025603102305e-02
8.093093093093091994e+00 4.190185247883388558e-02
8.103103103103102001e+00 4.208621186606929104e-02
8.113113113113112007e+00 4.227057125330470344e-02
8.123123123123122014e+00 4.245551289024870889e-02
8.133133133133132020e+00 4.264064001180453700e-02
8.143143143143142026e+00 4.282576713336035817e-02
8.153153153153152033e+00 4.301142797820536184e-02
8.163163163163162039e+00 4.319731151031842159e-02
8.173173173173172046e+00 4.338319504243147440e-02
8.183183183183182052e+00 4.356956524439573042e-02
8.193193193193192059e+00 4.375619428792299620e-02
8.203203203203202065e+00 4.394282333145026198e-02
8.213213213213213848e+00 4.412989340291365026e-02
8.223223223223223854e+00 4.431725749300106931e-02
8.233233233233233861e+00 4.450462158308848143e-02
8.243243243243243867e+00 4.469238240699686254e-02
8.253253253253253874e+00 4.488047152234189013e-02
8.263263263263263880e+00 4.506856063768693160e-02
8.273273273273273887e+00 4.525700347465708151e-02
8.283283283283283893e+00 4.544580804636361854e-02
8.293293293293293900e+00 4.563461261807014863e-02
8.303303303303303906e+00 4.582372911319392006e-02
8.313313313313313913e+00 4.601324003321845962e-02
8.323323323323323919e+00 4.620275095324301307e-02
8.333333333333333925e+00 4.639253314259034200e-02
8.343343343343343932e+00 4.658274177177843672e-02
8.353353353353353938e+00 4.677295040096652451e-02
8.363363363363363945e+00 4.696339071778710822e-02
8.373373373373373951e+00 4.715428889350047059e-02
8.383383383383383958e+00 4.734518706921383296e-02
8.393393393393393964e+00 4.753627834983723682e-02
8.403403403403403971e+00 4.772785839317080642e-02
8.413413413413413977e+00 4.791943843650438295e-02
8.423423423423423984e+00 4.811117392593859676e-02
8.433433433433433990e+00 4.830342864852842089e-02
8.443443443443443996e+00 4.849568337111825195e-02
8.453453453453454003e+00 4.868805672834711218e-02
8.463463463463464009e+00 4.888097943876931056e-02
8.473473473473474016e+00 4.907390214919151589e-02
8.483483483483484022e+00 4.926690745217136153e-02
8.493493493493494029e+00 4.946049196193367387e-02
8.503503503503504035e+00 4.965407647169597927e-02
8.513513513513514042e+00 4.984770822205253360e-02
8.523523523523524048e+00 5.004194885117926872e-02
8.533533533533534055e+00 5.023618948030600384e-02
8.543543543543544061e+00 5.043044260773197479e-02
8.553553553553554067e+00 5.062533418994413087e-02
8.563563563563564074e+00 5.082022577215628001e-02
8.573573573573574080e+00 5.101511735436844303e-02
8.583583583583584087e+00 5.121063352600356555e-02
8.593593593593594093e+00 5.140617141349612673e-02
8.603603603603604100e+00 5.160170930098868097e-02
8.613613613613614106e+00 5.179783388442708858e-02
8.623623623623624113e+00 5.199401395224566985e-02
8.633633633633634119e+00 5.219019402006425112e-02
8.643643643643644126e+00 5.238692377944093731e-02
8.653653653653654132e+00 5.258374242945991484e-02
8.663663663663664138e+00 5.278056107947889930e-02
8.673673673673674145e+00 5.297789322520274347e-02
8.683683683683684151e+00 5.317534738970793040e-02
8.693693693693694158e+00 5.337280155421312428e-02
8.703703703703704164e+00 5.357073374549638917e-02
8.713713713713714171e+00 5.376882089037508805e-02
8.723723723723724177e+00 5.396690803525378000e-02
8.733733733733734184e+00 5.416543838235485936e-02
8.743743743743744190e+00 5.436415650989637888e-02
8.753753753753754197e+00 5.456287463743790533e-02
8.763763763763764203e+00 5.476200170361970876e-02
8.773773773773774209e+00 5.496134935493012658e-02
8.783783783783784216e+00 5.516069700624054439e-02
8.793793793793794222e+00 5.536041980944707980e-02
8.803803803803804229e+00 5.556039606648155438e-02
8.813813813813814235e+00 5.576037232351603590e-02
8.823823823823824242e+00 5.596069033776959745e-02
8.833833833833834248e+00 5.616129482498622566e-02
8.843843843843844255e+00 5.636189931220284000e-02
8.853853853853854261e+00 5.656281246872487539e-02
8.863863863863864268e+00 5.676404535436455068e-02
8.873873873873874274e+00 5.696527824000423290e-02
8.883883883883884280e+00 5.716678692806251988e-02
8.893893893893894287e+00 5.736864892505849634e-02
8.903903903903904293e+00 5.757051092205448667e-02
8.913913913913914300e+00 5.777261598953985916e-02
8.923923923923924306e+00 5.797510835606227431e-02
8.933933933933934313e+00 5.817760072258468251e-02
8.943943943943944319e+00 5.838030347632035266e-02
8.953953953953954326e+00 5.858342801595950444e-02
8.963963963963964332e+00 5.878655255559866316e-02
8.973973973973974338e+00 5.898985476138527556e-02
8.983983983983984345e+00 5.919361382297962104e-02
8.993993993993994351e+00 5.939737288457397346e-02
9.004004004004004358e+00 5.960127676697414556e-02
9.014014014014014364e+00 5.980567324408710833e-02
9.024024024024024371e+00 6.001006972120006416e-02
9.034034034034034377e+00 6.021457796306548677e-02
9.044044044044044384e+00 6.041961529311688089e-02
9.054054054054054390e+00 6.062465262316827502e-02
9.064064064064064397e+00 6.082976836491317540e-02
9.074074074074074403e+00 6.103545052797038767e-02
9.084084084084084409e+00 6.124113269102759299e-02
9.094094094094094416e+00 6.144685952965221049e-02
9.104104104104104422e+00 6.165319104688680996e-02
9.114114114114114429e+00 6.185952256412139555e-02
9.124124124124124435e+00 6.206586455198928598e-02
9.134134134134134442e+00 6.227285048380456350e-02
9.144144144144144448e+00 6.247983641561984103e-02
9.154154154154154455e+00 6.268682234743512549e-02
9.164164164164164461e+00 6.289444400282818981e-02
9.174174174174174468e+00 6.310208994666362259e-02
9.184184184184184474e+00 6.330973589049902761e-02
9.194194194194194480e+00 6.351798829181662387e-02
9.204204204204204487e+00 6.372630037963508687e-02
9.214214214214214493e+00 6.393461246745357762e-02
9.224224224224224500e+00 6.414350155510857576e-02
9.234234234234234506e+00 6.435248645057224659e-02
9.244244244244244513e+00 6.456147134603593130e-02
9.254254254254254519e+00 6.477100350540128393e-02
9.264264264264264526e+00 6.498066840074281925e-02
9.274274274274274532e+00 6.519033329608435456e-02
9.284284284284284539e+00 6.540051535480016776e-02
9.294294294294294545e+00 6.561086796739473703e-02
9.304304304304304551e+00 6.582122057998930631e-02
9.314314314314314558e+00 6.603205980505454098e-02
9.324324324324324564e+00 6.624310837369984384e-02
9.334334334334334571e+00 6.645415694234514670e-02
9.344344344344344577e+00 6.666566103699844703e-02
9.354354354354354584e+00 6.687741431790859836e-02
9.364364364364364590e+00 6.708916759881876357e-02
9.374374374374374597e+00 6.730134469921256191e-02
9.384384384384384603e+00 6.751381196173264487e-02
9.394394394394394610e+00 6.772627922425271396e-02
9.404404404404404616e+00 6.793913789592534447e-02
9.414414414414414622e+00 6.815232891797308457e-02
9.424424424424424629e+00 6.836551994002082466e-02
9.434434434434434635e+00 6.857906917417119774e-02
9.444444444444444642e+00 6.879299423741284947e-02
9.454454454454454648e+00 6.900691930065452895e-02
9.464464464464464655e+00 6.922116851022376560e-02
9.474474474474474661e+00 6.943583839499020693e-02
9.484484484484484668e+00 6.965050827975666214e-02
9.494494494494494674e+00 6.986546729532158717e-02
9.504504504504504681e+00 7.008089327527236567e-02
9.514514514514514687e+00 7.029631925522314417e-02
9.524524524524524693e+00 7.051199832070613460e-02
9.534534534534534700e+00 7.072819215724739095e-02
9.544544544544544706e+00 7.094438599378863342e-02
9.554554554554554713e+00 7.116079576198845735e-02
9.564564564564564719e+00 7.137776969845227582e-02
9.574574574574574726e+00 7.159474363491610815e-02
9.584584584584584732e+00 7.181189516286466679e-02
9.594594594594594739e+00 7.202966191845679156e-02
9.604604604604604745e+00 7.224742867404891633e-02
9.614614614614614752e+00 7.246533341819864915e-02
9.624624624624624758e+00 7.268390618172074213e-02
9.634634634634634764e+00 7.290247894524283512e-02
9.644644644644644771e+00 7.312114875648909051e-02
9.654654654654654777e+00 7.334054117984376009e-02
9.664664664664664784e+00 7.355993360319840191e-02
9.674674674674674790e+00 7.377938072174236583e-02
9.684684684684684797e+00 7.399960691322675366e-02
9.694694694694694803e+00 7.421983310471114148e-02
9.704704704704704810e+00 7.444007015476721001e-02
9.714714714714714816e+00 7.466114467216325434e-02
9.724724724724724823e+00 7.488221918955928480e-02
9.734734734734734829e+00 7.510329370695531526e-02
9.744744744744744835e+00 7.532519701737977469e-02
9.754754754754754842e+00 7.554713486084710383e-02
9.764764764764764848e+00 7.576907270431440522e-02
9.774774774774774855e+00 7.599180776004423044e-02
9.784784784784784861e+00 7.621462436482383251e-02
9.794794794794794868e+00 7.643744096960343459e-02
9.804804804804804874e+00 7.666102194126116209e-02
9.814814814814814881e+00 7.688473317019588193e-02
9.824824824824824887e+00 7.710844439913058790e-02
9.834834834834834894e+00 7.733288581107236603e-02
9.844844844844844900e+00 7.755750794695201455e-02
9.854854854854854906e+00 7.778213008283167695e-02
9.864864864864864913e+00 7.800744680698248890e-02
9.874874874874874919e+00 7.823299654472001818e-02
9.884884884884884926e+00 7.845854628245753359e-02
9.894894894894894932e+00 7.868475353202751543e-02
9.904904904904904939e+00 7.891124797067375352e-02
9.914914914914914945e+00 7.913774240931999160e-02
9.924924924924924952e+00 7.936485573240585623e-02
9.934934934934934958e+00 7.959231236700922696e-02
9.944944944944944965e+00 7.981976900161259769e-02
9.954954954954954971e+00 8.004780427468957682e-02
9.964964964964964977e+00 8.027624098800839603e-02
9.974974974974974984e+00 8.050467770132722911e-02
9.984984984984984990e+00 8.073365112263593268e-02
9.994994994994994997e+00 8.096308617670971985e-02
1.000500500500500500e+01 8.119252123078353478e-02
1.001501501501501501e+01 8.142244931361640459e-02
1.002502502502502502e+01 8.165290134120313514e-02
1.003503503503503502e+01 8.188335336878987958e-02
1.004504504504504503e+01 8.211425293468214981e-02
1.005505505505505504e+01 8.234574093056873378e-02
1.006506506506506504e+01 8.257722892645531776e-02
1.007507507507507505e+01 8.280911709828489564e-02
1.008508508508508505e+01 8.304166041047686408e-02
1.009509509509509506e+01 8.327420372266881865e-02
1.010510510510510507e+01 8.350709791766987300e-02
1.011511511511511507e+01 8.374071623846814083e-02
1.012512512512512508e+01 8.397433455926638091e-02
1.013513513513513509e+01 8.420825248196130153e-02
1.014514514514514509e+01 8.444296583893157182e-02
1.015515515515515510e+01 8.467767919590182824e-02
1.016516516516516511e+01 8.491263883095583054e-02
1.017517517517517511e+01 8.514846757779809261e-02
1.018518518518518512e+01 8.538429632464038244e-02
1.019519519519519513e+01 8.562031592964365612e-02
1.020520520520520513e+01 8.585728073696805018e-02
1.021521521521521514e+01 8.609424554429245813e-02
1.022522522522522515e+01 8.633134364247410653e-02
1.023523523523523515e+01 8.656946548848976075e-02
1.024524524524524516e+01 8.680758733450541498e-02
1.025525525525525516e+01 8.704578270738379253e-02
1.026526526526526517e+01 8.728508286850693298e-02
1.027527527527527518e+01 8.752438302963007344e-02
1.028528528528528518e+01 8.776369470960376784e-02
1.029529529529529519e+01 8.800419475099169331e-02
1.030530530530530520e+01 8.824469479237961878e-02
1.031531531531531520e+01 8.848519483376753036e-02
1.032532532532532521e+01 8.872686382128085192e-02
1.033533533533533522e+01 8.896858558729815736e-02
1.034534534534534522e+01 8.921030735331544892e-02
1.035535535535535523e+01 8.945315354943231267e-02
1.036536536536536524e+01 8.969611915405534264e-02
1.037537537537537524e+01 8.993908475867835872e-02
1.038538538538538525e+01 9.018312816341778060e-02
1.039539539539539525e+01 9.042735998058355762e-02
1.040540540540540526e+01 9.067159179774934852e-02
1.041541541541541527e+01 9.091685262216872565e-02
1.042542542542542527e+01 9.116237327607497332e-02
1.043543543543543528e+01 9.140789392998123486e-02
1.044544544544544529e+01 9.165439258849228388e-02
1.045545545545545529e+01 9.190122494385345731e-02
1.046546546546546530e+01 9.214805729921463073e-02
1.047547547547547531e+01 9.239581440187176475e-02
1.048548548548548531e+01 9.264398155413819391e-02
1.049549549549549532e+01 9.289214870640462307e-02
1.050550550550550533e+01 9.314118505116943114e-02
1.051551551551551533e+01 9.339071031671458689e-02
1.052552552552552534e+01 9.364023558225972876e-02
1.053553553553553535e+01 9.389057214724559619e-02
1.054554554554554535e+01 9.414147905352768242e-02
1.055555555555555536e+01 9.439238595980974089e-02
1.056556556556556536e+01 9.464404389551056562e-02
1.057557557557557537e+01 9.489635617121393307e-02
1.058558558558558538e+01 9.514866844691730052e-02
1.059559559559559538e+01 9.540166906842396932e-02
1.060560560560560539e+01 9.565541063358601326e-02
1.061561561561561540e+01 9.590915219874805719e-02
1.062562562562562540e+01 9.616351697795658127e-02
1.063563563563563541e+01 9.641871193408524388e-02
1.064564564564564542e+01 9.667390689021389261e-02
1.065565565565565542e+01 9.692965744802882477e-02
1.066566566566566543e+01 9.718633006821669751e-02
1.067567567567567544e+01 9.744300268840457024e-02
1.068568568568568544e+01 9.770016078694140904e-02
1.069569569569569545e+01 9.795833550598127826e-02
1.070570570570570545e+01 9.821651022502116135e-02
1.071571571571571546e+01 9.847509775981133640e-02
1.072572572572572547e+01 9.873479916431832093e-02
1.073573573573573547e+01 9.899450056882533322e-02
1.074574574574574548e+01 9.925453956102713027e-02
1.075575575575575549e+01 9.951579237957276780e-02
1.076576576576576549e+01 9.977704519811840533e-02
1.077577577577577550e+01 1.000385577867375086e-01
1.078578578578578551e+01 1.003013868800006897e-01
1.079579579579579551e+01 1.005642159732638985e-01
1.080580580580580552e+01 1.008272244073868257e-01
1.081581581581581553e+01 1.010916547583261826e-01
1.082582582582582553e+01 1.013560851092655396e-01
1.083583583583583554e+01 1.016206117403092163e-01
1.084584584584584555e+01 1.018866684443622134e-01
1.085585585585585555e+01 1.021527251484152105e-01
1.086586586586586556e+01 1.024187924223962792e-01
1.087587587587587556e+01 1.026865006777091527e-01
1.088588588588588557e+01 1.029542089330220400e-01
1.089589589589589558e+01 1.032219171883349135e-01
1.090590590590590558e+01 1.034912244805421266e-01
1.091591591591591559e+01 1.037606095782358101e-01
1.092592592592592560e+01 1.040299946759295074e-01
1.093593593593593560e+01 1.043009131305004666e-01
1.094594594594594561e+01 1.045720004449762347e-01
1.095595595595595562e+01 1.048430877594519889e-01
1.096596596596596562e+01 1.051156401336904161e-01
1.097597597597597563e+01 1.053884551129806446e-01
1.098598598598598564e+01 1.056612700922708731e-01
1.099599599599599564e+01 1.059354791978134452e-01
1.100600600600600565e+01 1.062100473539803747e-01
1.101601601601601566e+01 1.064846155101472902e-01
1.102602602602602566e+01 1.067605042054299569e-01
1.103603603603603567e+01 1.070368511050178717e-01
1.104604604604604567e+01 1.073131980046057865e-01
1.105605605605605568e+01 1.075907891873714856e-01
1.106606606606606569e+01 1.078689404419156117e-01
1.107607607607607569e+01 1.081470916964597379e-01
1.108608608608608570e+01 1.084264082963106168e-01
1.109609609609609571e+01 1.087063895529068042e-01
1.110610610610610571e+01 1.089863708095029915e-01
1.111611611611611572e+01 1.092674357804995777e-01
1.112612612612612573e+01 1.095492727124388888e-01
1.113613613613613573e+01 1.098311096443782137e-01
1.114614614614614574e+01 1.101139459576879198e-01
1.115615615615615575e+01 1.103976642551588588e-01
1.116616616616616575e+01 1.106813825526297840e-01
1.117617617617617576e+01 1.109660131892278856e-01
1.118618618618618576e+01 1.112516385500917637e-01
1.119619619619619577e+01 1.115372639109556280e-01
1.120620620620620578e+01 1.118237118543803782e-01
1.121621621621621578e+01 1.121112699750207581e-01
1.122622622622622579e+01 1.123988280956611241e-01
1.123623623623623580e+01 1.126871163248256147e-01
1.124624624624624580e+01 1.129766328910778300e-01
1.125625625625625581e+01 1.132661494573300592e-01
1.126626626626626582e+01 1.135563009393933814e-01
1.127627627627627582e+01 1.138478016175553109e-01
1.128628628628628583e+01 1.141393022957172265e-01
1.129629629629629584e+01 1.144313399790167080e-01
1.130630630630630584e+01 1.147248504069449671e-01
1.131631631631631585e+01 1.150183608348732123e-01
1.132632632632632586e+01 1.153123076419200477e-01
1.133633633633633586e+01 1.156078534202148317e-01
1.134634634634634587e+01 1.159033991985096157e-01
1.135635635635635587e+01 1.161992780190502089e-01
1.136636636636636588e+01 1.164968847023313131e-01
1.137637637637637589e+01 1.167944913856124173e-01
1.138638638638638589e+01 1.170923250697570167e-01
1.139639639639639590e+01 1.173920181580336286e-01
1.140640640640640591e+01 1.176917112463102405e-01
1.141641641641641769e+01 1.179915225977311577e-01
1.142642642642642770e+01 1.182933275278690993e-01
1.143643643643643770e+01 1.185951324580070410e-01
1.144644644644644771e+01 1.188969442272078819e-01
1.145645645645645772e+01 1.192008863644958283e-01
1.146646646646646772e+01 1.195048285017838025e-01
1.147647647647647773e+01 1.198087706390717766e-01
1.148648648648648773e+01 1.201147680092605474e-01
1.149649649649649774e+01 1.204208726390788159e-01
1.150650650650650775e+01 1.207269772688970844e-01
1.151651651651651775e+01 1.210350455690576144e-01
1.152652652652652776e+01 1.213433378886511205e-01
1.153653653653653777e+01 1.216516302082446266e-01
1.154654654654654777e+01 1.219617918934758349e-01
1.155655655655655778e+01 1.222722970038336576e-01
1.156656656656656779e+01 1.225828021141914803e-01
1.157657657657657779e+01 1.228950795522391615e-01
1.158658658658658780e+01 1.232078224500841729e-01
1.159659659659659781e+01 1.235205653479291843e-01
1.160660660660660781e+01 1.238349808129485807e-01
1.161661661661661782e+01 1.241499863828368633e-01
1.162662662662662783e+01 1.244649919527251458e-01
1.163663663663663783e+01 1.247815676191273704e-01
1.164664664664664784e+01 1.250988606256618341e-01
1.165665665665665784e+01 1.254161536321962978e-01
1.166666666666666785e+01 1.257349115685792162e-01
1.167667667667667786e+01 1.260545166487381519e-01
1.168668668668668786e+01 1.263741217288970597e-01
1.169669669669669787e+01 1.266950838920620492e-01
1.170670670670670788e+01 1.270170255476446020e-01
1.171671671671671788e+01 1.273389672032271824e-01
1.172672672672672789e+01 1.276621554322825980e-01
1.173673673673673790e+01 1.279864580224728543e-01
1.174674674674674790e+01 1.283107606126631106e-01
1.175675675675675791e+01 1.286361966232162923e-01
1.176676676676676792e+01 1.289628843572679373e-01
1.177677677677677792e+01 1.292895720913195545e-01
1.178678678678678793e+01 1.296172774697579577e-01
1.179679679679679793e+01 1.299463743998009180e-01
1.180680680680680794e+01 1.302754713298439060e-01
1.181681681681681795e+01 1.306054675277063259e-01
1.182682682682682795e+01 1.309369975416764531e-01
1.183683683683683796e+01 1.312685275556465525e-01
1.184684684684684797e+01 1.316008358840858872e-01
1.185685685685685797e+01 1.319348226987795969e-01
1.186686686686686798e+01 1.322688095134732789e-01
1.187687687687687799e+01 1.326034511378111902e-01
1.188688688688688799e+01 1.329399182920664446e-01
1.189689689689689800e+01 1.332763854463216435e-01
1.190690690690690801e+01 1.336133813806966164e-01
1.191691691691691801e+01 1.339523522287005275e-01
1.192692692692692802e+01 1.342913230767044386e-01
1.193693693693693803e+01 1.346306941788130429e-01
1.194694694694694803e+01 1.349721918835380952e-01
1.195695695695695804e+01 1.353136895882631752e-01
1.196696696696696804e+01 1.356554565541961965e-01
1.197697697697697805e+01 1.359995040809659772e-01
1.198698698698698806e+01 1.363435516077357856e-01
1.199699699699699806e+01 1.366877349669098907e-01
1.200700700700700807e+01 1.370343550770948549e-01
1.201701701701701808e+01 1.373809751872798468e-01
1.202702702702702808e+01 1.377275952974648110e-01
1.203703703703703809e+01 1.380768105423087200e-01
1.204704704704704810e+01 1.384260257871526567e-01
1.205705705705705810e+01 1.387752410319965934e-01
1.206706706706706811e+01 1.391269355441739630e-01
1.207707707707707812e+01 1.394787682587533828e-01
1.208708708708708812e+01 1.398306009733328026e-01
1.209709709709709813e+01 1.401847945307110599e-01
1.210710710710710813e+01 1.405392668280262269e-01
1.211711711711711814e+01 1.408937391253413662e-01
1.212712712712712815e+01 1.412504513140277473e-01
1.213713713713713815e+01 1.416075850792270219e-01
1.214714714714714816e+01 1.419647188444262687e-01
1.215715715715715817e+01 1.423239690543179059e-01
1.216716716716716817e+01 1.426837859390562291e-01
1.217717717717717818e+01 1.430436028237945245e-01
1.218718718718718819e+01 1.434054102442265666e-01
1.219719719719719819e+01 1.437679316611574498e-01
1.220720720720720820e+01 1.441304530780883053e-01
1.221721721721721821e+01 1.444948366935814854e-01
1.222722722722722821e+01 1.448600838109841416e-01
1.223723723723723822e+01 1.452253309283867977e-01
1.224724724724724823e+01 1.455923095144940338e-01
1.225725725725725823e+01 1.459603032510345955e-01
1.226726726726726824e+01 1.463282969875752126e-01
1.227727727727727824e+01 1.466978891068274615e-01
1.228728728728728825e+01 1.470686501264561186e-01
1.229729729729729826e+01 1.474394111460847756e-01
1.230730730730730826e+01 1.478116351440367238e-01
1.231731731731731827e+01 1.481851838510191977e-01
1.232732732732732828e+01 1.485587325580016993e-01
1.233733733733733828e+01 1.489336065593765412e-01
1.234734734734734829e+01 1.493099630934615063e-01
1.235735735735735830e+01 1.496863196275464714e-01
1.236736736736736830e+01 1.500638615324806080e-01
1.237737737737737831e+01 1.504430457642020325e-01
1.238738738738738832e+01 1.508222299959234292e-01
1.239739739739739832e+01 1.512024574763106699e-01
1.240740740740740833e+01 1.515844890024257707e-01
1.241741741741741833e+01 1.519665205285408716e-01
1.242742742742742834e+01 1.523494510244760847e-01
1.243743743743743835e+01 1.527343491635380079e-01
1.244744744744744835e+01 1.531192473025999035e-01
1.245745745745745836e+01 1.535048980189221424e-01
1.246746746746746837e+01 1.538926818069883684e-01
1.247747747747747837e+01 1.542804655950545667e-01
1.248748748748748838e+01 1.546688534979897001e-01
1.249749749749749839e+01 1.550595416844643137e-01
1.250750750750750839e+01 1.554502298709388719e-01
1.251751751751751840e+01 1.558413716848411068e-01
1.252752752752752841e+01 1.562349827284524872e-01
1.253753753753753841e+01 1.566285937720638122e-01
1.254754754754754842e+01 1.570225059762563602e-01
1.255755755755755843e+01 1.574190580411681806e-01
1.256756756756756843e+01 1.578156101060800287e-01
1.257757757757757844e+01 1.582123089317942488e-01
1.258758758758758844e+01 1.586118198838511462e-01
1.259759759759759845e+01 1.590113308359080435e-01
1.260760760760760846e+01 1.594108417879649409e-01
1.261761761761761846e+01 1.598133196664271727e-01
1.262762762762762847e+01 1.602158070695327285e-01
1.263763763763763848e+01 1.606182944726383122e-01
1.264764764764764848e+01 1.610236079375331752e-01
1.265765765765765849e+01 1.614290890501612896e-01
1.266766766766766850e+01 1.618345701627894040e-01
1.267767767767767850e+01 1.622427343749058559e-01
1.268768768768768851e+01 1.626512261467444320e-01
1.269769769769769852e+01 1.630597179185830081e-01
1.270770770770770852e+01 1.634707477761318251e-01
1.271771771771771853e+01 1.638822668448576547e-01
1.272772772772772854e+01 1.642937859135834566e-01
1.273773773773773854e+01 1.647076960497561582e-01
1.274774774774774855e+01 1.651222587379408413e-01
1.275775775775775855e+01 1.655368214261255522e-01
1.276776776776776856e+01 1.659536262067493606e-01
1.277777777777777857e+01 1.663712485188957313e-01
1.278778778778778857e+01 1.667888708310421020e-01
1.279779779779779858e+01 1.672085843523304083e-01
1.280780780780780859e+01 1.676292819720384686e-01
1.281781781781781859e+01 1.680499795917465289e-01
1.282782782782782860e+01 1.684726156781438389e-01
1.283783783783783861e+01 1.688964039654049232e-01
1.284784784784784861e+01 1.693201922526660075e-01
1.285785785785785862e+01 1.697457644547869793e-01
1.286786786786786863e+01 1.701726584434058442e-01
1.287787787787787863e+01 1.705995524320246814e-01
1.288788788788788864e+01 1.710280740246875042e-01
1.289789789789789864e+01 1.714580884198324273e-01
1.290790790790790865e+01 1.718881028149773504e-01
1.291791791791791866e+01 1.723195867953294658e-01
1.292792792792792866e+01 1.727527359712064670e-01
1.293793793793793867e+01 1.731858851470834959e-01
1.294794794794794868e+01 1.736203442328197732e-01
1.295795795795795868e+01 1.740566422304738181e-01
1.296796796796796869e+01 1.744929402281279185e-01
1.297797797797797870e+01 1.749303868558008956e-01
1.298798798798798870e+01 1.753698473810400005e-01
1.299799799799799871e+01 1.758093079062791331e-01
1.300800800800800872e+01 1.762497542296998787e-01
1.301801801801801872e+01 1.766923906511426168e-01
1.302802802802802873e+01 1.771350270725853826e-01
1.303803803803803874e+01 1.775784849613148142e-01
1.304804804804804874e+01 1.780243103085600020e-01
1.305805805805805875e+01 1.784701356558051621e-01
1.306806806806806875e+01 1.789166166937350699e-01
1.307807807807807876e+01 1.793656436556517186e-01
1.308808808808808877e+01 1.798146706175683396e-01
1.309809809809809877e+01 1.802641861015905900e-01
1.310810810810810878e+01 1.807164270247282600e-01
1.311811811811811879e+01 1.811686679478659578e-01
1.312812812812812879e+01 1.816212288866304869e-01
1.313813813813813880e+01 1.820766957737481317e-01
1.314814814814814881e+01 1.825321626608657488e-01
1.315815815815815881e+01 1.829877797736253753e-01
1.316816816816816882e+01 1.834464842823366193e-01
1.317817817817817883e+01 1.839051887910478911e-01
1.318818818818818883e+01 1.843638932997591351e-01
1.319819819819819884e+01 1.848258259481254939e-01
1.320820820820820884e+01 1.852877793896619552e-01
1.321821821821821885e+01 1.857497328311984164e-01
1.322822822822822886e+01 1.862147531834097980e-01
1.323823823823823886e+01 1.866799665214969595e-01
1.324824824824824887e+01 1.871451798595841209e-01
1.325825825825825888e+01 1.876132974121154651e-01
1.326826826826826888e+01 1.880817812619640927e-01
1.327827827827827889e+01 1.885502651118127204e-01
1.328828828828828890e+01 1.890214890670798009e-01
1.329829829829829890e+01 1.894932536944888279e-01
1.330830830830830891e+01 1.899650183218978550e-01
1.331831831831831892e+01 1.904393575876363320e-01
1.332832832832832892e+01 1.909144129082067376e-01
1.333833833833833893e+01 1.913894682287771432e-01
1.334834834834834894e+01 1.918669314175027174e-01
1.335835835835835894e+01 1.923452869959612899e-01
1.336836836836836895e+01 1.928236425744198346e-01
1.337837837837837895e+01 1.933042380029683094e-01
1.338838838838838896e+01 1.937859030525998505e-01
1.339839839839839897e+01 1.942675681022313916e-01
1.340840840840840897e+01 1.947513037913764788e-01
1.341841841841841898e+01 1.952362871735617567e-01
1.342842842842842899e+01 1.957212705557470345e-01
1.343843843843843899e+01 1.962081542298979853e-01
1.344844844844844900e+01 1.966964644537598506e-01
1.345845845845845901e+01 1.971847746776217158e-01
1.346846846846846901e+01 1.976748137645960024e-01
1.347847847847847902e+01 1.981664589867457305e-01
1.348848848848848903e+01 1.986581042088954863e-01
1.349849849849849903e+01 1.991513058397683389e-01
1.350850850850850904e+01 1.996462938641584972e-01
1.351851851851851904e+01 2.001412818885486278e-01
1.352852852852852905e+01 2.006376528975776230e-01
1.353853853853853906e+01 2.011359911754533047e-01
1.354854854854854906e+01 2.016343294533290142e-01
1.355855855855855907e+01 2.021338763779518544e-01
1.356856856856856908e+01 2.026355720079031086e-01
1.357857857857857908e+01 2.031372676378543074e-01
1.358858858858858909e+01 2.036399967187605964e-01
1.359859859859859910e+01 2.041450564468728912e-01
1.360860860860860910e+01 2.046501161749851583e-01
1.361861861861861911e+01 2.051560333562592597e-01
1.362862862862862912e+01 2.056644635763598405e-01
1.363863863863863912e+01 2.061728937964603936e-01
1.364864864864864913e+01 2.066820047257952320e-01
1.365865865865865914e+01 2.071938114797959585e-01
1.366866866866866914e+01 2.077056182337967127e-01
1.367867867867867915e+01 2.082179282627781569e-01
1.368868868868868915e+01 2.087331172411117097e-01
1.369869869869869916e+01 2.092483062194452625e-01
1.370870870870870917e+01 2.097638204039049548e-01
1.371871871871871917e+01 2.102823969460524689e-01
1.372872872872872918e+01 2.108009734881999830e-01
1.373873873873873919e+01 2.113196965886354473e-01
1.374874874874874919e+01 2.118416656837456558e-01
1.375875875875875920e+01 2.123636347788558920e-01
1.376876876876876921e+01 2.128856038739661005e-01
1.377877877877877921e+01 2.134109375485157556e-01
1.378878878878878922e+01 2.139363038361132840e-01
1.379879879879879923e+01 2.144616701237108403e-01
1.380880880880880923e+01 2.149902256419414237e-01
1.381881881881881924e+01 2.155189934127226536e-01
1.382882882882882924e+01 2.160477611835039113e-01
1.383883883883883925e+01 2.165795420751503719e-01
1.384884884884884926e+01 2.171117152718642918e-01
1.385885885885885926e+01 2.176438884685781838e-01
1.386886886886886927e+01 2.181788979713481791e-01
1.387887887887887928e+01 2.187144801897641100e-01
1.388888888888888928e+01 2.192500624081800409e-01
1.389889889889889929e+01 2.197883034685793879e-01
1.390890890890890930e+01 2.203272979585346181e-01
1.391891891891891930e+01 2.208662924484898205e-01
1.392892892892892931e+01 2.214077677227102303e-01
1.393893893893893932e+01 2.219501773892419427e-01
1.394894894894894932e+01 2.224925870557736551e-01
1.395895895895895933e+01 2.230372989106379211e-01
1.396896896896896934e+01 2.235831263151930037e-01
1.397897897897897934e+01 2.241289537197481141e-01
1.398898898898898935e+01 2.246769042337135036e-01
1.399899899899899935e+01 2.252261515954371851e-01
1.400900900900900936e+01 2.257753989571608944e-01
1.401901901901901937e+01 2.263265899213794952e-01
1.402902902902902937e+01 2.268792591184815022e-01
1.403903903903903938e+01 2.274319283155835092e-01
1.404904904904904939e+01 2.279863612350176705e-01
1.405905905905905939e+01 2.285424538062115485e-01
1.406906906906906940e+01 2.290985463774054542e-01
1.407907907907907941e+01 2.296562224719982392e-01
1.408908908908908941e+01 2.302157396180167237e-01
1.409909909909909942e+01 2.307752567640351804e-01
1.410910910910910943e+01 2.313361769699344428e-01
1.411911911911911943e+01 2.318991195551150242e-01
1.412912912912912944e+01 2.324620621402955500e-01
1.413913913913913944e+01 2.330262271111299688e-01
1.414914914914914945e+01 2.335925956650712065e-01
1.415915915915915946e+01 2.341589642190124720e-01
1.416916916916916946e+01 2.347263743272191561e-01
1.417917917917917947e+01 2.352961690465072420e-01
1.418918918918918948e+01 2.358659637657953279e-01
1.419919919919919948e+01 2.364366191039982690e-01
1.420920920920920949e+01 2.370098398539983442e-01
1.421921921921921950e+01 2.375830606039984194e-01
1.422922922922922950e+01 2.381569609864350179e-01
1.423923923923923951e+01 2.387336073031513517e-01
1.424924924924924952e+01 2.393102536198676578e-01
1.425925925925925952e+01 2.398873985838649858e-01
1.426926926926926953e+01 2.404674696758626051e-01
1.427927927927927954e+01 2.410475407678602522e-01
1.428928928928928954e+01 2.416279295753568368e-01
1.429929929929929955e+01 2.422114243257481869e-01
1.430930930930930955e+01 2.427949190761394815e-01
1.431931931931931956e+01 2.433785507152547989e-01
1.432932932932932957e+01 2.439654676837452463e-01
1.433933933933933957e+01 2.445523846522356937e-01
1.434934934934934958e+01 2.451393016207261411e-01
1.435935935935935959e+01 2.457295952638784697e-01
1.436936936936936959e+01 2.463199326888740881e-01
1.437937937937937960e+01 2.469102701138696787e-01
1.438938938938938961e+01 2.475038016691901155e-01
1.439939939939939961e+01 2.480975574699614550e-01
1.440940940940940962e+01 2.486913132707327945e-01
1.441941941941941963e+01 2.492880805978250069e-01
1.442942942942942963e+01 2.498852523767280676e-01
1.443943943943943964e+01 2.504824241556311004e-01
1.444944944944944965e+01 2.510824248492707356e-01
1.445945945945945965e+01 2.516830098940239790e-01
1.446946946946946966e+01 2.522835949387772225e-01
1.447947947947947966e+01 2.528868263307482156e-01
1.448948948948948967e+01 2.534908216167615080e-01
1.449949949949949968e+01 2.540948169027748005e-01
1.450950950950950968e+01 2.547012760637455964e-01
1.451951951951951969e+01 2.553086782565032742e-01
1.452952952952952970e+01 2.559160804492608965e-01
1.453953953953953970e+01 2.565257641906967256e-01
1.454954954954954971e+01 2.571365696481890950e-01
1.455955955955955972e+01 2.577473751056815199e-01
1.456956956956956972e+01 2.583602799817937279e-01
1.457957957957957973e+01 2.589744847569995789e-01
1.458958958958958974e+01 2.595886895322053745e-01
1.459959959959959974e+01 2.602048118419365563e-01
1.460960960960960975e+01 2.608224116853529728e-01
1.461961961961961975e+01 2.614400115287692783e-01
1.462962962962962976e+01 2.620593473178116084e-01
1.463963963963963977e+01 2.626803376800285195e-01
1.464964964964964977e+01 2.633013280422454305e-01
1.465965965965965978e+01 2.639238731050930209e-01
1.466966966966966979e+01 2.645482491394150482e-01
1.467967967967967979e+01 2.651726251737370199e-01
1.468968968968968980e+01 2.657983750557714187e-01
1.469969969969969981e+01 2.664261316208818564e-01
1.470970970970970981e+01 2.670538881859922387e-01
1.471971971971971982e+01 2.676828381855979599e-01
1.472972972972972983e+01 2.683139698482632229e-01
1.473973973973973983e+01 2.689451015109284304e-01
1.474974974974974984e+01 2.695772466816397928e-01
1.475975975975975985e+01 2.702117477194583839e-01
1.476976976976976985e+01 2.708462487572770305e-01
1.477977977977977986e+01 2.714815839099547490e-01
1.478978978978978986e+01 2.721194483141408105e-01
1.479979979979979987e+01 2.727573127183267609e-01
1.480980980980980988e+01 2.733958324233619619e-01
1.481981981981981988e+01 2.740370539015702933e-01
1.482982982982982989e+01 2.746782753797786802e-01
1.483983983983983990e+01 2.753199739693262260e-01
1.484984984984984990e+01 2.759645459485119412e-01
1.485985985985985991e+01 2.766091179276976564e-01
1.486986986986986992e+01 2.772539894979347830e-01
1.487987987987987992e+01 2.779019051272478280e-01
1.488988988988988993e+01 2.785498207565608175e-01
1.489989989989989994e+01 2.791978591699718626e-01
1.490990990990990994e+01 2.798491113236868388e-01
1.491991991991991995e+01 2.805003634774018151e-01
1.492992992992992995e+01 2.811516156311167913e-01
1.493993993993993996e+01 2.818061436455651103e-01
1.494994994994994997e+01 2.824607249260415176e-01
1.495995995995995997e+01 2.831153062065179804e-01
1.496996996996996998e+01 2.837729804307324577e-01
1.497997997997997999e+01 2.844308831714086883e-01
1.498998998998998999e+01 2.850887859120849188e-01
1.500000000000000000e+01 2.857495992555254549e-01
