5.000000000000000000e+00 1.356941849179611574e-02
5.010010010010010006e+00 1.368140596647925492e-02
5.020020020020020013e+00 1.379422414840380563e-02
5.030030030030030019e+00 1.390812041729975156e-02
5.040040040040040026e+00 1.402201668619569574e-02
5.050050050050050032e+00 1.413661477983157305e-02
5.060060060060060039e+00 1.425239818166630125e-02
5.070070070070070045e+00 1.436818158350103118e-02
5.080080080080080052e+00 1.448454050111032572e-02
5.090090090090090058e+00 1.460218882768441612e-02
5.100100100100100065e+00 1.471983715425850651e-02
5.110110110110110071e+00 1.483793737153944227e-02
5.120120120120120077e+00 1.495742789422787461e-02
5.130130130130130084e+00 1.507691841691630695e-02
5.140140140140140090e+00 1.519673999267913064e-02
5.150150150150150097e+00 1.531804948830379175e-02
5.160160160160160103e+00 1.543935898392845285e-02
5.170170170170170110e+00 1.556088157934185957e-02
5.180180180180180116e+00 1.568398635541088521e-02
5.190190190190190123e+00 1.580709113147991257e-02
5.200200200200200129e+00 1.593029402888451046e-02
5.210210210210210136e+00 1.605516994819496113e-02
5.220220220220220142e+00 1.618004586750541179e-02
5.230230230230230148e+00 1.630492178681586246e-02
5.240240240240240155e+00 1.643153049339602517e-02
5.250250250250250161e+00 1.655815299800000515e-02
5.260260260260260168e+00 1.668477550260398859e-02
5.270270270270270174e+00 1.681299705708968681e-02
5.280280280280280181e+00 1.694134119162660906e-02
5.290290290290290187e+00 1.706968532616353479e-02
5.300300300300300194e+00 1.719949760823186874e-02
5.310310310310310200e+00 1.732953804263177508e-02
5.320320320320320207e+00 1.745957847703168142e-02
5.330330330330330213e+00 1.759095908052189100e-02
5.340340340340340219e+00 1.772267013208746883e-02
5.350350350350350226e+00 1.785438118365304666e-02
5.360360360360360232e+00 1.798730743260494938e-02
5.370370370370370239e+00 1.812066308748128823e-02
5.380380380380380245e+00 1.825401874235763056e-02
5.390390390390390252e+00 1.838846770663909655e-02
5.400400400400400258e+00 1.852344164068229007e-02
5.410410410410410265e+00 1.865841557472548359e-02
5.420420420420420271e+00 1.879436408525670191e-02
5.430430430430430278e+00 1.893092968431381307e-02
5.440440440440440284e+00 1.906749528337092769e-02
5.450450450450450290e+00 1.920491994695380095e-02
5.460460460460460297e+00 1.934305032656786008e-02
5.470470470470470303e+00 1.948118070618191228e-02
5.480480480480480310e+00 1.962005791994381881e-02
5.490490490490490316e+00 1.975972594449889111e-02
5.500500500500500323e+00 1.989939396905395994e-02
5.510510510510510329e+00 2.003969993451532386e-02
5.520520520520520336e+00 2.018087823583719978e-02
5.530530530530530342e+00 2.032205653715907223e-02
5.540540540540540349e+00 2.046376727393492065e-02
5.550550550550550355e+00 2.060642826936422145e-02
5.560560560560560361e+00 2.074908926479351878e-02
5.570570570570570368e+00 2.089218062393935135e-02
5.580580580580580374e+00 2.103629653389377935e-02
5.590590590590590381e+00 2.118041244384820387e-02
5.600600600600600387e+00 2.132486012086086749e-02
5.610610610610610394e+00 2.147040298590447566e-02
5.620620620620620400e+00 2.161594585094808729e-02
5.630630630630630407e+00 2.176172539843265752e-02
5.640640640640640413e+00 2.190866709586967651e-02
5.650650650650650419e+00 2.205560879330669202e-02
5.660660660660660426e+00 2.220269563332031432e-02
5.670670670670670432e+00 2.235100789333154328e-02
5.680680680680680439e+00 2.249932015334277224e-02
5.690690690690690445e+00 2.264768958942660684e-02
5.700700700700700452e+00 2.279734401076664169e-02
5.710710710710710458e+00 2.294699843210666959e-02
5.720720720720720465e+00 2.309665285344670096e-02
5.730730730730730471e+00 2.324759372629026447e-02
5.740740740740740478e+00 2.339856179156324031e-02
5.750750750750750484e+00 2.354952985683621269e-02
5.760760760760760490e+00 2.370167500524637469e-02
5.770770770770770497e+00 2.385392809577828802e-02
5.780780780780780503e+00 2.400618118631020134e-02
5.790790790790790510e+00 2.415950554072983023e-02
5.800800800800800516e+00 2.431301495105500643e-02
5.810810810810810523e+00 2.446652436138018263e-02
5.820820820820820529e+00 2.462100279308695669e-02
5.830830830830830536e+00 2.477573974506603813e-02
5.840840840840840542e+00 2.493047669704512651e-02
5.850850850850850549e+00 2.508608402843962026e-02
5.860860860860860555e+00 2.524201968502607502e-02
5.870870870870870561e+00 2.539795534161252977e-02
5.880880880880880568e+00 2.555466635627708788e-02
5.890890890890890574e+00 2.571177183494879545e-02
5.900900900900900581e+00 2.586887731362049955e-02
5.910910910910910587e+00 2.602666676615881039e-02
5.920920920920920594e+00 2.618491315203086076e-02
5.930930930930930600e+00 2.634315953790290765e-02
5.940940940940940607e+00 2.650200216357013333e-02
5.950950950950950613e+00 2.666136052220453509e-02
5.960960960960960620e+00 2.682071888083893685e-02
5.970970970970970626e+00 2.698058940497169086e-02
5.980980980980980632e+00 2.714103079489887244e-02
5.990990990990990639e+00 2.730147218482605054e-02
6.001001001001000645e+00 2.746234533208144132e-02
6.011011011011010652e+00 2.762384081704820013e-02
6.021021021021020658e+00 2.778533630201495894e-02
6.031031031031030665e+00 2.794718680542742154e-02
6.041041041041040671e+00 2.810970746638524059e-02
6.051051051051050678e+00 2.827222812734305618e-02
6.061061061061060684e+00 2.843503073720747218e-02
6.071071071071070691e+00 2.859854768405433595e-02
6.081081081081080697e+00 2.876206463090119972e-02
6.091091091091090703e+00 2.892579412349035109e-02
6.101101101101100710e+00 2.909027850657884551e-02
6.111111111111110716e+00 2.925476288966733646e-02
6.121121121121120723e+00 2.941939407579145446e-02
6.131131131131130729e+00 2.958481709721512420e-02
6.141141141141140736e+00 2.975024011863879048e-02
6.151151151151150742e+00 2.991574785205463466e-02
6.161161161161160749e+00 3.008208077672401212e-02
6.171171171171170755e+00 3.024841370139338612e-02
6.181181181181180762e+00 3.041477288706986859e-02
6.191191191191190768e+00 3.058198705358857253e-02
6.201201201201200774e+00 3.074920122010727647e-02
6.211211211211210781e+00 3.091641538662598387e-02
6.221221221221220787e+00 3.108445365370571256e-02
6.231231231231230794e+00 3.125252048505734043e-02
6.241241241241240800e+00 3.142058731640898217e-02
6.251251251251250807e+00 3.158939854957785315e-02
6.261261261261260813e+00 3.175828956363237199e-02
6.271271271271270820e+00 3.192718057768688389e-02
6.281281281281280826e+00 3.209673998902789344e-02
6.291291291291290833e+00 3.226642680887654296e-02
6.301301301301300839e+00 3.243611362872519249e-02
6.311311311311310845e+00 3.260639652346049300e-02
6.321321321321320852e+00 3.277685088758759691e-02
6.331331331331330858e+00 3.294730525171471469e-02
6.341341341341340865e+00 3.311828703569074522e-02
6.351351351351350871e+00 3.328948080798961595e-02
6.361361361361360878e+00 3.346067458028848668e-02
6.371371371371370884e+00 3.363233076735906019e-02
6.381381381381380891e+00 3.380423594699899503e-02
6.391391391391390897e+00 3.397614112663893682e-02
6.401401401401400904e+00 3.414844734595025300e-02
6.411411411411410910e+00 3.432103607710097065e-02
6.421421421421420916e+00 3.449362480825168137e-02
6.431431431431430923e+00 3.466655681143287343e-02
6.441441441441440929e+00 3.483980139285196981e-02
6.451451451451450936e+00 3.501304597427106619e-02
6.461461461461460942e+00 3.518657964253361914e-02
6.471471471471470949e+00 3.536045253702260055e-02
6.481481481481480955e+00 3.553432543151159584e-02
6.491491491491490962e+00 3.570843678266057836e-02
6.501501501501500968e+00 3.588291062639351742e-02
6.511511511511510975e+00 3.605738447012646342e-02
6.521521521521520981e+00 3.623204966548619621e-02
6.531531531531530987e+00 3.640709727721549993e-02
6.541541541541540994e+00 3.658214488894481059e-02
6.551551551551551000e+00 3.675734024020147622e-02
6.561561561561561007e+00 3.693293463034436758e-02
6.571571571571571013e+00 3.710852902048726587e-02
6.581581581581581020e+00 3.728423099645059025e-02
6.591591591591591026e+00 3.746034537605904408e-02
6.601601601601601033e+00 3.763645975566749791e-02
6.611611611611611927e+00 3.781264498895323123e-02
6.621621621621621934e+00 3.798925277857045230e-02
6.631631631631631940e+00 3.816586056818767336e-02
6.641641641641641947e+00 3.834250586182257059e-02
6.651651651651651953e+00 3.851958070022783870e-02
6.661661661661661959e+00 3.869665553863310681e-02
6.671671671671671966e+00 3.887373787258383701e-02
6.681681681681681972e+00 3.905125362542764822e-02
6.691691691691691979e+00 3.922876937827147331e-02
6.701701701701701985e+00 3.940628513111529146e-02
6.711711711711711992e+00 3.958419668422918231e-02
6.721721721721721998e+00 3.976212745256013648e-02
6.731731731731732005e+00 3.994005822089108371e-02
6.741741741741742011e+00 4.011833567568039854e-02
6.751751751751752018e+00 4.029665580436441602e-02
6.761761761761762024e+00 4.047497593304843350e-02
6.771771771771772030e+00 4.065359709085592660e-02
6.781781781781782037e+00 4.083228117688909864e-02
6.791791791791792043e+00 4.101096526292227068e-02
6.801801801801802050e+00 4.118990813560906988e-02
6.811811811811812056e+00 4.136893103632361540e-02
6.821821821821822063e+00 4.154795393703815398e-02
6.831831831831832069e+00 4.172719675303745990e-02
6.841841841841842076e+00 4.190653359420135754e-02
6.851851851851852082e+00 4.208587043536524130e-02
6.861861861861862089e+00 4.226539164566307100e-02
6.871871871871872095e+00 4.244501782947281143e-02
6.881881881881882101e+00 4.262464401328255881e-02
6.891891891891892108e+00 4.280442229732496495e-02
6.901901901901902114e+00 4.298431351029075725e-02
6.911911911911912121e+00 4.316420472325655650e-02
6.921921921921922127e+00 4.334421899478298201e-02
6.931931931931932134e+00 4.352435121550558839e-02
6.941941941941942140e+00 4.370448343622820864e-02
6.951951951951952147e+00 4.388471284903028291e-02
6.961961961961962153e+00 4.406506235586840625e-02
6.971971971971972160e+00 4.424541186270652265e-02
6.981981981981982166e+00 4.442583581631153605e-02
6.991991991991992172e+00 4.460637919493842807e-02
7.002002002002002179e+00 4.478692257356533396e-02
7.012012012012012185e+00 4.496752071884340535e-02
7.022022022022022192e+00 4.514823486969100907e-02
7.032032032032032198e+00 4.532894902053860586e-02
7.042042042042042205e+00 4.550970126523270348e-02
7.052052052052052211e+00 4.569056341082197020e-02
7.062062062062062218e+00 4.587142555641122998e-02
7.072072072072072224e+00 4.605231207058888693e-02
7.082082082082082231e+00 4.623329976274381109e-02
7.092092092092092237e+00 4.641428745489874219e-02
7.102102102102102243e+00 4.659528867632409255e-02
7.112112112112112250e+00 4.677637980326822958e-02
7.122122122122122256e+00 4.695747093021235274e-02
7.132132132132132263e+00 4.713856756963769740e-02
7.142142142142142269e+00 4.731974036297011132e-02
7.152152152152152276e+00 4.750091315630252525e-02
7.162162162162162282e+00 4.768208620267744974e-02
7.172172172172172289e+00 4.786331924422657785e-02
7.182182182182182295e+00 4.804455228577570597e-02
7.192192192192192302e+00 4.822578532732482715e-02
7.202202202202202308e+00 4.840705523992559073e-02
7.212212212212212314e+00 4.858832746847825679e-02
7.222222222222222321e+00 4.876959969703092979e-02
7.232232232232232327e+00 4.895088815183748499e-02
7.242242242242242334e+00 4.913217886974052123e-02
7.252252252252252340e+00 4.931346958764355748e-02
7.262262262262262347e+00 4.949475880864290245e-02
7.272272272272272353e+00 4.967604768827540290e-02
7.282282282282282360e+00 4.985733656790791030e-02
7.292292292292292366e+00 5.003860908361108806e-02
7.302302302302302373e+00 5.021987617372385831e-02
7.312312312312312379e+00 5.040114326383662163e-02
7.322322322322322385e+00 5.058238191192047234e-02
7.332332332332332392e+00 5.076360764384082319e-02
7.342342342342342398e+00 5.094483337576117404e-02
7.352352352352352405e+00 5.112602130761605829e-02
7.362362362362362411e+00 5.130718650131497333e-02
7.372372372372372418e+00 5.148835169501389530e-02
7.382382382382382424e+00 5.166947238019586192e-02
7.392392392392392431e+00 5.185055825021459702e-02
7.402402402402402437e+00 5.203164412023333907e-02
7.412412412412412444e+00 5.221268135081902351e-02
7.422422422422422450e+00 5.239366951205300105e-02
7.432432432432432456e+00 5.257465767328697859e-02
7.442442442442442463e+00 5.275559556812971923e-02
7.452452452452452469e+00 5.293646804146673324e-02
7.462462462462462476e+00 5.311734051480374030e-02
7.472472472472472482e+00 5.329816352368903914e-02
7.482482482482482489e+00 5.347890274149880857e-02
7.492492492492492495e+00 5.365964195930857106e-02
7.502502502502502502e+00 5.384033486700730287e-02
7.512512512512512508e+00 5.402092367848045779e-02
7.522522522522522515e+00 5.420151248995361271e-02
7.532532532532532521e+00 5.438206042017154629e-02
7.542542542542542527e+00 5.456248209650480657e-02
7.552552552552552534e+00 5.474290377283805992e-02
7.562562562562562540e+00 5.492329219205989432e-02
7.572572572572572547e+00 5.510353043148515789e-02
7.582582582582582553e+00 5.528376867091042146e-02
7.592592592592592560e+00 5.546398339213674811e-02
7.602602602602602566e+00 5.564402232479139648e-02
7.612612612612612573e+00 5.582406125744605180e-02
7.622622622622622579e+00 5.600408844382169515e-02
7.632632632632632586e+00 5.618391263645801381e-02
7.642642642642642592e+00 5.636373682909432553e-02
7.652652652652652598e+00 5.654356102173064419e-02
7.662662662662662605e+00 5.672315745795764030e-02
7.672672672672672611e+00 5.690275191848853664e-02
7.682682682682682618e+00 5.708234637901942604e-02
7.692692692692692624e+00 5.726171412453340964e-02
7.702702702702702631e+00 5.744106430641231220e-02
7.712712712712712637e+00 5.762041448829122170e-02
7.722722722722722644e+00 5.779954122708440972e-02
7.732732732732732650e+00 5.797863303351730863e-02
7.742742742742742657e+00 5.815772483995020059e-02
7.752752752752752663e+00 5.833659862359871773e-02
7.762762762762762669e+00 5.851541841158572343e-02
7.772772772772772676e+00 5.869423819957273608e-02
7.782782782782782682e+00 5.887284745012780901e-02
7.792792792792792689e+00 5.905138203433273059e-02
7.802802802802802695e+00 5.922991661853764522e-02
7.812812812812812702e+00 5.940825013129769766e-02
7.822822822822822708e+00 5.958648678774314950e-02
7.832832832832832715e+00 5.976472344418859439e-02
7.842842842842842721e+00 5.994277039035114663e-02
7.852852852852852727e+00 6.012069685993770563e-02
7.862862862862862734e+00 6.029862332952427156e-02
7.872872872872872740e+00 6.047637325871656200e-02
7.882882882882882747e+00 6.065397775056415725e-02
7.892892892892892753e+00 6.083158224241175943e-02
7.902902902902902760e+00 6.100902508509895711e-02
7.912912912912912766e+00 6.118629627970861851e-02
7.922922922922922773e+00 6.136356747431828684e-02
7.932932932932932779e+00 6.154069354408847614e-02
7.942942942942942786e+00 6.171762059632329017e-02
7.952952952952952792e+00 6.189454764855811114e-02
7.962962962962962798e+00 6.207134764428298701e-02
7.972972972972972805e+00 6.224792018616639999e-02
7.982982982982982811e+00 6.242449272804982685e-02
7.992992992992992818e+00 6.260095773592033730e-02
8.003003003003001936e+00 6.277716587925101510e-02
8.013013013013011943e+00 6.295337402258169290e-02
8.023023023023021949e+00 6.312949551801791404e-02
8.033033033033031955e+00 6.330532985679949987e-02
8.043043043043041962e+00 6.348116419558108570e-02
8.053053053053051968e+00 6.365693404501546193e-02
8.063063063063061975e+00 6.383238565770073258e-02
8.073073073073071981e+00 6.400783727038601711e-02
8.083083083083081988e+00 6.418324773291964047e-02
8.093093093093091994e+00 6.435830818446744428e-02
8.103103103103102001e+00 6.453336863601524809e-02
8.113113113113112007e+00 6.470841236494610793e-02
8.123123123123122014e+00 6.488307370869098034e-02
8.133133133133132020e+00 6.505773505243583887e-02
8.143143143143142026e+00 6.523239639618069741e-02
8.153153153153152033e+00 6.540665987599250664e-02
8.163163163163162039e+00 6.558091465532592257e-02
8.173173173173172046e+00 6.575516943465932462e-02
8.183183183183182052e+00 6.592904571046825923e-02
8.193193193193192059e+00 6.610288696033100875e-02
8.203203203203202065e+00 6.627672821019378602e-02
8.213213213213213848e+00 6.645021161862768588e-02
8.223223223223223854e+00 6.662363286681333152e-02
8.233233233233233861e+00 6.679705411499897716e-02
8.243243243243243867e+00 6.697013939282384087e-02
8.253253253253253874e+00 6.714313466109218809e-02
8.263263263263263880e+00 6.731612992936052142e-02
8.273273273273273887e+00 6.748881221417511733e-02
8.283283283283283893e+00 6.766137601917664168e-02
8.293293293293293900e+00 6.783393982417819379e-02
8.303303303303303906e+00 6.800621465497841411e-02
8.313313313313313913e+00 6.817834200898871544e-02
8.323323323323323919e+00 6.835046936299900289e-02
8.333333333333333925e+00 6.852233268061315441e-02
8.343343343343343932e+00 6.869401909207814572e-02
8.353353353353353938e+00 6.886570550354312314e-02
8.363363363363363945e+00 6.903715365093761325e-02
8.373373373373373951e+00 6.920839512482937494e-02
8.383383383383383958e+00 6.937963659872110889e-02
8.393393393393393964e+00 6.955066632117706815e-02
8.403403403403403971e+00 6.972145935916075621e-02
8.413413413413413977e+00 6.989225239714443039e-02
8.423423423423423984e+00 7.006286084230543831e-02
8.433433433433433990e+00 7.023320244271838431e-02
8.443443443443443996e+00 7.040354404313133030e-02
8.453453453453454003e+00 7.057372876092277147e-02
8.463463463463464009e+00 7.074361641856516392e-02
8.473473473473474016e+00 7.091350407620755636e-02
8.483483483483484022e+00 7.108326301862775976e-02
8.493493493493494029e+00 7.125269472436726592e-02
8.503503503503504035e+00 7.142212643010675821e-02
8.513513513513514042e+00 7.159145795089082165e-02
8.523523523523524048e+00 7.176043219108038662e-02
8.533533533533534055e+00 7.192940643126995159e-02
8.543543543543544061e+00 7.209830928542627915e-02
8.553553553553554067e+00 7.226682504113768335e-02
8.563563563563564074e+00 7.243534079684908755e-02
8.573573573573574080e+00 7.260381414006993051e-02
8.583583583583584087e+00 7.277187088614309185e-02
8.593593593593594093e+00 7.293992763221626707e-02
8.603603603603604100e+00 7.310797102016249049e-02
8.613613613613614106e+00 7.327556872407232913e-02
8.623623623623624113e+00 7.344316642798218164e-02
8.633633633633634119e+00 7.361076413189202028e-02
8.643643643643644126e+00 7.377791893598525941e-02
8.653653653653654132e+00 7.394505805652730468e-02
8.663663663663664138e+00 7.411219717706936383e-02
8.673673673673674145e+00 7.427892328225366159e-02
8.683683683683684151e+00 7.444560476805026084e-02
8.693693693693694158e+00 7.461228625384688784e-02
8.703703703703704164e+00 7.477858489830813138e-02
8.713713713713714171e+00 7.494481018613600998e-02
8.723723723723724177e+00 7.511103547396387470e-02
8.733733733733734184e+00 7.527690828990785121e-02
8.743743743743744190e+00 7.544267930284992429e-02
8.753753753753754197e+00 7.560845031579198350e-02
8.763763763763764203e+00 7.577389932793940353e-02
8.773773773773774209e+00 7.593921847336163045e-02
8.783783783783784216e+00 7.610453761878385737e-02
8.793793793793794222e+00 7.626956524274754179e-02
8.803803803803804229e+00 7.643443541010330744e-02
8.813813813813814235e+00 7.659930557745907309e-02
8.823823823823824242e+00 7.676391461800427529e-02
8.833833833833834248e+00 7.692833917646832442e-02
8.843843843843844255e+00 7.709276373493234580e-02
8.853853853853854261e+00 7.725695738412172164e-02
8.863863863863864268e+00 7.742094018005529765e-02
8.873873873873874274e+00 7.758492297598888754e-02
8.883883883883884280e+00 7.774870481121312626e-02
8.893893893893894287e+00 7.791225016546329818e-02
8.903903903903904293e+00 7.807579551971348397e-02
8.913913913913914300e+00 7.823916950160940409e-02
8.923923923923924306e+00 7.840228220664406666e-02
8.933933933933934313e+00 7.856539491167874312e-02
8.943943943943944319e+00 7.872836538193614397e-02
8.953953953953954326e+00 7.889105069881799381e-02
8.963963963963964332e+00 7.905373601569982978e-02
8.973973973973974338e+00 7.921630769475866696e-02
8.983983983983984345e+00 7.937857134995957020e-02
8.993993993993994351e+00 7.954083500516047345e-02
9.004004004004004358e+00 7.970301298979964866e-02
9.014014014014014364e+00 7.986486117185928602e-02
9.024024024024024371e+00 8.002670935391895113e-02
9.034034034034034377e+00 8.018849911473897862e-02
9.044044044044044384e+00 8.034993847076905837e-02
9.054054054054054390e+00 8.051137782679915200e-02
9.064064064064064397e+00 8.067278520559946486e-02
9.074074074074074403e+00 8.083382283763740350e-02
9.084084084084084409e+00 8.099486046967534214e-02
9.094094094094094416e+00 8.115589167672884741e-02
9.104104104104104422e+00 8.131653513794277754e-02
9.114114114114114429e+00 8.147717859915670768e-02
9.124124124124124435e+00 8.163782206037062394e-02
9.134134134134134442e+00 8.179809750113140043e-02
9.144144144144144448e+00 8.195835479188030848e-02
9.154154154154154455e+00 8.211861208262920264e-02
9.164164164164164461e+00 8.227853330966815315e-02
9.174174174174174468e+00 8.243841287341921453e-02
9.184184184184184474e+00 8.259829243717030367e-02
9.194194194194194480e+00 8.275786718770716810e-02
9.204204204204204487e+00 8.291737790681373566e-02
9.214214214214214493e+00 8.307688862592031709e-02
9.224224224224224500e+00 8.323612498939096660e-02
9.234234234234234506e+00 8.339527618073457049e-02
9.244244244244244513e+00 8.355442737207816051e-02
9.254254254254254519e+00 8.371333378678637305e-02
9.264264264264264526e+00 8.387213519728488331e-02
9.274274274274274532e+00 8.403093660778339358e-02
9.284284284284284539e+00 8.418952185746389483e-02
9.294294294294294545e+00 8.434798365945021803e-02
9.304304304304304551e+00 8.450644546143654123e-02
9.314314314314314558e+00 8.466471867173099020e-02
9.324324324324324564e+00 8.482285145820461780e-02
9.334334334334334571e+00 8.498098424467824541e-02
9.344344344344344577e+00 8.513895487952612140e-02
9.354354354354354584e+00 8.529676965928122134e-02
9.364364364364364590e+00 8.545458443903633516e-02
9.374374374374374597e+00 8.561226229698283563e-02
9.384384384384384603e+00 8.576977048961610672e-02
9.394394394394394610e+00 8.592727868224937782e-02
9.404404404404404616e+00 8.608467389267257519e-02
9.414414414414414622e+00 8.624188732347418118e-02
9.424424424424424629e+00 8.639910075427577330e-02
9.434434434434434635e+00 8.655622377353476560e-02
9.444444444444444642e+00 8.671315466826566565e-02
9.454454454454454648e+00 8.687008556299656570e-02
9.464464464464464655e+00 8.702694717050293849e-02
9.474474474474474661e+00 8.718360815006237496e-02
9.484484484484484668e+00 8.734026912962181144e-02
9.494494494494494674e+00 8.749688042383677034e-02
9.504504504504504681e+00 8.765328449882289763e-02
9.514514514514514687e+00 8.780968857380903880e-02
9.524524524524524693e+00 8.796606096816775300e-02
9.534534534534534700e+00 8.812222153333509889e-02
9.544544544544544706e+00 8.827838209850244477e-02
9.554554554554554713e+00 8.843452731726823834e-02
9.564564564564564719e+00 8.859045814588550893e-02
9.574574574574574726e+00 8.874638897450277952e-02
9.584584584584584732e+00 8.890231904855327993e-02
9.594594594594594739e+00 8.905803428666514421e-02
9.604604604604604745e+00 8.921374952477700848e-02
9.614614614614614752e+00 8.936946476288888663e-02
9.624624624624624758e+00 8.952499094792036594e-02
9.634634634634634764e+00 8.968050510851639789e-02
9.644644644644644771e+00 8.983601926911242985e-02
9.654654654654654777e+00 8.999137014785794919e-02
9.664664664664664784e+00 9.014669810495241908e-02
9.674674674674674790e+00 9.030202606204690285e-02
9.684684684684684797e+00 9.045721491431418793e-02
9.694694694694694803e+00 9.061237189694065775e-02
9.704704704704704810e+00 9.076752887956711369e-02
9.714714714714714816e+00 9.092256926819741736e-02
9.724724724724724823e+00 9.107757085432094390e-02
9.734734734734734829e+00 9.123257244044444270e-02
9.744744744744744835e+00 9.138747820671225264e-02
9.754754754754754842e+00 9.154234031706325048e-02
9.764764764764764848e+00 9.169720242741426219e-02
9.774774774774774855e+00 9.185198768637602151e-02
9.784784784784784861e+00 9.200672657820969935e-02
9.794794794794794868e+00 9.216146547004340495e-02
9.804804804804804874e+00 9.231614460583668913e-02
9.814814814814814881e+00 9.247077686662041884e-02
9.824824824824824887e+00 9.262540912740414856e-02
9.834834834834834894e+00 9.277999678850007426e-02
9.844844844844844900e+00 9.293453932953364693e-02
9.854854854854854906e+00 9.308908187056721961e-02
9.864864864864864913e+00 9.324359296497800043e-02
9.874874874874874919e+00 9.339806301494935070e-02
9.884884884884884926e+00 9.355253306492071486e-02
9.894894894894894932e+00 9.370698275536469557e-02
9.904904904904904939e+00 9.386139785384518819e-02
9.914914914914914945e+00 9.401581295232566693e-02
9.924924924924924952e+00 9.417021665135201502e-02
9.934934934934934958e+00 9.432459464223436063e-02
9.944944944944944965e+00 9.447897263311672011e-02
9.954954954954954971e+00 9.463334599819178683e-02
9.964964964964964977e+00 9.478770502307455603e-02
9.974974974974974984e+00 9.494206404795733911e-02
9.984984984984984990e+00 9.509642297651513254e-02
9.994994994994994997e+00 9.525078146803703238e-02
1.000500500500500500e+01 9.540513995955890447e-02
1.001501501501501501e+01 9.555950058401772862e-02
1.002502502502502502e+01 9.571387725914524969e-02
1.003503503503503502e+01 9.586825393427275688e-02
1.004504504504504503e+01 9.602263261702005670e-02
1.005505505505505504e+01 9.617704647029190479e-02
1.006506506506506504e+01 9.633146032356373900e-02
1.007507507507507505e+01 9.648587417683558709e-02
1.008508508508508505e+01 9.664034394864329247e-02
1.009509509509509506e+01 9.679481424537518530e-02
1.010510510510510507e+01 9.694928454210706426e-02
1.011511511511511507e+01 9.710382529594041578e-02
1.012512512512512508e+01 9.725837156539331174e-02
1.013513513513513509e+01 9.741291783484620770e-02
1.014514514514514509e+01 9.756754684970513070e-02
1.015515515515515510e+01 9.772218887822067823e-02
1.016516516516516511e+01 9.787683090673621189e-02
1.017517517517517511e+01 9.803156566436070640e-02
1.018518518518518512e+01 9.818632348846684232e-02
1.019519519519519513e+01 9.834108131257297825e-02
1.020520520520520513e+01 9.849593949227508638e-02
1.021521521521521514e+01 9.865083339176561328e-02
1.022522522522522515e+01 9.880572729125612630e-02
1.023523523523523515e+01 9.896072676473602336e-02
1.024524524524524516e+01 9.911577725572666420e-02
1.025525525525525516e+01 9.927082774671729115e-02
1.026526526526526517e+01 9.942598657286570718e-02
1.027527527527527518e+01 9.958121440083092524e-02
1.028528528528528518e+01 9.973644222879614329e-02
1.029529529529529519e+01 9.989177864848490518e-02
1.030530530530530520e+01 1.000472047812776127e-01
1.031531531531531520e+01 1.002026309140703342e-01
1.032532532532532521e+01 1.003581633449331378e-01
1.033533533533533522e+01 1.005138089657912626e-01
1.034534534534534522e+01 1.006694545866494150e-01
1.035535535535535523e+01 1.008252016178547567e-01
1.036536536536536524e+01 1.009810881183974551e-01
1.037537537537537524e+01 1.011369746189401675e-01
1.038538538538538525e+01 1.012929550059583211e-01
1.039539539539539525e+01 1.014491039791749066e-01
1.040540540540540526e+01 1.016052529523914921e-01
1.041541541541541527e+01 1.017614856117573657e-01
1.042542542542542527e+01 1.019179188449919476e-01
1.043543543543543528e+01 1.020743520782265157e-01
1.044544544544544529e+01 1.022308560823004253e-01
1.045545545545545529e+01 1.023875955502357021e-01
1.046546546546546530e+01 1.025443350181709928e-01
1.047547547547547531e+01 1.027011295898991178e-01
1.048548548548548531e+01 1.028581974475414607e-01
1.049549549549549532e+01 1.030152653051838035e-01
1.050550550550550533e+01 1.031723698128600153e-01
1.051551551551551533e+01 1.033297883885296170e-01
1.052552552552552534e+01 1.034872069641992187e-01
1.053553553553553535e+01 1.036446409162303794e-01
1.054554554554554535e+01 1.038024327045586892e-01
1.055555555555555536e+01 1.039602244928870128e-01
1.056556556556556536e+01 1.041180162812153503e-01
1.057557557557557537e+01 1.042761951875007670e-01
1.058558558558558538e+01 1.044343828424382781e-01
1.059559559559559538e+01 1.045925704973757614e-01
1.060560560560560539e+01 1.047511410705471574e-01
1.061561561561561540e+01 1.049097473983841705e-01
1.062562562562562540e+01 1.050683537262211975e-01
1.063563563563563541e+01 1.052273360090516668e-01
1.064564564564564542e+01 1.053863839614551795e-01
1.065565565565565542e+01 1.055454319138586922e-01
1.066566566566566543e+01 1.057048460614182783e-01
1.067567567567567544e+01 1.058643587284868598e-01
1.068568568568568544e+01 1.060238713955554413e-01
1.069569569569569545e+01 1.061837376700398433e-01
1.070570570570570545e+01 1.063437382733797287e-01
1.071571571571571546e+01 1.065037388767196419e-01
1.072572572572572547e+01 1.066640776422950465e-01
1.073573573573573547e+01 1.068245895281198510e-01
1.074574574574574548e+01 1.069851014139446554e-01
1.075575575575575549e+01 1.071459331316101382e-01
1.076576576576576549e+01 1.073069797638664530e-01
1.077577577577577550e+01 1.074680263961227678e-01
1.078578578578578551e+01 1.076293716185918181e-01
1.079579579579579551e+01 1.077909765721135477e-01
1.080580580580580552e+01 1.079525815256352633e-01
1.081581581581581553e+01 1.081144608922378070e-01
1.082582582582582553e+01 1.082766478459309401e-01
1.083583583583583554e+01 1.084388347996240592e-01
1.084584584584584555e+01 1.086012690312306295e-01
1.085585585585585555e+01 1.087640617612918026e-01
1.086586586586586556e+01 1.089268544913529757e-01
1.087587587587587556e+01 1.090898643853223937e-01
1.088588588588588557e+01 1.092532867584924128e-01
1.089589589589589558e+01 1.094167091316624457e-01
1.090590590590590558e+01 1.095803155568141896e-01
1.091591591591591559e+01 1.097443915236693546e-01
1.092592592592592560e+01 1.099084674905245196e-01
1.093593593593593560e+01 1.100726913821375025e-01
1.094594594594594561e+01 1.102374449704211085e-01
1.095595595595595562e+01 1.104021985587047144e-01
1.096596596596596562e+01 1.105670609135435967e-01
1.097597597597597563e+01 1.107325162215386793e-01
1.098598598598598564e+01 1.108979715295337481e-01
1.099599599599599564e+01 1.110634934009037816e-01
1.100600600600600565e+01 1.112296745908503970e-01
1.101601601601601566e+01 1.113958557807970262e-01
1.102602602602602566e+01 1.115620582736294303e-01
1.103603603603603567e+01 1.117289895651878417e-01
1.104604604604604567e+01 1.118959208567462671e-01
1.105605605605605568e+01 1.120628521483046924e-01
1.106606606606606569e+01 1.122305307864761709e-01
1.107607607607607569e+01 1.123982364502375542e-01
1.108608608608608570e+01 1.125659421139989513e-01
1.109609609609609571e+01 1.127343680339547155e-01
1.110610610610610571e+01 1.129028723850019761e-01
1.111611611611611572e+01 1.130713767360492367e-01
1.112612612612612573e+01 1.132405712065329279e-01
1.113613613613613573e+01 1.134098985980529911e-01
1.114614614614614574e+01 1.135792259895730544e-01
1.115615615615615575e+01 1.137492103052858278e-01
1.116616616616616575e+01 1.139193851222351089e-01
1.117617617617617576e+01 1.140895599391843623e-01
1.118618618618618576e+01 1.142603554160935564e-01
1.119619619619619577e+01 1.144314020689185252e-01
1.120620620620620578e+01 1.146024487217435078e-01
1.121621621621621578e+01 1.147740766924299494e-01
1.122622622622622579e+01 1.149460196108446353e-01
1.123623623623623580e+01 1.151179625292593073e-01
1.124624624624624580e+01 1.152904443383042515e-01
1.125625625625625581e+01 1.154633079651253419e-01
1.126626626626626582e+01 1.156361715919464322e-01
1.127627627627627582e+01 1.158095285913591649e-01
1.128628628628628583e+01 1.159833373764017628e-01
1.129629629629629584e+01 1.161571461614443745e-01
1.130630630630630584e+01 1.163313997061312111e-01
1.131631631631631585e+01 1.165061781001649477e-01
1.132632632632632586e+01 1.166809564941986843e-01
1.133633633633633586e+01 1.168561279374744771e-01
1.134634634634634587e+01 1.170319003862427959e-01
1.135635635635635587e+01 1.172076728350111285e-01
1.136636636636636588e+01 1.173837835241541422e-01
1.137637637637637589e+01 1.175605744624578369e-01
1.138638638638638589e+01 1.177373654007615317e-01
1.139639639639639590e+01 1.179144366726123799e-01
1.140640640640640591e+01 1.180922705184575816e-01
1.141641641641641769e+01 1.182701043643028249e-01
1.142642642642642770e+01 1.184481575409081222e-01
1.143643643643643770e+01 1.186270586897220924e-01
1.144644644644644771e+01 1.188059598385360627e-01
1.145645645645645772e+01 1.189850162228381636e-01
1.146646646646646772e+01 1.191650090417515906e-01
1.147647647647647773e+01 1.193450018606650315e-01
1.148648648648648773e+01 1.195250827322377196e-01
1.149649649649649774e+01 1.197061915544371524e-01
1.150650650650650775e+01 1.198873003766365852e-01
1.151651651651651775e+01 1.200684269874684323e-01
1.152652652652652776e+01 1.202506761066176322e-01
1.153653653653653777e+01 1.204329252257668320e-01
1.154654654654654777e+01 1.206151743449160457e-01
1.155655655655655778e+01 1.207985324608250172e-01
1.156656656656656779e+01 1.209819461255583622e-01
1.157657657657657779e+01 1.211653597902917073e-01
1.158658658658658780e+01 1.213498302482221569e-01
1.159659659659659781e+01 1.215344326567092959e-01
1.160660660660660781e+01 1.217190350651964209e-01
1.161661661661661782e+01 1.219046389537338099e-01
1.162662662662662783e+01 1.220904542483178812e-01
1.163663663663663783e+01 1.222762695429019664e-01
1.164664664664664784e+01 1.224630279013748241e-01
1.165665665665665784e+01 1.226500801632841586e-01
1.166666666666666785e+01 1.228371324251934793e-01
1.167667667667667786e+01 1.230250662397765343e-01
1.168668668668668786e+01 1.232133794839111729e-01
1.169669669669669787e+01 1.234016927280458253e-01
1.170670670670670788e+01 1.235908229279146925e-01
1.171671671671671788e+01 1.237804210977086761e-01
1.172672672672672789e+01 1.239700192675026597e-01
1.173673673673673790e+01 1.241603667210402911e-01
1.174674674674674790e+01 1.243512736833995991e-01
1.175675675675675791e+01 1.245421806457588793e-01
1.176676676676676792e+01 1.247337661568146128e-01
1.177677677677677792e+01 1.249260056971323724e-01
1.178678678678678793e+01 1.251182452374501319e-01
1.179679679679679793e+01 1.253110895416518489e-01
1.180680680680680794e+01 1.255046853589014966e-01
1.181681681681681795e+01 1.256982811761511998e-01
1.182682682682682795e+01 1.258924049372702469e-01
1.183683683683683796e+01 1.260873806391759056e-01
1.184684684684684797e+01 1.262823563410815642e-01
1.185685685685685797e+01 1.264777801474515628e-01
1.186686686686686798e+01 1.266741592457378274e-01
1.187687687687687799e+01 1.268705383440240919e-01
1.188688688688688799e+01 1.270672827050136344e-01
1.189689689689689800e+01 1.272650886107344337e-01
1.190690690690690801e+01 1.274628945164552607e-01
1.191691691691691801e+01 1.276609798589947720e-01
1.192692692692692802e+01 1.278602358779417081e-01
1.193693693693693803e+01 1.280594918968886442e-01
1.194694694694694803e+01 1.282589385620517830e-01
1.195695695695695804e+01 1.284596678902425460e-01
1.196696696696696804e+01 1.286603972184333644e-01
1.197697697697697805e+01 1.288612254580730476e-01
1.198698698698698806e+01 1.290634511773208482e-01
1.199699699699699806e+01 1.292656768965686487e-01
1.200700700700700807e+01 1.294679068700085589e-01
1.201701701701701808e+01 1.296716519435713588e-01
1.202702702702702808e+01 1.298753970171341310e-01
1.203703703703703809e+01 1.300791420906969309e-01
1.204704704704704810e+01 1.302843360562260244e-01
1.205705705705705810e+01 1.304896233245374793e-01
1.206706706706706811e+01 1.306949105928488786e-01
1.207707707707707812e+01 1.309015690336992332e-01
1.208708708708708812e+01 1.311084212101810975e-01
1.209709709709709813e+01 1.313152733866629618e-01
1.210710710710710813e+01 1.315234160341508252e-01
1.211711711711711814e+01 1.317318557011062929e-01
1.212712712712712815e+01 1.319402953680617885e-01
1.213713713713713815e+01 1.321499418442677320e-01
1.214714714714714816e+01 1.323599914488572393e-01
1.215715715715715817e+01 1.325700410534467188e-01
1.216716716716716817e+01 1.327812108682659142e-01
1.217717717717717818e+01 1.329928927185637932e-01
1.218718718718718819e+01 1.332045745688617000e-01
1.219719719719719819e+01 1.334172871171104835e-01
1.220720720720720820e+01 1.336306233782445230e-01
1.221721721721721821e+01 1.338439596393785624e-01
1.222722722722722821e+01 1.340582341979572878e-01
1.223723723723723822e+01 1.342732468883296726e-01
1.224724724724724823e+01 1.344882595787020296e-01
1.225725725725725823e+01 1.347041153038134875e-01
1.226726726726726824e+01 1.349208262914039225e-01
1.227727727727727824e+01 1.351375372789943574e-01
1.228728728728728825e+01 1.353549932034185110e-01
1.229729729729729826e+01 1.355734242021695846e-01
1.230730730730730826e+01 1.357918552009207136e-01
1.231731731731731827e+01 1.360109302313454449e-01
1.232732732732732828e+01 1.362311027976293720e-01
1.233733733733733828e+01 1.364512753639132714e-01
1.234734734734734829e+01 1.366719882783211382e-01
1.235735735735735830e+01 1.368939238074890485e-01
1.236736736736736830e+01 1.371158593366569867e-01
1.237737737737737831e+01 1.373382287817679070e-01
1.238738738738738832e+01 1.375619485047803736e-01
1.239739739739739832e+01 1.377856682277928679e-01
1.240740740740740833e+01 1.380097127165625381e-01
1.241741741741741833e+01 1.382352376967022622e-01
1.242742742742742834e+01 1.384607626768419308e-01
1.243743743743743835e+01 1.386865005860163369e-01
1.244744744744744835e+01 1.389138517156815744e-01
1.245745745745745836e+01 1.391412028453467842e-01
1.246746746746746837e+01 1.393686524130718918e-01
1.247747747747747837e+01 1.395978504106520079e-01
1.248748748748748838e+01 1.398270484082321241e-01
1.249749749749749839e+01 1.400562464058122680e-01
1.250750750750750839e+01 1.402872931385510669e-01
1.251751751751751840e+01 1.405183585453824158e-01
1.252752752752752841e+01 1.407494239522137647e-01
1.253753753753753841e+01 1.409822387560339119e-01
1.254754754754754842e+01 1.412151919334369843e-01
1.255755755755755843e+01 1.414481451108400567e-01
1.256756756756756843e+01 1.416827456114040096e-01
1.257757757757757844e+01 1.419176067378005168e-01
1.258758758758758844e+01 1.421524678641969686e-01
1.259759759759759845e+01 1.423888715367592206e-01
1.260760760760760846e+01 1.426256606048702247e-01
1.261761761761761846e+01 1.428624496729811733e-01
1.262762762762762847e+01 1.431006738403536593e-01
1.263763763763763848e+01 1.433394106544765012e-01
1.264764764764764848e+01 1.435781474685993153e-01
1.265765765765765849e+01 1.438182092991722449e-01
1.266766766766766850e+01 1.440589134725379639e-01
1.267767767767767850e+01 1.442996176459037383e-01
1.268768768768768851e+01 1.445415341517198027e-01
1.269769769769769852e+01 1.447842251039290484e-01
1.270770770770770852e+01 1.450269160561383219e-01
1.271771771771771853e+01 1.452707040910210523e-01
1.272772772772772854e+01 1.455154010455588509e-01
1.273773773773773854e+01 1.457600980000966218e-01
1.274774774774774855e+01 1.460057742578323159e-01
1.275775775775775855e+01 1.462524962396609673e-01
1.276776776776776856e+01 1.464992182214896743e-01
1.277777777777777857e+01 1.467467992340625027e-01
1.278778778778778857e+01 1.469955650672929159e-01
1.279779779779779858e+01 1.472443309005233014e-01
1.280780780780780859e+01 1.474938330364038153e-01
1.281781781781781859e+01 1.477446613420433374e-01
1.282782782782782860e+01 1.479954896476829151e-01
1.283783783783783861e+01 1.482469291101685960e-01
1.284784784784784861e+01 1.484998383039461411e-01
1.285785785785785862e+01 1.487527474977236863e-01
1.286786786786786863e+01 1.490061403233325921e-01
1.287787787787787863e+01 1.492611486136004584e-01
1.288788788788788864e+01 1.495161569038682969e-01
1.289789789789789864e+01 1.497715189607846387e-01
1.290790790790790865e+01 1.500286443464952379e-01
1.291791791791791866e+01 1.502857697322058650e-01
1.292792792792792866e+01 1.505431167187769037e-01
1.293793793793793867e+01 1.508023769875359021e-01
1.294794794794794868e+01 1.510616372562949006e-01
1.295795795795795868e+01 1.513209846995799690e-01
1.296796796796796869e+01 1.515823974257731466e-01
1.297797797797797870e+01 1.518438101519663241e-01
1.298798798798798870e+01 1.521052228781595295e-01
1.299799799799799871e+01 1.523687559493313026e-01
1.300800800800800872e+01 1.526323384923261861e-01
1.301801801801801872e+01 1.528959210353210418e-01
1.302802802802802873e+01 1.531615022405351245e-01
1.303803803803803874e+01 1.534272717429557564e-01
1.304804804804804874e+01 1.536930412453763883e-01
1.305805805805805875e+01 1.539606853712334744e-01
1.306806806806806875e+01 1.542286587573085122e-01
1.307807807807807876e+01 1.544966321433835499e-01
1.308808808808808877e+01 1.547663537983183790e-01
1.309809809809809877e+01 1.550365477723011920e-01
1.310810810810810878e+01 1.553067417462839772e-01
1.311811811811811879e+01 1.555785553594373760e-01
1.312812812812812879e+01 1.558509864040977799e-01
1.313813813813813880e+01 1.561234174487581838e-01
1.314814814814814881e+01 1.563973372688977626e-01
1.315815815815815881e+01 1.566720216440851132e-01
1.316816816816816882e+01 1.569467060192724917e-01
1.317817817817817883e+01 1.572227461137614135e-01
1.318818818818818883e+01 1.574996998550377281e-01
1.319819819819819884e+01 1.577766535963140426e-01
1.320820820820820884e+01 1.580548278501274218e-01
1.321821821821821885e+01 1.583340667674701940e-01
1.322822822822822886e+01 1.586133056848129386e-01
1.323823823823823886e+01 1.588936277996018387e-01
1.324824824824824887e+01 1.591751674761759383e-01
1.325825825825825888e+01 1.594567071527500657e-01
1.326826826826826888e+01 1.597391906459519895e-01
1.327827827827827889e+01 1.600230464369501726e-01
1.328828828828828890e+01 1.603069022279483558e-01
1.329829829829829890e+01 1.605915604319445578e-01
1.330830830830830891e+01 1.608777474634948135e-01
1.331831831831831892e+01 1.611639344950450414e-01
1.332832832832832892e+01 1.614507805563634435e-01
1.333833833833833893e+01 1.617393137245038415e-01
1.334834834834834894e+01 1.620278468926442117e-01
1.335835835835835894e+01 1.623168937712081983e-01
1.336836836836836895e+01 1.626077877409276007e-01
1.337837837837837895e+01 1.628986817106470031e-01
1.338838838838838896e+01 1.631899421790690419e-01
1.339839839839839897e+01 1.634832113834133460e-01
1.340840840840840897e+01 1.637764805877576502e-01
1.341841841841841898e+01 1.640699672306777379e-01
1.342842842842842899e+01 1.643656258699208172e-01
1.343843843843843899e+01 1.646612845091638966e-01
1.344844844844844900e+01 1.649570097226322474e-01
1.345845845845845901e+01 1.652550717635105082e-01
1.346846846846846901e+01 1.655531338043887690e-01
1.347847847847847902e+01 1.658511958452670021e-01
1.348848848848848903e+01 1.661515889703024662e-01
1.349849849849849903e+01 1.664520681453130202e-01
1.350850850850850904e+01 1.667525473203235742e-01
1.351851851851851904e+01 1.670552167376045671e-01
1.352852852852852905e+01 1.673581265443656596e-01
1.353853853853853906e+01 1.676610363511267798e-01
1.354854854854854906e+01 1.679659936522068797e-01
1.355855855855855907e+01 1.682713473528794357e-01
1.356856856856856908e+01 1.685767010535519916e-01
1.357857857857857908e+01 1.688839576388407593e-01
1.358858858858858909e+01 1.691917682596117134e-01
1.359859859859859910e+01 1.694995788803826953e-01
1.360860860860860910e+01 1.698091459588020324e-01
1.361861861861861911e+01 1.701194262894273057e-01
1.362862862862862912e+01 1.704297066200525790e-01
1.363863863863863912e+01 1.707415952087337208e-01
1.364864864864864913e+01 1.710543578021400668e-01
1.365865865865865914e+01 1.713671203955464128e-01
1.366866866866866914e+01 1.716813413195670823e-01
1.367867867867867915e+01 1.719965984915132196e-01
1.368868868868868915e+01 1.723118556634593568e-01
1.369869869869869916e+01 1.726284195556208323e-01
1.370870870870870917e+01 1.729461833844159468e-01
1.371871871871871917e+01 1.732639472132110336e-01
1.372872872872872918e+01 1.735828645138537962e-01
1.373873873873873919e+01 1.739031468401329716e-01
1.374874874874874919e+01 1.742234291664121471e-01
1.375875875875875920e+01 1.745447101232704690e-01
1.376876876876876921e+01 1.748675225498261265e-01
1.377877877877877921e+01 1.751903349763818118e-01
1.378878878878878922e+01 1.755139896444761760e-01
1.379879879879879923e+01 1.758393435361455814e-01
1.380880880880880923e+01 1.761646974278149869e-01
1.381881881881881924e+01 1.764907356693826423e-01
1.382882882882882924e+01 1.768186421529889252e-01
1.383883883883883925e+01 1.771465486365952080e-01
1.384884884884884926e+01 1.774749801210573630e-01
1.385885885885885926e+01 1.778054500854052422e-01
1.386886886886886927e+01 1.781359200497531492e-01
1.387887887887887928e+01 1.784667542537190510e-01
1.388888888888888928e+01 1.787997983496429077e-01
1.389889889889889929e+01 1.791328424455667645e-01
1.390890890890890930e+01 1.794660886528736954e-01
1.391891891891891930e+01 1.798017172933381036e-01
1.392892892892892931e+01 1.801373459338025396e-01
1.393893893893893932e+01 1.804730132355917838e-01
1.394894894894894932e+01 1.808112365958433609e-01
1.395895895895895933e+01 1.811494599560949381e-01
1.396896896896896934e+01 1.814876833163464875e-01
1.397897897897897934e+01 1.818283852686923274e-01
1.398898898898898935e+01 1.821692132864620173e-01
1.399899899899899935e+01 1.825100413042316794e-01
1.400900900900900936e+01 1.828531916562001480e-01
1.401901901901901937e+01 1.831966340319556297e-01
1.402902902902902937e+01 1.835400764077110836e-01
1.403903903903903938e+01 1.838856834361968229e-01
1.404904904904904939e+01 1.842317496334435201e-01
1.405905905905905939e+01 1.845778158306902450e-01
1.406906906906906940e+01 1.849258876208907942e-01
1.407907907907907941e+01 1.852745868665212070e-01
1.408908908908908941e+01 1.856232861121516198e-01
1.409909909909909942e+01 1.859738305578613471e-01
1.410910910910910943e+01 1.863251718425514569e-01
1.411911911911911943e+01 1.866765131272415945e-01
1.412912912912912944e+01 1.870295379311776585e-01
1.413913913913913944e+01 1.873835300098308232e-01
1.414914914914914945e+01 1.877375220884839879e-01
1.415915915915915946e+01 1.880930347626435239e-01
1.416916916916916946e+01 1.884496861548789204e-01
1.417917917917917947e+01 1.888063375471143168e-01
1.418918918918918948e+01 1.891643454131625157e-01
1.419919919919919948e+01 1.895236644038498508e-01
1.420920920920920949e+01 1.898829833945371581e-01
1.421921921921921950e+01 1.902434935842259867e-01
1.422922922922922950e+01 1.906054882240631743e-01
1.423923923923923951e+01 1.909674828639003619e-01
1.424924924924924952e+01 1.913305023195167598e-01
1.425925925925925952e+01 1.916951804256518677e-01
1.426926926926926953e+01 1.920598585317869755e-01
1.427927927927927954e+01 1.924253940066307234e-01
1.428928928928928954e+01 1.927927631633264416e-01
1.429929929929929955e+01 1.931601323200222153e-01
1.430930930930930955e+01 1.935281903789129454e-01
1.431931931931931956e+01 1.938982579382526883e-01
1.432932932932932957e+01 1.942683254975924589e-01
1.433933933933933957e+01 1.946389125174050050e-01
1.434934934934934958e+01 1.950116856000404797e-01
1.435935935935935959e+01 1.953844586826760099e-01
1.436936936936936959e+01 1.957575808529036232e-01
1.437937937937937960e+01 1.961330663488422832e-01
1.438938938938938961e+01 1.965085518447808877e-01
1.439939939939939961e+01 1.968842151681260144e-01
1.440940940940940962e+01 1.972624197375579258e-01
1.441941941941941963e+01 1.976406243069898372e-01
1.442942942942942963e+01 1.980188345999816801e-01
1.443943943943943964e+01 1.983997646741464116e-01
1.444944944944944965e+01 1.987806947483111430e-01
1.445945945945945965e+01 1.991616248224758745e-01
1.446946946946946966e+01 1.995451194240404069e-01
1.447947947947947966e+01 1.999287812061299741e-01
1.448948948948948967e+01 2.003124429882195134e-01
1.449949949949949968e+01 2.006985016126612842e-01
1.450950950950950968e+01 2.010849010787625069e-01
1.451951951951951969e+01 2.014713005448637573e-01
1.452952952952952970e+01 2.018599282280355844e-01
1.453953953953953970e+01 2.022490711281069997e-01
1.454954954954954971e+01 2.026382140281784150e-01
1.455955955955955972e+01 2.030294156235062653e-01
1.456956956956956972e+01 2.034213074823925105e-01
1.457957957957957973e+01 2.038131993412787557e-01
1.458958958958958974e+01 2.042069795205423421e-01
1.459959959959959974e+01 2.046016256390222054e-01
1.460960960960960975e+01 2.049962717575020410e-01
1.461961961961961975e+01 2.053926350116395960e-01
1.462962962962962976e+01 2.057900404675092887e-01
1.463963963963963977e+01 2.061874459233789814e-01
1.464964964964964977e+01 2.065863965633144561e-01
1.465965965965965978e+01 2.069865662125039696e-01
1.466966966966966979e+01 2.073867358616934831e-01
1.467967967967967979e+01 2.077882780191868950e-01
1.468968968968968980e+01 2.081912164969096091e-01
1.469969969969969981e+01 2.085941549746323231e-01
1.470970970970970981e+01 2.089982926031519472e-01
1.471971971971971982e+01 2.094040043250858241e-01
1.472972972972972983e+01 2.098097160470196731e-01
1.473973973973973983e+01 2.102164529226358269e-01
1.474974974974974984e+01 2.106249420861365240e-01
1.475975975975975985e+01 2.110334312496371933e-01
1.476976976976976985e+01 2.114427709719376991e-01
1.477977977977977986e+01 2.118540415572821023e-01
1.478978978978978986e+01 2.122653121426265055e-01
1.479979979979979987e+01 2.126772581356523861e-01
1.480980980980980988e+01 2.130913139073122298e-01
1.481981981981981988e+01 2.135053696789720457e-01
1.482982982982982989e+01 2.139199251921741207e-01
1.483983983983983990e+01 2.143367697001187788e-01
1.484984984984984990e+01 2.147536142080634092e-01
1.485985985985985991e+01 2.151707823172784306e-01
1.486986986986986992e+01 2.155904188983065461e-01
1.487987987987987992e+01 2.160100554793346339e-01
1.488988988988988993e+01 2.164298390877812672e-01
1.489989989989989994e+01 2.168522708668804144e-01
1.490990990990990994e+01 2.172747026459795339e-01
1.491991991991991995e+01 2.176971344250786811e-01
1.492992992992992995e+01 2.181223343770064271e-01
1.493993993993993996e+01 2.185475642687393361e-01
1.494994994994994997e+01 2.189727941604722727e-01
1.495995995995995997e+01 2.194006176098446392e-01
1.496996996996996998e+01 2.198286483197627317e-01
1.497997997997997999e+01 2.202566790296808241e-01
1.498998998998998999e+01 2.206871281604539103e-01
1.500000000000000000e+01 2.211179621865363709e-01
