5.000000000000000000e+00 1.455080519399353997e-02
5.010010010010010006e+00 1.469835200214015744e-02
5.020020020020020013e+00 1.484589881028677318e-02
5.030030030030030019e+00 1.499344561843338891e-02
5.040040040040040026e+00 1.514099242658000638e-02
5.050050050050050032e+00 1.528853923472662212e-02
5.060060060060060039e+00 1.543608604287323958e-02
5.070070070070070045e+00 1.558363285101985532e-02
5.080080080080080052e+00 1.573117965916647279e-02
5.090090090090090058e+00 1.587872646731308679e-02
5.100100100100100065e+00 1.602627327545970773e-02
5.110110110110110071e+00 1.617567768737252637e-02
5.120120120120120077e+00 1.632509764643797628e-02
5.130130130130130084e+00 1.647451760550342620e-02
5.140140140140140090e+00 1.662554718745395954e-02
5.150150150150150097e+00 1.677680356738089559e-02
5.160160160160160103e+00 1.692805994730782471e-02
5.170170170170170110e+00 1.708068604442578367e-02
5.180180180180180116e+00 1.723374160626658588e-02
5.190190190190190123e+00 1.738679716810738463e-02
5.200200200200200129e+00 1.754099082228902790e-02
5.210210210210210136e+00 1.769580786430448305e-02
5.220220220220220142e+00 1.785062490631993126e-02
5.230230230230230148e+00 1.800635688037537790e-02
5.240240240240240155e+00 1.816289728279767493e-02
5.250250250250250161e+00 1.831943768521997196e-02
5.260260260260260168e+00 1.847667848644924532e-02
5.270270270270270174e+00 1.863490375489747913e-02
5.280280280280280181e+00 1.879312902334570948e-02
5.290290290290290187e+00 1.895184892654141681e-02
5.300300300300300194e+00 1.911172023408274842e-02
5.310310310310310200e+00 1.927159154162407656e-02
5.320320320320320207e+00 1.943176061149945108e-02
5.330330330330330213e+00 1.959323883935401925e-02
5.340340340340340219e+00 1.975471706720858742e-02
5.350350350350350226e+00 1.991630518025064994e-02
5.360360360360360232e+00 2.007935095714230220e-02
5.370370370370370239e+00 2.024239673403394751e-02
5.380380380380380245e+00 2.040544251092559283e-02
5.390390390390390252e+00 2.056994733994157304e-02
5.400400400400400258e+00 2.073452108010092471e-02
5.410410410410410265e+00 2.089909482026027984e-02
5.420420420420420271e+00 2.106491820168270718e-02
5.430430430430430278e+00 2.123098014151226717e-02
5.440440440440440284e+00 2.139704208134182717e-02
5.450450450450450290e+00 2.156415330987377851e-02
5.460460460460460297e+00 2.173166354328841601e-02
5.470470470470470303e+00 2.189917377670305004e-02
5.480480480480480310e+00 2.206754207453924185e-02
5.490490490490490316e+00 2.223646058699795675e-02
5.500500500500500323e+00 2.240537909945666817e-02
5.510510510510510329e+00 2.257497363399616278e-02
5.520520520520520336e+00 2.274526033524414473e-02
5.530530530530530342e+00 2.291554703649213015e-02
5.540540540540540349e+00 2.308633693751200103e-02
5.550550550550550355e+00 2.325795169305370363e-02
5.560560560560560361e+00 2.342956644859540624e-02
5.570570570570570368e+00 2.360152082489264808e-02
5.580580580580580374e+00 2.377442348621948073e-02
5.590590590590590381e+00 2.394732614754630992e-02
5.600600600600600387e+00 2.412041410305527239e-02
5.610610610610610394e+00 2.429456453665234522e-02
5.620620620620620400e+00 2.446871497024941805e-02
5.630630630630630407e+00 2.464290561964250018e-02
5.640640640640640413e+00 2.481826373480128245e-02
5.650650650650650419e+00 2.499362184996006819e-02
5.660660660660660426e+00 2.516897996511884700e-02
5.670670670670670432e+00 2.534541010920444287e-02
5.680680680680680439e+00 2.552193588466908705e-02
5.690690690690690445e+00 2.569846166013373470e-02
5.700700700700700452e+00 2.587589289323620478e-02
5.710710710710710458e+00 2.605354640271233951e-02
5.720720720720720465e+00 2.623119991218847424e-02
5.730730730730730471e+00 2.640960158911732220e-02
5.740740740740740478e+00 2.658834302567316538e-02
5.750750750750750484e+00 2.676708446222900856e-02
5.760760760760760490e+00 2.694642602925775496e-02
5.770770770770770497e+00 2.712621572864836253e-02
5.780780780780780503e+00 2.730600542803897357e-02
5.790790790790790510e+00 2.748625643500316948e-02
5.800800800800800516e+00 2.766705489794851758e-02
5.810810810810810523e+00 2.784785336089386568e-02
5.820820820820820529e+00 2.802898347285644187e-02
5.830830830830830536e+00 2.821075138630523005e-02
5.840840840840840542e+00 2.839251929975402169e-02
5.850850850850850549e+00 2.857449830824775050e-02
5.860860860860860555e+00 2.875719656565835572e-02
5.870870870870870561e+00 2.893989482306896441e-02
5.880880880880880568e+00 2.912269265692573467e-02
5.890890890890890574e+00 2.930628237759652643e-02
5.900900900900900581e+00 2.948987209826731820e-02
5.910910910910910587e+00 2.967346181893811344e-02
5.920920920920920594e+00 2.985790138152471379e-02
5.930930930930930600e+00 3.004234392900514625e-02
5.940940940940940607e+00 3.022678647648558217e-02
5.950950950950950613e+00 3.041194680063200387e-02
5.960960960960960620e+00 3.059720380024677500e-02
5.970970970970970626e+00 3.078246079986154612e-02
5.980980980980980632e+00 3.096831256573309016e-02
5.990990990990990639e+00 3.115434592125018720e-02
6.001001001001000645e+00 3.134037927676728424e-02
6.011011011011010652e+00 3.152689335705536472e-02
6.021021021021020658e+00 3.171366526653002921e-02
6.031031031031030665e+00 3.190043717600470063e-02
6.041041041041040671e+00 3.208758464404452837e-02
6.051051051051050678e+00 3.227505761486913760e-02
6.061061061061060684e+00 3.246253058569374683e-02
6.071071071071070691e+00 3.265028272325835867e-02
6.081081081081080697e+00 3.283841958644917458e-02
6.091091091091090703e+00 3.302655644963999743e-02
6.101101101101100710e+00 3.321488475441964489e-02
6.111111111111110716e+00 3.340364867816997263e-02
6.121121121121120723e+00 3.359241260192030037e-02
6.131131131131130729e+00 3.378128879469644713e-02
6.141141141141140736e+00 3.397064329722542658e-02
6.151151151151150742e+00 3.415999779975441297e-02
6.161161161161160749e+00 3.434939383127724732e-02
6.171171171171170755e+00 3.453930279300319872e-02
6.181181181181180762e+00 3.472921175472915706e-02
6.191191191191190768e+00 3.491912071645510846e-02
6.201201201201200774e+00 3.510952748737310863e-02
6.211211211211210781e+00 3.529995516243870229e-02
6.221221221221220787e+00 3.549038283750428902e-02
6.231231231231230794e+00 3.568121870342821911e-02
6.241241241241240800e+00 3.587212973060551618e-02
6.251251251251250807e+00 3.606304075778282020e-02
6.261261261261260813e+00 3.625427879274152609e-02
6.271271271271270820e+00 3.644563820574277940e-02
6.281281281281280826e+00 3.663699761874403271e-02
6.291291291291290833e+00 3.682861116119806599e-02
6.301301301301300839e+00 3.702038439841814216e-02
6.311311311311310845e+00 3.721215763563821832e-02
6.321321321321320852e+00 3.740412029346179557e-02
6.331331331331330858e+00 3.759627320717717075e-02
6.341341341341340865e+00 3.778842612089254593e-02
6.351351351351350871e+00 3.798071177613446259e-02
6.361361361361360878e+00 3.817321064118300855e-02
6.371371371371370884e+00 3.836570950623155452e-02
6.381381381381380891e+00 3.855829231966210330e-02
6.391391391391390897e+00 3.875110384162684662e-02
6.401401401401400904e+00 3.894391536359159689e-02
6.411411411411410910e+00 3.913676977904267246e-02
6.421421421421420916e+00 3.932986110196197427e-02
6.431431431431430923e+00 3.952295242488127608e-02
6.441441441441440929e+00 3.971605317338650076e-02
6.451451451451450936e+00 3.990939188701239648e-02
6.461461461461460942e+00 4.010273060063829220e-02
6.471471471471470949e+00 4.029606931426418792e-02
6.481481481481480955e+00 4.048960685100574247e-02
6.491491491491490962e+00 4.068316099763159832e-02
6.501501501501500968e+00 4.087671514425745417e-02
6.511511511511510975e+00 4.107041785457770516e-02
6.521521521521520981e+00 4.126415593545437743e-02
6.531531531531530987e+00 4.145789401633104970e-02
6.541541541541540994e+00 4.165173798079298967e-02
6.551551551551551000e+00 4.184562896215378996e-02
6.561561561561561007e+00 4.203951994351459720e-02
6.571571571571571013e+00 4.223348155022818573e-02
6.581581581581581020e+00 4.242749486894008965e-02
6.591591591591591026e+00 4.262150818765198662e-02
6.601601601601601033e+00 4.281556413515708731e-02
6.611611611611611927e+00 4.300966970401658845e-02
6.621621621621621934e+00 4.320377527287606878e-02
6.631631631631631940e+00 4.339790257288022451e-02
6.641641641641641947e+00 4.359207078556981418e-02
6.651651651651651953e+00 4.378623899825941079e-02
6.661661661661661959e+00 4.398041497823566848e-02
6.671671671671671966e+00 4.417461671395790657e-02
6.681681681681681972e+00 4.436881844968015159e-02
6.691691691691691979e+00 4.456302075532989071e-02
6.701701701701701985e+00 4.475722738313369503e-02
6.711711711711711992e+00 4.495143401093749241e-02
6.721721721721721998e+00 4.514564060852280930e-02
6.731731731731732005e+00 4.533982399133663910e-02
6.741741741741742011e+00 4.553400737415046889e-02
6.751751751751752018e+00 4.572819075696430563e-02
6.761761761761762024e+00 4.592232905108672297e-02
6.771771771771772030e+00 4.611646154947281195e-02
6.781781781781782037e+00 4.631059404785890093e-02
6.791791791791792043e+00 4.650466639851186246e-02
6.801801801801802050e+00 4.669872087415423423e-02
6.811811811811812056e+00 4.689277534979659906e-02
6.821821821821822063e+00 4.708676120203841853e-02
6.831831831831832069e+00 4.728071102097718137e-02
6.841841841841842076e+00 4.747466083991595115e-02
6.851851851851852082e+00 4.766853997047311442e-02
6.861861861861862089e+00 4.786235900609715072e-02
6.871871871871872095e+00 4.805617804172120089e-02
6.881881881881882101e+00 4.824993056050378565e-02
6.891891891891892108e+00 4.844359319631250799e-02
6.901901901901902114e+00 4.863725583212123726e-02
6.911911911911912121e+00 4.883086218364374870e-02
6.921921921921922127e+00 4.902434331578846283e-02
6.931931931931932134e+00 4.921782444793317696e-02
6.941941941941942140e+00 4.941126541264392880e-02
6.951951951951952147e+00 4.960454045225931585e-02
6.961961961961962153e+00 4.979781549187470985e-02
6.971971971971972160e+00 4.999107218739687331e-02
6.981981981981982166e+00 5.018411706273091105e-02
6.991991991991992172e+00 5.037716193806494880e-02
7.002002002002002179e+00 5.057020681339897961e-02
7.012012012012012185e+00 5.076300697870373552e-02
7.022022022022022192e+00 5.095579813705563427e-02
7.032032032032032198e+00 5.114858929540751914e-02
7.042042042042042205e+00 5.134114541093728196e-02
7.052052052052052211e+00 5.153365982041113041e-02
7.062062062062062218e+00 5.172617422988497887e-02
7.072072072072072224e+00 5.191846895377345839e-02
7.082082082082082231e+00 5.211068410485558688e-02
7.092092092092092237e+00 5.230289925593772232e-02
7.102102102102102243e+00 5.249491558903706528e-02
7.112112112112112250e+00 5.268680949600419022e-02
7.122122122122122256e+00 5.287870340297131516e-02
7.132132132132132263e+00 5.307042468952944542e-02
7.142142142142142269e+00 5.326197589169413826e-02
7.152152152152152276e+00 5.345352709385883111e-02
7.162162162162162282e+00 5.364493702213036369e-02
7.172172172172172289e+00 5.383612458493045733e-02
7.182182182182182295e+00 5.402731214773054402e-02
7.192192192192192302e+00 5.421839475052305651e-02
7.202202202202202308e+00 5.440919826646045676e-02
7.212212212212212314e+00 5.460000178239785701e-02
7.222222222222222321e+00 5.479074143755517656e-02
7.232232232232232327e+00 5.498114102698978267e-02
7.242242242242242334e+00 5.517154061642439572e-02
7.252252252252252340e+00 5.536192204724862953e-02
7.262262262262262347e+00 5.555189835905220003e-02
7.272272272272272353e+00 5.574187467085576358e-02
7.282282282282282360e+00 5.593185098265933408e-02
7.292292292292292366e+00 5.612141715854426088e-02
7.302302302302302373e+00 5.631095137061877670e-02
7.312312312312312379e+00 5.650048558269329252e-02
7.322322322322322385e+00 5.668964572593529483e-02
7.332332332332332392e+00 5.687871954560055204e-02
7.342342342342342398e+00 5.706779336526580926e-02
7.352352352352352405e+00 5.725653376716262344e-02
7.362362362362362411e+00 5.744512943141636546e-02
7.372372372372372418e+00 5.763372509567011442e-02
7.382382382382382424e+00 5.782203239422042257e-02
7.392392392392392431e+00 5.801013266987523759e-02
7.402402402402402437e+00 5.819823294553005261e-02
7.412412412412412444e+00 5.838609412545112815e-02
7.422422422422422450e+00 5.857368230915105389e-02
7.432432432432432456e+00 5.876127049285098658e-02
7.442442442442442463e+00 5.894867288554647700e-02
7.452452452452452469e+00 5.913573280366656026e-02
7.462462462462462476e+00 5.932279272178664353e-02
7.472472472472472482e+00 5.950972400526542000e-02
7.482482482482482489e+00 5.969624001369707583e-02
7.492492492492492495e+00 5.988275602212873860e-02
7.502502502502502502e+00 6.006920422087554806e-02
7.512512512512512508e+00 6.025516120469999459e-02
7.522522522522522515e+00 6.044111818852444112e-02
7.532532532532532521e+00 6.062707167332317959e-02
7.542542542542542527e+00 6.081245504637568244e-02
7.552552552552552534e+00 6.099783841942818530e-02
7.562562562562562540e+00 6.118322179248068121e-02
7.572572572572572547e+00 6.136808161146528606e-02
7.582582582582582553e+00 6.155287731579188459e-02
7.592592592592592560e+00 6.173767302011848312e-02
7.602602602602602566e+00 6.192200237428957532e-02
7.612612612612612573e+00 6.210619687949858747e-02
7.622622622622622579e+00 6.229039138470759268e-02
7.632632632632632586e+00 6.247418020903373892e-02
7.642642642642642592e+00 6.265776051154349491e-02
7.652652652652652598e+00 6.284134081405323702e-02
7.662662662662662605e+00 6.302457938778156799e-02
7.672672672672672611e+00 6.320753300996595492e-02
7.682682682682682618e+00 6.339048663215034185e-02
7.692692692692692624e+00 6.357316557830260118e-02
7.702702702702702631e+00 6.375548056753618797e-02
7.712712712712712637e+00 6.393779555676977477e-02
7.722722722722722644e+00 6.411990584159600604e-02
7.732732732732732650e+00 6.430157076919938708e-02
7.742742742742742657e+00 6.448323569680276812e-02
7.752752752752752663e+00 6.466476862919311175e-02
7.762762762762762669e+00 6.484577258928003740e-02
7.772772772772772676e+00 6.502677654936696305e-02
7.782782782782782682e+00 6.520772378022174354e-02
7.792792792792792689e+00 6.538805638844900903e-02
7.802802802802802695e+00 6.556838899667626064e-02
7.812812812812812702e+00 6.574872160490351225e-02
7.822822822822822708e+00 6.592839391045569875e-02
7.832832832832832715e+00 6.610804530267648527e-02
7.842842842842842721e+00 6.628769669489728567e-02
7.852852852852852727e+00 6.646675827862716379e-02
7.862862862862862734e+00 6.664571910944891431e-02
7.872872872872872740e+00 6.682467994027067870e-02
7.882882882882882747e+00 6.700312399213591286e-02
7.892892892892892753e+00 6.718138543338325608e-02
7.902902902902902760e+00 6.735964687463059930e-02
7.912912912912912766e+00 6.753746692203836666e-02
7.922922922922922773e+00 6.771502066112185247e-02
7.932932932932932779e+00 6.789257440020533829e-02
7.942942942942942786e+00 6.806976430708495951e-02
7.952952952952952792e+00 6.824660254527588343e-02
7.962962962962962798e+00 6.842344078346682124e-02
7.972972972972972805e+00 6.859999474930326968e-02
7.982982982982982811e+00 6.877611019991607122e-02
7.992992992992992818e+00 6.895222565052885888e-02
8.003003003003001936e+00 6.912813820935660714e-02
8.013013013013011943e+00 6.930352409583762086e-02
8.023023023023021949e+00 6.947890998231863458e-02
8.033033033033031955e+00 6.965417600167631007e-02
8.043043043043041962e+00 6.982882605560142286e-02
8.053053053053051968e+00 7.000347610952653565e-02
8.063063063063061975e+00 7.017809078937276013e-02
8.073073073073071981e+00 7.035199924835255914e-02
8.083083083083081988e+00 7.052590770733237202e-02
8.093093093093091994e+00 7.069981616631218491e-02
8.103103103103102001e+00 7.087302818441620911e-02
8.113113113113112007e+00 7.104618978990993872e-02
8.123123123123122014e+00 7.121935139540365445e-02
8.133133133133132020e+00 7.139189870967253826e-02
8.143143143143142026e+00 7.156430870471132411e-02
8.153153153153152033e+00 7.173671869975009607e-02
8.163163163163162039e+00 7.190859799971172084e-02
8.173173173173172046e+00 7.208025212653065839e-02
8.183183183183182052e+00 7.225190625334959593e-02
8.193193193193192059e+00 7.242311455376861107e-02
8.203203203203202065e+00 7.259400905134931470e-02
8.213213213213213848e+00 7.276490354893004608e-02
8.223223223223223854e+00 7.293543818844006044e-02
8.233233233233233861e+00 7.310556978996247957e-02
8.243243243243243867e+00 7.327570139148488482e-02
8.253253253253253874e+00 7.344556003118282717e-02
8.263263263263263880e+00 7.361492596138830002e-02
8.273273273273273887e+00 7.378429189159378676e-02
8.283283283283283893e+00 7.395347251359643548e-02
8.293293293293293900e+00 7.412207048606110626e-02
8.303303303303303906e+00 7.429066845852579093e-02
8.313313313313313913e+00 7.445916936448841728e-02
8.323323323323323919e+00 7.462699757880823792e-02
8.333333333333333925e+00 7.479482579312804469e-02
8.343343343343343932e+00 7.496264560272565547e-02
8.353353353353353938e+00 7.512970274161273609e-02
8.363363363363363945e+00 7.529675988049980284e-02
8.373373373373373951e+00 7.546381701938686959e-02
8.383383383383383958e+00 7.563018275616210928e-02
8.393393393393393964e+00 7.579646798245361083e-02
8.403403403403403971e+00 7.596275320874514014e-02
8.413413413413413977e+00 7.612843567618492180e-02
8.423423423423423984e+00 7.629394862976437985e-02
8.433433433433433990e+00 7.645946158334385179e-02
8.443443443443443996e+00 7.662446081957539901e-02
8.453453453453454003e+00 7.678920161420715873e-02
8.463463463463464009e+00 7.695394240883891845e-02
8.473473473473474016e+00 7.711825876030833915e-02
8.483483483483484022e+00 7.728222798038575370e-02
8.493493493493494029e+00 7.744619720046315436e-02
8.503503503503504035e+00 7.760983132014455388e-02
8.513513513513514042e+00 7.777303001735236254e-02
8.523523523523524048e+00 7.793622871456014345e-02
8.533533533533534055e+00 7.809918156012897461e-02
8.543543543543544061e+00 7.826161125002072116e-02
8.553553553553554067e+00 7.842404093991243996e-02
8.563563563563564074e+00 7.858631377188270151e-02
8.573573573573574080e+00 7.874797643037358130e-02
8.583583583583584087e+00 7.890963908886446110e-02
8.593593593593594093e+00 7.907123346869011915e-02
8.603603603603604100e+00 7.923213152846624030e-02
8.613613613613614106e+00 7.939302958824236145e-02
8.623623623623624113e+00 7.955392764801848260e-02
8.633633633633634119e+00 7.971408372322781599e-02
8.643643643643644126e+00 7.987422007007222158e-02
8.653653653653654132e+00 8.003435641691659941e-02
8.663663663663664138e+00 8.019384139306215409e-02
8.673673673673674145e+00 8.035321936209907645e-02
8.683683683683684151e+00 8.051259733113598493e-02
8.693693693693694158e+00 8.067141410625046360e-02
8.703703703703704164e+00 8.083003747810782458e-02
8.713713713713714171e+00 8.098866084996518555e-02
8.723723723723724177e+00 8.114681261115673505e-02
8.733733733733734184e+00 8.130468560804862688e-02
8.743743743743744190e+00 8.146255860494050483e-02
8.753753753753754197e+00 8.162004882623942470e-02
8.763763763763764203e+00 8.177717610796869652e-02
8.773773773773774209e+00 8.193430338969799609e-02
8.783783783783784216e+00 8.209113582987020985e-02
8.793793793793794222e+00 8.224752248975306101e-02
8.803803803803804229e+00 8.240390914963589830e-02
8.813813813813814235e+00 8.256008784996353433e-02
8.823823823823824242e+00 8.271573941067621172e-02
8.833833833833834248e+00 8.287139097138890298e-02
8.843843843843844255e+00 8.302692025341795734e-02
8.853853853853854261e+00 8.318184266276734684e-02
8.863863863863864268e+00 8.333676507211672246e-02
8.873873873873874274e+00 8.349164953537277500e-02
8.883883883883884280e+00 8.364584916199190034e-02
8.893893893893894287e+00 8.380004878861102569e-02
8.903903903903904293e+00 8.395424841523015103e-02
8.913913913913914300e+00 8.410777693725203508e-02
8.923923923923924306e+00 8.426126056622126881e-02
8.933933933933934313e+00 8.441474419519050254e-02
8.943943943943944319e+00 8.456764511920830674e-02
8.953953953953954326e+00 8.472041994760408368e-02
8.963963963963964332e+00 8.487319477599984674e-02
8.973973973973974338e+00 8.502547392892635669e-02
8.983983983983984345e+00 8.517754756129827798e-02
8.993993993993994351e+00 8.532962119367018539e-02
9.004004004004004358e+00 8.548128466635104838e-02
9.014014014014014364e+00 8.563266511012899984e-02
9.024024024024024371e+00 8.578404555390695130e-02
9.034034034034034377e+00 8.593509969861126696e-02
9.044044044044044384e+00 8.608579535944353711e-02
9.054054054054054390e+00 8.623649102027577951e-02
9.064064064064064397e+00 8.638694244815825485e-02
9.074074074074074403e+00 8.653696212518266484e-02
9.084084084084084409e+00 8.668698180220704708e-02
9.094094094094094416e+00 8.683683738074189640e-02
9.104104104104104422e+00 8.698619026179089941e-02
9.114114114114114429e+00 8.713554314283991631e-02
9.124124124124124435e+00 8.728480999322706102e-02
9.134134134134134442e+00 8.743350564996855978e-02
9.144144144144144448e+00 8.758220130671004466e-02
9.154154154154154455e+00 8.773088680125404326e-02
9.164164164164164461e+00 8.787893518426943829e-02
9.174174174174174468e+00 8.802698356728484719e-02
9.184184184184184474e+00 8.817503195030022833e-02
9.194194194194194480e+00 8.832250676054821670e-02
9.204204204204204487e+00 8.846991819434937843e-02
9.214214214214214493e+00 8.861732962815054016e-02
9.224224224224224500e+00 8.876424926326054177e-02
9.234234234234234506e+00 8.891103444124716371e-02
9.244244244244244513e+00 8.905781961923379952e-02
9.254254254254254519e+00 8.920419255262015956e-02
9.264264264264264526e+00 8.935036253197932432e-02
9.274274274274274532e+00 8.949653251133847520e-02
9.284284284284284539e+00 8.964236745161657804e-02
9.294294294294294545e+00 8.978793364816614608e-02
9.304304304304304551e+00 8.993349984471570024e-02
9.314314314314314558e+00 9.007880573289767101e-02
9.324324324324324564e+00 9.022377991587529622e-02
9.334334334334334571e+00 9.036875409885293531e-02
9.344344344344344577e+00 9.051354010552083162e-02
9.354354354354354584e+00 9.065793439232057438e-02
9.364364364364364590e+00 9.080232867912033101e-02
9.374374374374374597e+00 9.094660420157742176e-02
9.384384384384384603e+00 9.109043105243513905e-02
9.394394394394394610e+00 9.123425790329287022e-02
9.404404404404404616e+00 9.137803256269338981e-02
9.414414414414414622e+00 9.152130477532367803e-02
9.424424424424424629e+00 9.166457698795393849e-02
9.434434434434434635e+00 9.180784920058421283e-02
9.444444444444444642e+00 9.195059133059788059e-02
9.454454454454454648e+00 9.209332203478336198e-02
9.464464464464464655e+00 9.223605273896882950e-02
9.474474474474474661e+00 9.237832736459919425e-02
9.484484484484484668e+00 9.252053001673521404e-02
9.494494494494494674e+00 9.266273266887121995e-02
9.504504504504504681e+00 9.280455038651364008e-02
9.514514514514514687e+00 9.294623876410909591e-02
9.524524524524524693e+00 9.308792714170455174e-02
9.534534534534534700e+00 9.322929875438257241e-02
9.544544544544544706e+00 9.337048695051988756e-02
9.554554554554554713e+00 9.351167514665720271e-02
9.564564564564564719e+00 9.365261166101482293e-02
9.574574574574574726e+00 9.379331407877018745e-02
9.584584584584584732e+00 9.393401649652552421e-02
9.594594594594594739e+00 9.407452911980351828e-02
9.604604604604604745e+00 9.421476046662970172e-02
9.614614614614614752e+00 9.435499181345591291e-02
9.624624624624624758e+00 9.449509195045291410e-02
9.634634634634634764e+00 9.463486723252698130e-02
9.644644644644644771e+00 9.477464251460106237e-02
9.654654654654654777e+00 9.491434176462000549e-02
9.664664664664664784e+00 9.505367628115705958e-02
9.674674674674674790e+00 9.519301079769411367e-02
9.684684684684684797e+00 9.533232095147442520e-02
9.694694694694694803e+00 9.547123028901045860e-02
9.704704704704704810e+00 9.561013962654651976e-02
9.714714714714714816e+00 9.574904896408256705e-02
9.724724724724724823e+00 9.588757268982808779e-02
9.734734734734734829e+00 9.602607271647298215e-02
9.744744744744744835e+00 9.616457274311790426e-02
9.754754754754754842e+00 9.630274765998586561e-02
9.764764764764764848e+00 9.644085451964931610e-02
9.774774774774774855e+00 9.657896137931279434e-02
9.784784784784784861e+00 9.671680010381526749e-02
9.794794794794794868e+00 9.685453021040722754e-02
9.804804804804804874e+00 9.699226031699917372e-02
9.814814814814814881e+00 9.712977563886300569e-02
9.824824824824824887e+00 9.726714567047069215e-02
9.834834834834834894e+00 9.740451570207837861e-02
9.844844844844844900e+00 9.754172058109537857e-02
9.854854854854854906e+00 9.767874747413941849e-02
9.864864864864864913e+00 9.781577436718347229e-02
9.874874874874874919e+00 9.795268193005213231e-02
9.884884884884884926e+00 9.808938287342294782e-02
9.894894894894894932e+00 9.822608381679376333e-02
9.904904904904904939e+00 9.836270735395345743e-02
9.914914914914914945e+00 9.849909978313094172e-02
9.924924924924924952e+00 9.863549221230842601e-02
9.934934934934934958e+00 9.877184517476664261e-02
9.944944944944944965e+00 9.890794676592450096e-02
9.954954954954954971e+00 9.904404835708234545e-02
9.964964964964964977e+00 9.918014435323543876e-02
9.974974974974974984e+00 9.931597301733215144e-02
9.984984984984984990e+00 9.945180168142887800e-02
9.994994994994994997e+00 9.958763034552559068e-02
1.000500500500500500e+01 9.972322835073629821e-02
1.001501501501501501e+01 9.985880222759563329e-02
1.002502502502502502e+01 9.999437610445495450e-02
1.003503503503503502e+01 1.001297631823345052e-01
1.004504504504504503e+01 1.002651006347161922e-01
1.005505505505505504e+01 1.004004380870978930e-01
1.006506506506506504e+01 1.005356285160795560e-01
1.007507507507507505e+01 1.006707481237434643e-01
1.008508508508508505e+01 1.008058677314073726e-01
1.009509509509509506e+01 1.009408759286041235e-01
1.010510510510510507e+01 1.010757964823692512e-01
1.011511511511511507e+01 1.012107170361343789e-01
1.012512512512512508e+01 1.013455575541340331e-01
1.013513513513513509e+01 1.014802980499340812e-01
1.014514514514514509e+01 1.016150385457341293e-01
1.015515515515515510e+01 1.017497260693938227e-01
1.016516516516516511e+01 1.018843057023321175e-01
1.017517517517517511e+01 1.020188853352704123e-01
1.018518518518518512e+01 1.021534346785111236e-01
1.019519519519519513e+01 1.022878728369160800e-01
1.020520520520520513e+01 1.024223109953210503e-01
1.021521521521521514e+01 1.025567370979226511e-01
1.022522522522522515e+01 1.026910533574059425e-01
1.023523523523523515e+01 1.028253696168892478e-01
1.024524524524524516e+01 1.029596858763725531e-01
1.025525525525525516e+01 1.030939016588063584e-01
1.026526526526526517e+01 1.032281157763261514e-01
1.027527527527527518e+01 1.033623298938459445e-01
1.028528528528528518e+01 1.034964726123372702e-01
1.029529529529529519e+01 1.036306045202675941e-01
1.030530530530530520e+01 1.037647364281978901e-01
1.031531531531531520e+01 1.038988215503815343e-01
1.032532532532532521e+01 1.040328913505902814e-01
1.033533533533533522e+01 1.041669611507990284e-01
1.034534534534534522e+01 1.043010042514543739e-01
1.035535535535535523e+01 1.044350322093916955e-01
1.036536536536536524e+01 1.045690601673290171e-01
1.037537537537537524e+01 1.047030769251987847e-01
1.038538538538538525e+01 1.048370834639975463e-01
1.039539539539539525e+01 1.049710900027962801e-01
1.040540540540540526e+01 1.051050961974111242e-01
1.041541541541541527e+01 1.052391018920011551e-01
1.042542542542542527e+01 1.053731075865911720e-01
1.043543543543543528e+01 1.055071190951008125e-01
1.044544544544544529e+01 1.056411446663391429e-01
1.045545545545545529e+01 1.057751702375774594e-01
1.046546546546546530e+01 1.059092030315887112e-01
1.047547547547547531e+01 1.060432693404071008e-01
1.048548548548548531e+01 1.061773356492254766e-01
1.049549549549549532e+01 1.063114057916478422e-01
1.050550550550550533e+01 1.064455338332194467e-01
1.051551551551551533e+01 1.065796618747910374e-01
1.052552552552552534e+01 1.067137899163626280e-01
1.053553553553553535e+01 1.068479964146173133e-01
1.054554554554554535e+01 1.069822073125444722e-01
1.055555555555555536e+01 1.071164182104716311e-01
1.056556556556556536e+01 1.072507156905288528e-01
1.057557557557557537e+01 1.073850306910531655e-01
1.058558558558558538e+01 1.075193456915774781e-01
1.059559559559559538e+01 1.076537505882847051e-01
1.060560560560560539e+01 1.077881910545213928e-01
1.061561561561561540e+01 1.079226315207580805e-01
1.062562562562562540e+01 1.080571603419936549e-01
1.063563563563563541e+01 1.081917477481919160e-01
1.064564564564564542e+01 1.083263351543901770e-01
1.065565565565565542e+01 1.084610044779815707e-01
1.066566566566566543e+01 1.085957604038118723e-01
1.067567567567567544e+01 1.087305163296421739e-01
1.068568568568568544e+01 1.088653428002965273e-01
1.069569569569569545e+01 1.090002889251671658e-01
1.070570570570570545e+01 1.091352350500377905e-01
1.071571571571571546e+01 1.092702353762851908e-01
1.072572572572572547e+01 1.094053934736891331e-01
1.073573573573573547e+01 1.095405515710930755e-01
1.074574574574574548e+01 1.096757425222428389e-01
1.075575575575575549e+01 1.098111344541364970e-01
1.076576576576576549e+01 1.099465263860301689e-01
1.077577577577577550e+01 1.100819247891406810e-01
1.078578578578578551e+01 1.102175725003559925e-01
1.079579579579579551e+01 1.103532202115712763e-01
1.080580580580580552e+01 1.104888679227865877e-01
1.081581581581581553e+01 1.106247684611249837e-01
1.082582582582582553e+01 1.107606939738160767e-01
1.083583583583583554e+01 1.108966194865071558e-01
1.084584584584584555e+01 1.110327833860796781e-01
1.085585585585585555e+01 1.111690087942059507e-01
1.086586586586586556e+01 1.113052342023322372e-01
1.087587587587587556e+01 1.114416785117314651e-01
1.088588588588588557e+01 1.115782259755778300e-01
1.089589589589589558e+01 1.117147734394242226e-01
1.090590590590590558e+01 1.118515152475748065e-01
1.091591591591591559e+01 1.119884069883108485e-01
1.092592592592592560e+01 1.121252987290468905e-01
1.093593593593593560e+01 1.122623551622898008e-01
1.094594594594594561e+01 1.123996134565688615e-01
1.095595595595595562e+01 1.125368717508479222e-01
1.096596596596596562e+01 1.126742599700420594e-01
1.097597597597597563e+01 1.128119071446415794e-01
1.098598598598598564e+01 1.129495543192411272e-01
1.099599599599599564e+01 1.130872915168825710e-01
1.100600600600600565e+01 1.132253499433867605e-01
1.101601601601601566e+01 1.133634083698909362e-01
1.102602602602602566e+01 1.135015117672505125e-01
1.103603603603603567e+01 1.136400038567768889e-01
1.104604604604604567e+01 1.137784959463032375e-01
1.105605605605605568e+01 1.139169880358296139e-01
1.106606606606606569e+01 1.140559309885526701e-01
1.107607607607607569e+01 1.141948791865228241e-01
1.108608608608608570e+01 1.143338273844929781e-01
1.109609609609609571e+01 1.144731935289853564e-01
1.110610610610610571e+01 1.146126203099421675e-01
1.111611611611611572e+01 1.147520470908989648e-01
1.112612612612612573e+01 1.148918537417516761e-01
1.113613613613613573e+01 1.150317816042226993e-01
1.114614614614614574e+01 1.151717094666936947e-01
1.115615615615615575e+01 1.153119739509219227e-01
1.116616616616616575e+01 1.154524254123308891e-01
1.117617617617617576e+01 1.155928768737398693e-01
1.118618618618618576e+01 1.157336165280650753e-01
1.119619619619619577e+01 1.158746141196923957e-01
1.120620620620620578e+01 1.160156117113197438e-01
1.121621621621621578e+01 1.161568438794728375e-01
1.122622622622622579e+01 1.162984101414656496e-01
1.123623623623623580e+01 1.164399764034584756e-01
1.124624624624624580e+01 1.165817184335042889e-01
1.125625625625625581e+01 1.167238759099370471e-01
1.126626626626626582e+01 1.168660333863697914e-01
1.127627627627627582e+01 1.170083026280531596e-01
1.128628628628628583e+01 1.171510738620400172e-01
1.129629629629629584e+01 1.172938450960268608e-01
1.130630630630630584e+01 1.174366588981407000e-01
1.131631631631631585e+01 1.175800664270001128e-01
1.132632632632632586e+01 1.177234739558594978e-01
1.133633633633633586e+01 1.178668814847189106e-01
1.134634634634634587e+01 1.180109160141073060e-01
1.135635635635635587e+01 1.181549823645795944e-01
1.136636636636636588e+01 1.182990487150518966e-01
1.137637637637637589e+01 1.184436850006179986e-01
1.138638638638638589e+01 1.185884326841372682e-01
1.139639639639639590e+01 1.187331803676565517e-01
1.140640640640640591e+01 1.188784357197882197e-01
1.141641641641641769e+01 1.190238872278082949e-01
1.142642642642642770e+01 1.191693387358283285e-01
1.143643643643643770e+01 1.193152304490393417e-01
1.144644644644644771e+01 1.194614082484155571e-01
1.145645645645645772e+01 1.196075860477917585e-01
1.146646646646646772e+01 1.197541313982586897e-01
1.147647647647647773e+01 1.199010579266850812e-01
1.148648648648648773e+01 1.200479844551114589e-01
1.149649649649649774e+01 1.201952006982349580e-01
1.150650650650650775e+01 1.203428983597386176e-01
1.151651651651651775e+01 1.204905960212422772e-01
1.152652652652652776e+01 1.206385003892324614e-01
1.153653653653653777e+01 1.207869915497246510e-01
1.154654654654654777e+01 1.209354827102168406e-01
1.155655655655655778e+01 1.210840924097027066e-01
1.156656656656656779e+01 1.212333993925876624e-01
1.157657657657657779e+01 1.213827063754726182e-01
1.158658658658658780e+01 1.215320385851361845e-01
1.159659659659659781e+01 1.216821836669782358e-01
1.160660660660660781e+01 1.218323287488202872e-01
1.161661661661661782e+01 1.219824738306623385e-01
1.162662662662662783e+01 1.221334060233046359e-01
1.163663663663663783e+01 1.222844114295539991e-01
1.164664664664664784e+01 1.224354168358033762e-01
1.165665665665665784e+01 1.225871279729272290e-01
1.166666666666666785e+01 1.227390158737051706e-01
1.167667667667667786e+01 1.228909037744831123e-01
1.168668668668668786e+01 1.230434108774964425e-01
1.169669669669669787e+01 1.231962033834393122e-01
1.170670670670670788e+01 1.233489958893822097e-01
1.171671671671671788e+01 1.235023159384346647e-01
1.172672672672672789e+01 1.236560350965988375e-01
1.173673673673673790e+01 1.238097542547630103e-01
1.174674674674674790e+01 1.239639041865648744e-01
1.175675675675675791e+01 1.241185719763910067e-01
1.176676676676676792e+01 1.242732397662171251e-01
1.177677677677677792e+01 1.244282364718840711e-01
1.178678678678678793e+01 1.245838748012227798e-01
1.179679679679679793e+01 1.247395131305614746e-01
1.180680680680680794e+01 1.248953734534850729e-01
1.181681681681681795e+01 1.250520041546829275e-01
1.182682682682682795e+01 1.252086348558807960e-01
1.183683683683683796e+01 1.253653755896248223e-01
1.184684684684684797e+01 1.255230204156720097e-01
1.185685685685685797e+01 1.256806652417192527e-01
1.186686686686686798e+01 1.258383100677664401e-01
1.187687687687687799e+01 1.259969837486809852e-01
1.188688688688688799e+01 1.261556643694199398e-01
1.189689689689689800e+01 1.263143449901589499e-01
1.190690690690690801e+01 1.264739540942183826e-01
1.191691691691691801e+01 1.266336920926141862e-01
1.192692692692692802e+01 1.267934300910100176e-01
1.193693693693693803e+01 1.269539911593875747e-01
1.194694694694694803e+01 1.271148080278603765e-01
1.195695695695695804e+01 1.272756248963331782e-01
1.196696696696696804e+01 1.274371544086137509e-01
1.197697697697697805e+01 1.275990715454326518e-01
1.198698698698698806e+01 1.277609886822514973e-01
1.199699699699699806e+01 1.279235030545204654e-01
1.200700700700700807e+01 1.280865417602596867e-01
1.201701701701701808e+01 1.282495804659989358e-01
1.202702702702702808e+01 1.284130960489573980e-01
1.203703703703703809e+01 1.285772775230149823e-01
1.204704704704704810e+01 1.287414589970725387e-01
1.205705705705705810e+01 1.289059920741787157e-01
1.206706706706706811e+01 1.290713374113564571e-01
1.207707707707707812e+01 1.292366827485342262e-01
1.208708708708708812e+01 1.294022495341712042e-01
1.209709709709709813e+01 1.295687797213182502e-01
1.210710710710710813e+01 1.297353099084652406e-01
1.211711711711711814e+01 1.299019265461356099e-01
1.212712712712712815e+01 1.300696624588525696e-01
1.213713713713713815e+01 1.302373983715695294e-01
1.214714714714714816e+01 1.304051342842864891e-01
1.215715715715715817e+01 1.305740433315224491e-01
1.216716716716716817e+01 1.307430057309294513e-01
1.217717717717717818e+01 1.309119681303364535e-01
1.218718718718718819e+01 1.310819797403462994e-01
1.219719719719719819e+01 1.312521892699123616e-01
1.220720720720720820e+01 1.314223987994784515e-01
1.221721721721721821e+01 1.315935287717924784e-01
1.222722722722722821e+01 1.317650059542272156e-01
1.223723723723723822e+01 1.319364831366619806e-01
1.224724724724724823e+01 1.321087471899246857e-01
1.225725725725725823e+01 1.322815124241321638e-01
1.226726726726726824e+01 1.324542776583396697e-01
1.227727727727727824e+01 1.326276914286980135e-01
1.228728728728728825e+01 1.328017649867926364e-01
1.229729729729729826e+01 1.329758385448872315e-01
1.230730730730730826e+01 1.331504175844050730e-01
1.231731731731731827e+01 1.333258196087893088e-01
1.232732732732732828e+01 1.335012216331735446e-01
1.233733733733733828e+01 1.336769814082723884e-01
1.234734734734734829e+01 1.338537319087765298e-01
1.235735735735735830e+01 1.340304824092806713e-01
1.236736736736736830e+01 1.342074382992066717e-01
1.237737737737737831e+01 1.343855571502896029e-01
1.238738738738738832e+01 1.345636760013724786e-01
1.239739739739739832e+01 1.347418432966892010e-01
1.240740740740740833e+01 1.349213502347009208e-01
1.241741741741741833e+01 1.351008571727126129e-01
1.242742742742742834e+01 1.352803641107243326e-01
1.243743743743743835e+01 1.354611656943258136e-01
1.244744744744744835e+01 1.356420803148316312e-01
1.245745745745745836e+01 1.358229949353374211e-01
1.246746746746746837e+01 1.360050576856761950e-01
1.247747747747747837e+01 1.361873994408407396e-01
1.248748748748748838e+01 1.363697411960053119e-01
1.249749749749749839e+01 1.365530799828608421e-01
1.250750750750750839e+01 1.367368681788943552e-01
1.251751751751751840e+01 1.369206563749278405e-01
1.252752752752752841e+01 1.371052859711348604e-01
1.253753753753753841e+01 1.372905397657984694e-01
1.254754754754754842e+01 1.374757935604620784e-01
1.255755755755755843e+01 1.376617286405936447e-01
1.256756756756756843e+01 1.378484670407660317e-01
1.257757757757757844e+01 1.380352054409384466e-01
1.258758758758758844e+01 1.382224605800141670e-01
1.259759759759759845e+01 1.384107024393175511e-01
1.260760760760760846e+01 1.385989442986209907e-01
1.261761761761761846e+01 1.387875339708406486e-01
1.262762762762762847e+01 1.389772979873268588e-01
1.263763763763763848e+01 1.391670620038130968e-01
1.264764764764764848e+01 1.393570005813157819e-01
1.265765765765765849e+01 1.395483052952111447e-01
1.266766766766766850e+01 1.397396100091064797e-01
1.267767767767767850e+01 1.399309147230018424e-01
1.268768768768768851e+01 1.401237755522639905e-01
1.269769769769769852e+01 1.403166393437736137e-01
1.270770770770770852e+01 1.405095031352832646e-01
1.271771771771771853e+01 1.407037595211322323e-01
1.272772772772772854e+01 1.408982006083031313e-01
1.273773773773773854e+01 1.410926416954740581e-01
1.274774774774774855e+01 1.412883075324338766e-01
1.275775775775775855e+01 1.414843439690758042e-01
1.276776776776776856e+01 1.416803804057177318e-01
1.277777777777777857e+01 1.418774694795168489e-01
1.278778778778778857e+01 1.420751191531813562e-01
1.279779779779779858e+01 1.422727688268458357e-01
1.280780780780780859e+01 1.424712948133586843e-01
1.281781781781781859e+01 1.426705754433760243e-01
1.282782782782782860e+01 1.428698560733933365e-01
1.283783783783783861e+01 1.430698325376056901e-01
1.284784784784784861e+01 1.432707616731785927e-01
1.285785785785785862e+01 1.434716908087514953e-01
1.286786786786786863e+01 1.436731312037499153e-01
1.287787787787787863e+01 1.438757262221039279e-01
1.288788788788788864e+01 1.440783212404579128e-01
1.289789789789789864e+01 1.442812389064435097e-01
1.290790790790790865e+01 1.444855170110340981e-01
1.291791791791791866e+01 1.446897951156246587e-01
1.292792792792792866e+01 1.448942032789503898e-01
1.293793793793793867e+01 1.451001814977257165e-01
1.294794794794794868e+01 1.453061597165010432e-01
1.295795795795795868e+01 1.455121379352763700e-01
1.296796796796796869e+01 1.457197666724521223e-01
1.297797797797797870e+01 1.459274618561712256e-01
1.298798798798798870e+01 1.461351570398903010e-01
1.299799799799799871e+01 1.463443190537794814e-01
1.300800800800800872e+01 1.465537478743855482e-01
1.301801801801801872e+01 1.467631766949916428e-01
1.302802802802802873e+01 1.469738846844763913e-01
1.303803803803803874e+01 1.471850636335250428e-01
1.304804804804804874e+01 1.473962425825736666e-01
1.305805805805805875e+01 1.476085091275556593e-01
1.306806806806806875e+01 1.478214545146964154e-01
1.307807807807807876e+01 1.480343999018371992e-01
1.308808808808808877e+01 1.482482374624458643e-01
1.309809809809809877e+01 1.484629654139580091e-01
1.310810810810810878e+01 1.486776933654701816e-01
1.311811811811811879e+01 1.488931142812937314e-01
1.312812812812812879e+01 1.491096407386750256e-01
1.313813813813813880e+01 1.493261671960562920e-01
1.314814814814814881e+01 1.495431836853949870e-01
1.315815815815815881e+01 1.497615244040033378e-01
1.316816816816816882e+01 1.499798651226116608e-01
1.317817817817817883e+01 1.501984892817535278e-01
1.318818818818818883e+01 1.504186598295002564e-01
1.319819819819819884e+01 1.506388303772470127e-01
1.320820820820820884e+01 1.508590741797652124e-01
1.321821821821821885e+01 1.510810899358608073e-01
1.322822822822822886e+01 1.513031056919564299e-01
1.323823823823823886e+01 1.515251214480520525e-01
1.324824824824824887e+01 1.517488571417794363e-01
1.325825825825825888e+01 1.519727332955297383e-01
1.326826826826826888e+01 1.521966094492800403e-01
1.327827827827827889e+01 1.524220033609347824e-01
1.328828828828828890e+01 1.526477549105882403e-01
1.329829829829829890e+01 1.528735064602416704e-01
1.330830830830830891e+01 1.531005699990974633e-01
1.331831831831831892e+01 1.533282117507424047e-01
1.332832832832832892e+01 1.535558535023874016e-01
1.333833833833833893e+01 1.537845979513587646e-01
1.334834834834834894e+01 1.540141445178705437e-01
1.335835835835835894e+01 1.542436910843822950e-01
1.336836836836836895e+01 1.544741275994795660e-01
1.337837837837837895e+01 1.547055933995162558e-01
1.338838838838838896e+01 1.549370591995529733e-01
1.339839839839839897e+01 1.551691988093580055e-01
1.340840840840840897e+01 1.554025980664056616e-01
1.341841841841841898e+01 1.556359973234533456e-01
1.342842842842842899e+01 1.558698509286154665e-01
1.343843843843843899e+01 1.561051976700800481e-01
1.344844844844844900e+01 1.563405444115446297e-01
1.345845845845845901e+01 1.565761227842969727e-01
1.346846846846846901e+01 1.568134308406453348e-01
1.347847847847847902e+01 1.570507388969936413e-01
1.348848848848848903e+01 1.572880526806900159e-01
1.349849849849849903e+01 1.575273356846363659e-01
1.350850850850850904e+01 1.577666186885827715e-01
1.351851851851851904e+01 1.580059016925291215e-01
1.352852852852852905e+01 1.582469497829939176e-01
1.353853853853853906e+01 1.584882211687341502e-01
1.354854854854854906e+01 1.587294925544743829e-01
1.355855855855855907e+01 1.589723101891543922e-01
1.356856856856856908e+01 1.592155831916451103e-01
1.357857857857857908e+01 1.594588561941358285e-01
1.358858858858858909e+01 1.597034534272499806e-01
1.359859859859859910e+01 1.599487410815335631e-01
1.360860860860860910e+01 1.601940287358171455e-01
1.361861861861861911e+01 1.604404154904190694e-01
1.362862862862862912e+01 1.606877306309936471e-01
1.363863863863863912e+01 1.609350457715682248e-01
1.364864864864864913e+01 1.611832318392248942e-01
1.365865865865865914e+01 1.614325870994577361e-01
1.366866866866866914e+01 1.616819423596905503e-01
1.367867867867867915e+01 1.619319374001800815e-01
1.368868868868868915e+01 1.621833452117659446e-01
1.369869869869869916e+01 1.624347530233517800e-01
1.370870870870870917e+01 1.626865665643796310e-01
1.371871871871871917e+01 1.629400391568409934e-01
1.372872872872872918e+01 1.631935117493023280e-01
1.373873873873873919e+01 1.634471531862353444e-01
1.374874874874874919e+01 1.637027025864662422e-01
1.375875875875875920e+01 1.639582519866971955e-01
1.376876876876876921e+01 1.642138013869281488e-01
1.377877877877877921e+01 1.644713686141679732e-01
1.378878878878878922e+01 1.647290066460197766e-01
1.379879879879879923e+01 1.649866446778715801e-01
1.380880880880880923e+01 1.652460698141978990e-01
1.381881881881881924e+01 1.655058080981058055e-01
1.382882882882882924e+01 1.657655463820136565e-01
1.383883883883883925e+01 1.660268382206160076e-01
1.384884884884884926e+01 1.662886881732672240e-01
1.385885885885885926e+01 1.665505381259184126e-01
1.386886886886886927e+01 1.668137053264731051e-01
1.387887887887887928e+01 1.670776781605159134e-01
1.388888888888888928e+01 1.673416509945586939e-01
1.389889889889889929e+01 1.676067020830913912e-01
1.390890890890890930e+01 1.678728088068825730e-01
1.391891891891891930e+01 1.681389155306737826e-01
1.392892892892892931e+01 1.684058588994391537e-01
1.393893893893893932e+01 1.686741103168324096e-01
1.394894894894894932e+01 1.689423617342256656e-01
1.395895895895895933e+01 1.692112056416038568e-01
1.396896896896896934e+01 1.694816123517759177e-01
1.397897897897897934e+01 1.697520190619479785e-01
1.398898898898898935e+01 1.700227716323568783e-01
1.399899899899899935e+01 1.702953440296723353e-01
1.400900900900900936e+01 1.705679164269877923e-01
1.401901901901901937e+01 1.708405856508118936e-01
1.402902902902902937e+01 1.711153339247254990e-01
1.403903903903903938e+01 1.713900821986391043e-01
1.404904904904904939e+01 1.716648304725527374e-01
1.405905905905905939e+01 1.719416100671705139e-01
1.406906906906906940e+01 1.722185442021668123e-01
1.407907907907907941e+01 1.724954783371631384e-01
1.408908908908908941e+01 1.727741999431501863e-01
1.409909909909909942e+01 1.730533297187198116e-01
1.410910910910910943e+01 1.733324594942894092e-01
1.411911911911911943e+01 1.736131304946798848e-01
1.412912912912912944e+01 1.738944654853315785e-01
1.413913913913913944e+01 1.741758004759832446e-01
1.414914914914914945e+01 1.744584281196992770e-01
1.415915915915915946e+01 1.747419776950080439e-01
1.416916916916916946e+01 1.750255272703168385e-01
1.417917917917917947e+01 1.753101186722105798e-01
1.418918918918918948e+01 1.755958919969002607e-01
1.419919919919919948e+01 1.758816653215899417e-01
1.420920920920920949e+01 1.761682274625004374e-01
1.421921921921921950e+01 1.764562334965612544e-01
1.422922922922922950e+01 1.767442395306220437e-01
1.423923923923923951e+01 1.770327792574467318e-01
1.424924924924924952e+01 1.773230267562864448e-01
1.425925925925925952e+01 1.776132742551261579e-01
1.426926926926926953e+01 1.779037982809063001e-01
1.427927927927927954e+01 1.781962957955348092e-01
1.428928928928928954e+01 1.784887933101633462e-01
1.429929929929929955e+01 1.787813082141840315e-01
1.430930930930930955e+01 1.790760640914315360e-01
1.431931931931931956e+01 1.793708199686790405e-01
1.432932932932932957e+01 1.796655758459265451e-01
1.433933933933933957e+01 1.799623545793499479e-01
1.434934934934934958e+01 1.802593769621166908e-01
1.435935935935935959e+01 1.805563993448833782e-01
1.436936936936936959e+01 1.808551896535709469e-01
1.437937937937937960e+01 1.811544864811090449e-01
1.438938938938938961e+01 1.814537833086471708e-01
1.439939939939939961e+01 1.817545911680191750e-01
1.440940940940940962e+01 1.820561701762458684e-01
1.441941941941941963e+01 1.823577491844725618e-01
1.442942942942942963e+01 1.826605804370757813e-01
1.443943943943943964e+01 1.829644491589183519e-01
1.444944944944944965e+01 1.832683178807608670e-01
1.445945945945945965e+01 1.835731782364666831e-01
1.446946946946946966e+01 1.838793440022361003e-01
1.447947947947947966e+01 1.841855097680055453e-01
1.448948948948948967e+01 1.844924048042213827e-01
1.449949949949949968e+01 1.848008747420173681e-01
1.450950950950950968e+01 1.851093446798133813e-01
1.451951951951951969e+01 1.854182798417069178e-01
1.452952952952952970e+01 1.857290608778513763e-01
1.453953953953953970e+01 1.860398419139958348e-01
1.454954954954954971e+01 1.863508225147311459e-01
1.455955955955955972e+01 1.866639213742309067e-01
1.456956956956956972e+01 1.869770202337306397e-01
1.457957957957957973e+01 1.872901190932304005e-01
1.458958958958958974e+01 1.876054746617551727e-01
1.459959959959959974e+01 1.879208978687932907e-01
1.460960960960960975e+01 1.882363210758313810e-01
1.461961961961961975e+01 1.885537386384001923e-01
1.462962962962962976e+01 1.888714925168543668e-01
1.463963963963963977e+01 1.891892463953084857e-01
1.464964964964964977e+01 1.895087306708564956e-01
1.465965965965965978e+01 1.898288213448458828e-01
1.466966966966966979e+01 1.901489120188352977e-01
1.467967967967967979e+01 1.904704675959340010e-01
1.468968968968968980e+01 1.907929009903925333e-01
1.469969969969969981e+01 1.911153343848510378e-01
1.470970970970970981e+01 1.914389657220310070e-01
1.471971971971971982e+01 1.917637475633066912e-01
1.472972972972972983e+01 1.920885294045823755e-01
1.473973973973973983e+01 1.924142408306667440e-01
1.474974974974974984e+01 1.927413766471480494e-01
1.475975975975975985e+01 1.930685124636293271e-01
1.476976976976976985e+01 1.933963081780785964e-01
1.477977977977977986e+01 1.937258033008451008e-01
1.478978978978978986e+01 1.940552984236116330e-01
1.479979979979979987e+01 1.943851824968787223e-01
1.480980980980980988e+01 1.947170420603780983e-01
1.481981981981981988e+01 1.950489016238774465e-01
1.482982982982982989e+01 1.953808779977738441e-01
1.483983983983983990e+01 1.957151069405224098e-01
1.484984984984984990e+01 1.960493358832709754e-01
1.485985985985985991e+01 1.963835648260195688e-01
1.486986986986986992e+01 1.967200114366507435e-01
1.487987987987987992e+01 1.970566145019585491e-01
1.488988988988988993e+01 1.973932175672663825e-01
1.489989989989989994e+01 1.977317685265937153e-01
1.490990990990990994e+01 1.980707502633138051e-01
1.491991991991991995e+01 1.984097320000339226e-01
1.492992992992992995e+01 1.987503906725585634e-01
1.493993993993993996e+01 1.990917554358589969e-01
1.494994994994994997e+01 1.994331201991594027e-01
1.495995995995995997e+01 1.997758898231026259e-01
1.496996996996996998e+01 2.001196417752608425e-01
1.497997997997997999e+01 2.004633937274190592e-01
1.498998998998998999e+01 2.008082774151616623e-01
1.500000000000000000e+01 2.011544205263825491e-01
