5.000000000000000000e+00 5.716479799824548610e-03
5.010010010010010006e+00 5.771278733447253798e-03
5.020020020020020013e+00 5.826077667069958985e-03
5.030030030030030019e+00 5.880876600692664172e-03
5.040040040040040026e+00 5.935675534315369359e-03
5.050050050050050032e+00 5.990474467938073679e-03
5.060060060060060039e+00 6.045273401560779733e-03
5.070070070070070045e+00 6.100072335183484920e-03
5.080080080080080052e+00 6.155622581165085157e-03
5.090090090090090058e+00 6.211250229059680703e-03
5.100100100100100065e+00 6.266877876954276248e-03
5.110110110110110071e+00 6.323169376042269384e-03
5.120120120120120077e+00 6.379617403562912008e-03
5.130130130130130084e+00 6.436065431083555499e-03
5.140140140140140090e+00 6.493091449078738052e-03
5.150150150150150097e+00 6.550351489067125603e-03
5.160160160160160103e+00 6.607611529055512287e-03
5.170170170170170110e+00 6.665365320884250946e-03
5.180180180180180116e+00 6.723428993425295194e-03
5.190190190190190123e+00 6.781492665966339442e-03
5.200200200200200129e+00 6.839967487461861423e-03
5.210210210210210136e+00 6.898826419102477812e-03
5.220220220220220142e+00 6.957685350743093335e-03
5.230230230230230148e+00 7.016874470145286619e-03
5.240240240240240155e+00 7.076520312561823851e-03
5.250250250250250161e+00 7.136166154978361084e-03
5.260260260260260168e+00 7.196062864146832681e-03
5.270270270270270174e+00 7.256487312249071051e-03
5.280280280280280181e+00 7.316911760351311154e-03
5.290290290290290187e+00 7.377509385687112432e-03
5.300300300300300194e+00 7.438704195148614258e-03
5.310310310310310200e+00 7.499899004610116951e-03
5.320320320320320207e+00 7.561190917682142701e-03
5.330330330330330213e+00 7.623147921888731408e-03
5.340340340340340219e+00 7.685104926095320116e-03
5.350350350350350226e+00 7.747084553968009053e-03
5.360360360360360232e+00 7.809795680377954082e-03
5.370370370370370239e+00 7.872506806787901712e-03
5.380380380380380245e+00 7.935217933197846740e-03
5.390390390390390252e+00 7.998624927958624189e-03
5.400400400400400258e+00 8.062082213869784658e-03
5.410410410410410265e+00 8.125539499780941657e-03
5.420420420420420271e+00 8.189613432067633508e-03
5.430430430430430278e+00 8.253809039788577787e-03
5.440440440440440284e+00 8.318004647509523800e-03
5.450450450450450290e+00 8.382739309398177380e-03
5.460460460460460297e+00 8.447665540821628835e-03
5.470470470470470303e+00 8.512591772245083760e-03
5.480480480480480310e+00 8.577981063559454722e-03
5.490490490490490316e+00 8.643630374137999464e-03
5.500500500500500323e+00 8.709279684716544206e-03
5.510510510510510329e+00 8.775317621234976148e-03
5.520520520520520336e+00 8.841682633360279167e-03
5.530530530530530342e+00 8.908047645485580451e-03
5.540540540540540349e+00 8.974728366843017294e-03
5.550550550550550355e+00 9.041801882631098769e-03
5.560560560560560361e+00 9.108875398419181979e-03
5.570570570570570368e+00 9.176193175705768534e-03
5.580580580580580374e+00 9.243968189192017931e-03
5.590590590590590381e+00 9.311743202678270798e-03
5.600600600600600387e+00 9.379692445736350845e-03
5.610610610610610394e+00 9.448162154485082245e-03
5.620620620620620400e+00 9.516631863233813646e-03
5.630630630630630407e+00 9.585207127655530346e-03
5.640640640640640413e+00 9.654364943790093301e-03
5.650650650650650419e+00 9.723522759924652786e-03
5.660660660660660426e+00 9.792718753752644237e-03
5.670670670670670432e+00 9.862558314412727192e-03
5.680680680680680439e+00 9.932397875072808413e-03
5.690690690690690445e+00 1.000223743573289137e-02
5.700700700700700452e+00 1.007272464244084002e-02
5.710710710710710458e+00 1.014323981967495472e-02
5.720720720720720465e+00 1.021375499690906942e-02
5.730730730730730471e+00 1.028484694808856799e-02
5.740740740740740478e+00 1.035603185819005886e-02
5.750750750750750484e+00 1.042721676829154800e-02
5.760760760760760490e+00 1.049890891964930587e-02
5.770770770770770497e+00 1.057075793194543756e-02
5.780780780780780503e+00 1.064260694424156925e-02
5.790790790790790510e+00 1.071489493608090461e-02
5.800800800800800516e+00 1.078740268118496236e-02
5.810810810810810523e+00 1.085991042628902011e-02
5.820820820820820529e+00 1.093279008824755288e-02
5.830830830830830536e+00 1.100595146578478047e-02
5.840840840840840542e+00 1.107911284332200631e-02
5.850850850850850549e+00 1.115258019884469466e-02
5.860860860860860555e+00 1.122639038466322070e-02
5.870870870870870561e+00 1.130020057048174674e-02
5.880880880880880568e+00 1.137425184103423720e-02
5.890890890890890574e+00 1.144870629391306176e-02
5.900900900900900581e+00 1.152316074679188458e-02
5.910910910910910587e+00 1.159779235581919962e-02
5.920920920920920594e+00 1.167288682368534426e-02
5.930930930930930600e+00 1.174798129155148890e-02
5.940940940940940607e+00 1.182318986818724042e-02
5.950950950950950613e+00 1.189892039385498541e-02
5.960960960960960620e+00 1.197465091952272867e-02
5.970970970970970626e+00 1.205043330205423334e-02
5.980980980980980632e+00 1.212679622849956174e-02
5.990990990990990639e+00 1.220315915494489187e-02
6.001001001001000645e+00 1.227952208139022200e-02
6.011011011011010652e+00 1.235650436922330377e-02
6.021021021021020658e+00 1.243349634440695829e-02
6.031031031031030665e+00 1.251048831959061108e-02
6.041041041041040671e+00 1.258803568735903169e-02
6.051051051051050678e+00 1.266565366861208131e-02
6.061061061061060684e+00 1.274327164986512918e-02
6.071071071071070691e+00 1.282138189508176193e-02
6.081081081081080697e+00 1.289962315306763044e-02
6.091091091091090703e+00 1.297786441105350068e-02
6.101101101101100710e+00 1.305653555546777006e-02
6.111111111111110716e+00 1.313539767773497582e-02
6.121121121121120723e+00 1.321425980000218506e-02
6.131131131131130729e+00 1.329349009153369537e-02
6.141141141141140736e+00 1.337297098567367774e-02
6.151151151151150742e+00 1.345245187981366358e-02
6.161161161161160749e+00 1.353223979429046819e-02
6.171171171171170755e+00 1.361233769071506020e-02
6.181181181181180762e+00 1.369243558713965046e-02
6.191191191191190768e+00 1.377277982984724015e-02
6.201201201201200774e+00 1.385349328420036608e-02
6.211211211211210781e+00 1.393420673855349200e-02
6.221221221221220787e+00 1.401510624560054971e-02
6.231231231231230794e+00 1.409643414081871576e-02
6.241241241241240800e+00 1.417776203603688008e-02
6.251251251251250807e+00 1.425921597554392038e-02
6.261261261261260813e+00 1.434115752358036504e-02
6.271271271271270820e+00 1.442309907161680969e-02
6.281281281281280826e+00 1.450510684473382654e-02
6.291291291291290833e+00 1.458766158796073742e-02
6.301301301301300839e+00 1.467021633118765003e-02
6.311311311311310845e+00 1.475277757294677326e-02
6.321321321321320852e+00 1.483594538525032959e-02
6.331331331331330858e+00 1.491911319755388418e-02
6.341341341341340865e+00 1.500228100985743877e-02
6.351351351351350871e+00 1.508600886514589907e-02
6.361361361361360878e+00 1.516978995272858302e-02
6.371371371371370884e+00 1.525357104031127044e-02
6.381381381381380891e+00 1.533785287761774661e-02
6.391391391391390897e+00 1.542224777952231479e-02
6.401401401401400904e+00 1.550664268142688297e-02
6.411411411411410910e+00 1.559147917408779463e-02
6.421421421421420916e+00 1.567648876245720385e-02
6.431431431431430923e+00 1.576149835082661654e-02
6.441441441441440929e+00 1.584689040795288217e-02
6.451451451451450936e+00 1.593251588804024677e-02
6.461461461461460942e+00 1.601814136812761830e-02
6.471471471471470949e+00 1.610409013448711041e-02
6.481481481481480955e+00 1.619033304442956192e-02
6.491491491491490962e+00 1.627657595437201343e-02
6.501501501501500968e+00 1.636308281015674479e-02
6.511511511511510975e+00 1.644994502052688282e-02
6.521521521521520981e+00 1.653680723089701390e-02
6.531531531531530987e+00 1.662387379138066668e-02
6.541541541541540994e+00 1.671135750452912641e-02
6.551551551551551000e+00 1.679884121767758615e-02
6.561561561561561007e+00 1.688646933276889001e-02
6.571571571571571013e+00 1.697457708197111503e-02
6.581581581581581020e+00 1.706268483117334006e-02
6.591591591591591026e+00 1.715087658487076880e-02
6.601601601601601033e+00 1.723961123329094750e-02
6.611611611611611927e+00 1.732834588171112966e-02
6.621621621621621934e+00 1.741710359146426967e-02
6.631631631631631940e+00 1.750646833094901544e-02
6.641641641641641947e+00 1.759583307043376121e-02
6.651651651651651953e+00 1.768519780991851045e-02
6.661661661661661959e+00 1.777515763613071037e-02
6.671671671671671966e+00 1.786515598584486123e-02
6.681681681681681972e+00 1.795515433555900861e-02
6.691691691691691979e+00 1.804568929506241912e-02
6.701701701701701985e+00 1.813632509997882558e-02
6.711711711711711992e+00 1.822696090489523205e-02
6.721721721721721998e+00 1.831807433496933021e-02
6.731731731731732005e+00 1.840935176422438604e-02
6.741741741741742011e+00 1.850062919347944534e-02
6.751751751751752018e+00 1.859232465970300091e-02
6.761761761761762024e+00 1.868424820482900151e-02
6.771771771771772030e+00 1.877617174995500210e-02
6.781781781781782037e+00 1.886845304506554188e-02
6.791791791791792043e+00 1.896102751811101772e-02
6.801801801801802050e+00 1.905360199115649009e-02
6.811811811811812056e+00 1.914647313385695743e-02
6.821821821821822063e+00 1.923970366540529719e-02
6.831831831831832069e+00 1.933293419695363002e-02
6.841841841841842076e+00 1.942639943067049277e-02
6.851851851851852082e+00 1.952029146776708760e-02
6.861861861861862089e+00 1.961418350486368589e-02
6.871871871871872095e+00 1.970824729646064588e-02
6.881881881881882101e+00 1.980280660045841135e-02
6.891891891891892108e+00 1.989736590445618028e-02
6.901901901901902114e+00 1.999203294290746724e-02
6.911911911911912121e+00 2.008726558723974293e-02
6.921921921921922127e+00 2.018249823157201167e-02
6.931931931931932134e+00 2.027777342659901200e-02
6.941941941941942140e+00 2.037368579448921996e-02
6.951951951951952147e+00 2.046959816237942792e-02
6.961961961961962153e+00 2.056551053026963241e-02
6.971971971971972160e+00 2.066208542517085356e-02
6.981981981981982166e+00 2.075868420728713831e-02
6.991991991991992172e+00 2.085528298940342654e-02
7.002002002002002179e+00 2.095248351267151379e-02
7.012012012012012185e+00 2.104977570473456558e-02
7.022022022022022192e+00 2.114706789679761390e-02
7.032032032032032198e+00 2.124489991452625098e-02
7.042042042042042205e+00 2.134289281487796591e-02
7.052052052052052211e+00 2.144088571522968084e-02
7.062062062062062218e+00 2.153935530605016052e-02
7.072072072072072224e+00 2.163805651319053447e-02
7.082082082082082231e+00 2.173675772033090842e-02
7.092092092092092237e+00 2.183587117389428067e-02
7.102102102102102243e+00 2.193528858399329540e-02
7.112112112112112250e+00 2.203470599409231012e-02
7.122122122122122256e+00 2.213446980954172222e-02
7.132132132132132263e+00 2.223461161393266300e-02
7.142142142142142269e+00 2.233475341832360378e-02
7.152152152152152276e+00 2.243517430275950020e-02
7.162162162162162282e+00 2.253604898541976612e-02
7.172172172172172289e+00 2.263692366808003203e-02
7.182182182182182295e+00 2.273800853502048677e-02
7.192192192192192302e+00 2.283962487004556619e-02
7.202202202202202308e+00 2.294124120507064560e-02
7.212212212212212314e+00 2.304299717290914790e-02
7.222222222222222321e+00 2.314536422198487653e-02
7.232232232232232327e+00 2.324773127106060169e-02
7.242242242242242334e+00 2.335016566152340808e-02
7.252252252252252340e+00 2.345329277140140861e-02
7.262262262262262347e+00 2.355641988127941608e-02
7.272272272272272353e+00 2.365954699115741661e-02
7.282282282282282360e+00 2.376343701786513829e-02
7.292292292292292366e+00 2.386733381784576433e-02
7.302302302302302373e+00 2.397123061782639036e-02
7.312312312312312379e+00 2.407582422379209511e-02
7.322322322322322385e+00 2.418050062321899438e-02
7.332332332332332392e+00 2.428517702264589018e-02
7.342342342342342398e+00 2.439048240791636540e-02
7.352352352352352405e+00 2.449594859368627725e-02
7.362362362362362411e+00 2.460141477945618910e-02
7.372372372372372418e+00 2.470744033880255264e-02
7.382382382382382424e+00 2.481370677289356647e-02
7.392392392392392431e+00 2.491997320698458376e-02
7.402402402402402437e+00 2.502672752840639711e-02
7.412412412412412444e+00 2.513380494542758956e-02
7.422422422422422450e+00 2.524088236244878894e-02
7.432432432432432456e+00 2.534837422569042112e-02
7.442442442442442463e+00 2.545627363045544975e-02
7.452452452452452469e+00 2.556417303522047491e-02
7.462462462462462476e+00 2.567241141030070575e-02
7.472472472472472482e+00 2.578114407542758321e-02
7.482482482482482489e+00 2.588987674055445720e-02
7.492492492492492495e+00 2.599887078630995843e-02
7.502502502502502502e+00 2.610844824984865850e-02
7.512512512512512508e+00 2.621802571338735857e-02
7.522522522522522515e+00 2.632778477603086448e-02
7.532532532532532521e+00 2.643821883912052251e-02
7.542542542542542527e+00 2.654865290221017707e-02
7.552552552552552534e+00 2.665918651390397284e-02
7.562562562562562540e+00 2.677048923846086365e-02
7.572572572572572547e+00 2.688179196301775445e-02
7.582582582582582553e+00 2.699310984046297823e-02
7.592592592592592560e+00 2.710529354689996187e-02
7.602602602602602566e+00 2.721747725333694898e-02
7.612612612612612573e+00 2.732966095977393262e-02
7.622622622622622579e+00 2.744266656135719434e-02
7.632632632632632586e+00 2.755574382633546246e-02
7.642642642642642592e+00 2.766882109131373058e-02
7.652652652652652598e+00 2.778264377079898290e-02
7.662662662662662605e+00 2.789662742501239356e-02
7.672672672672672611e+00 2.801061107922580076e-02
7.682682682682682618e+00 2.812526135047861350e-02
7.692692692692692624e+00 2.824016447647051051e-02
7.702702702702702631e+00 2.835506760246240404e-02
7.712712712712712637e+00 2.847055615625767103e-02
7.722722722722722644e+00 2.858639208627022921e-02
7.732732732732732650e+00 2.870222801628279433e-02
7.742742742742742657e+00 2.881856571900885677e-02
7.752752752752752663e+00 2.893534803286431159e-02
7.762762762762762669e+00 2.905213034671976988e-02
7.772772772772772676e+00 2.916932823909866926e-02
7.782782782782782682e+00 2.928707076211180954e-02
7.792792792792792689e+00 2.940481328512494288e-02
7.802802802802802695e+00 2.952288258094839385e-02
7.812812812812812702e+00 2.964159938186944343e-02
7.822822822822822708e+00 2.976031618279049648e-02
7.832832832832832715e+00 2.987926826767119126e-02
7.842842842842842721e+00 2.999897365665799356e-02
7.852852852852852727e+00 3.011867904564479587e-02
7.862862862862862734e+00 3.023852547578255098e-02
7.872872872872872740e+00 3.035923400240059591e-02
7.882882882882882747e+00 3.047994252901864085e-02
7.892892892892892753e+00 3.060069502998074426e-02
7.902902902902902760e+00 3.072242148122981964e-02
7.912912912912912766e+00 3.084414793247889156e-02
7.922922922922922773e+00 3.096587438372797041e-02
7.932932932932932779e+00 3.108857779635979326e-02
7.942942942942942786e+00 3.121133719472533527e-02
7.952952952952952792e+00 3.133409659309086687e-02
7.962962962962962798e+00 3.145774528701897332e-02
7.972972972972972805e+00 3.158155288854642279e-02
7.982982982982982811e+00 3.170536049007387919e-02
7.992992992992992818e+00 3.182996692343940254e-02
8.003003003003001936e+00 3.195483821582979084e-02
8.013013013013011943e+00 3.207970950822018608e-02
8.023023023023021949e+00 3.220528630189758296e-02
8.033033033033031955e+00 3.233123700262183209e-02
8.043043043043041962e+00 3.245718770334607428e-02
8.053053053053051968e+00 3.258374763980155520e-02
8.063063063063061975e+00 3.271079369423175037e-02
8.073073073073071981e+00 3.283783974866193167e-02
8.083083083083081988e+00 3.296539577081936817e-02
8.093093093093091994e+00 3.309355335037435231e-02
8.103103103103102001e+00 3.322171092992932256e-02
8.113113113113112007e+00 3.335027614004269086e-02
8.123123123123122014e+00 3.347956164034584375e-02
8.133133133133132020e+00 3.360884714064900358e-02
8.143143143143142026e+00 3.373843479918038624e-02
8.153153153153152033e+00 3.386886483822683369e-02
8.163163163163162039e+00 3.399929487727328115e-02
8.173173173173172046e+00 3.412991840177533043e-02
8.183183183183182052e+00 3.426150981810629353e-02
8.193193193193192059e+00 3.439310123443726358e-02
8.203203203203202065e+00 3.452477419843912737e-02
8.213213213213213848e+00 3.465754404932055999e-02
8.223223223223223854e+00 3.479031390020197179e-02
8.233233233233233861e+00 3.492308375108338359e-02
8.243243243243243867e+00 3.505701559170031067e-02
8.253253253253253874e+00 3.519098115130318144e-02
8.263263263263263880e+00 3.532494671090605221e-02
8.273273273273273887e+00 3.545997309081998922e-02
8.283283283283283893e+00 3.559515184839983498e-02
8.293293293293293900e+00 3.573033060597968769e-02
8.303303303303303906e+00 3.586646577324234531e-02
8.313313313313313913e+00 3.600287543131489021e-02
8.323323323323323919e+00 3.613928508938742817e-02
8.333333333333333925e+00 3.627654344175184481e-02
8.343343343343343932e+00 3.641420191426211067e-02
8.353353353353353938e+00 3.655186038677237653e-02
8.363363363363363945e+00 3.669025647056995548e-02
8.373373373373373951e+00 3.682918188105224755e-02
8.383383383383383958e+00 3.696810729153453962e-02
8.393393393393393964e+00 3.710765580054611185e-02
8.403403403403403971e+00 3.724786648027196556e-02
8.413413413413413977e+00 3.738807715999781928e-02
8.423423423423423984e+00 3.752879293431740648e-02
8.433433433433433990e+00 3.767030742042874053e-02
8.443443443443443996e+00 3.781182190654006764e-02
8.453453453453454003e+00 3.795371993143029088e-02
8.463463463463464009e+00 3.809655696505502565e-02
8.473473473473474016e+00 3.823939399867976735e-02
8.483483483483484022e+00 3.838248940341772858e-02
8.493493493493494029e+00 3.852666792776534427e-02
8.503503503503504035e+00 3.867084645211295996e-02
8.513513513513514042e+00 3.881515450882559032e-02
8.523523523523524048e+00 3.896069366725954386e-02
8.533533533533534055e+00 3.910623282569350434e-02
8.543543543543544061e+00 3.925177198412745094e-02
8.553553553553554067e+00 3.939868808226598684e-02
8.563563563563564074e+00 3.954560721635096143e-02
8.573573573573574080e+00 3.969252635043592214e-02
8.583583583583584087e+00 3.984070560641838482e-02
8.593593593593594093e+00 3.998902425393904142e-02
8.603603603603604100e+00 4.013734290145969108e-02
8.613613613613614106e+00 4.028680120305961482e-02
8.623623623623624113e+00 4.043653909600899987e-02
8.633633633633634119e+00 4.058627698895837799e-02
8.643643643643644126e+00 4.073703035996724398e-02
8.653653653653654132e+00 4.088820742250205698e-02
8.663663663663664138e+00 4.103938448503686998e-02
8.673673673673674145e+00 4.119144908399429567e-02
8.683683683683684151e+00 4.134408543035452549e-02
8.693693693693694158e+00 4.149672177671475531e-02
8.703703703703704164e+00 4.165011389561935895e-02
8.713713713713714171e+00 4.180422982801008241e-02
8.723723723723724177e+00 4.195834576040080588e-02
8.733733733733734184e+00 4.211308182340076783e-02
8.743743743743744190e+00 4.226869782983416757e-02
8.753753753753754197e+00 4.242431383626756036e-02
8.763763763763764203e+00 4.258041039832992369e-02
8.773773773773774209e+00 4.273754715042462488e-02
8.783783783783784216e+00 4.289468390251933300e-02
8.793793793793794222e+00 4.305215764807710649e-02
8.803803803803804229e+00 4.321083599881352100e-02
8.813813813813814235e+00 4.336951434954993551e-02
8.823823823823824242e+00 4.352838209112631224e-02
8.833833833833834248e+00 4.368862307255551303e-02
8.843843843843844255e+00 4.384886405398470688e-02
8.853853853853854261e+00 4.400914273079341993e-02
8.863863863863864268e+00 4.417096755169785949e-02
8.873873873873874274e+00 4.433279237260229905e-02
8.883883883883884280e+00 4.449461719350673861e-02
8.893893893893894287e+00 4.465792909262766147e-02
8.903903903903904293e+00 4.482135913613193023e-02
8.913913913913914300e+00 4.498478917963620594e-02
8.923923923923924306e+00 4.514956782179203876e-02
8.933933933933934313e+00 4.531462464292184550e-02
8.943943943943944319e+00 4.547968146405165224e-02
8.953953953953954326e+00 4.564594432928720941e-02
8.963963963963964332e+00 4.581264965247518195e-02
8.973973973973974338e+00 4.597935497566316143e-02
8.983983983983984345e+00 4.614711966231287155e-02
8.993993993993994351e+00 4.631549537884951939e-02
9.004004004004004358e+00 4.648387109538616724e-02
9.014014014014014364e+00 4.665315531848808484e-02
9.024024024024024371e+00 4.682322348391682043e-02
9.034034034034034377e+00 4.699329164934555603e-02
9.044044044044044384e+00 4.716411323902600095e-02
9.054054054054054390e+00 4.733589607048047099e-02
9.064064064064064397e+00 4.750767890193494797e-02
9.074074074074074403e+00 4.768005580176326585e-02
9.084084084084084409e+00 4.785357567524651384e-02
9.094094094094094416e+00 4.802709554872976183e-02
9.104104104104104422e+00 4.820104581404287269e-02
9.114114114114114429e+00 4.837632526164656332e-02
9.124124124124124435e+00 4.855160470925026089e-02
9.134134134134134442e+00 4.872714650544644061e-02
9.144144144144144448e+00 4.890420821251000028e-02
9.154154154154154455e+00 4.908126991957354607e-02
9.164164164164164461e+00 4.925842152037529509e-02
9.174174174174174468e+00 4.943728832258335176e-02
9.184184184184184474e+00 4.961615512479141538e-02
9.194194194194194480e+00 4.979502192699947899e-02
9.204204204204204487e+00 4.997562979089485019e-02
9.214214214214214493e+00 5.015632467131302119e-02
9.224224224224224500e+00 5.033701955173119219e-02
9.234234234234234506e+00 5.051929721296281872e-02
9.244244244244244513e+00 5.070184329901076398e-02
9.254254254254254519e+00 5.088438938505869535e-02
9.264264264264264526e+00 5.106835557284648830e-02
9.274274274274274532e+00 5.125277613320785436e-02
9.284284284284284539e+00 5.143719669356920654e-02
9.294294294294294545e+00 5.162287023503799033e-02
9.304304304304304551e+00 5.180918867650722431e-02
9.314314314314314558e+00 5.199550711797645830e-02
9.324324324324324564e+00 5.218290693619534459e-02
9.334334334334334571e+00 5.237114680046067727e-02
9.344344344344344577e+00 5.255938666472601689e-02
9.354354354354354584e+00 5.274853177671506854e-02
9.364364364364364590e+00 5.293871673707777753e-02
9.374374374374374597e+00 5.312890169744047958e-02
9.384384384384384603e+00 5.331981121214475483e-02
9.394394394394394610e+00 5.351196507017477039e-02
9.404404404404404616e+00 5.370411892820478594e-02
9.414414414414414622e+00 5.389681204443562412e-02
9.424424424424424629e+00 5.409095872656330406e-02
9.434434434434434635e+00 5.428510540869098400e-02
9.444444444444444642e+00 5.447960141303467840e-02
9.454454454454454648e+00 5.467576496707931416e-02
9.464464464464464655e+00 5.487192852112394992e-02
9.474474474474474661e+00 5.506824678581793281e-02
9.484484484484484668e+00 5.526645137745295200e-02
9.494494494494494674e+00 5.546465596908797119e-02
9.504504504504504681e+00 5.566286056072298344e-02
9.514514514514514687e+00 5.586308585901991058e-02
9.524524524524524693e+00 5.606335576817527561e-02
9.534534534534534700e+00 5.626362567733064063e-02
9.544544544544544706e+00 5.646573661927558468e-02
9.554554554554554713e+00 5.666809623647814376e-02
9.564564564564564719e+00 5.687045585368070283e-02
9.574574574574574726e+00 5.707447216227354986e-02
9.584584584584584732e+00 5.727894598492568740e-02
9.594594594594594739e+00 5.748341980757782493e-02
9.604604604604604745e+00 5.768936127886946374e-02
9.614614614614614752e+00 5.789597390746666072e-02
9.624624624624624758e+00 5.810258653606385770e-02
9.634634634634634764e+00 5.831047303681220761e-02
9.644644644644644771e+00 5.851924917110089275e-02
9.654654654654654777e+00 5.872802530538957788e-02
9.664664664664664784e+00 5.893787677068500902e-02
9.674674674674674790e+00 5.914884120576073545e-02
9.684684684684684797e+00 5.935980564083646188e-02
9.694694694694694803e+00 5.957164207169733661e-02
9.704704704704704810e+00 5.978481969404501883e-02
9.714714714714714816e+00 5.999799731639270800e-02
9.724724724724724823e+00 6.021183877733136958e-02
9.734734734734734829e+00 6.042725456080843410e-02
9.744744744744744835e+00 6.064267034428549863e-02
9.754754754754754842e+00 6.085853696084518594e-02
9.764764764764764848e+00 6.107621596260854463e-02
9.774774774774774855e+00 6.129389496437190332e-02
9.784784784784784861e+00 6.151180692063506344e-02
9.794794794794794868e+00 6.173177427701334596e-02
9.804804804804804874e+00 6.195174163339163542e-02
9.814814814814814881e+00 6.217171916946002963e-02
9.824824824824824887e+00 6.239400009177263617e-02
9.834834834834834894e+00 6.261628101408522884e-02
9.844844844844844900e+00 6.283856193639784926e-02
9.854854854854854906e+00 6.306296419385658270e-02
9.864864864864864913e+00 6.328758396418036891e-02
9.874874874874874919e+00 6.351220373450415513e-02
9.884884884884884926e+00 6.373873755836446942e-02
9.894894894894894932e+00 6.396572152525016597e-02
9.904904904904904939e+00 6.419270549213586252e-02
9.914914914914914945e+00 6.442139133730766243e-02
9.924924924924924952e+00 6.465076491144705617e-02
9.934934934934934958e+00 6.488013848558646379e-02
9.944944944944944965e+00 6.511099684827012513e-02
9.954954954954954971e+00 6.534278549811585457e-02
9.964964964964964977e+00 6.557457414796159789e-02
9.974974974974974984e+00 6.580762556295073618e-02
9.984984984984984990e+00 6.604185481029048455e-02
9.994994994994994997e+00 6.627608405763023292e-02
1.000500500500500500e+01 6.651134909559154595e-02
1.001501501501501501e+01 6.674804451107789471e-02
1.002502502502502502e+01 6.698473992656424347e-02
1.003503503503503502e+01 6.722223919129538539e-02
1.004504504504504503e+01 6.746142638993363194e-02
1.005505505505505504e+01 6.770061358857187850e-02
1.006506506506506504e+01 6.794036771423808685e-02
1.007507507507507505e+01 6.818207235083352524e-02
1.008508508508508505e+01 6.842377698742896364e-02
1.009509509509509506e+01 6.866580663577916133e-02
1.010510510510510507e+01 6.891005440034592144e-02
1.011511511511511507e+01 6.915430216491270932e-02
1.012512512512512508e+01 6.939862802247590001e-02
1.013513513513513509e+01 6.964544463560894128e-02
1.014514514514514509e+01 6.989226124874198254e-02
1.015515515515515510e+01 7.013907786187500992e-02
1.016516516516516511e+01 7.038831523221741882e-02
1.017517517517517511e+01 7.063772644043014859e-02
1.018518518518518512e+01 7.088713764864290612e-02
1.019519519519519513e+01 7.113873843202477010e-02
1.020520520520520513e+01 7.139077000305361909e-02
1.021521521521521514e+01 7.164280157408245420e-02
1.022522522522522515e+01 7.189678653086360727e-02
1.023523523523523515e+01 7.215146424894242072e-02
1.024524524524524516e+01 7.240614196702124805e-02
1.025525525525525516e+01 7.266253186619170412e-02
1.026526526526526517e+01 7.291988152729740602e-02
1.027527527527527518e+01 7.317723118840310792e-02
1.028528528528528518e+01 7.343604680466674084e-02
1.029529529529529519e+01 7.369609421173842212e-02
1.030530530530530520e+01 7.395614161881013116e-02
1.031531531531531520e+01 7.421740372965567045e-02
1.032532532532532521e+01 7.448017468778982131e-02
1.033533533533533522e+01 7.474294564592395829e-02
1.034534534534534522e+01 7.500667502868429981e-02
1.035535535535535523e+01 7.527219534030725467e-02
1.036536536536536524e+01 7.553771565193020954e-02
1.037537537537537524e+01 7.580393308083081816e-02
1.038538538538538525e+01 7.607222854085202157e-02
1.039539539539539525e+01 7.634052400087321111e-02
1.040540540540540526e+01 7.660925024407079509e-02
1.041541541541541527e+01 7.688034663501770727e-02
1.042542542542542527e+01 7.715144302596463333e-02
1.043543543543543528e+01 7.742269884257671486e-02
1.044544544544544529e+01 7.769662192971449333e-02
1.045545545545545529e+01 7.797054501685228567e-02
1.046546546546546530e+01 7.824446810399006413e-02
1.047547547547547531e+01 7.852112668041648369e-02
1.048548548548548531e+01 7.879790220685421731e-02
1.049549549549549532e+01 7.907467773329195093e-02
1.050550550550550533e+01 7.935393307837772248e-02
1.051551551551551533e+01 7.963358676016367432e-02
1.052552552552552534e+01 7.991324044194962617e-02
1.053553553553553535e+01 8.019511323782183010e-02
1.054554554554554535e+01 8.047767075902971523e-02
1.055555555555555536e+01 8.076022828023761424e-02
1.056556556556556536e+01 8.104473918311101699e-02
1.057557557557557537e+01 8.133022619091984096e-02
1.058558558558558538e+01 8.161571319872866492e-02
1.059559559559559538e+01 8.190288283589980400e-02
1.060560560560560539e+01 8.219132493566917719e-02
1.061561561561561540e+01 8.247976703543853649e-02
1.062562562562562540e+01 8.276961600227891735e-02
1.063563563563563541e+01 8.306103875262245417e-02
1.064564564564564542e+01 8.335246150296600487e-02
1.065565565565565542e+01 8.364501035991471489e-02
1.066566566566566543e+01 8.393943926777333586e-02
1.067567567567567544e+01 8.423386817563195683e-02
1.068568568568568544e+01 8.452913744518911199e-02
1.069569569569569545e+01 8.482659796090681603e-02
1.070570570570570545e+01 8.512405847662449232e-02
1.071571571571571546e+01 8.542206864034644631e-02
1.072572572572572547e+01 8.572258615275077376e-02
1.073573573573573547e+01 8.602310366515508733e-02
1.074574574574574548e+01 8.632387516065197219e-02
1.075575575575575549e+01 8.662747499214097646e-02
1.076576576576576549e+01 8.693107482362996685e-02
1.077577577577577550e+01 8.723467465511895724e-02
1.078578578578578551e+01 8.754133544320515103e-02
1.079579579579579551e+01 8.784804284484357129e-02
1.080580580580580552e+01 8.815475024648200542e-02
1.081581581581581553e+01 8.846423827257203498e-02
1.082582582582582553e+01 8.877407841919873754e-02
1.083583583583583554e+01 8.908391856582544011e-02
1.084584584584584555e+01 8.939625403661002889e-02
1.085585585585585555e+01 8.970925202195842441e-02
1.086586586586586556e+01 9.002225000730683380e-02
1.087587587587587556e+01 9.033745306870072378e-02
1.088588588588588557e+01 9.065363390053511605e-02
1.089589589589589558e+01 9.096981473236949445e-02
1.090590590590590558e+01 9.128790546655282667e-02
1.091591591591591559e+01 9.160729406182177570e-02
1.092592592592592560e+01 9.192668265709071085e-02
1.093593593593593560e+01 9.224768107956085594e-02
1.094594594594594561e+01 9.257030225957114944e-02
1.095595595595595562e+01 9.289292343958145681e-02
1.096596596596596562e+01 9.321684949621542038e-02
1.097597597597597563e+01 9.354272798182652893e-02
1.098598598598598564e+01 9.386860646743760972e-02
1.099599599599599564e+01 9.419548003156649751e-02
1.100600600600600565e+01 9.452464043841046770e-02
1.101601601601601566e+01 9.485380084525442401e-02
1.102602602602602566e+01 9.518364171475060531e-02
1.103603603603603567e+01 9.551610854847616960e-02
1.104604604604604567e+01 9.584857538220173390e-02
1.105605605605605568e+01 9.618140327657900834e-02
1.106606606606606569e+01 9.651720092812487994e-02
1.107607607607607569e+01 9.685299857967075154e-02
1.108608608608608570e+01 9.718883313719949013e-02
1.109609609609609571e+01 9.752798587809645425e-02
1.110610610610610571e+01 9.786713861899344613e-02
1.111611611611611572e+01 9.820629135989043801e-02
1.112612612612612573e+01 9.854853137153563036e-02
1.113613613613613573e+01 9.889106334924105401e-02
1.114614614614614574e+01 9.923359532694650542e-02
1.115615615615615575e+01 9.957890504184020719e-02
1.116616616616616575e+01 9.992484027510588340e-02
1.117617617617617576e+01 1.002707755083715596e-01
1.118618618618618576e+01 1.006191741705948633e-01
1.119619619619619577e+01 1.009685365448700634e-01
1.120620620620620578e+01 1.013178989191452495e-01
1.121621621621621578e+01 1.016694056755947234e-01
1.122622622622622579e+01 1.020222189384670936e-01
1.123623623623623580e+01 1.023750322013394776e-01
1.124624624624624580e+01 1.027296660989644311e-01
1.125625625625625581e+01 1.030859538556394561e-01
1.126626626626626582e+01 1.034422416123145089e-01
1.127627627627627582e+01 1.038000215953753386e-01
1.128628628628628583e+01 1.041598073041971328e-01
1.129629629629629584e+01 1.045195930130189271e-01
1.130630630630630584e+01 1.048805379203668064e-01
1.131631631631631585e+01 1.052438448883808303e-01
1.132632632632632586e+01 1.056071518563948541e-01
1.133633633633633586e+01 1.059712804187734753e-01
1.134634634634634587e+01 1.063381317973337015e-01
1.135635635635635587e+01 1.067049831758939277e-01
1.136636636636636588e+01 1.070723140132644052e-01
1.137637637637637589e+01 1.074427327936865739e-01
1.138638638638638589e+01 1.078131515741087565e-01
1.139639639639639590e+01 1.081837031929980125e-01
1.140640640640640591e+01 1.085577122022597790e-01
1.141641641641641769e+01 1.089317212115216149e-01
1.142642642642642770e+01 1.093057302207833814e-01
1.143643643643643770e+01 1.096831338988852461e-01
1.144644644644644771e+01 1.100607557953757476e-01
1.145645645645645772e+01 1.104383776918662491e-01
1.146646646646646772e+01 1.108190612993529972e-01
1.147647647647647773e+01 1.112003185686721018e-01
1.148648648648648773e+01 1.115815758379912065e-01
1.149649649649649774e+01 1.119655573484850813e-01
1.150650650650650775e+01 1.123504722992955535e-01
1.151651651651651775e+01 1.127353872501060117e-01
1.152652652652652776e+01 1.131226845093416394e-01
1.153653653653653777e+01 1.135112792692734573e-01
1.154654654654654777e+01 1.138998740292052753e-01
1.155655655655655778e+01 1.142905047525602236e-01
1.156656656656656779e+01 1.146828012641704503e-01
1.157657657657657779e+01 1.150750977757806770e-01
1.158658658658658780e+01 1.154690795458343383e-01
1.159659659659659781e+01 1.158650995626222951e-01
1.160660660660660781e+01 1.162611195794102520e-01
1.161661661661661782e+01 1.166584698435321615e-01
1.162662662662662783e+01 1.170582349260125693e-01
1.163663663663663783e+01 1.174580000084929771e-01
1.164664664664664784e+01 1.178587360764605796e-01
1.165665665665665784e+01 1.182622675882939733e-01
1.166666666666666785e+01 1.186657991001273532e-01
1.167667667667667786e+01 1.190699381417737734e-01
1.168668668668668786e+01 1.194772572459577298e-01
1.169669669669669787e+01 1.198845763501416861e-01
1.170670670670670788e+01 1.202921353930346410e-01
1.171671671671671788e+01 1.207032630481553181e-01
1.172672672672672789e+01 1.211143907032759814e-01
1.173673673673673790e+01 1.215255183583966586e-01
1.174674674674674790e+01 1.219403435869728936e-01
1.175675675675675791e+01 1.223553005435181473e-01
1.176676676676676792e+01 1.227702575000634150e-01
1.177677677677677792e+01 1.231885568878622189e-01
1.178678678678678793e+01 1.236073636845981538e-01
1.179679679679679793e+01 1.240261704813340887e-01
1.180680680680680794e+01 1.244479604002307060e-01
1.181681681681681795e+01 1.248706373606416203e-01
1.182682682682682795e+01 1.252933143210525346e-01
1.183683683683683796e+01 1.257186109881922864e-01
1.184684684684684797e+01 1.261451782169857871e-01
1.185685685685685797e+01 1.265717454457792879e-01
1.186686686686686798e+01 1.270005649214820953e-01
1.187687687687687799e+01 1.274310423011598692e-01
1.188688688688688799e+01 1.278615196808376153e-01
1.189689689689689800e+01 1.282938778665368151e-01
1.190690690690690801e+01 1.287282850540320545e-01
1.191691691691691801e+01 1.291626922415272938e-01
1.192692692692692802e+01 1.295986048777426347e-01
1.193693693693693803e+01 1.300369613011247427e-01
1.194694694694694803e+01 1.304753177245067952e-01
1.195695695695695804e+01 1.309148003888523648e-01
1.196696696696696804e+01 1.313571252441000370e-01
1.197697697697697805e+01 1.317994500993477369e-01
1.198698698698698806e+01 1.322425182045752212e-01
1.199699699699699806e+01 1.326888304524183049e-01
1.200700700700700807e+01 1.331351427002614163e-01
1.201701701701701808e+01 1.335818114923384425e-01
1.202702702702702808e+01 1.340321298551694629e-01
1.203703703703703809e+01 1.344824482180004832e-01
1.204704704704704810e+01 1.349327665808315035e-01
1.205705705705705810e+01 1.353870757330810637e-01
1.206706706706706811e+01 1.358414186919372768e-01
1.207707707707707812e+01 1.362957616507934899e-01
1.208708708708708812e+01 1.367537197107029368e-01
1.209709709709709813e+01 1.372121055023182989e-01
1.210710710710710813e+01 1.376704912939336611e-01
1.211711711711711814e+01 1.381321127487690759e-01
1.212712712712712815e+01 1.385945593626987937e-01
1.213713713713713815e+01 1.390570059766285116e-01
1.214714714714714816e+01 1.395223051367414091e-01
1.215715715715715817e+01 1.399888303125572941e-01
1.216716716716716817e+01 1.404553554883732069e-01
1.217717717717717818e+01 1.409243464855325090e-01
1.218718718718718819e+01 1.413949677100916902e-01
1.219719719719719819e+01 1.418655889346508436e-01
1.220720720720720820e+01 1.423382857204120722e-01
1.221721721721721821e+01 1.428130202251972625e-01
1.222722722722722821e+01 1.432877547299825083e-01
1.223723723723723822e+01 1.437641710740943379e-01
1.224724724724724823e+01 1.442430358326286521e-01
1.225725725725725823e+01 1.447219005911629663e-01
1.226726726726726824e+01 1.452020500800117186e-01
1.227727727727727824e+01 1.456850618053454061e-01
1.228728728728728825e+01 1.461680735306791212e-01
1.229729729729729826e+01 1.466519695657705624e-01
1.230730730730730826e+01 1.471391447080429293e-01
1.231731731731731827e+01 1.476263198503152685e-01
1.232732732732732828e+01 1.481139756467948765e-01
1.233733733733733828e+01 1.486053303908695111e-01
1.234734734734734829e+01 1.490966851349440903e-01
1.235735735735735830e+01 1.495881137201548472e-01
1.236736736736736830e+01 1.500836639833288688e-01
1.237737737737737831e+01 1.505792142465029182e-01
1.238738738738738832e+01 1.510747645096769398e-01
1.239739739739739832e+01 1.515741898883697925e-01
1.240740740740740833e+01 1.520739513181585123e-01
1.241741741741741833e+01 1.525737127479472044e-01
1.242742742742742834e+01 1.530769517766628340e-01
1.243743743743743835e+01 1.535809397486573025e-01
1.244744744744744835e+01 1.540849277206517987e-01
1.245745745745745836e+01 1.545919925810638751e-01
1.246746746746746837e+01 1.551002221968653394e-01
1.247747747747747837e+01 1.556084518126668037e-01
1.248748748748748838e+01 1.561193544912673759e-01
1.249749749749749839e+01 1.566318405764941246e-01
1.250750750750750839e+01 1.571443266617209289e-01
1.251751751751751840e+01 1.576590789486443933e-01
1.252752752752752841e+01 1.581758360510154005e-01
1.253753753753753841e+01 1.586925931533863521e-01
1.254754754754754842e+01 1.592112066412716687e-01
1.255755755755755843e+01 1.597322490287633734e-01
1.256756756756756843e+01 1.602532914162551059e-01
1.257757757757757844e+01 1.607757774991458721e-01
1.258758758758758844e+01 1.613011191582249260e-01
1.259759759759759845e+01 1.618264608173039798e-01
1.260760760760760846e+01 1.623528306895874185e-01
1.261761761761761846e+01 1.628824853235171510e-01
1.262762762762762847e+01 1.634121399574468558e-01
1.263763763763763848e+01 1.639424046128307444e-01
1.264764764764764848e+01 1.644763856400524027e-01
1.265765765765765849e+01 1.650103666672740610e-01
1.266766766766766850e+01 1.655445368978017417e-01
1.267767767767767850e+01 1.660828574503908361e-01
1.268768768768768851e+01 1.666211780029799028e-01
1.269769769769769852e+01 1.671594985555689972e-01
1.270770770770770852e+01 1.677019373202801589e-01
1.271771771771771853e+01 1.682446102424761947e-01
1.272772772772772854e+01 1.687872831646722027e-01
1.273773773773773854e+01 1.693336610348806781e-01
1.274774774774774855e+01 1.698806988816908281e-01
1.275775775775775855e+01 1.704277367285009503e-01
1.276776776776776856e+01 1.709780635951760885e-01
1.277777777777777857e+01 1.715294786310532782e-01
1.278778778778778857e+01 1.720808936669304678e-01
1.279779779779779858e+01 1.726351792145708330e-01
1.280780780780780859e+01 1.731909834121654057e-01
1.281781781781781859e+01 1.737467876097599784e-01
1.282782782782782860e+01 1.743050413156717049e-01
1.283783783783783861e+01 1.748652463546553348e-01
1.284784784784784861e+01 1.754254513936389648e-01
1.285785785785785862e+01 1.759876825272518597e-01
1.286786786786786863e+01 1.765522997932155447e-01
1.287787787787787863e+01 1.771169170591792297e-01
1.288788788788788864e+01 1.776831346813999291e-01
1.289789789789789864e+01 1.782521752648235369e-01
1.290790790790790865e+01 1.788212158482471448e-01
1.291791791791791866e+01 1.793914288108496013e-01
1.292792792792792866e+01 1.799649035061448299e-01
1.293793793793793867e+01 1.805383782014400584e-01
1.294794794794794868e+01 1.811125951464931383e-01
1.295795795795795868e+01 1.816905144511166970e-01
1.296796796796796869e+01 1.822684337557403111e-01
1.297797797797797870e+01 1.828466631150714172e-01
1.298798798798798870e+01 1.834290372287111781e-01
1.299799799799799871e+01 1.840114113423509112e-01
1.300800800800800872e+01 1.845937854559906721e-01
1.301801801801801872e+01 1.851805001608783363e-01
1.302802802802802873e+01 1.857673389847092904e-01
1.303803803803803874e+01 1.863541778085402445e-01
1.304804804804804874e+01 1.869449307606665667e-01
1.305805805805805875e+01 1.875362438966778900e-01
1.306806806806806875e+01 1.881275570326892133e-01
1.307807807807807876e+01 1.887223557305193755e-01
1.308808808808808877e+01 1.893181524809104677e-01
1.309809809809809877e+01 1.899139492313015876e-01
1.310810810810810878e+01 1.905128009607474082e-01
1.311811811811811879e+01 1.911130903273954851e-01
1.312812812812812879e+01 1.917133796940435342e-01
1.313813813813813880e+01 1.923162915281771135e-01
1.314814814814814881e+01 1.929210822121708024e-01
1.315815815815815881e+01 1.935258728961644359e-01
1.316816816816816882e+01 1.941328516949679117e-01
1.317817817817817883e+01 1.947421520962117902e-01
1.318818818818818883e+01 1.953514524974556688e-01
1.319819819819819884e+01 1.959625049076053616e-01
1.320820820820820884e+01 1.965763231244908871e-01
1.321821821821821885e+01 1.971901413413763571e-01
1.322822822822822886e+01 1.978052737960617202e-01
1.323823823823823886e+01 1.984236176252056616e-01
1.324824824824824887e+01 1.990419614543495752e-01
1.325825825825825888e+01 1.996611801731262292e-01
1.326826826826826888e+01 2.002840571091754618e-01
1.327827827827827889e+01 2.009069340452246943e-01
1.328828828828828890e+01 2.015302450339016838e-01
1.329829829829829890e+01 2.021576622694047087e-01
1.330830830830830891e+01 2.027850795049077337e-01
1.331831831831831892e+01 2.034124967404107309e-01
1.332832832832832892e+01 2.040444529808115581e-01
1.333833833833833893e+01 2.046764174061540820e-01
1.334834834834834894e+01 2.053083818314966058e-01
1.335835835835835894e+01 2.059444483001191539e-01
1.336836836836836895e+01 2.065809665035255871e-01
1.337837837837837895e+01 2.072174847069320480e-01
1.338838838838838896e+01 2.078576664659099738e-01
1.339839839839839897e+01 2.084987447335079069e-01
1.340840840840840897e+01 2.091398230011058956e-01
1.341841841841841898e+01 2.097841248988393525e-01
1.342842842842842899e+01 2.104297692147879262e-01
1.343843843843843899e+01 2.110754135307364443e-01
1.344844844844844900e+01 2.117238402020082122e-01
1.345845845845845901e+01 2.123740562486882699e-01
1.346846846846846901e+01 2.130242722953683276e-01
1.347847847847847902e+01 2.136768281614916387e-01
1.348848848848848903e+01 2.143316213197586362e-01
1.349849849849849903e+01 2.149864144780256336e-01
1.350850850850850904e+01 2.156431037470238066e-01
1.351851851851851904e+01 2.163024790965212552e-01
1.352852852852852905e+01 2.169618544460187592e-01
1.353853853853853906e+01 2.176226811128355587e-01
1.354854854854854906e+01 2.182866434323688654e-01
1.355855855855855907e+01 2.189506057519021720e-01
1.356856856856856908e+01 2.196155735986431989e-01
1.357857857857857908e+01 2.202841273666135691e-01
1.358858858858858909e+01 2.209526811345839392e-01
1.359859859859859910e+01 2.216217937307884689e-01
1.360860860860860910e+01 2.222949431256847075e-01
1.361861861861861911e+01 2.229680925205809461e-01
1.362862862862862912e+01 2.236413532235236590e-01
1.363863863863863912e+01 2.243191021244730632e-01
1.364864864864864913e+01 2.249968510254224674e-01
1.365865865865865914e+01 2.256745999263718994e-01
1.366866866866866914e+01 2.263566149678210293e-01
1.367867867867867915e+01 2.270389669551965417e-01
1.368868868868868915e+01 2.277213189425720263e-01
1.369869869869869916e+01 2.284074914521552480e-01
1.370870870870870917e+01 2.290944498082403136e-01
1.371871871871871917e+01 2.297814081643254069e-01
1.372872872872872918e+01 2.304717405672622732e-01
1.373873873873873919e+01 2.311633082769700143e-01
1.374874874874874919e+01 2.318548759866777831e-01
1.375875875875875920e+01 2.325493704982009302e-01
1.376876876876876921e+01 2.332455502498490818e-01
1.377877877877877921e+01 2.339417300014972334e-01
1.378878878878878922e+01 2.346403886273543127e-01
1.379879879879879923e+01 2.353411828134941153e-01
1.380880880880880923e+01 2.360419769996339456e-01
1.381881881881881924e+01 2.367448015366168945e-01
1.382882882882882924e+01 2.374502122549148053e-01
1.383883883883883925e+01 2.381556229732127161e-01
1.384884884884884926e+01 2.388626150097139522e-01
1.385885885885885926e+01 2.395726440638860644e-01
1.386886886886886927e+01 2.402826731180581765e-01
1.387887887887887928e+01 2.409938340346535757e-01
1.388888888888888928e+01 2.417084829354512465e-01
1.389889889889889929e+01 2.424231318362489451e-01
1.390890890890890930e+01 2.431384628063069653e-01
1.391891891891891930e+01 2.438577327725539590e-01
1.392892892892892931e+01 2.445770027388009249e-01
1.393893893893893932e+01 2.452965047291181810e-01
1.394894894894894932e+01 2.460203966887968552e-01
1.395895895895895933e+01 2.467442886484755293e-01
1.396896896896896934e+01 2.474681806081542035e-01
1.397897897897897934e+01 2.481964770113239127e-01
1.398898898898898935e+01 2.489249916027102272e-01
1.399899899899899935e+01 2.496535061940965416e-01
1.400900900900900936e+01 2.503859752838253350e-01
1.401901901901901937e+01 2.511191128566734321e-01
1.402902902902902937e+01 2.518522504295215847e-01
1.403903903903903938e+01 2.525888922696642447e-01
1.404904904904904939e+01 2.533266528864365208e-01
1.405905905905905939e+01 2.540644135032087969e-01
1.406906906906906940e+01 2.548052279551196175e-01
1.407907907907907941e+01 2.555476113922650061e-01
1.408908908908908941e+01 2.562899948294104502e-01
1.409909909909909942e+01 2.570349815527480652e-01
1.410910910910910943e+01 2.577819873020245067e-01
1.411911911911911943e+01 2.585289930513009482e-01
1.412912912912912944e+01 2.592781515048567242e-01
1.413913913913913944e+01 2.600297787746986278e-01
1.414914914914914945e+01 2.607814060445404203e-01
1.415915915915915946e+01 2.615347354870898311e-01
1.416916916916916946e+01 2.622909832040203892e-01
1.417917917917917947e+01 2.630472309209509474e-01
1.418918918918918948e+01 2.638047304121265424e-01
1.419919919919919948e+01 2.645655972222121788e-01
1.420920920920920949e+01 2.653264640322978152e-01
1.421921921921921950e+01 2.660881324334847808e-01
1.422922922922922950e+01 2.668536167038318974e-01
1.423923923923923951e+01 2.676191009741789029e-01
1.424924924924924952e+01 2.683849369494317738e-01
1.425925925925925952e+01 2.691550367697246315e-01
1.426926926926926953e+01 2.699251365900174338e-01
1.427927927927927954e+01 2.706952364103103470e-01
1.428928928928928954e+01 2.714698517910774100e-01
1.429929929929929955e+01 2.722445649751568109e-01
1.430930930930930955e+01 2.730192781592362117e-01
1.431931931931931956e+01 2.737980553935744910e-01
1.432932932932932957e+01 2.745773794810564272e-01
1.433933933933933957e+01 2.753567035685383080e-01
1.434934934934934958e+01 2.761396404616525690e-01
1.435935935935935959e+01 2.769235727195839547e-01
1.436936936936936959e+01 2.777075049775152848e-01
1.437937937937937960e+01 2.784945991428498524e-01
1.438938938938938961e+01 2.792831365674038890e-01
1.439939939939939961e+01 2.800716739919579257e-01
1.440940940940940962e+01 2.808629228522528387e-01
1.441941941941941963e+01 2.816560621704607970e-01
1.442942942942942963e+01 2.824492014886687552e-01
1.443943943943943964e+01 2.832446022770347960e-01
1.444944944944944965e+01 2.840423399485532130e-01
1.445945945945945965e+01 2.848400776200716855e-01
1.446946946946946966e+01 2.856396273810830611e-01
1.447947947947947966e+01 2.864419595999972978e-01
1.448948948948948967e+01 2.872442918189114791e-01
1.449949949949949968e+01 2.880479874097167658e-01
1.450950950950950968e+01 2.888549101063784263e-01
1.451951951951951969e+01 2.896618328030400868e-01
1.452952952952952970e+01 2.904696708944906058e-01
1.453953953953953970e+01 2.912811797373889844e-01
1.454954954954954971e+01 2.920926885802874740e-01
1.455955955955955972e+01 2.929046656580829855e-01
1.456956956956956972e+01 2.937207560557478225e-01
1.457957957957957973e+01 2.945368464534126596e-01
1.458958958958958974e+01 2.953529588192628230e-01
1.459959959959959974e+01 2.961736259222020329e-01
1.460960960960960975e+01 2.969942930251412427e-01
1.461961961961961975e+01 2.978149601280804526e-01
1.462962962962962976e+01 2.986397755006107713e-01
1.463963963963963977e+01 2.994650142032757034e-01
1.464964964964964977e+01 3.002902529059406911e-01
1.465965965965965978e+01 3.011191902631016881e-01
1.466966966966966979e+01 3.019489952058851956e-01
1.467967967967967979e+01 3.027788001486687031e-01
1.468968968968968980e+01 3.036118549953064072e-01
1.469969969969969981e+01 3.044462205665690591e-01
1.470970970970970981e+01 3.052805861378317109e-01
1.471971971971971982e+01 3.061177538016686128e-01
1.472972972972972983e+01 3.069566741397944387e-01
1.473973973973973983e+01 3.077955944779203201e-01
1.474974974974974984e+01 3.086368701108235246e-01
1.475975975975975985e+01 3.094803391063024600e-01
1.476976976976976985e+01 3.103238081017813954e-01
1.477977977977977986e+01 3.111691866810462059e-01
1.478978978978978986e+01 3.120171979785848482e-01
1.479979979979979987e+01 3.128652092761234904e-01
1.480980980980980988e+01 3.137146856057695943e-01
1.481981981981981988e+01 3.145672326064272162e-01
1.482982982982982989e+01 3.154197796070848381e-01
1.483983983983983990e+01 3.162733483191658701e-01
1.484984984984984990e+01 3.171304241825156356e-01
1.485985985985985991e+01 3.179875000458655121e-01
1.486986986986986992e+01 3.188451556017916078e-01
1.487987987987987992e+01 3.197067532481080443e-01
1.488988988988988993e+01 3.205683508944244808e-01
1.489989989989989994e+01 3.214300875862983742e-01
1.490990990990990994e+01 3.222961996987660505e-01
1.491991991991991995e+01 3.231623118112337822e-01
1.492992992992992995e+01 3.240284239237015140e-01
1.493993993993993996e+01 3.248987427901450231e-01
1.494994994994994997e+01 3.257693618170928729e-01
1.495995995995995997e+01 3.266399808440407226e-01
1.496996996996996998e+01 3.275143611438430802e-01
1.497997997997997999e+01 3.283894793009995983e-01
1.498998998998998999e+01 3.292645974581561719e-01
1.500000000000000000e+01 3.301430327533046993e-01
