5.000000000000000000e+00 1.204502378605332158e-02
5.010010010010010006e+00 1.216314428497252027e-02
5.020020020020020013e+00 1.228219928546066785e-02
5.030030030030030019e+00 1.240199271951941337e-02
5.040040040040040026e+00 1.252178615357815890e-02
5.050050050050050032e+00 1.264248835330390557e-02
5.060060060060060039e+00 1.276393138922687735e-02
5.070070070070070045e+00 1.288537442514984914e-02
5.080080080080080052e+00 1.300770059873109299e-02
5.090090090090090058e+00 1.313076944035780104e-02
5.100100100100100065e+00 1.325383828198451082e-02
5.110110110110110071e+00 1.337776476967325948e-02
5.120120120120120077e+00 1.350243519124775388e-02
5.130130130130130084e+00 1.362710561282225001e-02
5.140140140140140090e+00 1.375260835233971073e-02
5.150150150150150097e+00 1.387885573098689845e-02
5.160160160160160103e+00 1.400510310963408618e-02
5.170170170170170110e+00 1.413215766721475503e-02
5.180180180180180116e+00 1.425995701458619355e-02
5.190190190190190123e+00 1.438775636195762861e-02
5.200200200200200129e+00 1.451633796258783651e-02
5.210210210210210136e+00 1.464566395566335028e-02
5.220220220220220142e+00 1.477498994873886404e-02
5.230230230230230148e+00 1.490507350557869481e-02
5.240240240240240155e+00 1.503590051661402027e-02
5.250250250250250161e+00 1.516672752764934573e-02
5.260260260260260168e+00 1.529828767063002096e-02
5.270270270270270174e+00 1.543058979624351533e-02
5.280280280280280181e+00 1.556289192185700970e-02
5.290290290290290187e+00 1.569590302544867158e-02
5.300300300300300194e+00 1.582965411484342153e-02
5.310310310310310200e+00 1.596340520423817147e-02
5.320320320320320207e+00 1.609784141438594385e-02
5.330330330330330213e+00 1.623301509670640325e-02
5.340340340340340219e+00 1.636818877902686958e-02
5.350350350350350226e+00 1.650402403925540704e-02
5.360360360360360232e+00 1.664059375007993433e-02
5.370370370370370239e+00 1.677716346090446162e-02
5.380380380380380245e+00 1.691437153759353662e-02
5.390390390390390252e+00 1.705231054456683021e-02
5.400400400400400258e+00 1.719024955154012380e-02
5.410410410410410265e+00 1.732880405837598781e-02
5.420420420420420271e+00 1.746808548598740435e-02
5.430430430430430278e+00 1.760736691359881742e-02
5.440440440440440284e+00 1.774724133520787922e-02
5.450450450450450290e+00 1.788783818872358503e-02
5.460460460460460297e+00 1.802843504223928389e-02
5.470470470470470303e+00 1.816960275701244923e-02
5.480480480480480310e+00 1.831148794557093881e-02
5.490490490490490316e+00 1.845337313412943533e-02
5.500500500500500323e+00 1.859580743624698884e-02
5.510510510510510329e+00 1.873895379512945450e-02
5.520520520520520336e+00 1.888210015401192710e-02
5.530530530530530342e+00 1.902577427468025648e-02
5.540540540540540349e+00 1.917015458676790685e-02
5.550550550550550355e+00 1.931453489885556069e-02
5.560560560560560361e+00 1.945942202676813684e-02
5.570570570570570368e+00 1.960500904320085225e-02
5.580580580580580374e+00 1.975059605963356418e-02
5.590590590590590381e+00 1.989666936067000305e-02
5.600600600600600387e+00 2.004343582072077440e-02
5.610610610610610394e+00 2.019020228077155268e-02
5.620620620620620400e+00 2.033743491694910144e-02
5.630630630630630407e+00 2.048535356713032662e-02
5.640640640640640413e+00 2.063327221731154834e-02
5.650650650650650419e+00 2.078163736500460851e-02
5.660660660660660426e+00 2.093068097742275049e-02
5.670670670670670432e+00 2.107972458984089248e-02
5.680680680680680439e+00 2.122919545728451166e-02
5.690690690690690445e+00 2.137933684726039257e-02
5.700700700700700452e+00 2.152947823723627696e-02
5.710710710710710458e+00 2.168002808133046022e-02
5.720720720720720465e+00 2.183124012430320837e-02
5.730730730730730471e+00 2.198245216727594958e-02
5.740740740740740478e+00 2.213405430970804416e-02
5.750750750750750484e+00 2.228630995744095011e-02
5.760760760760760490e+00 2.243856560517385954e-02
5.770770770770770497e+00 2.259119344787643632e-02
5.780780780780780503e+00 2.274446574398320334e-02
5.790790790790790510e+00 2.289773804008996688e-02
5.800800800800800516e+00 2.305136508005225723e-02
5.810810810810810523e+00 2.320562717486305063e-02
5.820820820820820529e+00 2.335988926967384055e-02
5.830830830830830536e+00 2.351448911312490481e-02
5.840840840840840542e+00 2.366971427791082078e-02
5.850850850850850549e+00 2.382493944269673675e-02
5.860860860860860555e+00 2.398048581867854093e-02
5.870870870870870561e+00 2.413664745925422905e-02
5.880880880880880568e+00 2.429280909982991718e-02
5.890890890890890574e+00 2.444927587317879611e-02
5.900900900900900581e+00 2.460634754290209891e-02
5.910910910910910587e+00 2.476341921262540172e-02
5.920920920920920594e+00 2.492078039638021339e-02
5.930930930930930600e+00 2.507873580856844614e-02
5.940940940940940607e+00 2.523669122075667542e-02
5.950950950950950613e+00 2.539492098801208672e-02
5.960960960960960620e+00 2.555373402779387987e-02
5.970970970970970626e+00 2.571254706757566608e-02
5.980980980980980632e+00 2.587161976279872544e-02
5.990990990990990639e+00 2.603126449842057752e-02
6.001001001001000645e+00 2.619090923404242960e-02
6.011011011011010652e+00 2.635079938387058923e-02
6.021021021021020658e+00 2.651125007747703183e-02
6.031031031031030665e+00 2.667170077108347095e-02
6.041041041041040671e+00 2.683238309462199558e-02
6.051051051051050678e+00 2.699361421252790411e-02
6.061061061061060684e+00 2.715484533043381610e-02
6.071071071071070691e+00 2.731629474907018920e-02
6.081081081081080697e+00 2.747828097154359286e-02
6.091091091091090703e+00 2.764026719401700347e-02
6.101101101101100710e+00 2.780245884076983087e-02
6.111111111111110716e+00 2.796517507134352321e-02
6.121121121121120723e+00 2.812789130191721554e-02
6.131131131131130729e+00 2.829080053033680014e-02
6.141141141141140736e+00 2.845422190466602441e-02
6.151151151151150742e+00 2.861764327899524174e-02
6.161161161161160749e+00 2.878124567163245842e-02
6.171171171171170755e+00 2.894534756591653907e-02
6.181181181181180762e+00 2.910944946020061971e-02
6.191191191191190768e+00 2.927372083666084090e-02
6.201201201201200774e+00 2.943847887564542132e-02
6.211211211211210781e+00 2.960323691463000520e-02
6.221221221221220787e+00 2.976815333922796722e-02
6.231231231231230794e+00 2.993354340380464593e-02
6.241241241241240800e+00 3.009893346838132810e-02
6.251251251251250807e+00 3.026447125741281441e-02
6.261261261261260813e+00 3.043046949183227795e-02
6.271271271271270820e+00 3.059646772625174149e-02
6.281281281281280826e+00 3.076260345489734149e-02
6.291291291291290833e+00 3.092918627361161688e-02
6.301301301301300839e+00 3.109576909232589573e-02
6.311311311311310845e+00 3.126247960120170227e-02
6.321321321321320852e+00 3.142962369535126643e-02
6.331331331331330858e+00 3.159676778950083059e-02
6.341341341341340865e+00 3.176403019087083168e-02
6.351351351351350871e+00 3.193171253443091717e-02
6.361361361361360878e+00 3.209939487799100960e-02
6.371371371371370884e+00 3.226718656165497578e-02
6.381381381381380891e+00 3.243538441725597743e-02
6.391391391391390897e+00 3.260358227285698601e-02
6.401401401401400904e+00 3.277188091172774514e-02
6.411411411411410910e+00 3.294057183616315443e-02
6.421421421421420916e+00 3.310926276059856371e-02
6.431431431431430923e+00 3.327804631598160062e-02
6.441441441441440929e+00 3.344720816541762315e-02
6.451451451451450936e+00 3.361637001485364568e-02
6.461461461461460942e+00 3.378561674144221066e-02
6.471471471471470949e+00 3.395522767634141792e-02
6.481481481481480955e+00 3.412483861124061824e-02
6.491491491491490962e+00 3.429452706183824806e-02
6.501501501501500968e+00 3.446456555161023921e-02
6.511511511511510975e+00 3.463460404138223037e-02
6.521521521521520981e+00 3.480471307136490805e-02
6.531531531531530987e+00 3.497515789875604852e-02
6.541541541541540994e+00 3.514560272614718900e-02
6.551551551551551000e+00 3.531611149767641122e-02
6.561561561561561007e+00 3.548694176291013885e-02
6.571571571571571013e+00 3.565777202814387342e-02
6.581581581581581020e+00 3.582866001414185264e-02
6.591591591591591026e+00 3.599985513882091731e-02
6.601601601601601033e+00 3.617105026349997504e-02
6.611611611611611927e+00 3.634229725139741934e-02
6.621621621621621934e+00 3.651383698217851997e-02
6.631631631631631940e+00 3.668537671295962060e-02
6.641641641641641947e+00 3.685696280822614579e-02
6.651651651651651953e+00 3.702882722027773382e-02
6.661661661661661959e+00 3.720069163232930798e-02
6.671671671671671966e+00 3.737259726179681385e-02
6.681681681681681972e+00 3.754476676204924340e-02
6.691691691691691979e+00 3.771693626230167296e-02
6.701701701701701985e+00 3.788914217728919787e-02
6.711711711711711992e+00 3.806159750748747128e-02
6.721721721721721998e+00 3.823405283768575164e-02
6.731731731731732005e+00 3.840654011693549891e-02
6.741741741741742011e+00 3.857926235650275398e-02
6.751751751751752018e+00 3.875198459607001600e-02
6.761761761761762024e+00 3.892473464850250420e-02
6.771771771771772030e+00 3.909770521722360365e-02
6.781781781781782037e+00 3.927067578594470310e-02
6.791791791791792043e+00 3.944367035324176235e-02
6.801801801801802050e+00 3.961687101377453502e-02
6.811811811811812056e+00 3.979007167430729380e-02
6.821821821821822063e+00 3.996329283333008298e-02
6.831831831831832069e+00 4.013670569355247408e-02
6.841841841841842076e+00 4.031011855377485825e-02
6.851851851851852082e+00 4.048354871882477862e-02
6.861861861861862089e+00 4.065715623402502144e-02
6.871871871871872095e+00 4.083076374922527119e-02
6.881881881881882101e+00 4.100438567415453511e-02
6.891891891891892108e+00 4.117817064907167146e-02
6.901901901901902114e+00 4.135195562398881475e-02
6.911911911911912121e+00 4.152575240416753188e-02
6.921921921921922127e+00 4.169969799488845719e-02
6.931931931931932134e+00 4.187364358560938249e-02
6.941941941941942140e+00 4.204759865975524202e-02
6.951951951951952147e+00 4.222168837547510267e-02
6.961961961961962153e+00 4.239577809119497720e-02
6.971971971971972160e+00 4.256987524307177806e-02
6.981981981981982166e+00 4.274409294772349432e-02
6.991991991991992172e+00 4.291831065237521059e-02
7.002002002002002179e+00 4.309253401236590175e-02
7.012012012012012185e+00 4.326686392612430487e-02
7.022022022022022192e+00 4.344119383988270799e-02
7.032032032032032198e+00 4.361552788644205980e-02
7.042042042042042205e+00 4.378995458710800703e-02
7.052052052052052211e+00 4.396438128777395427e-02
7.062062062062062218e+00 4.413881084876603716e-02
7.072072072072072224e+00 4.431331927303587548e-02
7.082082082082082231e+00 4.448782769730570685e-02
7.092092092092092237e+00 4.466233795123122213e-02
7.102102102102102243e+00 4.483691339585565289e-02
7.112112112112112250e+00 4.501148884048008364e-02
7.122122122122122256e+00 4.518606531759748052e-02
7.132132132132132263e+00 4.536069344043482804e-02
7.142142142142142269e+00 4.553532156327217556e-02
7.152152152152152276e+00 4.570995014661727307e-02
7.162162162162162282e+00 4.588461696758483477e-02
7.172172172172172289e+00 4.605928378855238953e-02
7.182182182182182295e+00 4.623395071485997959e-02
7.192192192192192302e+00 4.640864261678771807e-02
7.202202202202202308e+00 4.658333451871544267e-02
7.212212212212212314e+00 4.675802642064317421e-02
7.222222222222222321e+00 4.693273010863689698e-02
7.232232232232232327e+00 4.710743383802673545e-02
7.242242242242242334e+00 4.728213756741656698e-02
7.252252252252252340e+00 4.745684024700180109e-02
7.262262262262262347e+00 4.763154291469603313e-02
7.272272272272272353e+00 4.780624558239027211e-02
7.282282282282282360e+00 4.798093492092648377e-02
7.292292292292292366e+00 4.815562400268857957e-02
7.302302302302302373e+00 4.833031308445066843e-02
7.312312312312312379e+00 4.850497710627140607e-02
7.322322322322322385e+00 4.867964044328173395e-02
7.332332332332332392e+00 4.885430378029206877e-02
7.342342342342342398e+00 4.902893086710606585e-02
7.352352352352352405e+00 4.920355666637555442e-02
7.362362362362362411e+00 4.937818246564504299e-02
7.372372372372372418e+00 4.955276135686085409e-02
7.382382382382382424e+00 4.972733819156492652e-02
7.392392392392392431e+00 4.990191502626899894e-02
7.402402402402402437e+00 5.007643481924497347e-02
7.412412412412412444e+00 5.025095162897998124e-02
7.422422422422422450e+00 5.042546843871499596e-02
7.432432432432432456e+00 5.059991858893687217e-02
7.442442442442442463e+00 5.077436467990131819e-02
7.452452452452452469e+00 5.094881077086576421e-02
7.462462462462462476e+00 5.112318109205362532e-02
7.472472472472472482e+00 5.129754613715586248e-02
7.482482482482482489e+00 5.147191118225809270e-02
7.492492492492492495e+00 5.164619184640436428e-02
7.502502502502502502e+00 5.182046588529869852e-02
7.512512512512512508e+00 5.199473992419303275e-02
7.522522522522522515e+00 5.216892146153295773e-02
7.532532532532532521e+00 5.234309490058562664e-02
7.542542542542542527e+00 5.251726833963828861e-02
7.552552552552552534e+00 5.269134163855447583e-02
7.562562562562562540e+00 5.286540525074105712e-02
7.572572572572572547e+00 5.303946886292765228e-02
7.582582582582582553e+00 5.321342516978975340e-02
7.592592592592592560e+00 5.338737009452530768e-02
7.602602602602602566e+00 5.356131501926086197e-02
7.612612612612612573e+00 5.373514593820166024e-02
7.622622622622622579e+00 5.390896368110459358e-02
7.632632632632632586e+00 5.408278142400754079e-02
7.642642642642642592e+00 5.425647891663622213e-02
7.652652652652652598e+00 5.443016134922719351e-02
7.662662662662662605e+00 5.460384378181816489e-02
7.672672672672672611e+00 5.477740016687212415e-02
7.682682682682682618e+00 5.495093952620883765e-02
7.692692692692692624e+00 5.512447888554555114e-02
7.702702702702702631e+00 5.529788683848091413e-02
7.712712712712712637e+00 5.547127572672940626e-02
7.722722722722722644e+00 5.564466461497789146e-02
7.732732732732732650e+00 5.581791716750014037e-02
7.742742742742742657e+00 5.599114855144381869e-02
7.752752752752752663e+00 5.616437993538749701e-02
7.762762762762762669e+00 5.633747047492217164e-02
7.772772772772772676e+00 5.651053768540856281e-02
7.782782782782782682e+00 5.668360489589496093e-02
7.792792792792792689e+00 5.685652716499960124e-02
7.802802802802802695e+00 5.702942389632608550e-02
7.812812812812812702e+00 5.720232062765256975e-02
7.822822822822822708e+00 5.737506872336976121e-02
7.832832832832832715e+00 5.754778903260807099e-02
7.842842842842842721e+00 5.772050934184638077e-02
7.852852852852852727e+00 5.789307771499881822e-02
7.862862862862862734e+00 5.806561602125932808e-02
7.872872872872872740e+00 5.823815432751982407e-02
7.882882882882882747e+00 5.841053778194740809e-02
7.892892892892892753e+00 5.858288886558316727e-02
7.902902902902902760e+00 5.875523994921893339e-02
7.912912912912912766e+00 5.892743364095826691e-02
7.922922922922922773e+00 5.909959264270919777e-02
7.932932932932932779e+00 5.927175164446013556e-02
7.942942942942942786e+00 5.944375108086676074e-02
7.952952952952952792e+00 5.961571350094428678e-02
7.962962962962962798e+00 5.978767592102181283e-02
7.972972972972972805e+00 5.995947695983521591e-02
7.982982982982982811e+00 6.013123865694743053e-02
7.992992992992992818e+00 6.030300035405963821e-02
8.003003003003001936e+00 6.047459920241130688e-02
8.013013013013011943e+00 6.064615639272893238e-02
8.023023023023021949e+00 6.081771358304656483e-02
8.033033033033031955e+00 6.098910679641113275e-02
8.043043043043041962e+00 6.116045605247431849e-02
8.053053053053051968e+00 6.133180530853750423e-02
8.063063063063061975e+00 6.150298978962707303e-02
8.073073073073071981e+00 6.167412803919311570e-02
8.083083083083081988e+00 6.184526628875915838e-02
8.093093093093091994e+00 6.201623928636089411e-02
8.103103103103102001e+00 6.218716381119295672e-02
8.113113113113112007e+00 6.235808833602502627e-02
8.123123123123122014e+00 6.252884744378216231e-02
8.133133133133132020e+00 6.269955587837916511e-02
8.143143143143142026e+00 6.287026431297618179e-02
8.153153153153152033e+00 6.304080746811223379e-02
8.163163163163162039e+00 6.321129779837969531e-02
8.173173173173172046e+00 6.338178812864712908e-02
8.183183183183182052e+00 6.355211361063356490e-02
8.193193193193192059e+00 6.372238417249541376e-02
8.203203203203202065e+00 6.389265473435729037e-02
8.213213213213213848e+00 6.406276116352446759e-02
8.223223223223223854e+00 6.423281064147641495e-02
8.233233233233233861e+00 6.440286011942836231e-02
8.243243243243243867e+00 6.457274645551994152e-02
8.253253253253253874e+00 6.474257388112349132e-02
8.263263263263263880e+00 6.491240130672705499e-02
8.273273273273273887e+00 6.508206684739793746e-02
8.283283283283283893e+00 6.525167159771586012e-02
8.293293293293293900e+00 6.542127634803376890e-02
8.303303303303303906e+00 6.559072072729109359e-02
8.313313313313313913e+00 6.576010252326371097e-02
8.323323323323323919e+00 6.592948431923631447e-02
8.333333333333333925e+00 6.609870750582413912e-02
8.343343343343343932e+00 6.626786641058710070e-02
8.353353353353353938e+00 6.643702531535007616e-02
8.363363363363363945e+00 6.660602761107740910e-02
8.373373373373373951e+00 6.677496402822048760e-02
8.383383383383383958e+00 6.694390044536357998e-02
8.393393393393393964e+00 6.711268248337595721e-02
8.403403403403403971e+00 6.728139715514312724e-02
8.413413413413413977e+00 6.745011182691029727e-02
8.423423423423423984e+00 6.761867456990472425e-02
8.433433433433433990e+00 6.778716857533530205e-02
8.443443443443443996e+00 6.795566258076587984e-02
8.453453453453454003e+00 6.812400731914970697e-02
8.463463463463464009e+00 6.829228207216141155e-02
8.473473473473474016e+00 6.846055682517313001e-02
8.483483483483484022e+00 6.862868517516630684e-02
8.493493493493494029e+00 6.879674242257924344e-02
8.503503503503504035e+00 6.896479966999218003e-02
8.513513513513514042e+00 6.913271357167337372e-02
8.523523523523524048e+00 6.930055539117567498e-02
8.533533533533534055e+00 6.946839721067797624e-02
8.543543543543544061e+00 6.963609892597485973e-02
8.553553553553554067e+00 6.980372772403053983e-02
8.563563563563564074e+00 6.997135652208624768e-02
8.573573573573574080e+00 7.013884863270952730e-02
8.583583583583584087e+00 7.030626714240767461e-02
8.593593593593594093e+00 7.047368565210580804e-02
8.603603603603604100e+00 7.064097105742783711e-02
8.613613613613614106e+00 7.080818233627415859e-02
8.623623623623624113e+00 7.097539361512046618e-02
8.633633633633634119e+00 7.114247552999812541e-02
8.643643643643644126e+00 7.130948295764895362e-02
8.653653653653654132e+00 7.147649038529979570e-02
8.663663663663664138e+00 7.164337233784226489e-02
8.673673673673674145e+00 7.181017961378094450e-02
8.683683683683684151e+00 7.197698688971961023e-02
8.693693693693694158e+00 7.214367271900104517e-02
8.703703703703704164e+00 7.231028386015739273e-02
8.713713713713714171e+00 7.247689500131371254e-02
8.723723723723724177e+00 7.264338885503131282e-02
8.733733733733734184e+00 7.280980819334426091e-02
8.743743743743744190e+00 7.297622753165719511e-02
8.753753753753754197e+00 7.314253386373469057e-02
8.763763763763764203e+00 7.330876604365833826e-02
8.773773773773774209e+00 7.347499822358198596e-02
8.783783783783784216e+00 7.364112179171938832e-02
8.793793793793794222e+00 7.380717176767351284e-02
8.803803803803804229e+00 7.397322174362760960e-02
8.813813813813814235e+00 7.413916760679728490e-02
8.823823823823824242e+00 7.430504064056166202e-02
8.833833833833834248e+00 7.447091367432602527e-02
8.843843843843844255e+00 7.463668719021544773e-02
8.853853853853854261e+00 7.480238884826952150e-02
8.863863863863864268e+00 7.496809050632360916e-02
8.873873873873874274e+00 7.513369732872558771e-02
8.883883883883884280e+00 7.529923347953343393e-02
8.893893893893894287e+00 7.546476963034129404e-02
8.903903903903904293e+00 7.563021570649194891e-02
8.913913913913914300e+00 7.579559251773289319e-02
8.923923923923924306e+00 7.596096932897382359e-02
8.933933933933934313e+00 7.612626089683888209e-02
8.943943943943944319e+00 7.629148483258506308e-02
8.953953953953954326e+00 7.645670876833125795e-02
8.963963963963964332e+00 7.662185235384127990e-02
8.973973973973974338e+00 7.678693017168208845e-02
8.983983983983984345e+00 7.695200798952289700e-02
8.993993993993994351e+00 7.711701040375786020e-02
9.004004004004004358e+00 7.728194915187193426e-02
9.014014014014014364e+00 7.744688789998600831e-02
9.024024024024024371e+00 7.761175623631035025e-02
9.034034034034034377e+00 7.777656325048667996e-02
9.044044044044044384e+00 7.794137026466300966e-02
9.054054054054054390e+00 7.810611189581126435e-02
9.064064064064064397e+00 7.827079479641872728e-02
9.074074074074074403e+00 7.843547769702619021e-02
9.084084084084084409e+00 7.860010027214013595e-02
9.094094094094094416e+00 7.876466696104753029e-02
9.104104104104104422e+00 7.892923364995492463e-02
9.114114114114114429e+00 7.909374509157314492e-02
9.124124124124124435e+00 7.925820374901952625e-02
9.134134134134134442e+00 7.942266240646590758e-02
9.144144144144144448e+00 7.958707090746627855e-02
9.154154154154154455e+00 7.975142998888330725e-02
9.164164164164164461e+00 7.991578907030030821e-02
9.174174174174174468e+00 8.008010309079645339e-02
9.184184184184184474e+00 8.024437132358268332e-02
9.194194194194194480e+00 8.040863955636891325e-02
9.204204204204204487e+00 8.057286782056115315e-02
9.214214214214214493e+00 8.073705420081001005e-02
9.224224224224224500e+00 8.090124058105886695e-02
9.234234234234234506e+00 8.106539207404085678e-02
9.244244244244244513e+00 8.122950586322259803e-02
9.254254254254254519e+00 8.139361965240436703e-02
9.264264264264264526e+00 8.155770361692632475e-02
9.274274274274274532e+00 8.172175433852550686e-02
9.284284284284284539e+00 8.188580506012470284e-02
9.294294294294294545e+00 8.204983099331372709e-02
9.304304304304304551e+00 8.221382842942244473e-02
9.314314314314314558e+00 8.237782586553114850e-02
9.324324324324324564e+00 8.254180351557001416e-02
9.334334334334334571e+00 8.270575770343861766e-02
9.344344344344344577e+00 8.286971189130722115e-02
9.354354354354354584e+00 8.303365125407252689e-02
9.364364364364364590e+00 8.319757248261856752e-02
9.374374374374374597e+00 8.336149371116462203e-02
9.384384384384384603e+00 8.352540502682526125e-02
9.394394394394394610e+00 8.368930383310173304e-02
9.404404404404404616e+00 8.385320263937821872e-02
9.414414414414414622e+00 8.401709638895525634e-02
9.424424424424424629e+00 8.418098355457927229e-02
9.434434434434434635e+00 8.434487072020328824e-02
9.444444444444444642e+00 8.450875762209214548e-02
9.454454454454454648e+00 8.467264416963511675e-02
9.464464464464464655e+00 8.483653071717808802e-02
9.474474474474474661e+00 8.500042172363432569e-02
9.484484484484484668e+00 8.516431891297504553e-02
9.494494494494494674e+00 8.532821610231573761e-02
9.504504504504504681e+00 8.549212239590556206e-02
9.514514514514514687e+00 8.565604172054683274e-02
9.524524524524524693e+00 8.581996104518808954e-02
9.534534534534534700e+00 8.598389403520448337e-02
9.544544544544544706e+00 8.614784721855524297e-02
9.554554554554554713e+00 8.631180040190597480e-02
9.564564564564564719e+00 8.647577172075189555e-02
9.574574574574574726e+00 8.663977071237530247e-02
9.584584584584584732e+00 8.680376970399872327e-02
9.594594594594594739e+00 8.696779120353807790e-02
9.604604604604604745e+00 8.713184817536744065e-02
9.614614614614614752e+00 8.729590514719678951e-02
9.624624624624624758e+00 8.745998889507516916e-02
9.634634634634634764e+00 8.762411623759835955e-02
9.644644644644644771e+00 8.778824358012156381e-02
9.654654654654654777e+00 8.795240185605697480e-02
9.664664664664664784e+00 8.811661217447128158e-02
9.674674674674674790e+00 8.828082249288558836e-02
9.684684684684684797e+00 8.844506778493127497e-02
9.694694694694694803e+00 8.860937389526937769e-02
9.704704704704704810e+00 8.877368000560748040e-02
9.714714714714714816e+00 8.893802500638739450e-02
9.724724724724724823e+00 8.910243993161588716e-02
9.734734734734734829e+00 8.926685485684437982e-02
9.744744744744744835e+00 8.943131245976299049e-02
9.754754754754754842e+00 8.959584942585543943e-02
9.764764764764764848e+00 8.976038639194788837e-02
9.774774774774774855e+00 8.992496968737549723e-02
9.784784784784784861e+00 9.008964211936024147e-02
9.794794794794794868e+00 9.025431455134498571e-02
9.804804804804804874e+00 9.041903682277958876e-02
9.814814814814814881e+00 9.058385834076444765e-02
9.824824824824824887e+00 9.074867985874933429e-02
9.834834834834834894e+00 9.091355457895659853e-02
9.844844844844844900e+00 9.107853899413187460e-02
9.854854854854854906e+00 9.124352340930716454e-02
9.864864864864864913e+00 9.140856423643986539e-02
9.874874874874874919e+00 9.157372554706011414e-02
9.884884884884884926e+00 9.173888685768039064e-02
9.894894894894894932e+00 9.190410763137801808e-02
9.904904904904904939e+00 9.206946001872509666e-02
9.914914914914914945e+00 9.223481240607216136e-02
9.924924924924924952e+00 9.240022714354295674e-02
9.934934934934934958e+00 9.256578496787101762e-02
9.944944944944944965e+00 9.273134279219906462e-02
9.954954954954954971e+00 9.289696568428491841e-02
9.964964964964964977e+00 9.306274348074891622e-02
9.974974974974974984e+00 9.322852127721291404e-02
9.984984984984984990e+00 9.339436668443894252e-02
9.994994994994994997e+00 9.356037915900790314e-02
1.000500500500500500e+01 9.372639163357686376e-02
1.001501501501501501e+01 9.389247408218673319e-02
1.002502502502502502e+01 9.405873610754353353e-02
1.003503503503503502e+01 9.422499813290033388e-02
1.004504504504504503e+01 9.439133231087888654e-02
1.005505505505505504e+01 9.455785892230739176e-02
1.006506506506506504e+01 9.472438553373589698e-02
1.007507507507507505e+01 9.489098628682014758e-02
1.008508508508508505e+01 9.505779267808170396e-02
1.009509509509509506e+01 9.522459906934324647e-02
1.010510510510510507e+01 9.539148139702334495e-02
1.011511511511511507e+01 9.555858291622333633e-02
1.012512512512512508e+01 9.572568443542331384e-02
1.013513513513513509e+01 9.589286348693440432e-02
1.014514514514514509e+01 9.606027563238082878e-02
1.015515515515515510e+01 9.622768777782725325e-02
1.016516516516516511e+01 9.639517884813397774e-02
1.017517517517517511e+01 9.656291726418929355e-02
1.018518518518518512e+01 9.673065568024459548e-02
1.019519519519519513e+01 9.689847420601928329e-02
1.020520520520520513e+01 9.706655467894638456e-02
1.021521521521521514e+01 9.723463515187351358e-02
1.022522522522522515e+01 9.740279670746936069e-02
1.023523523523523515e+01 9.757123516127390317e-02
1.024524524524524516e+01 9.773967361507843177e-02
1.025525525525525516e+01 9.790819390849914150e-02
1.026526526526526517e+01 9.807700640076884302e-02
1.027527527527527518e+01 9.824581889303851678e-02
1.028528528528528518e+01 9.841471376190552567e-02
1.029529529529529519e+01 9.858391647964813431e-02
1.030530530530530520e+01 9.875311919739072908e-02
1.031531531531531520e+01 9.892240460490939191e-02
1.032532532532532521e+01 9.909201386039073745e-02
1.033533533533533522e+01 9.926162311587209686e-02
1.034534534534534522e+01 9.943131514679806604e-02
1.035535535535535523e+01 9.960134737338129096e-02
1.036536536536536524e+01 9.977137959996451588e-02
1.037537537537537524e+01 9.994149445657171671e-02
1.038538538538538525e+01 1.001119662045590053e-01
1.039539539539539525e+01 1.002824379525463078e-01
1.040540540540540526e+01 1.004529919505973423e-01
1.041541541541541527e+01 1.006239198830757159e-01
1.042542542542542527e+01 1.007948478155540895e-01
1.043543543543543528e+01 1.009658573802749981e-01
1.044544544544544529e+01 1.011372582689674532e-01
1.045545545545545529e+01 1.013086591576598944e-01
1.046546546546546530e+01 1.014801408197200522e-01
1.047547547547547531e+01 1.016520315408424857e-01
1.048548548548548531e+01 1.018239222619649331e-01
1.049549549549549532e+01 1.019958926534628996e-01
1.050550550550550533e+01 1.021682901835899437e-01
1.051551551551551533e+01 1.023406877137169879e-01
1.052552552552552534e+01 1.025131635641748917e-01
1.053553553553553535e+01 1.026860849761137146e-01
1.054554554554554535e+01 1.028590063880525235e-01
1.055555555555555536e+01 1.030320045204184964e-01
1.056556556556556536e+01 1.032054669790932883e-01
1.057557557557557537e+01 1.033789294377680801e-01
1.058558558558558538e+01 1.035524667644290436e-01
1.059559559559559538e+01 1.037264875227769112e-01
1.060560560560560539e+01 1.039005082811247788e-01
1.061561561561561540e+01 1.040746017999303052e-01
1.062562562562562540e+01 1.042491981948100999e-01
1.063563563563563541e+01 1.044237945896898945e-01
1.064564564564564542e+01 1.045984613799886415e-01
1.065565565565565542e+01 1.047736508281029433e-01
1.066566566566566543e+01 1.049488402762172451e-01
1.067567567567567544e+01 1.051240974949063378e-01
1.068568568568568544e+01 1.052998974887393302e-01
1.069569569569569545e+01 1.054756974825723087e-01
1.070570570570570545e+01 1.056515623601618770e-01
1.071571571571571546e+01 1.058279904639325975e-01
1.072572572572572547e+01 1.060044185677033179e-01
1.073573573573573547e+01 1.061809084043961182e-01
1.074574574574574548e+01 1.063579822500296118e-01
1.075575575575575549e+01 1.065350560956631054e-01
1.076576576576576549e+01 1.067121882574513653e-01
1.077577577577577550e+01 1.068899255405679205e-01
1.078578578578578551e+01 1.070676628236844757e-01
1.079579579579579551e+01 1.072454547384641826e-01
1.080580580580580552e+01 1.074238732143879549e-01
1.081581581581581553e+01 1.076022916903117549e-01
1.082582582582582553e+01 1.077807608440157494e-01
1.083583583583583554e+01 1.079598783238043397e-01
1.084584584584584555e+01 1.081389958035929161e-01
1.085585585585585555e+01 1.083181597363441079e-01
1.086586586586586556e+01 1.084979940828394163e-01
1.087587587587587556e+01 1.086778284293347246e-01
1.088588588588588557e+01 1.088577047316199448e-01
1.089589589589589558e+01 1.090382738555217140e-01
1.090590590590590558e+01 1.092188429794234694e-01
1.091591591591591559e+01 1.093994492882890690e-01
1.092592592592592560e+01 1.095807711442520066e-01
1.093593593593593560e+01 1.097620930002149581e-01
1.094594594594594561e+01 1.099434469954851806e-01
1.095595595595595562e+01 1.101255395782408802e-01
1.096596596596596562e+01 1.103076321609965799e-01
1.097597597597597563e+01 1.104897515615157477e-01
1.098598598598598564e+01 1.106726329020200073e-01
1.099599599599599564e+01 1.108555142425242668e-01
1.100600600600600565e+01 1.110384168024235035e-01
1.101601601601601566e+01 1.112221049640300524e-01
1.102602602602602566e+01 1.114057931256365735e-01
1.103603603603603567e+01 1.115894966306259367e-01
1.104604604604604567e+01 1.117740097052876413e-01
1.105605605605605568e+01 1.119585227799493460e-01
1.106606606606606569e+01 1.121430450436362719e-01
1.107607607607607569e+01 1.123284011481347489e-01
1.108608608608608570e+01 1.125137572526332119e-01
1.109609609609609571e+01 1.126991161128683416e-01
1.110610610610610571e+01 1.128853333850725060e-01
1.111611611611611572e+01 1.130715506572766565e-01
1.112612612612612573e+01 1.132577679294808071e-01
1.113613613613613573e+01 1.134448605676821459e-01
1.114614614614614574e+01 1.136319571628367914e-01
1.115615615615615575e+01 1.138190537579914091e-01
1.116616616616616575e+01 1.140070368956356689e-01
1.117617617617617576e+01 1.141950309826810089e-01
1.118618618618618576e+01 1.143830250697263490e-01
1.119619619619619577e+01 1.145719166057982130e-01
1.120620620620620578e+01 1.147608263637205500e-01
1.121621621621621578e+01 1.149497361216428593e-01
1.122622622622622579e+01 1.151395539614244456e-01
1.123623623623623580e+01 1.153293975756397305e-01
1.124624624624624580e+01 1.155192411898550153e-01
1.125625625625625581e+01 1.157100032414522944e-01
1.126626626626626582e+01 1.159007989002223543e-01
1.127627627627627582e+01 1.160915945589924281e-01
1.128628628628628583e+01 1.162833187298944887e-01
1.129629629629629584e+01 1.164750846207773943e-01
1.130630630630630584e+01 1.166668505116603000e-01
1.131631631631631585e+01 1.168595547053311451e-01
1.132632632632632586e+01 1.170523090116653842e-01
1.133633633633633586e+01 1.172450633179996093e-01
1.134634634634634587e+01 1.174387654305047435e-01
1.135635635635635587e+01 1.176325263279296152e-01
1.136636636636636588e+01 1.178262872253544591e-01
1.137637637637637589e+01 1.180210051420209072e-01
1.138638638638638589e+01 1.182157907950315556e-01
1.139639639639639590e+01 1.184105764480422179e-01
1.140640640640640591e+01 1.186063280401539743e-01
1.141641641641641769e+01 1.188021565986937950e-01
1.142642642642642770e+01 1.189979851572335739e-01
1.143643643643643770e+01 1.191947882787624674e-01
1.144644644644644771e+01 1.193916778748516372e-01
1.145645645645645772e+01 1.195885674709408070e-01
1.146646646646646772e+01 1.197864399553136144e-01
1.147647647647647773e+01 1.199844086997159803e-01
1.148648648648648773e+01 1.201823774441183323e-01
1.149649649649649774e+01 1.203813371010204331e-01
1.150650650650650775e+01 1.205804030799480231e-01
1.151651651651651775e+01 1.207794690588756131e-01
1.152652652652652776e+01 1.209795336710914188e-01
1.153653653653653777e+01 1.211797149429475196e-01
1.154654654654654777e+01 1.213798962148036203e-01
1.155655655655655778e+01 1.215810835350951136e-01
1.156656656656656779e+01 1.217823981272569273e-01
1.157657657657657779e+01 1.219837127194187409e-01
1.158658658658658780e+01 1.221860404674417200e-01
1.159659659659659781e+01 1.223885063730821426e-01
1.160660660660660781e+01 1.225909722787225375e-01
1.161661661661661782e+01 1.227944581379814271e-01
1.162662662662662783e+01 1.229980933129310866e-01
1.163663663663663783e+01 1.232017284878807600e-01
1.164664664664664784e+01 1.234063901027220578e-01
1.165665665665665784e+01 1.236112124623717501e-01
1.166666666666666785e+01 1.238160348220214285e-01
1.167667667667667786e+01 1.240218897946668702e-01
1.168668668668668786e+01 1.242279172109109903e-01
1.169669669669669787e+01 1.244339446271550964e-01
1.170670670670670788e+01 1.246410105147739422e-01
1.171671671671671788e+01 1.248482608129948823e-01
1.172672672672672789e+01 1.250555111112158224e-01
1.173673673673673790e+01 1.252638054230372777e-01
1.174674674674674790e+01 1.254722963791316814e-01
1.175675675675675791e+01 1.256807873352261129e-01
1.176676676676676792e+01 1.258903275296922863e-01
1.177677677677677792e+01 1.261000768671392547e-01
1.178678678678678793e+01 1.263098262045862230e-01
1.179679679679679793e+01 1.265206296865452051e-01
1.180680680680680794e+01 1.267316550735164693e-01
1.181681681681681795e+01 1.269426804604877335e-01
1.182682682682682795e+01 1.271547645784277814e-01
1.183683683683683796e+01 1.273670836249405913e-01
1.184684684684684797e+01 1.275794026714534013e-01
1.185685685685685797e+01 1.277927847147782847e-01
1.186686686686686798e+01 1.280064149698912079e-01
1.187687687687687799e+01 1.282200452250041034e-01
1.188688688688688799e+01 1.284347424213496125e-01
1.189689689689689800e+01 1.286497013704009929e-01
1.190690690690690801e+01 1.288646603194523732e-01
1.191691691691691801e+01 1.290806898320445151e-01
1.192692692692692802e+01 1.292969948939347302e-01
1.193693693693693803e+01 1.295132999558249731e-01
1.194694694694694803e+01 1.297306788808799960e-01
1.195695695695695804e+01 1.299483474053969578e-01
1.196696696696696804e+01 1.301660159299138919e-01
1.197697697697697805e+01 1.303847612940800260e-01
1.198698698698698806e+01 1.306038105592677578e-01
1.199699699699699806e+01 1.308228598244555174e-01
1.200700700700700807e+01 1.310429885822969875e-01
1.201701701701701808e+01 1.312634357918691930e-01
1.202702702702702808e+01 1.314838830014413984e-01
1.203703703703703809e+01 1.317054120329647637e-01
1.204704704704704810e+01 1.319272743137614445e-01
1.205705705705705810e+01 1.321491365945581808e-01
1.206706706706706811e+01 1.323720827027806690e-01
1.207707707707707812e+01 1.325953771022689576e-01
1.208708708708708812e+01 1.328186715017572739e-01
1.209709709709709813e+01 1.330430514103181361e-01
1.210710710710710813e+01 1.332677948941377033e-01
1.211711711711711814e+01 1.334925383779572705e-01
1.212712712712712815e+01 1.337183687287711586e-01
1.213713713713713815e+01 1.339445781783235589e-01
1.214714714714714816e+01 1.341707876278759592e-01
1.215715715715715817e+01 1.343980849788293241e-01
1.216716716716716817e+01 1.346257771889118882e-01
1.217717717717717818e+01 1.348534693989944522e-01
1.218718718718718819e+01 1.350822502216842969e-01
1.219719719719719819e+01 1.353114418981680722e-01
1.220720720720720820e+01 1.355406335746518476e-01
1.221721721721721821e+01 1.357709142521672796e-01
1.222722722722722821e+01 1.360016220097197692e-01
1.223723723723723822e+01 1.362323297672722311e-01
1.224724724724724823e+01 1.364641265920191748e-01
1.225725725725725823e+01 1.366963669518717617e-01
1.226726726726726824e+01 1.369286073117243208e-01
1.227727727727727824e+01 1.371619364832920573e-01
1.228728728728728825e+01 1.373957258710507279e-01
1.229729729729729826e+01 1.376295152588093706e-01
1.230730730730730826e+01 1.378643928818808484e-01
1.231731731731731827e+01 1.380997476253829626e-01
1.232732732732732828e+01 1.383351023688850490e-01
1.233733733733733828e+01 1.385715444511889660e-01
1.234734734734734829e+01 1.388084807784028263e-01
1.235735735735735830e+01 1.390454171056167143e-01
1.236736736736736830e+01 1.392834395559227889e-01
1.237737737737737831e+01 1.395219735928927562e-01
1.238738738738738832e+01 1.397605076298627513e-01
1.239739739739739832e+01 1.400001262560194859e-01
1.240740740740740833e+01 1.402402740248548663e-01
1.241741741741741833e+01 1.404804217936902466e-01
1.242742742742742834e+01 1.407216523007050191e-01
1.243743743743743835e+01 1.409634297176128870e-01
1.244744744744744835e+01 1.412052071345207549e-01
1.245745745745745836e+01 1.414480651226824037e-01
1.246746746746746837e+01 1.416914879960449736e-01
1.247747747747747837e+01 1.419349108694074879e-01
1.248748748748748838e+01 1.421794118324515299e-01
1.249749749749749839e+01 1.424244958609472977e-01
1.250750750750750839e+01 1.426695798894431211e-01
1.251751751751751840e+01 1.429157392127586579e-01
1.252752752752752841e+01 1.431624999835275358e-01
1.253753753753753841e+01 1.434092607542964137e-01
1.254754754754754842e+01 1.436570937131755599e-01
1.255755755755755843e+01 1.439055467000275590e-01
1.256756756756756843e+01 1.441539996868795581e-01
1.257757757757757844e+01 1.444035214448085302e-01
1.258758758758758844e+01 1.446536820064759921e-01
1.259759759759759845e+01 1.449038425681434261e-01
1.260760760760760846e+01 1.451550681751355987e-01
1.261761761761761846e+01 1.454069515535690582e-01
1.262762762762762847e+01 1.456588349320024900e-01
1.263763763763763848e+01 1.459117793229730009e-01
1.264764764764764848e+01 1.461654006416800433e-01
1.265765765765765849e+01 1.464190219603871135e-01
1.266766766766766850e+01 1.466736999535688535e-01
1.267767767767767850e+01 1.469290742159963803e-01
1.268768768768768851e+01 1.471844484784238793e-01
1.269769769769769852e+01 1.474408747738250591e-01
1.270770770770770852e+01 1.476980168617838263e-01
1.271771771771771853e+01 1.479551589497425934e-01
1.272772772772772854e+01 1.482133481276450004e-01
1.273773773773773854e+01 1.484722727997774272e-01
1.274774774774774855e+01 1.487311974719098817e-01
1.275775775775775855e+01 1.489911639914080765e-01
1.276776776776776856e+01 1.492518858816977712e-01
1.277777777777777857e+01 1.495126077719874935e-01
1.278778778778778857e+01 1.497743659695690843e-01
1.279779779779779858e+01 1.500368995858935017e-01
1.280780780780780859e+01 1.502994332022179469e-01
1.281781781781781859e+01 1.505629972903836655e-01
1.282782782782782860e+01 1.508273570131076491e-01
1.283783783783783861e+01 1.510917167358316326e-01
1.284784784784784861e+01 1.513571008017558228e-01
1.285785785785785862e+01 1.516233008823673623e-01
1.286786786786786863e+01 1.518895009629789017e-01
1.287787787787787863e+01 1.521567189672103637e-01
1.288788788788788864e+01 1.524247735269983195e-01
1.289789789789789864e+01 1.526928280867862475e-01
1.290790790790790865e+01 1.529618938619881907e-01
1.291791791791791866e+01 1.532318168907598754e-01
1.292792792792792866e+01 1.535017399195315602e-01
1.293793793793793867e+01 1.537726671692611347e-01
1.294794794794794868e+01 1.540444725241020552e-01
1.295795795795795868e+01 1.543162778789429479e-01
1.296796796796796869e+01 1.545890801764702727e-01
1.297797797797797870e+01 1.548627815805436181e-01
1.298798798798798870e+01 1.551364829846169358e-01
1.299799799799799871e+01 1.554111737717824848e-01
1.300800800800800872e+01 1.556867848131694987e-01
1.301801801801801872e+01 1.559623958545565126e-01
1.302802802802802873e+01 1.562389884406676088e-01
1.303803803803803874e+01 1.565165225712475128e-01
1.304804804804804874e+01 1.567940567018274445e-01
1.305805805805805875e+01 1.570725642625925567e-01
1.306806806806806875e+01 1.573520347969623867e-01
1.307807807807807876e+01 1.576315053313322168e-01
1.308808808808808877e+01 1.579119409078337533e-01
1.309809809809809877e+01 1.581933610222676923e-01
1.310810810810810878e+01 1.584747811367016590e-01
1.311811811811811879e+01 1.587571576344062041e-01
1.312812812812812879e+01 1.590405403658534944e-01
1.313813813813813880e+01 1.593239230973008125e-01
1.314814814814814881e+01 1.596082532851065272e-01
1.315815815815815881e+01 1.598936115302286298e-01
1.316816816816816882e+01 1.601789697753507324e-01
1.317817817817817883e+01 1.604652662846723643e-01
1.318818818818818883e+01 1.607526127989183096e-01
1.319819819819819884e+01 1.610399593131642271e-01
1.320820820820820884e+01 1.613282346370545073e-01
1.321821821821821885e+01 1.616175820337742430e-01
1.322822822822822886e+01 1.619069294304939233e-01
1.323823823823823886e+01 1.621971959228012961e-01
1.324824824824824887e+01 1.624885566723965336e-01
1.325825825825825888e+01 1.627799174219917155e-01
1.326826826826826888e+01 1.630721872965545105e-01
1.327827827827827889e+01 1.633655737256674845e-01
1.328828828828828890e+01 1.636589601547804862e-01
1.329829829829829890e+01 1.639532454846566178e-01
1.330830830830830891e+01 1.642486697753954283e-01
1.331831831831831892e+01 1.645440940661342666e-01
1.332832832832832892e+01 1.648404067828663500e-01
1.333833833833833893e+01 1.651378809720668861e-01
1.334834834834834894e+01 1.654353551612673945e-01
1.335835835835835894e+01 1.657337070541829160e-01
1.336836836836836895e+01 1.660332430327069175e-01
1.337837837837837895e+01 1.663327790112308913e-01
1.338838838838838896e+01 1.666331817267770188e-01
1.339839839839839897e+01 1.669347912388468858e-01
1.340840840840840897e+01 1.672364007509166972e-01
1.341841841841841898e+01 1.675388657920299507e-01
1.342842842842842899e+01 1.678425604345980537e-01
1.343843843843843899e+01 1.681462550771661846e-01
1.344844844844844900e+01 1.684507938026753859e-01
1.345845845845845901e+01 1.687565850248289590e-01
1.346846846846846901e+01 1.690623762469825597e-01
1.347847847847847902e+01 1.693689998710457556e-01
1.348848848848848903e+01 1.696768989734465383e-01
1.349849849849849903e+01 1.699847980758473487e-01
1.350850850850850904e+01 1.702935176674221507e-01
1.351851851851851904e+01 1.706035358017805870e-01
1.352852852852852905e+01 1.709135539361390232e-01
1.353853853853853906e+01 1.712243804184856166e-01
1.354854854854854906e+01 1.715365285870684708e-01
1.355855855855855907e+01 1.718486767556513251e-01
1.356856856856856908e+01 1.721616209058682290e-01
1.357857857857857908e+01 1.724759099610408408e-01
1.358858858858858909e+01 1.727901990162134804e-01
1.359859859859859910e+01 1.731052714648054214e-01
1.360860860860860910e+01 1.734217121086057134e-01
1.361861861861861911e+01 1.737381527524060054e-01
1.362862862862862912e+01 1.740553639828833488e-01
1.363863863863863912e+01 1.743739667666305282e-01
1.364864864864864913e+01 1.746925695503776521e-01
1.365865865865865914e+01 1.750119298988877525e-01
1.366866866866866914e+01 1.753327052228211558e-01
1.367867867867867915e+01 1.756534805467545868e-01
1.368868868868868915e+01 1.759750002017435311e-01
1.369869869869869916e+01 1.762979583146961071e-01
1.370870870870870917e+01 1.766209164276486832e-01
1.371871871871871917e+01 1.769446054295546189e-01
1.372872872872872918e+01 1.772697564286558058e-01
1.373873873873873919e+01 1.775949074277570205e-01
1.374874874874874919e+01 1.779207756687327391e-01
1.375875875875875920e+01 1.782481294991439535e-01
1.376876876876876921e+01 1.785754833295551958e-01
1.377877877877877921e+01 1.789035405532215239e-01
1.378878878878878922e+01 1.792331070079018485e-01
1.379879879879879923e+01 1.795626734625822285e-01
1.380880880880880923e+01 1.798929292638103972e-01
1.381881881881881924e+01 1.802247179833129376e-01
1.382882882882882924e+01 1.805565067028154780e-01
1.383883883883883925e+01 1.808889705275388005e-01
1.384884884884884926e+01 1.812229909998374078e-01
1.385885885885885926e+01 1.815570114721360151e-01
1.386886886886886927e+01 1.818916926171906256e-01
1.387887887887887928e+01 1.822279541775355116e-01
1.388888888888888928e+01 1.825642157378803698e-01
1.389889889889889929e+01 1.829011233508738843e-01
1.390890890890890930e+01 1.832396351816772406e-01
1.391891891891891930e+01 1.835781470124806247e-01
1.392892892892892931e+01 1.839172900916890563e-01
1.393893893893893932e+01 1.842580612224389291e-01
1.394894894894894932e+01 1.845988323531887743e-01
1.395895895895895933e+01 1.849402197474810661e-01
1.396896896896896934e+01 1.852832590546844571e-01
1.397897897897897934e+01 1.856262983618878204e-01
1.398898898898898935e+01 1.859699387706779394e-01
1.399899899899899935e+01 1.863152549778311073e-01
1.400900900900900936e+01 1.866605711849842753e-01
1.401901901901901937e+01 1.870064731582095907e-01
1.402902902902902937e+01 1.873540748357963581e-01
1.403903903903903938e+01 1.877016765133830978e-01
1.404904904904904939e+01 1.880498484515094326e-01
1.405905905905905939e+01 1.883997440170269433e-01
1.406906906906906940e+01 1.887496395825444540e-01
1.407907907907907941e+01 1.891000897365976985e-01
1.408908908908908941e+01 1.894522874546088476e-01
1.409909909909909942e+01 1.898044851726200244e-01
1.410910910910910943e+01 1.901572216442428964e-01
1.411911911911911943e+01 1.905117296264552118e-01
1.412912912912912944e+01 1.908662376086674994e-01
1.413913913913913944e+01 1.912212683502020338e-01
1.414914914914914945e+01 1.915780945555726478e-01
1.415915915915915946e+01 1.919349207609432895e-01
1.416916916916916946e+01 1.922922535755380580e-01
1.417917917917917947e+01 1.926514058104042970e-01
1.418918918918918948e+01 1.930105580452705361e-01
1.419919919919919948e+01 1.933702005870126805e-01
1.420920920920920949e+01 1.937316865052484682e-01
1.421921921921921950e+01 1.940931724234842559e-01
1.422922922922922950e+01 1.944551321975559743e-01
1.423923923923923951e+01 1.948189593007519094e-01
1.424924924924924952e+01 1.951827864039478166e-01
1.425925925925925952e+01 1.955470707668056640e-01
1.426926926926926953e+01 1.959132464044748001e-01
1.427927927927927954e+01 1.962794220421439362e-01
1.428928928928928954e+01 1.966460382017229669e-01
1.429929929929929955e+01 1.970145695715305734e-01
1.430930930930930955e+01 1.973831009413382076e-01
1.431931931931931956e+01 1.977520559572786274e-01
1.432932932932932957e+01 1.981229501052948760e-01
1.433933933933933957e+01 1.984938442533110969e-01
1.434934934934934958e+01 1.988651450372072860e-01
1.435935935935935959e+01 1.992384088581837798e-01
1.436936936936936959e+01 1.996116726791602458e-01
1.437937937937937960e+01 1.999853259948327633e-01
1.438938938938938961e+01 2.003609662325026020e-01
1.439939939939939961e+01 2.007366064701724406e-01
1.440940940940940962e+01 2.011126189339620118e-01
1.441941941941941963e+01 2.014906421813611737e-01
1.442942942942942963e+01 2.018686654287603355e-01
1.443943943943943964e+01 2.022470435098428498e-01
1.444944944944944965e+01 2.026274562096550824e-01
1.445945945945945965e+01 2.030078689094672872e-01
1.446946946946946966e+01 2.033886189301910286e-01
1.447947947947947966e+01 2.037714273751135563e-01
1.448948948948948967e+01 2.041542358200360563e-01
1.449949949949949968e+01 2.045373639562791390e-01
1.450950950950950968e+01 2.049225742894104363e-01
1.451951951951951969e+01 2.053077846225417058e-01
1.452952952952952970e+01 2.056932969040904946e-01
1.453953953953953970e+01 2.060809151193391531e-01
1.454954954954954971e+01 2.064685333345877838e-01
1.455955955955955972e+01 2.068564356455354913e-01
1.456956956956956972e+01 2.072464675880489327e-01
1.457957957957957973e+01 2.076364995305623740e-01
1.458958958958958974e+01 2.080267976097269766e-01
1.459959959959959974e+01 2.084192489763421197e-01
1.460960960960960975e+01 2.088117003429572627e-01
1.461961961961961975e+01 2.092043997843202885e-01
1.462962962962962976e+01 2.095992761240328683e-01
1.463963963963963977e+01 2.099941524637454482e-01
1.464964964964964977e+01 2.103892587169085004e-01
1.465965965965965978e+01 2.107865654313618164e-01
1.466966966966966979e+01 2.111838721458151324e-01
1.467967967967967979e+01 2.115813905164756481e-01
1.468968968968968980e+01 2.119811328604706557e-01
1.469969969969969981e+01 2.123808752044656356e-01
1.470970970970970981e+01 2.127808108549123778e-01
1.471971971971971982e+01 2.131829939369339066e-01
1.472972972972972983e+01 2.135851770189554633e-01
1.473973973973973983e+01 2.139875349685800843e-01
1.474974974974974984e+01 2.143921637513437617e-01
1.475975975975975985e+01 2.147967925341074391e-01
1.476976976976976985e+01 2.152015776599356112e-01
1.477977977977977986e+01 2.156086569609516335e-01
1.478978978978978986e+01 2.160157362619676835e-01
1.479979979979979987e+01 2.164229532992066607e-01
1.480980980980980988e+01 2.168324877913628268e-01
1.481981981981981988e+01 2.172420222835189929e-01
1.482982982982982989e+01 2.176516758261233808e-01
1.483983983983983990e+01 2.180636700382841686e-01
1.484984984984984990e+01 2.184756642504449564e-01
1.485985985985985991e+01 2.188877587516980805e-01
1.486986986986986992e+01 2.193022170693218753e-01
1.487987987987987992e+01 2.197166753869456701e-01
1.488988988988988993e+01 2.201312151600584022e-01
1.489989989989989994e+01 2.205481418258313231e-01
1.490990990990990994e+01 2.209650684916042995e-01
1.491991991991991995e+01 2.213820577103296772e-01
1.492992992992992995e+01 2.218014568248160567e-01
1.493993993993993996e+01 2.222208559393024363e-01
1.494994994994994997e+01 2.226402986385664640e-01
1.495995995995995997e+01 2.230621741608750097e-01
1.496996996996996998e+01 2.234840496831835832e-01
1.497997997997997999e+01 2.239059497597311044e-01
1.498998998998998999e+01 2.243303055081977138e-01
1.500000000000000000e+01 2.247546612566643232e-01
