5.000000000000000000e+00 1.725629913032106569e-02
5.010010010010010006e+00 1.741920647814023185e-02
5.020020020020020013e+00 1.758211382595939801e-02
5.030030030030030019e+00 1.774502117377856417e-02
5.040040040040040026e+00 1.790792852159773033e-02
5.050050050050050032e+00 1.807083586941689302e-02
5.060060060060060039e+00 1.823374321723605918e-02
5.070070070070070045e+00 1.839665056505522533e-02
5.080080080080080052e+00 1.855955791287439149e-02
5.090090090090090058e+00 1.872246526069355765e-02
5.100100100100100065e+00 1.888537260851272381e-02
5.110110110110110071e+00 1.904827995633188997e-02
5.120120120120120077e+00 1.921118730415105613e-02
5.130130130130130084e+00 1.937409465197022229e-02
5.140140140140140090e+00 1.953700199978938845e-02
5.150150150150150097e+00 1.969990934760855461e-02
5.160160160160160103e+00 1.986281669542771730e-02
5.170170170170170110e+00 2.002572404324688346e-02
5.180180180180180116e+00 2.018884745282054083e-02
5.190190190190190123e+00 2.035318189280939036e-02
5.200200200200200129e+00 2.051751633279824336e-02
5.210210210210210136e+00 2.068185077278709288e-02
5.220220220220220142e+00 2.084753517605173259e-02
5.230230230230230148e+00 2.101323583734995143e-02
5.240240240240240155e+00 2.117893649864817027e-02
5.250250250250250161e+00 2.134571381425400677e-02
5.260260260260260168e+00 2.151271982752557543e-02
5.270270270270270174e+00 2.167972584079714063e-02
5.280280280280280181e+00 2.184755513025576912e-02
5.290290290290290187e+00 2.201580570314496527e-02
5.300300300300300194e+00 2.218405627603415448e-02
5.310310310310310200e+00 2.235289667636797956e-02
5.320320320320320207e+00 2.252233116624760209e-02
5.330330330330330213e+00 2.269176565612722116e-02
5.340340340340340219e+00 2.286157640418231760e-02
5.350350350350350226e+00 2.303213438816606451e-02
5.360360360360360232e+00 2.320269237214981489e-02
5.370370370370370239e+00 2.337343282840332465e-02
5.380380380380380245e+00 2.354505417060245159e-02
5.390390390390390252e+00 2.371667551280157854e-02
5.400400400400400258e+00 2.388830518466336303e-02
5.410410410410410265e+00 2.406093010067715185e-02
5.420420420420420271e+00 2.423355501669094067e-02
5.430430430430430278e+00 2.440617993270472255e-02
5.440440440440440284e+00 2.457960269993452948e-02
5.450450450450450290e+00 2.475317181857082313e-02
5.460460460460460297e+00 2.492674093720711678e-02
5.470470470470470303e+00 2.510091356730335260e-02
5.480480480480480310e+00 2.527536798953351413e-02
5.490490490490490316e+00 2.544982241176367566e-02
5.500500500500500323e+00 2.562470551602419322e-02
5.510510510510510329e+00 2.579998687118328221e-02
5.520520520520520336e+00 2.597526822634236426e-02
5.530530530530530342e+00 2.615082270456782140e-02
5.540540540540540349e+00 2.632687320381693272e-02
5.550550550550550355e+00 2.650292370306604750e-02
5.560560560560560361e+00 2.667911076157993694e-02
5.570570570570570368e+00 2.685587324865374922e-02
5.580580580580580374e+00 2.703263573572755804e-02
5.590590590590590381e+00 2.720941690489889903e-02
5.600600600600600387e+00 2.738683490416666047e-02
5.610610610610610394e+00 2.756425290343442538e-02
5.620620620620620400e+00 2.774167090270218683e-02
5.630630630630630407e+00 2.791960781657614604e-02
5.640640640640640413e+00 2.809762557844930689e-02
5.650650650650650419e+00 2.827564334032246773e-02
5.660660660660660426e+00 2.845404348457660632e-02
5.670670670670670432e+00 2.863260602830041898e-02
5.680680680680680439e+00 2.881116857202423512e-02
5.690690690690690445e+00 2.898999535837350205e-02
5.700700700700700452e+00 2.916904851224482939e-02
5.710710710710710458e+00 2.934810166611616367e-02
5.720720720720720465e+00 2.952731893311733719e-02
5.730730730730730471e+00 2.970680937217344206e-02
5.740740740740740478e+00 2.988629981122954693e-02
5.750750750750750484e+00 3.006587183682594283e-02
5.760760760760760490e+00 3.024574711805324764e-02
5.770770770770770497e+00 3.042562239928055245e-02
5.780780780780780503e+00 3.060551391289415349e-02
5.790790790790790510e+00 3.078572250800849092e-02
5.800800800800800516e+00 3.096593110312282834e-02
5.810810810810810523e+00 3.114613969823716577e-02
5.820820820820820529e+00 3.132659862314732258e-02
5.830830830830830536e+00 3.150708994900010274e-02
5.840840840840840542e+00 3.168758127485288290e-02
5.850850850850850549e+00 3.186824093724505841e-02
5.860860860860860555e+00 3.204896538391130423e-02
5.870870870870870561e+00 3.222968983057754311e-02
5.880880880880880568e+00 3.241051738139889837e-02
5.890890890890890574e+00 3.259142633800628241e-02
5.900900900900900581e+00 3.277233529461367340e-02
5.910910910910910587e+00 3.295329840377373559e-02
5.920920920920920594e+00 3.313434428213252875e-02
5.930930930930930600e+00 3.331539016049131496e-02
5.940940940940940607e+00 3.349645702456056223e-02
5.950950950950950613e+00 3.367759328065599717e-02
5.960960960960960620e+00 3.385872953675144598e-02
5.970970970970970626e+00 3.403986888627187624e-02
5.980980980980980632e+00 3.422105003968216319e-02
5.990990990990990639e+00 3.440223119309245015e-02
6.001001001001000645e+00 3.458341234650274404e-02
6.011011011011010652e+00 3.476459395080467446e-02
6.021021021021020658e+00 3.494577560210768846e-02
6.031031031031030665e+00 3.512695725341070246e-02
6.041041041041040671e+00 3.530810713051110022e-02
6.051051051051050678e+00 3.548924597674527059e-02
6.061061061061060684e+00 3.567038482297943403e-02
6.071071071071070691e+00 3.585147445537688327e-02
6.081081081081080697e+00 3.603252830362017878e-02
6.091091091091090703e+00 3.621358215186347429e-02
6.101101101101100710e+00 3.639458359317770952e-02
6.111111111111110716e+00 3.657551137231092320e-02
6.121121121121120723e+00 3.675643915144413687e-02
6.131131131131130729e+00 3.693732503005359852e-02
6.141141141141140736e+00 3.711808680077259559e-02
6.151151151151150742e+00 3.729884857149158572e-02
6.161161161161160749e+00 3.747959209385556129e-02
6.171171171171170755e+00 3.766014905699858334e-02
6.181181181181180762e+00 3.784070602014160539e-02
6.191191191191190768e+00 3.802126298328462051e-02
6.201201201201200774e+00 3.820159547706308140e-02
6.211211211211210781e+00 3.838190998031781875e-02
6.221221221221220787e+00 3.856222448357256305e-02
6.231231231231230794e+00 3.874232627967540143e-02
6.241241241241240800e+00 3.892236182273092066e-02
6.251251251251250807e+00 3.910239736578645375e-02
6.261261261261260813e+00 3.928224457737730657e-02
6.271271271271270820e+00 3.946196581558525374e-02
6.281281281281280826e+00 3.964168705379320090e-02
6.291291291291290833e+00 3.982125638451306654e-02
6.301301301301300839e+00 4.000062913112183843e-02
6.311311311311310845e+00 4.018000187773061033e-02
6.321321321321320852e+00 4.035927062210085264e-02
6.331331331331330858e+00 4.053826184912591446e-02
6.341341341341340865e+00 4.071725307615098322e-02
6.351351351351350871e+00 4.089619911973293304e-02
6.361361361361360878e+00 4.107477695752559388e-02
6.371371371371370884e+00 4.125335479531824084e-02
6.381381381381380891e+00 4.143193263311089475e-02
6.391391391391390897e+00 4.161009035020667157e-02
6.401401401401400904e+00 4.178822408578275471e-02
6.411411411411410910e+00 4.196635782135884479e-02
6.421421421421420916e+00 4.214412082216698746e-02
6.431431431431430923e+00 4.232178089635563190e-02
6.441441441441440929e+00 4.249944097054428327e-02
6.451451451451450936e+00 4.267679006213124376e-02
6.461461461461460942e+00 4.285394806560357400e-02
6.471471471471470949e+00 4.303110606907590424e-02
6.481481481481480955e+00 4.320802264274661852e-02
6.491491491491490962e+00 4.338465131098189626e-02
6.501501501501500968e+00 4.356127997921718092e-02
6.511511511511510975e+00 4.373774600847512434e-02
6.521521521521520981e+00 4.391381921572222458e-02
6.531531531531530987e+00 4.408989242296933175e-02
6.541541541541540994e+00 4.426589046129940364e-02
6.551551551551551000e+00 4.444138321358873794e-02
6.561561561561561007e+00 4.461687596587807225e-02
6.571571571571571013e+00 4.479236871816740656e-02
6.581581581581581020e+00 4.496727757161404077e-02
6.591591591591591026e+00 4.514216599887469622e-02
6.601601601601601033e+00 4.531705442613535861e-02
6.611611611611611927e+00 4.549143937092416101e-02
6.621621621621621934e+00 4.566570071825970523e-02
6.631631631631631940e+00 4.583996206559525638e-02
6.641641641641641947e+00 4.601380848575924859e-02
6.651651651651651953e+00 4.618742110393352779e-02
6.661661661661661959e+00 4.636103372210780005e-02
6.671671671671671966e+00 4.653432756079371735e-02
6.681681681681681972e+00 4.670727089597753734e-02
6.691691691691691979e+00 4.688021423116135733e-02
6.701701701701701985e+00 4.705294198685766593e-02
6.711711711711711992e+00 4.722519656968521273e-02
6.721721721721721998e+00 4.739745115251275953e-02
6.731731731731732005e+00 4.756959987515819999e-02
6.741741741741742011e+00 4.774114730914064131e-02
6.751751751751752018e+00 4.791269474312307569e-02
6.761761761761762024e+00 4.808424217710552395e-02
6.771771771771772030e+00 4.825507497943938573e-02
6.781781781781782037e+00 4.842589792878215088e-02
6.791791791791792043e+00 4.859672087812491603e-02
6.801801801801802050e+00 4.876693409764391168e-02
6.811811811811812056e+00 4.893701627451216285e-02
6.821821821821822063e+00 4.910709845138041402e-02
6.831831831831832069e+00 4.927668180256251917e-02
6.841841841841842076e+00 4.944600795383794628e-02
6.851851851851852082e+00 4.961533410511338033e-02
6.861861861861862089e+00 4.978427782343856911e-02
6.871871871871872095e+00 4.995283371700960651e-02
6.881881881881882101e+00 5.012138961058065084e-02
6.891891891891892108e+00 5.028968444763420864e-02
6.901901901901902114e+00 5.045745685825964166e-02
6.911911911911912121e+00 5.062522926888508162e-02
6.921921921921922127e+00 5.079286648738925297e-02
6.931931931931932134e+00 5.095984318217439829e-02
6.941941941941942140e+00 5.112681987695954361e-02
6.951951951951952147e+00 5.129379124573436172e-02
6.961961961961962153e+00 5.145996096925709723e-02
6.971971971971972160e+00 5.162613069277983968e-02
6.981981981981982166e+00 5.179230041630258907e-02
6.991991991991992172e+00 5.195778094075662740e-02
7.002002002002002179e+00 5.212313339987915961e-02
7.012012012012012185e+00 5.228848585900169876e-02
7.022022022022022192e+00 5.245327622283380703e-02
7.032032032032032198e+00 5.261780207123511327e-02
7.042042042042042205e+00 5.278232791963643339e-02
7.052052052052052211e+00 5.294642231013465400e-02
7.062062062062062218e+00 5.311011313259617062e-02
7.072072072072072224e+00 5.327380395505769417e-02
7.082082082082082231e+00 5.343719702883629324e-02
7.092092092092092237e+00 5.360004532531333077e-02
7.102102102102102243e+00 5.376289362179035441e-02
7.112112112112112250e+00 5.392558049923069224e-02
7.122122122122122256e+00 5.408757966873931067e-02
7.132132132132132263e+00 5.424957883824792215e-02
7.142142142142142269e+00 5.441155509790625983e-02
7.152152152152152276e+00 5.457269942225528164e-02
7.162162162162162282e+00 5.473384374660430346e-02
7.172172172172172289e+00 5.489498807095333222e-02
7.182182182182182295e+00 5.505539004698269123e-02
7.192192192192192302e+00 5.521567467437785842e-02
7.202202202202202308e+00 5.537595930177301867e-02
7.212212212212212314e+00 5.553563916723518179e-02
7.222222222222222321e+00 5.569506009578285843e-02
7.232232232232232327e+00 5.585448102433054202e-02
7.242242242242242334e+00 5.601343653176399373e-02
7.252252252252252340e+00 5.617199059289833263e-02
7.262262262262262347e+00 5.633054465403266459e-02
7.272272272272272353e+00 5.648877397484566160e-02
7.282282282282282360e+00 5.664645881670449246e-02
7.292292292292292366e+00 5.680414365856331638e-02
7.302302302302302373e+00 5.696164537726234461e-02
7.312312312312312379e+00 5.711845944803322500e-02
7.322322322322322385e+00 5.727527351880410539e-02
7.332332332332332392e+00 5.743204662721793086e-02
7.342342342342342398e+00 5.758798915847689048e-02
7.352352352352352405e+00 5.774393168973585705e-02
7.362362362362362411e+00 5.789987422099480974e-02
7.372372372372372418e+00 5.805504657129845203e-02
7.382382382382382424e+00 5.821011756136094950e-02
7.392392392392392431e+00 5.836518855142344003e-02
7.402402402402402437e+00 5.851963222238249634e-02
7.412412412412412444e+00 5.867383241968618379e-02
7.422422422422422450e+00 5.882803261698987124e-02
7.432432432432432456e+00 5.898174852126571860e-02
7.442442442442442463e+00 5.913507940780323574e-02
7.452452452452452469e+00 5.928841029434074594e-02
7.462462462462462476e+00 5.944139971228327990e-02
7.472472472472472482e+00 5.959386348710168924e-02
7.482482482482482489e+00 5.974632726192009163e-02
7.492492492492492495e+00 5.989859183586434405e-02
7.502502502502502502e+00 6.005019139864736788e-02
7.512512512512512508e+00 6.020179096143039865e-02
7.522522522522522515e+00 6.035333269000948964e-02
7.532532532532532521e+00 6.050407162475782141e-02
7.542542542542542527e+00 6.065481055950614625e-02
7.552552552552552534e+00 6.080554949425446415e-02
7.562562562562562540e+00 6.095551435080395070e-02
7.572572572572572547e+00 6.110539690962701886e-02
7.582582582582582553e+00 6.125527946845008703e-02
7.592592592592592560e+00 6.140453142726521457e-02
7.602602602602602566e+00 6.155356251429792980e-02
7.612612612612612573e+00 6.170259360133064502e-02
7.622622622622622579e+00 6.185113633206439782e-02
7.632632632632632586e+00 6.199932148752087396e-02
7.642642642642642592e+00 6.214750664297736399e-02
7.652652652652652598e+00 6.229534413320624714e-02
7.662662662662662605e+00 6.244268951758155661e-02
7.672672672672672611e+00 6.259003490195684527e-02
7.682682682682682618e+00 6.273717145174184662e-02
7.692692692692692624e+00 6.288368383017249597e-02
7.702702702702702631e+00 6.303019620860315919e-02
7.712712712712712637e+00 6.317663642508064559e-02
7.722722722722722644e+00 6.332232315187315275e-02
7.732732732732732650e+00 6.346800987866565991e-02
7.742742742742742657e+00 6.361369660545816707e-02
7.752752752752752663e+00 6.375862767400466979e-02
7.762762762762762669e+00 6.390349667734085415e-02
7.772772772772772676e+00 6.404836568067702463e-02
7.782782782782782682e+00 6.419261901687738081e-02
7.792792792792792689e+00 6.433667878370487314e-02
7.802802802802802695e+00 6.448073855053236547e-02
7.812812812812812702e+00 6.462432019444645792e-02
7.822822822822822708e+00 6.476757975556114710e-02
7.832832832832832715e+00 6.491083931667583629e-02
7.842842842842842721e+00 6.505375557938967990e-02
7.852852852852852727e+00 6.519622449471709769e-02
7.862862862862862734e+00 6.533869341004451547e-02
7.872872872872872740e+00 6.548095086862133762e-02
7.882882882882882747e+00 6.562263921270260203e-02
7.892892892892892753e+00 6.576432755678386644e-02
7.902902902902902760e+00 6.590593304925319862e-02
7.912912912912912766e+00 6.604685139694098372e-02
7.922922922922922773e+00 6.618776974462875495e-02
7.932932932932932779e+00 6.632868809231655394e-02
7.942942942942942786e+00 6.646888977738284188e-02
7.952952952952952792e+00 6.660904918975187050e-02
7.962962962962962798e+00 6.674920860212091300e-02
7.972972972972972805e+00 6.688878429361176658e-02
7.982982982982982811e+00 6.702819630408814178e-02
7.992992992992992818e+00 6.716760831456451697e-02
8.003003003003001936e+00 6.730656606242968465e-02
8.013013013013011943e+00 6.744524266314211314e-02
8.023023023023021949e+00 6.758391926385455550e-02
8.033033033033031955e+00 6.772226734592837194e-02
8.043043043043041962e+00 6.786022097428474897e-02
8.053053053053051968e+00 6.799817460264111213e-02
8.063063063063061975e+00 6.813592152005350233e-02
8.073073073073071981e+00 6.827316504554498122e-02
8.083083083083081988e+00 6.841040857103646011e-02
8.093093093093091994e+00 6.854756304366593778e-02
8.103103103103102001e+00 6.868410975490074621e-02
8.113113113113112007e+00 6.882065646613555465e-02
8.123123123123122014e+00 6.895720317737036309e-02
8.133133133133132020e+00 6.909309102007268888e-02
8.143143143143142026e+00 6.922895461204103817e-02
8.153153153153152033e+00 6.936481820400938747e-02
8.163163163163162039e+00 6.950014576882335149e-02
8.173173173173172046e+00 6.963534033039432691e-02
8.183183183183182052e+00 6.977053489196530234e-02
8.193193193193192059e+00 6.990531190976385922e-02
8.203203203203202065e+00 7.003985191141570699e-02
8.213213213213213848e+00 7.017439191306755475e-02
8.223223223223223854e+00 7.030862830366978178e-02
8.233233233233233861e+00 7.044252858545302365e-02
8.243243243243243867e+00 7.057642886723627940e-02
8.253253253253253874e+00 7.071013473530558813e-02
8.263263263263263880e+00 7.084341049503956045e-02
8.273273273273273887e+00 7.097668625477354665e-02
8.283283283283283893e+00 7.110987188575881857e-02
8.293293293293293900e+00 7.124253866746096953e-02
8.303303303303303906e+00 7.137520544916313436e-02
8.313313313313313913e+00 7.150787223086531308e-02
8.323323323323323919e+00 7.163995498782968485e-02
8.333333333333333925e+00 7.177202867037697775e-02
8.343343343343343932e+00 7.190410235292429841e-02
8.353353353353353938e+00 7.203570217266523634e-02
8.363363363363363945e+00 7.216719895868665968e-02
8.373373373373373951e+00 7.229869574470806914e-02
8.383383383383383958e+00 7.242982374397839707e-02
8.393393393393393964e+00 7.256076014897702708e-02
8.403403403403403971e+00 7.269169655397564322e-02
8.413413413413413977e+00 7.282236400385599939e-02
8.423423423423423984e+00 7.295275684555976858e-02
8.433433433433433990e+00 7.308314968726356553e-02
8.443443443443443996e+00 7.321336800954424129e-02
8.453453453453454003e+00 7.334323439748303974e-02
8.463463463463464009e+00 7.347310078542183820e-02
8.473473473473474016e+00 7.360288154902590307e-02
8.483483483483484022e+00 7.373223887433258406e-02
8.493493493493494029e+00 7.386159619963926504e-02
8.503503503503504035e+00 7.399095111708657579e-02
8.513513513513514042e+00 7.411981704252126879e-02
8.523523523523524048e+00 7.424868296795597566e-02
8.533533533533534055e+00 7.437754889339068254e-02
8.543543543543544061e+00 7.450601634206213686e-02
8.553553553553554067e+00 7.463440879225534397e-02
8.563563563563564074e+00 7.476280124244855108e-02
8.573573573573574080e+00 7.489088486381875742e-02
8.583583583583584087e+00 7.501882201573242814e-02
8.593593593593594093e+00 7.514675916764609886e-02
8.603603603603604100e+00 7.527447132722961398e-02
8.613613613613614106e+00 7.540197160083231265e-02
8.623623623623624113e+00 7.552947187443498356e-02
8.633633633633634119e+00 7.565682505849904982e-02
8.643643643643644126e+00 7.578390710765299521e-02
8.653653653653654132e+00 7.591098915680694059e-02
8.663663663663664138e+00 7.603799596925037152e-02
8.673673673673674145e+00 7.616467867280705961e-02
8.683683683683684151e+00 7.629136137636376158e-02
8.693693693693694158e+00 7.641803453563403292e-02
8.703703703703704164e+00 7.654433698873507053e-02
8.713713713713714171e+00 7.667063944183609425e-02
8.723723723723724177e+00 7.679694189493713186e-02
8.733733733733734184e+00 7.692293328346513914e-02
8.743743743743744190e+00 7.704887478904583198e-02
8.753753753753754197e+00 7.717481629462651094e-02
8.763763763763764203e+00 7.730051930081224820e-02
8.773773773773774209e+00 7.742611936130353034e-02
8.783783783783784216e+00 7.755171942179479860e-02
8.793793793793794222e+00 7.767714728100903743e-02
8.803803803803804229e+00 7.780242559023528570e-02
8.813813813813814235e+00 7.792770389946152010e-02
8.823823823823824242e+00 7.805286994176298399e-02
8.833833833833834248e+00 7.817784637703176220e-02
8.843843843843844255e+00 7.830282281230055430e-02
8.853853853853854261e+00 7.842774045973197050e-02
8.863863863863864268e+00 7.855243507411217851e-02
8.873873873873874274e+00 7.867712968849238653e-02
8.883883883883884280e+00 7.880181245241089927e-02
8.893893893893894287e+00 7.892624546719571865e-02
8.903903903903904293e+00 7.905067848198052416e-02
8.913913913913914300e+00 7.917511149676532967e-02
8.923923923923924306e+00 7.929933175777389986e-02
8.933933933933934313e+00 7.942352355512531659e-02
8.943943943943944319e+00 7.954771535247674719e-02
8.953953953953954326e+00 7.967174854597587619e-02
8.963963963963964332e+00 7.979571966174626996e-02
8.973973973973974338e+00 7.991969077751666373e-02
8.983983983983984345e+00 8.004355081381904491e-02
8.993993993993994351e+00 8.016732193054725009e-02
9.004004004004004358e+00 8.029109304727545526e-02
9.014014014014014364e+00 8.041479390883879419e-02
9.024024024024024371e+00 8.053838584891592767e-02
9.034034034034034377e+00 8.066197778899306114e-02
9.044044044044044384e+00 8.078553352808816312e-02
9.054054054054054390e+00 8.090896724708988852e-02
9.064064064064064397e+00 8.103240096609164167e-02
9.074074074074074403e+00 8.115582570250068351e-02
9.084084084084084409e+00 8.127912228268270589e-02
9.094094094094094416e+00 8.140241886286470052e-02
9.104104104104104422e+00 8.152571544304670903e-02
9.114114114114114429e+00 8.164890742556205061e-02
9.124124124124124435e+00 8.177208806951410947e-02
9.134134134134134442e+00 8.189526871346616832e-02
9.144144144144144448e+00 8.201837944307220629e-02
9.154154154154154455e+00 8.214146546752769396e-02
9.164164164164164461e+00 8.226455149198318162e-02
9.174174174174174468e+00 8.238759538559344009e-02
9.184184184184184474e+00 8.251060821539080159e-02
9.194194194194194480e+00 8.263362104518816309e-02
9.204204204204204487e+00 8.275661257243177582e-02
9.214214214214214493e+00 8.287957373462362387e-02
9.224224224224224500e+00 8.300253489681548580e-02
9.234234234234234506e+00 8.312548857803019053e-02
9.244244244244244513e+00 8.324841969613701320e-02
9.254254254254254519e+00 8.337135081424382199e-02
9.264264264264264526e+00 8.349428121849516993e-02
9.274274274274274532e+00 8.361720400689975907e-02
9.284284284284284539e+00 8.374012679530434822e-02
9.294294294294294545e+00 8.386304958370893736e-02
9.304304304304304551e+00 8.398598479691030128e-02
9.314314314314314558e+00 8.410892105538944619e-02
9.324324324324324564e+00 8.423185731386857722e-02
9.334334334334334571e+00 8.435482040646492818e-02
9.344344344344344577e+00 8.447779201485473843e-02
9.354354354354354584e+00 8.460076362324457644e-02
9.364364364364364590e+00 8.472376937371611794e-02
9.374374374374374597e+00 8.484679828670767254e-02
9.384384384384384603e+00 8.496982719969921327e-02
9.394394394394394610e+00 8.509289042251355628e-02
9.404404404404404616e+00 8.521599866457511829e-02
9.414414414414414622e+00 8.533910690663669418e-02
9.424424424424424629e+00 8.546224245052116975e-02
9.434434434434434635e+00 8.558545211094416294e-02
9.444444444444444642e+00 8.570866177136717001e-02
9.454454454454454648e+00 8.583188451760341564e-02
9.464464464464464655e+00 8.595521774566804163e-02
9.474474474474474661e+00 8.607855097373266762e-02
9.484484484484484668e+00 8.620188420179727973e-02
9.494494494494494674e+00 8.632535483473151305e-02
9.504504504504504681e+00 8.644883383498964957e-02
9.514514514514514687e+00 8.657231283524778609e-02
9.524524524524524693e+00 8.669592277926888024e-02
9.534534534534534700e+00 8.681956980694002790e-02
9.544544544544544706e+00 8.694321683461117556e-02
9.554554554554554713e+00 8.706698110482741226e-02
9.564564564564564719e+00 8.719081846130553870e-02
9.574574574574574726e+00 8.731465581778365126e-02
9.584584584584584732e+00 8.743858945087132351e-02
9.594594594594594739e+00 8.756263947933871916e-02
9.604604604604604745e+00 8.768668950780611482e-02
9.614614614614614752e+00 8.781080756051856673e-02
9.624624624624624758e+00 8.793509264166407546e-02
9.634634634634634764e+00 8.805937772280959808e-02
9.644644644644644771e+00 8.818369527050508305e-02
9.654654654654654777e+00 8.830823781834359898e-02
9.664664664664664784e+00 8.843278036618211491e-02
9.674674674674674790e+00 8.855732291402061696e-02
9.684684684684684797e+00 8.868213495916085765e-02
9.694694694694694803e+00 8.880695741695128487e-02
9.704704704704704810e+00 8.893177987474173984e-02
9.714714714714714816e+00 8.905684408411757014e-02
9.724724724724724823e+00 8.918196892037628942e-02
9.734734734734734829e+00 8.930709375663499483e-02
9.744744744744744835e+00 8.943242527413684806e-02
9.754754754754754842e+00 8.955787497874380387e-02
9.764764764764764848e+00 8.968332468335074581e-02
9.774774774774774855e+00 8.980893866196786035e-02
9.784784784784784861e+00 8.993473574236283963e-02
9.794794794794794868e+00 9.006053282275784666e-02
9.804804804804804874e+00 9.018644442328616062e-02
9.814814814814814881e+00 9.031261140075259874e-02
9.824824824824824887e+00 9.043877837821903687e-02
9.834834834834834894e+00 9.056500276798479243e-02
9.844844844844844900e+00 9.069156217401791453e-02
9.854854854854854906e+00 9.081812158005103663e-02
9.864864864864864913e+00 9.094468098608417261e-02
9.874874874874874919e+00 9.107164830440757364e-02
9.884884884884884926e+00 9.119862267716531690e-02
9.894894894894894932e+00 9.132559704992304628e-02
9.904904904904904939e+00 9.145293004805048198e-02
9.914914914914914945e+00 9.158034192888396541e-02
9.924924924924924952e+00 9.170775380971743496e-02
9.934934934934934958e+00 9.183546766686417895e-02
9.944944944944944965e+00 9.196333959692566673e-02
9.954954954954954971e+00 9.209121152698716839e-02
9.964964964964964977e+00 9.221932142063161975e-02
9.974974974974974984e+00 9.234767593755775772e-02
9.984984984984984990e+00 9.247603045448390957e-02
9.994994994994994997e+00 9.260455155924121606e-02
1.000500500500500500e+01 9.273341119390887677e-02
1.001501501501501501e+01 9.286227082857653747e-02
1.002502502502502502e+01 9.299121831508530556e-02
1.003503503503503502e+01 9.312060558843830715e-02
1.004504504504504503e+01 9.324999286179132263e-02
1.005505505505505504e+01 9.337938189561341418e-02
1.006506506506506504e+01 9.350931931555783727e-02
1.007507507507507505e+01 9.363925673550227424e-02
1.008508508508508505e+01 9.376919415544669734e-02
1.009509509509509506e+01 9.389961253440118338e-02
1.010510510510510507e+01 9.403012259276691265e-02
1.011511511511511507e+01 9.416063265113265579e-02
1.012512512512512508e+01 9.429154536173715850e-02
1.013513513513513509e+01 9.442265053130415031e-02
1.014514514514514509e+01 9.455375570087115600e-02
1.015515515515515510e+01 9.468517786502303468e-02
1.016516516516516511e+01 9.481690059661009029e-02
1.017517517517517511e+01 9.494862332819715978e-02
1.018518518518518512e+01 9.508057005559365782e-02
1.019519519519519513e+01 9.521293277520773146e-02
1.020520520520520513e+01 9.534529549482179123e-02
1.021521521521521514e+01 9.547778188198241534e-02
1.022522522522522515e+01 9.561080698802698619e-02
1.023523523523523515e+01 9.574383209407152928e-02
1.024524524524524516e+01 9.587687322337129503e-02
1.025525525525525516e+01 9.601058308391163809e-02
1.026526526526526517e+01 9.614429294445199503e-02
1.027527527527527518e+01 9.627800280499233809e-02
1.028528528528528518e+01 9.641232083324909052e-02
1.029529529529529519e+01 9.654673778333298928e-02
1.030530530530530520e+01 9.668115473341688804e-02
1.031531531531531520e+01 9.681607992172000521e-02
1.032532532532532521e+01 9.695122626075228234e-02
1.033533533533533522e+01 9.708637259978455947e-02
1.034534534534534522e+01 9.722191994416483352e-02
1.035535535535535523e+01 9.735781793333396494e-02
1.036536536536536524e+01 9.749371592250308249e-02
1.037537537537537524e+01 9.762990039856322966e-02
1.038538538538538525e+01 9.776657225831855702e-02
1.039539539539539525e+01 9.790324411807389826e-02
1.040540540540540526e+01 9.804008068012375066e-02
1.041541541541541527e+01 9.817754858770177950e-02
1.042542542542542527e+01 9.831501649527982223e-02
1.043543543543543528e+01 9.845252007548059570e-02
1.044544544544544529e+01 9.859080616247924145e-02
1.045545545545545529e+01 9.872909224947790108e-02
1.046546546546546530e+01 9.886737833647653295e-02
1.047547547547547531e+01 9.900640410699421134e-02
1.048548548548548531e+01 9.914553045699299461e-02
1.049549549549549532e+01 9.928465680699176399e-02
1.050550550550550533e+01 9.942440142338515585e-02
1.051551551551551533e+01 9.956439006961073646e-02
1.052552552552552534e+01 9.970437871583630318e-02
1.053553553553553535e+01 9.984485698613128346e-02
1.054554554554554535e+01 9.998572990916632097e-02
1.055555555555555536e+01 1.001266028322013585e-01
1.056556556556556536e+01 1.002678295366923739e-01
1.057557557557557537e+01 1.004096086622273537e-01
1.058558558558558538e+01 1.005513877877623197e-01
1.059559559559559538e+01 1.006933776782420464e-01
1.060560560560560539e+01 1.008360848748679067e-01
1.061561561561561540e+01 1.009787920714937670e-01
1.062562562562562540e+01 1.011215598704901519e-01
1.063563563563563541e+01 1.012652169475314196e-01
1.064564564564564542e+01 1.014088740245726872e-01
1.065565565565565542e+01 1.015525311016139687e-01
1.066566566566566543e+01 1.016970631299802530e-01
1.067567567567567544e+01 1.018416918353669126e-01
1.068568568568568544e+01 1.019863205407535584e-01
1.069569569569569545e+01 1.021316815163295505e-01
1.070570570570570545e+01 1.022773035345069248e-01
1.071571571571571546e+01 1.024229255526843130e-01
1.072572572572572547e+01 1.025691300401635614e-01
1.073573573573573547e+01 1.027157669900396059e-01
1.074574574574574548e+01 1.028624039399156503e-01
1.075575575575575549e+01 1.030094664697328161e-01
1.076576576576576549e+01 1.031571399026607605e-01
1.077577577577577550e+01 1.033048133355887188e-01
1.078578578578578551e+01 1.034527484032285866e-01
1.079579579579579551e+01 1.036014798010247567e-01
1.080580580580580552e+01 1.037502111988209269e-01
1.081581581581581553e+01 1.038990332641338971e-01
1.082582582582582553e+01 1.040488440371300505e-01
1.083583583583583554e+01 1.041986548101262039e-01
1.084584584584584555e+01 1.043484655831223712e-01
1.085585585585585555e+01 1.044992897817789285e-01
1.086586586586586556e+01 1.046502012669076054e-01
1.087587587587587556e+01 1.048011127520362684e-01
1.088588588588588557e+01 1.049528740201083610e-01
1.089589589589589558e+01 1.051049074790202653e-01
1.090590590590590558e+01 1.052569409379321558e-01
1.091591591591591559e+01 1.054096535471912011e-01
1.092592592592592560e+01 1.055628301644049860e-01
1.093593593593593560e+01 1.057160067816187571e-01
1.094594594594594561e+01 1.058696849637070919e-01
1.095595595595595562e+01 1.060240258447894268e-01
1.096596596596596562e+01 1.061783667258717617e-01
1.097597597597597563e+01 1.063330246716796407e-01
1.098598598598598564e+01 1.064885508414555593e-01
1.099599599599599564e+01 1.066440770112315056e-01
1.100600600600600565e+01 1.067997288702793868e-01
1.101601601601601566e+01 1.069564612710721535e-01
1.102602602602602566e+01 1.071131936718649064e-01
1.103603603603603567e+01 1.072699260726576731e-01
1.104604604604604567e+01 1.074278130415910332e-01
1.105605605605605568e+01 1.075857725314905977e-01
1.106606606606606569e+01 1.077437320213901623e-01
1.107607607607607569e+01 1.079026618482056277e-01
1.108608608608608570e+01 1.080618691993653208e-01
1.109609609609609571e+01 1.082210765505250416e-01
1.110610610610610571e+01 1.083810631693701426e-01
1.111611611611611572e+01 1.085415390663305724e-01
1.112612612612612573e+01 1.087020149632910160e-01
1.113613613613613573e+01 1.088630722628784742e-01
1.114614614614614574e+01 1.090248373009187755e-01
1.115615615615615575e+01 1.091866023389590767e-01
1.116616616616616575e+01 1.093487441620024092e-01
1.117617617617617576e+01 1.095118188455172503e-01
1.118618618618618576e+01 1.096748935290320914e-01
1.119619619619619577e+01 1.098381336716859891e-01
1.120620620620620578e+01 1.100025384125887379e-01
1.121621621621621578e+01 1.101669431534914728e-01
1.122622622622622579e+01 1.103313478943942078e-01
1.123623623623623580e+01 1.104970504809478643e-01
1.124624624624624580e+01 1.106628055970986652e-01
1.125625625625625581e+01 1.108285607132494799e-01
1.126626626626626582e+01 1.109954092920924507e-01
1.127627627627627582e+01 1.111625350057516143e-01
1.128628628628628583e+01 1.113296607194107779e-01
1.129629629629629584e+01 1.114976688465885712e-01
1.130630630630630584e+01 1.116661852828933071e-01
1.131631631631631585e+01 1.118347017191980569e-01
1.132632632632632586e+01 1.120038829005075426e-01
1.133633633633633586e+01 1.121738100859734633e-01
1.134634634634634587e+01 1.123437372714393839e-01
1.135635635635635587e+01 1.125141049619161476e-01
1.136636636636636588e+01 1.126854628229613103e-01
1.137637637637637589e+01 1.128568206840064730e-01
1.138638638638638589e+01 1.130283882874163343e-01
1.139639639639639590e+01 1.132011966489088750e-01
1.140640640640640591e+01 1.133740050104014296e-01
1.141641641641641769e+01 1.135468133718940120e-01
1.142642642642642770e+01 1.137210644625641365e-01
1.143643643643643770e+01 1.138953430463919142e-01
1.144644644644644771e+01 1.140696216302196780e-01
1.145645645645645772e+01 1.142451189030326275e-01
1.146646646646646772e+01 1.144208873266955584e-01
1.147647647647647773e+01 1.145966557503585032e-01
1.148648648648648773e+01 1.147734123464881767e-01
1.149649649649649774e+01 1.149506901217117183e-01
1.150650650650650775e+01 1.151279678969352877e-01
1.151651651651651775e+01 1.153059969029295445e-01
1.152652652652652776e+01 1.154848034343002317e-01
1.153653653653653777e+01 1.156636099656709188e-01
1.154654654654654777e+01 1.158429244129851599e-01
1.155655655655655778e+01 1.160232789966068323e-01
1.156656656656656779e+01 1.162036335802284909e-01
1.157657657657657779e+01 1.163842464447630981e-01
1.158658658658658780e+01 1.165661682669341670e-01
1.159659659659659781e+01 1.167480900891052359e-01
1.160660660660660781e+01 1.169300142907468837e-01
1.161661661661661782e+01 1.171135224266578595e-01
1.162662662662662783e+01 1.172970305625688353e-01
1.163663663663663783e+01 1.174805386984797972e-01
1.164664664664664784e+01 1.176653923771868449e-01
1.165665665665665784e+01 1.178505057896381270e-01
1.166666666666666785e+01 1.180356192020894229e-01
1.167667667667667786e+01 1.182218287369677517e-01
1.168668668668668786e+01 1.184085662751073742e-01
1.169669669669669787e+01 1.185953038132469828e-01
1.170670670670670788e+01 1.187828818385327084e-01
1.171671671671671788e+01 1.189712622366138478e-01
1.172672672672672789e+01 1.191596426346950149e-01
1.173673673673673790e+01 1.193486017255901560e-01
1.174674674674674790e+01 1.195386436017476239e-01
1.175675675675675791e+01 1.197286854779051057e-01
1.176676676676676792e+01 1.199190381501569896e-01
1.177677677677677792e+01 1.201107600052032237e-01
1.178678678678678793e+01 1.203024818602494439e-01
1.179679679679679793e+01 1.204942405697335683e-01
1.180680680680680794e+01 1.206876607859732470e-01
1.181681681681681795e+01 1.208810810022129117e-01
1.182682682682682795e+01 1.210745012184525904e-01
1.183683683683683796e+01 1.212693949845827790e-01
1.184684684684684797e+01 1.214645318246464628e-01
1.185685685685685797e+01 1.216596686647101327e-01
1.186686686686686798e+01 1.218560113403648337e-01
1.187687687687687799e+01 1.220528829460608283e-01
1.188688688688688799e+01 1.222497545517568229e-01
1.189689689689689800e+01 1.224475582887755432e-01
1.190690690690690801e+01 1.226461826799599419e-01
1.191691691691691801e+01 1.228448070711443407e-01
1.192692692692692802e+01 1.230440839587491758e-01
1.193693693693693803e+01 1.232444790322142630e-01
1.194694694694694803e+01 1.234448741056793503e-01
1.195695695695695804e+01 1.236456361700929846e-01
1.196696696696696804e+01 1.238478196984730967e-01
1.197697697697697805e+01 1.240500032268532088e-01
1.198698698698698806e+01 1.242522624309203572e-01
1.199699699699699806e+01 1.244562520616161461e-01
1.200700700700700807e+01 1.246602416923119488e-01
1.201701701701701808e+01 1.248642313230077239e-01
1.202702702702702808e+01 1.250698231892434509e-01
1.203703703703703809e+01 1.252756364433627589e-01
1.204704704704704810e+01 1.254814496974820948e-01
1.205705705705705810e+01 1.256885798312029068e-01
1.206706706706706811e+01 1.258962341025198495e-01
1.207707707707707812e+01 1.261038883738368199e-01
1.208708708708708812e+01 1.263125684171566565e-01
1.209709709709709813e+01 1.265220809710874694e-01
1.210710710710710813e+01 1.267315935250183101e-01
1.211711711711711814e+01 1.269418350541842433e-01
1.212712712712712815e+01 1.271532230267801433e-01
1.213713713713713815e+01 1.273646109993760156e-01
1.214714714714714816e+01 1.275764255244229983e-01
1.215715715715715817e+01 1.277897059213804198e-01
1.216716716716716817e+01 1.280029863183378691e-01
1.217717717717717818e+01 1.282163852827464257e-01
1.218718718718718819e+01 1.284315749784335492e-01
1.219719719719719819e+01 1.286467646741207005e-01
1.220720720720720820e+01 1.288619543698078240e-01
1.221721721721721821e+01 1.290788751909778820e-01
1.222722722722722821e+01 1.292959909274782049e-01
1.223723723723723822e+01 1.295131066639785278e-01
1.224724724724724823e+01 1.297316512193124605e-01
1.225725725725725823e+01 1.299507096054845767e-01
1.226726726726726824e+01 1.301697679916567207e-01
1.227727727727727824e+01 1.303899473888003868e-01
1.228728728728728825e+01 1.306109648993548089e-01
1.229729729729729826e+01 1.308319824099092588e-01
1.230730730730730826e+01 1.310538076877082736e-01
1.231731731731731827e+01 1.312768006622994088e-01
1.232732732732732828e+01 1.314997936368905718e-01
1.233733733733733828e+01 1.317232757650798058e-01
1.234734734734734829e+01 1.319482604074156407e-01
1.235735735735735830e+01 1.321732450497514755e-01
1.236736736736736830e+01 1.323983949286474116e-01
1.237737737737737831e+01 1.326253873056140731e-01
1.238738738738738832e+01 1.328523796825807624e-01
1.239739739739739832e+01 1.330793720595474516e-01
1.240740740740740833e+01 1.333082241835797654e-01
1.241741741741741833e+01 1.335372402243828749e-01
1.242742742742742834e+01 1.337662562651859566e-01
1.243743743743743835e+01 1.339968135217684264e-01
1.244744744744744835e+01 1.342278690170897182e-01
1.245745745745745836e+01 1.344589245124109544e-01
1.246746746746746837e+01 1.346911974524372946e-01
1.247747747747747837e+01 1.349243080536077499e-01
1.248748748748748838e+01 1.351574186547781775e-01
1.249749749749749839e+01 1.353914177577110189e-01
1.250750750750750839e+01 1.356265989758993762e-01
1.251751751751751840e+01 1.358617801940877334e-01
1.252752752752752841e+01 1.360975158676814289e-01
1.253753753753753841e+01 1.363347830730982091e-01
1.254754754754754842e+01 1.365720502785149892e-01
1.255755755755755843e+01 1.368095328585411108e-01
1.256756756756756843e+01 1.370489012796587691e-01
1.257757757757757844e+01 1.372882697007763997e-01
1.258758758758758844e+01 1.375276381218940580e-01
1.259759759759759845e+01 1.377689941735404100e-01
1.260760760760760846e+01 1.380104788963283369e-01
1.261761761761761846e+01 1.382519636191162360e-01
1.262762762762762847e+01 1.384951019744246614e-01
1.263763763763763848e+01 1.387387179416003924e-01
1.264764764764764848e+01 1.389823339087761234e-01
1.265765765765765849e+01 1.392272645419668220e-01
1.266766766766766850e+01 1.394730265522619861e-01
1.267767767767767850e+01 1.397187885625571779e-01
1.268768768768768851e+01 1.399655213740804427e-01
1.269769769769769852e+01 1.402134440815224758e-01
1.270770770770770852e+01 1.404613667889645090e-01
1.271771771771771853e+01 1.407099116052558385e-01
1.272772772772772854e+01 1.409600095184645741e-01
1.273773773773773854e+01 1.412101074316733096e-01
1.274774774774774855e+01 1.414604740049114073e-01
1.275775775775775855e+01 1.417127614864115426e-01
1.276776776776776856e+01 1.419650489679117056e-01
1.277777777777777857e+01 1.422173364494118686e-01
1.278778778778778857e+01 1.424717382413275002e-01
1.279779779779779858e+01 1.427262295068754683e-01
1.280780780780780859e+01 1.429807207724234364e-01
1.281781781781781859e+01 1.432369776702500097e-01
1.282782782782782860e+01 1.434936867881765610e-01
1.283783783783783861e+01 1.437503959061030845e-01
1.284784784784784861e+01 1.440085172897567767e-01
1.285785785785785862e+01 1.442674581803241596e-01
1.286786786786786863e+01 1.445263990708915702e-01
1.287787787787787863e+01 1.447863942444642393e-01
1.288788788788788864e+01 1.450475806792388966e-01
1.289789789789789864e+01 1.453087671140135262e-01
1.290790790790790865e+01 1.455706453055599092e-01
1.291791791791791866e+01 1.458340909067999958e-01
1.292792792792792866e+01 1.460975365080401100e-01
1.293793793793793867e+01 1.463613068693672414e-01
1.294794794794794868e+01 1.466270251094248245e-01
1.295795795795795868e+01 1.468927433494823798e-01
1.296796796796796869e+01 1.471584615895399906e-01
1.297797797797797870e+01 1.474264191566807825e-01
1.298798798798798870e+01 1.476944233574194743e-01
1.299799799799799871e+01 1.479624275581581383e-01
1.300800800800800872e+01 1.482323085399305795e-01
1.301801801801801872e+01 1.485026118721573807e-01
1.302802802802802873e+01 1.487729152043841541e-01
1.303803803803803874e+01 1.490447283710089332e-01
1.304804804804804874e+01 1.493173438539217579e-01
1.305805805805805875e+01 1.495899593368346103e-01
1.306806806806806875e+01 1.498637133809330724e-01
1.307807807807807876e+01 1.501386538815825678e-01
1.308808808808808877e+01 1.504135943822320631e-01
1.309809809809809877e+01 1.506892979186444659e-01
1.310810810810810878e+01 1.509665761514106253e-01
1.311811811811811879e+01 1.512438543841767846e-01
1.312812812812812879e+01 1.515215159497830810e-01
1.313813813813813880e+01 1.518011444758670392e-01
1.314814814814814881e+01 1.520807730019509418e-01
1.315815815815815881e+01 1.523604015280349000e-01
1.316816816816816882e+01 1.526423922824246548e-01
1.317817817817817883e+01 1.529243835093545834e-01
1.318818818818818883e+01 1.532063747362845119e-01
1.319819819819819884e+01 1.534903526124218598e-01
1.320820820820820884e+01 1.537747187935745996e-01
1.321821821821821885e+01 1.540590849747273672e-01
1.322822822822822886e+01 1.543450581199487248e-01
1.323823823823823886e+01 1.546318113540851025e-01
1.324824824824824887e+01 1.549185645882214801e-01
1.325825825825825888e+01 1.552065410707645365e-01
1.326826826826826888e+01 1.554956933015800014e-01
1.327827827827827889e+01 1.557848455323954662e-01
1.328828828828828890e+01 1.560748333412483313e-01
1.329829829829829890e+01 1.563663963569379978e-01
1.330830830830830891e+01 1.566579593726276642e-01
1.331831831831831892e+01 1.569499664173808484e-01
1.332832832832832892e+01 1.572439518502199984e-01
1.333833833833833893e+01 1.575379372830591485e-01
1.334834834834834894e+01 1.578319713937602897e-01
1.335835835835835894e+01 1.581283907196979754e-01
1.336836836836836895e+01 1.584248100456356612e-01
1.337837837837837895e+01 1.587212293715733746e-01
1.338838838838838896e+01 1.590197435109153012e-01
1.339839839839839897e+01 1.593186080491843237e-01
1.340840840840840897e+01 1.596174725874533462e-01
1.341841841841841898e+01 1.599180403757808344e-01
1.342842842842842899e+01 1.602193612885212393e-01
1.343843843843843899e+01 1.605206822012616441e-01
1.344844844844844900e+01 1.608233110716933978e-01
1.345845845845845901e+01 1.611270993635911808e-01
1.346846846846846901e+01 1.614308876554890193e-01
1.347847847847847902e+01 1.617355849606992024e-01
1.348848848848848903e+01 1.620418514786395314e-01
1.349849849849849903e+01 1.623481179965798327e-01
1.350850850850850904e+01 1.626548910086808297e-01
1.351851851851851904e+01 1.629636464414156716e-01
1.352852852852852905e+01 1.632724018741505412e-01
1.353853853853853906e+01 1.635812577845782434e-01
1.354854854854854906e+01 1.638925126624092010e-01
1.355855855855855907e+01 1.642037675402401864e-01
1.356856856856856908e+01 1.645150224180711718e-01
1.357857857857857908e+01 1.648284781541174415e-01
1.358858858858858909e+01 1.651422428485926353e-01
1.359859859859859910e+01 1.654560075430678012e-01
1.360860860860860910e+01 1.657715705303447473e-01
1.361861861861861911e+01 1.660878552539703512e-01
1.362862862862862912e+01 1.664041399775959829e-01
1.363863863863863912e+01 1.667218170055344006e-01
1.364864864864864913e+01 1.670406318115019995e-01
1.365865865865865914e+01 1.673594466174696260e-01
1.366866866866866914e+01 1.676792443941332866e-01
1.367867867867867915e+01 1.680005991760597228e-01
1.368868868868868915e+01 1.683219539579861590e-01
1.369869869869869916e+01 1.686438791099854340e-01
1.370870870870870917e+01 1.689677836016696411e-01
1.371871871871871917e+01 1.692916880933538482e-01
1.372872872872872918e+01 1.696157471657619709e-01
1.373873873873873919e+01 1.699422109409548798e-01
1.374874874874874919e+01 1.702686747161478165e-01
1.375875875875875920e+01 1.705951384913407531e-01
1.376876876876876921e+01 1.709239066446092969e-01
1.377877877877877921e+01 1.712529391167987858e-01
1.378878878878878922e+01 1.715819715889883024e-01
1.379879879879879923e+01 1.719128957609037667e-01
1.380880880880880923e+01 1.722445061831150148e-01
1.381881881881881924e+01 1.725761166053262630e-01
1.382882882882882924e+01 1.729092029352256310e-01
1.383883883883883925e+01 1.732434003998349903e-01
1.384884884884884926e+01 1.735775978644443496e-01
1.385885885885885926e+01 1.739128524096481831e-01
1.386886886886886927e+01 1.742496458482125088e-01
1.387887887887887928e+01 1.745864392867768344e-01
1.388888888888888928e+01 1.749238680225336517e-01
1.389889889889889929e+01 1.752632662056344826e-01
1.390890890890890930e+01 1.756026643887352856e-01
1.391891891891891930e+01 1.759422732081686314e-01
1.392892892892892931e+01 1.762842847452704420e-01
1.393893893893893932e+01 1.766262962823722527e-01
1.394894894894894932e+01 1.769683078194740633e-01
1.395895895895895933e+01 1.773127243357536242e-01
1.396896896896896934e+01 1.776573576750769823e-01
1.397897897897897934e+01 1.780019910144002848e-01
1.398898898898898935e+01 1.783486074408952571e-01
1.399899899899899935e+01 1.786958708693056341e-01
1.400900900900900936e+01 1.790431342977160389e-01
1.401901901901901937e+01 1.793919561194310952e-01
1.402902902902902937e+01 1.797418577623406677e-01
1.403903903903903938e+01 1.800917594052502679e-01
1.404904904904904939e+01 1.804427920247979322e-01
1.405905905905905939e+01 1.807953398460840355e-01
1.406906906906906940e+01 1.811478876673701388e-01
1.407907907907907941e+01 1.815011364049461118e-01
1.408908908908908941e+01 1.818563382068829892e-01
1.409909909909909942e+01 1.822115400088198944e-01
1.410910910910910943e+01 1.825670101021807656e-01
1.411911911911911943e+01 1.829248735253871938e-01
1.412912912912912944e+01 1.832827369485936497e-01
1.413913913913913944e+01 1.836406003718000779e-01
1.414914914914914945e+01 1.840009660764388433e-01
1.415915915915915946e+01 1.843614985998397737e-01
1.416916916916916946e+01 1.847220311232407042e-01
1.417917917917917947e+01 1.850846357289947230e-01
1.418918918918918948e+01 1.854478446697982175e-01
1.419919919919919948e+01 1.858110536106017396e-01
1.420920920920920949e+01 1.861759019460808573e-01
1.421921921921921950e+01 1.865417944597696220e-01
1.422922922922922950e+01 1.869076869734583590e-01
1.423923923923923951e+01 1.872747837847792418e-01
1.424924924924924952e+01 1.876433668651170672e-01
1.425925925925925952e+01 1.880119499454549203e-01
1.426926926926926953e+01 1.883812998962476060e-01
1.427927927927927954e+01 1.887525803753010156e-01
1.428928928928928954e+01 1.891238608543543975e-01
1.429929929929929955e+01 1.894954685257713989e-01
1.430930930930930955e+01 1.898694530739453712e-01
1.431931931931931956e+01 1.902434376221193157e-01
1.432932932932932957e+01 1.906174221702932881e-01
1.433933933933933957e+01 1.909940026389371492e-01
1.434934934934934958e+01 1.913706977650268537e-01
1.435935935935935959e+01 1.917473928911165582e-01
1.436936936936936959e+01 1.921262463425583156e-01
1.437937937937937960e+01 1.925056583938142551e-01
1.438938938938938961e+01 1.928850704450701670e-01
1.439939939939939961e+01 1.932662010516491558e-01
1.440940940940940962e+01 1.936483362138590458e-01
1.441941941941941963e+01 1.940304713760689637e-01
1.442942942942942963e+01 1.944138832278068940e-01
1.443943943943943964e+01 1.947987475253910306e-01
1.444944944944944965e+01 1.951836118229751393e-01
1.445945945945945965e+01 1.955693089276141494e-01
1.446946946946946966e+01 1.959569082237363757e-01
1.447947947947947966e+01 1.963445075198586576e-01
1.448948948948948967e+01 1.967324938029015313e-01
1.449949949949949968e+01 1.971228337995946378e-01
1.450950950950950968e+01 1.975131737962877998e-01
1.451951951951951969e+01 1.979035137929809618e-01
1.452952952952952970e+01 1.982965393393488207e-01
1.453953953953953970e+01 1.986896255776563480e-01
1.454954954954954971e+01 1.990827118159639031e-01
1.455955955955955972e+01 1.994780395254085736e-01
1.456956956956956972e+01 1.998738773855392448e-01
1.457957957957957973e+01 2.002697152456699159e-01
1.458958958958958974e+01 2.006673486365840586e-01
1.459959959959959974e+01 2.010659433380835026e-01
1.460960960960960975e+01 2.014645380395829466e-01
1.461961961961961975e+01 2.018644805484954563e-01
1.462962962962962976e+01 2.022658371504316155e-01
1.463963963963963977e+01 2.026671937523677192e-01
1.464964964964964977e+01 2.030694487340130583e-01
1.465965965965965978e+01 2.034735721351766946e-01
1.466966966966966979e+01 2.038776955363403587e-01
1.467967967967967979e+01 2.042822662637304165e-01
1.468968968968968980e+01 2.046891612028519380e-01
1.469969969969969981e+01 2.050960561419734596e-01
1.470970970970970981e+01 2.055029510810949811e-01
1.471971971971971982e+01 2.059126168624517139e-01
1.472972972972972983e+01 2.063222879184304637e-01
1.473973973973973983e+01 2.067319589744092134e-01
1.474974974974974984e+01 2.071439512219851731e-01
1.475975975975975985e+01 2.075564028141368700e-01
1.476976976976976985e+01 2.079688544062885946e-01
1.477977977977977986e+01 2.083831759890651392e-01
1.478978978978978986e+01 2.087984123773818645e-01
1.479979979979979987e+01 2.092136487656986177e-01
1.480980980980980988e+01 2.096303024715265861e-01
1.481981981981981988e+01 2.100483277569531737e-01
1.482982982982982989e+01 2.104663530423797613e-01
1.483983983983983990e+01 2.108853415780803653e-01
1.484984984984984990e+01 2.113061597028054184e-01
1.485985985985985991e+01 2.117269778275304715e-01
1.486986986986986992e+01 2.121483038189990455e-01
1.487987987987987992e+01 2.125719185667610811e-01
1.488988988988988993e+01 2.129955333145230889e-01
1.489989989989989994e+01 2.134191993068353665e-01
1.490990990990990994e+01 2.138456143032440304e-01
1.491991991991991995e+01 2.142720292996526943e-01
1.492992992992992995e+01 2.146984442960613859e-01
1.493993993993993996e+01 2.151272564700466017e-01
1.494994994994994997e+01 2.155564751829190662e-01
1.495995995995995997e+01 2.159856938957915307e-01
1.496996996996996998e+01 2.164168542291289854e-01
1.497997997997997999e+01 2.168488799688411406e-01
1.498998998998998999e+01 2.172809057085532958e-01
1.500000000000000000e+01 2.177144163474518668e-01
