5.000000000000000000e+00 1.285592949582121079e-02
5.010010010010010006e+00 1.297978224637856212e-02
5.020020020020020013e+00 1.310363499693591519e-02
5.030030030030030019e+00 1.322748774749326652e-02
5.040040040040040026e+00 1.335134049805061958e-02
5.050050050050050032e+00 1.347519324860796917e-02
5.060060060060060039e+00 1.359904599916532050e-02
5.070070070070070045e+00 1.372289874972267357e-02
5.080080080080080052e+00 1.384675150028002490e-02
5.090090090090090058e+00 1.397060425083737796e-02
5.100100100100100065e+00 1.409445700139472929e-02
5.110110110110110071e+00 1.421830975195207888e-02
5.120120120120120077e+00 1.434313078234453372e-02
5.130130130130130084e+00 1.446898493810052158e-02
5.140140140140140090e+00 1.459483909385651118e-02
5.150150150150150097e+00 1.472140501872975377e-02
5.160160160160160103e+00 1.484924071434446519e-02
5.170170170170170110e+00 1.497707640995917661e-02
5.180180180180180116e+00 1.510537217464917072e-02
5.190190190190190123e+00 1.523516894901614377e-02
5.200200200200200129e+00 1.536496572338312029e-02
5.210210210210210136e+00 1.549497590254140210e-02
5.220220220220220142e+00 1.562671272046572274e-02
5.230230230230230148e+00 1.575844953839004511e-02
5.240240240240240155e+00 1.589018635631436749e-02
5.250250250250250161e+00 1.602381362020808414e-02
5.260260260260260168e+00 1.615746889355091503e-02
5.270270270270270174e+00 1.629112416689374593e-02
5.280280280280280181e+00 1.642641180536825313e-02
5.290290290290290187e+00 1.656196341366888286e-02
5.300300300300300194e+00 1.669751502196951259e-02
5.310310310310310200e+00 1.683444604989409177e-02
5.320320320320320207e+00 1.697187136048207076e-02
5.330330330330330213e+00 1.710929667107005323e-02
5.340340340340340219e+00 1.724785379456603845e-02
5.350350350350350226e+00 1.738712968217821786e-02
5.360360360360360232e+00 1.752640556979039727e-02
5.370370370370370239e+00 1.766657119583755695e-02
5.380380380380380245e+00 1.780767406175564477e-02
5.390390390390390252e+00 1.794877692767373259e-02
5.400400400400400258e+00 1.809053317354220383e-02
5.410410410410410265e+00 1.823343896426818031e-02
5.420420420420420271e+00 1.837634475499416026e-02
5.430430430430430278e+00 1.851967345750639080e-02
5.440440440440440284e+00 1.866435768299375825e-02
5.450450450450450290e+00 1.880904190848112223e-02
5.460460460460460297e+00 1.895392463310851747e-02
5.470470470470470303e+00 1.910036238456790103e-02
5.480480480480480310e+00 1.924680013602728113e-02
5.490490490490490316e+00 1.939323788748666122e-02
5.500500500500500323e+00 1.954138415312477867e-02
5.510510510510510329e+00 1.968955012042346298e-02
5.520520520520520336e+00 1.983771608772214728e-02
5.530530530530530342e+00 1.998735303348957160e-02
5.540540540540540349e+00 2.013722152216410738e-02
5.550550550550550355e+00 2.028709001083865010e-02
5.560560560560560361e+00 2.043819807346589773e-02
5.570570570570570368e+00 2.058974302136779358e-02
5.580580580580580374e+00 2.074128796926969290e-02
5.590590590590590381e+00 2.089384736526311154e-02
5.600600600600600387e+00 2.104704235885713690e-02
5.610610610610610394e+00 2.120023735245116572e-02
5.620620620620620400e+00 2.135422808610741574e-02
5.630630630630630407e+00 2.150904637644200298e-02
5.640640640640640413e+00 2.166386466677659023e-02
5.650650650650650419e+00 2.181926653808060126e-02
5.660660660660660426e+00 2.197568105644971681e-02
5.670670670670670432e+00 2.213209557481882889e-02
5.680680680680680439e+00 2.228888818723000556e-02
5.690690690690690445e+00 2.244687156054543317e-02
5.700700700700700452e+00 2.260485493386086078e-02
5.710710710710710458e+00 2.276301770199222474e-02
5.720720720720720465e+00 2.292254226788443053e-02
5.730730730730730471e+00 2.308206683377663979e-02
5.740740740740740478e+00 2.324159139966884904e-02
5.750750750750750484e+00 2.340261681263722249e-02
5.760760760760760490e+00 2.356365463430293641e-02
5.770770770770770497e+00 2.372469245596865381e-02
5.780780780780780503e+00 2.388701812092738908e-02
5.790790790790790510e+00 2.404954100174095874e-02
5.800800800800800516e+00 2.421206388255453187e-02
5.810810810810810523e+00 2.437566844722021883e-02
5.820820820820820529e+00 2.453964794512525013e-02
5.830830830830830536e+00 2.470362744303027797e-02
5.840840840840840542e+00 2.486848941019883727e-02
5.850850850850850549e+00 2.503389685189598424e-02
5.860860860860860555e+00 2.519930429359313120e-02
5.870870870870870561e+00 2.536540202816320311e-02
5.880880880880880568e+00 2.553220852310908451e-02
5.890890890890890574e+00 2.569901501805496591e-02
5.900900900900900581e+00 2.586632675398531714e-02
5.910910910910910587e+00 2.603450320821663194e-02
5.920920920920920594e+00 2.620267966244794675e-02
5.930930930930930600e+00 2.637118350965219141e-02
5.940940940940940607e+00 2.654070063944834190e-02
5.950950950950950613e+00 2.671021776924448893e-02
5.960960960960960620e+00 2.687989172042647840e-02
5.970970970970970626e+00 2.705072006582329852e-02
5.980980980980980632e+00 2.722154841122011865e-02
5.990990990990990639e+00 2.739237675661693877e-02
6.001001001001000645e+00 2.756448028681902918e-02
6.011011011011010652e+00 2.773659022498496662e-02
6.021021021021020658e+00 2.790870016315090060e-02
6.031031031031030665e+00 2.808189968572303435e-02
6.041041041041040671e+00 2.825526144420859379e-02
6.051051051051050678e+00 2.842862320269414975e-02
6.061061061061060684e+00 2.860289626269033048e-02
6.071071071071070691e+00 2.877747993256046452e-02
6.081081081081080697e+00 2.895206360243060204e-02
6.091091091091090703e+00 2.912738766752827335e-02
6.101101101101100710e+00 2.930316321638671423e-02
6.111111111111110716e+00 2.947893876524515511e-02
6.121121121121120723e+00 2.965529123222851102e-02
6.131131131131130729e+00 2.983222851714196003e-02
6.141141141141140736e+00 3.000916580205541251e-02
6.151151151151150742e+00 3.018652400326363519e-02
6.161161161161160749e+00 3.036459278359313757e-02
6.171171171171170755e+00 3.054266156392263995e-02
6.181181181181180762e+00 3.072100277366465390e-02
6.191191191191190768e+00 3.090017272381027913e-02
6.201201201201200774e+00 3.107934267395590436e-02
6.211211211211210781e+00 3.125864411489316652e-02
6.221221221221220787e+00 3.143888483695769787e-02
6.231231231231230794e+00 3.161912555902222227e-02
6.241241241241240800e+00 3.179936628108675362e-02
6.251251251251250807e+00 3.198064544489725297e-02
6.261261261261260813e+00 3.216192648127352144e-02
6.271271271271270820e+00 3.234320751764978297e-02
6.281281281281280826e+00 3.252537072361355586e-02
6.291291291291290833e+00 3.270766156949932169e-02
6.301301301301300839e+00 3.288995241538508751e-02
6.311311311311310845e+00 3.307297673446933650e-02
6.321321321321320852e+00 3.325624685031301070e-02
6.331331331331330858e+00 3.343951696615669184e-02
6.341341341341340865e+00 3.362337945529803029e-02
6.351351351351350871e+00 3.380759827917768218e-02
6.361361361361360878e+00 3.399181710305733406e-02
6.371371371371370884e+00 3.417649481133865769e-02
6.381381381381380891e+00 3.436163177127606744e-02
6.391391391391390897e+00 3.454676873121348413e-02
6.401401401401400904e+00 3.473223870601677837e-02
6.411411411411410910e+00 3.491826323222784606e-02
6.421421421421420916e+00 3.510428775843891375e-02
6.431431431431430923e+00 3.529052705157421921e-02
6.441441441441440929e+00 3.547740858865613967e-02
6.451451451451450936e+00 3.566429012573806012e-02
6.461461461461460942e+00 3.585127579954860283e-02
6.471471471471470949e+00 3.603898381860366762e-02
6.481481481481480955e+00 3.622669183765873935e-02
6.491491491491490962e+00 3.641440097110210800e-02
6.501501501501500968e+00 3.660290498179805813e-02
6.511511511511510975e+00 3.679140899249400132e-02
6.521521521521520981e+00 3.697991300318994451e-02
6.531531531531530987e+00 3.716908824976462161e-02
6.541541541541540994e+00 3.735835781232955954e-02
6.551551551551551000e+00 3.754762737489449054e-02
6.561561561561561007e+00 3.773744993578329737e-02
6.571571571571571013e+00 3.792745467293460321e-02
6.581581581581581020e+00 3.811745941008590211e-02
6.591591591591591026e+00 3.830790652468664403e-02
6.601601601601601033e+00 3.849861613349097461e-02
6.611611611611611927e+00 3.868932574229531213e-02
6.621621621621621934e+00 3.888037470249330885e-02
6.631631631631631940e+00 3.907175896615582705e-02
6.641641641641641947e+00 3.926314322981835914e-02
6.651651651651651953e+00 3.945477138587193122e-02
6.661661661661661959e+00 3.964680018545161527e-02
6.671671671671671966e+00 3.983882898503129238e-02
6.681681681681681972e+00 4.003101375142867346e-02
6.691691691691691979e+00 4.022365707747679875e-02
6.701701701701701985e+00 4.041630040352491710e-02
6.711711711711711992e+00 4.060901926481163410e-02
6.721721721721721998e+00 4.080224722892934752e-02
6.731731731731732005e+00 4.099547519304706095e-02
6.741741741741742011e+00 4.118870570962285954e-02
6.751751751751752018e+00 4.138248855593512632e-02
6.761761761761762024e+00 4.157627140224739309e-02
6.771771771771772030e+00 4.177005424855965987e-02
6.781781781781782037e+00 4.196429933267292051e-02
6.791791791791792043e+00 4.215860744921359066e-02
6.801801801801802050e+00 4.235291556575426081e-02
6.811811811811812056e+00 4.254759821978558454e-02
6.821821821821822063e+00 4.274240214979017904e-02
6.831831831831832069e+00 4.293720607979477355e-02
6.841841841841842076e+00 4.313230429256890985e-02
6.851851851851852082e+00 4.332757474567041495e-02
6.861861861861862089e+00 4.352284519877192698e-02
6.871871871871872095e+00 4.371833706892738064e-02
6.881881881881882101e+00 4.391404493225004035e-02
6.891891891891892108e+00 4.410975279557270007e-02
6.901901901901902114e+00 4.430561653708600667e-02
6.911911911911912121e+00 4.450173288623319318e-02
6.921921921921922127e+00 4.469784923538038662e-02
6.931931931931932134e+00 4.489406318304881016e-02
6.941941941941942140e+00 4.509055929297896281e-02
6.951951951951952147e+00 4.528705540290912934e-02
6.961961961961962153e+00 4.548359801779069261e-02
6.971971971971972160e+00 4.568044537357733581e-02
6.981981981981982166e+00 4.587729272936397901e-02
6.991991991991992172e+00 4.607414260417375118e-02
7.002002002002002179e+00 4.627131291164398447e-02
7.012012012012012185e+00 4.646848321911421081e-02
7.022022022022022192e+00 4.666565352658443716e-02
7.032032032032032198e+00 4.686308427982170677e-02
7.042042042042042205e+00 4.706054947606803235e-02
7.052052052052052211e+00 4.725801467231435793e-02
7.062062062062062218e+00 4.745568246597694356e-02
7.072072072072072224e+00 4.765341472973746995e-02
7.082082082082082231e+00 4.785114699349799633e-02
7.092092092092092237e+00 4.804903109908018055e-02
7.102102102102102243e+00 4.824700286098210222e-02
7.112112112112112250e+00 4.844497462288403777e-02
7.122122122122122256e+00 4.864305447475858468e-02
7.132132132132132263e+00 4.884123842741945609e-02
7.142142142142142269e+00 4.903942238008034138e-02
7.152152152152152276e+00 4.923767758050880822e-02
7.162162162162162282e+00 4.943604668849085199e-02
7.172172172172172289e+00 4.963441579647289575e-02
7.182182182182182295e+00 4.983282612055909416e-02
7.192192192192192302e+00 5.003135363017126302e-02
7.202202202202202308e+00 5.022988113978343189e-02
7.212212212212212314e+00 5.042842654036881755e-02
7.222222222222222321e+00 5.062708598931146137e-02
7.232232232232232327e+00 5.082574543825410518e-02
7.242242242242242334e+00 5.102440605075370117e-02
7.252252252252252340e+00 5.122317127760132871e-02
7.262262262262262347e+00 5.142193650444894931e-02
7.272272272272272353e+00 5.162070173129657685e-02
7.282282282282282360e+00 5.181953780514382546e-02
7.292292292292292366e+00 5.201838295866070133e-02
7.302302302302302373e+00 5.221722811217757720e-02
7.312312312312312379e+00 5.241611470362783631e-02
7.322322322322322385e+00 5.261501425191156267e-02
7.332332332332332392e+00 5.281391380019527515e-02
7.342342342342342398e+00 5.301283194908960189e-02
7.352352352352352405e+00 5.321176068853873675e-02
7.362362362362362411e+00 5.341068942798787161e-02
7.372372372372372418e+00 5.360962038425314685e-02
7.382382382382382424e+00 5.380855344835337034e-02
7.392392392392392431e+00 5.400748651245358689e-02
7.402402402402402437e+00 5.420641174043781124e-02
7.412412412412412444e+00 5.440532460836281642e-02
7.422422422422422450e+00 5.460423747628781466e-02
7.432432432432432456e+00 5.480313865902444737e-02
7.442442442442442463e+00 5.500200716404751028e-02
7.452452452452452469e+00 5.520087566907057319e-02
7.462462462462462476e+00 5.539973471247078979e-02
7.472472472472472482e+00 5.559853505018226560e-02
7.482482482482482489e+00 5.579733538789373448e-02
7.492492492492492495e+00 5.599613442486555542e-02
7.502502502502502502e+00 5.619484316119280343e-02
7.512512512512512508e+00 5.639355189752005143e-02
7.522522522522522515e+00 5.659226063384729249e-02
7.532532532532532521e+00 5.679086737103925669e-02
7.542542542542542527e+00 5.698946145006515002e-02
7.552552552552552534e+00 5.718805552909104334e-02
7.562562562562562540e+00 5.738654455261815723e-02
7.572572572572572547e+00 5.758500130419466623e-02
7.582582582582582553e+00 5.778345805577117522e-02
7.592592592592592560e+00 5.798181259667481435e-02
7.602602602602602566e+00 5.818010974382771539e-02
7.612612612612612573e+00 5.837840689098062336e-02
7.622622622622622579e+00 5.857661043021797354e-02
7.632632632632632586e+00 5.877472609634033784e-02
7.642642642642642592e+00 5.897284176246269521e-02
7.652652652652652598e+00 5.917087803443084326e-02
7.662662662662662605e+00 5.936879075026123970e-02
7.672672672672672611e+00 5.956670346609164307e-02
7.682682682682682618e+00 5.976455646206987882e-02
7.692692692692692624e+00 5.996224517245329205e-02
7.702702702702702631e+00 6.015993388283671223e-02
7.712712712712712637e+00 6.035758785434646584e-02
7.722722722722722644e+00 6.055503192477452307e-02
7.732732732732732650e+00 6.075247599520258029e-02
7.742742742742742657e+00 6.094991545728414145e-02
7.752752752752752663e+00 6.114709468021281569e-02
7.762762762762762669e+00 6.134427390314147605e-02
7.772772772772772676e+00 6.154145312607015028e-02
7.782782782782782682e+00 6.173837823848901674e-02
7.792792792792792689e+00 6.193527283943090628e-02
7.802802802802802695e+00 6.213216744037279582e-02
7.812812812812812702e+00 6.232882854112301030e-02
7.822822822822822708e+00 6.252541918451259839e-02
7.832832832832832715e+00 6.272200982790218649e-02
7.842842842842842721e+00 6.291839268595854351e-02
7.852852852852852727e+00 6.311466048078809288e-02
7.862862862862862734e+00 6.331092827561767000e-02
7.872872872872872740e+00 6.350701894114235690e-02
7.882882882882882747e+00 6.370294544636720402e-02
7.892892892892892753e+00 6.389887195159203725e-02
7.902902902902902760e+00 6.409465675855435807e-02
7.912912912912912766e+00 6.429022398826572671e-02
7.922922922922922773e+00 6.448579121797708147e-02
7.932932932932932779e+00 6.468125678668498746e-02
7.942942942942942786e+00 6.487644721504919054e-02
7.952952952952952792e+00 6.507163764341337975e-02
7.962962962962962798e+00 6.526677088295690377e-02
7.972972972972972805e+00 6.546156744891976076e-02
7.982982982982982811e+00 6.565636401488261775e-02
7.992992992992992818e+00 6.585115212548880992e-02
8.003003003003001936e+00 6.604553823724454431e-02
8.013013013013011943e+00 6.623992434900029258e-02
8.023023023023021949e+00 6.643431046075601309e-02
8.033033033033031955e+00 6.662831436352294190e-02
8.043043043043041962e+00 6.682227390274653178e-02
8.053053053053051968e+00 6.701623344197010779e-02
8.063063063063061975e+00 6.720985185779167204e-02
8.073073073073071981e+00 6.740336918363439012e-02
8.083083083083081988e+00 6.759688650947709432e-02
8.093093093093091994e+00 6.779010800646664836e-02
8.103103103103102001e+00 6.798316795931437506e-02
8.113113113113112007e+00 6.817622791216210176e-02
8.123123123123122014e+00 6.836904136162065548e-02
8.133133133133132020e+00 6.856162926661475698e-02
8.143143143143142026e+00 6.875421717160884461e-02
8.153153153153152033e+00 6.894661174969693440e-02
8.163163163163162039e+00 6.913871342001796927e-02
8.173173173173172046e+00 6.933081509033897638e-02
8.183183183183182052e+00 6.952278027965892726e-02
8.193193193193192059e+00 6.971438201957304293e-02
8.203203203203202065e+00 6.990598375948715859e-02
8.213213213213213848e+00 7.009750935057611210e-02
8.223223223223223854e+00 7.028859795824490830e-02
8.233233233233233861e+00 7.047968656591369063e-02
8.243243243243243867e+00 7.067076265864727369e-02
8.253253253253253874e+00 7.086132542870131334e-02
8.263263263263263880e+00 7.105188819875538075e-02
8.273273273273273887e+00 7.124245096880943429e-02
8.283283283283283893e+00 7.143252992953984248e-02
8.293293293293293900e+00 7.162255465541723931e-02
8.303303303303303906e+00 7.181257938129465002e-02
8.313313313313313913e+00 7.200217827095573009e-02
8.323323323323323919e+00 7.219165324700571595e-02
8.333333333333333925e+00 7.238112822305570182e-02
8.343343343343343932e+00 7.257023857985303583e-02
8.353353353353353938e+00 7.275915260320661715e-02
8.363363363363363945e+00 7.294806662656021234e-02
8.373373373373373951e+00 7.313668030440211021e-02
8.383383383383383958e+00 7.332502267661046569e-02
8.393393393393393964e+00 7.351336504881883505e-02
8.403403403403403971e+00 7.370147421804569554e-02
8.413413413413413977e+00 7.388923474648781409e-02
8.423423423423423984e+00 7.407699527492993263e-02
8.433433433433433990e+00 7.426459242295704866e-02
8.443443443443443996e+00 7.445176142201832825e-02
8.453453453453454003e+00 7.463893042107959397e-02
8.463463463463464009e+00 7.482600835295394326e-02
8.473473473473474016e+00 7.501257664497733291e-02
8.483483483483484022e+00 7.519914493700072255e-02
8.493493493493494029e+00 7.538569677587179940e-02
8.503503503503504035e+00 7.557165569188327436e-02
8.513513513513514042e+00 7.575761460789477708e-02
8.523523523523524048e+00 7.594357352390626592e-02
8.533533533533534055e+00 7.612897517561116600e-02
8.543543543543544061e+00 7.631431655582190943e-02
8.553553553553554067e+00 7.649965793603263897e-02
8.563563563563564074e+00 7.668451304647608269e-02
8.573573573573574080e+00 7.686922924056273365e-02
8.583583583583584087e+00 7.705394543464938462e-02
8.593593593593594093e+00 7.723824859279161681e-02
8.603603603603604100e+00 7.742233245995784607e-02
8.613613613613614106e+00 7.760641632712406146e-02
8.623623623623624113e+00 7.779016244090895815e-02
8.633633633633634119e+00 7.797360734972988427e-02
8.643643643643644126e+00 7.815705225855079652e-02
8.653653653653654132e+00 7.834023655474126047e-02
8.663663663663664138e+00 7.852303638279367615e-02
8.673673673673674145e+00 7.870583621084611958e-02
8.683683683683684151e+00 7.888845423477944263e-02
8.693693693693694158e+00 7.907060336806057133e-02
8.703703703703704164e+00 7.925275250134170002e-02
8.713713713713714171e+00 7.943480011660568330e-02
8.723723723723724177e+00 7.961629344874249226e-02
8.733733733733734184e+00 7.979778678087932897e-02
8.743743743743744190e+00 7.997926016890946621e-02
8.753753753753754197e+00 8.016009310016257439e-02
8.763763763763764203e+00 8.034092603141568256e-02
8.773773773773774209e+00 8.052175896266879074e-02
8.783783783783784216e+00 8.070199012707848785e-02
8.793793793793794222e+00 8.088215856314230623e-02
8.803803803803804229e+00 8.106232699920612461e-02
8.813813813813814235e+00 8.124197366052522684e-02
8.823823823823824242e+00 8.142147401112846683e-02
8.833833833833834248e+00 8.160097436173169294e-02
8.843843843843844255e+00 8.178003415418452771e-02
8.853853853853854261e+00 8.195886333149343672e-02
8.863863863863864268e+00 8.213769250880234574e-02
8.873873873873874274e+00 8.231616338028750757e-02
8.883883883883884280e+00 8.249431879711550952e-02
8.893893893893894287e+00 8.267247421394351148e-02
8.903903903903904293e+00 8.285035442505832293e-02
8.913913913913914300e+00 8.302783399288535260e-02
8.923923923923924306e+00 8.320531356071239615e-02
8.933933933933934313e+00 8.338260168370649483e-02
8.943943943943944319e+00 8.355940381051106536e-02
8.953953953953954326e+00 8.373620593731563588e-02
8.963963963963964332e+00 8.391290085497453421e-02
8.973973973973974338e+00 8.408902444288236799e-02
8.983983983983984345e+00 8.426514803079020177e-02
8.993993993993994351e+00 8.444124893524984632e-02
9.004004004004004358e+00 8.461669337800246937e-02
9.014014014014014364e+00 8.479213782075510630e-02
9.024024024024024371e+00 8.496758226350774323e-02
9.034034034034034377e+00 8.514240939249512197e-02
9.044044044044044384e+00 8.531717457274196059e-02
9.054054054054054390e+00 8.549193975298881309e-02
9.064064064064064397e+00 8.566617254469499620e-02
9.074074074074074403e+00 8.584025883111286170e-02
9.084084084084084409e+00 8.601434511753071332e-02
9.094094094094094416e+00 8.618798416733018664e-02
9.104104104104104422e+00 8.636139241157340940e-02
9.114114114114114429e+00 8.653480065581661829e-02
9.124124124124124435e+00 8.670784685980442719e-02
9.134134134134134442e+00 8.688057839328983123e-02
9.144144144144144448e+00 8.705330992677524915e-02
9.154154154154154455e+00 8.722576448008799443e-02
9.164164164164164461e+00 8.739782111061858427e-02
9.174174174174174468e+00 8.756987774114916023e-02
9.184184184184184474e+00 8.774174213622643048e-02
9.194194194194194480e+00 8.791312614445712104e-02
9.204204204204204487e+00 8.808451015268781159e-02
9.214214214214214493e+00 8.825578617747457943e-02
9.224224224224224500e+00 8.842650031322429882e-02
9.234234234234234506e+00 8.859721444897400433e-02
9.244244244244244513e+00 8.876790418506523561e-02
9.254254254254254519e+00 8.893795166347930048e-02
9.264264264264264526e+00 8.910799914189335147e-02
9.274274274274274532e+00 8.927804662030741634e-02
9.284284284284284539e+00 8.944748946018861446e-02
9.294294294294294545e+00 8.961687395775524978e-02
9.304304304304304551e+00 8.978625845532187122e-02
9.314314314314314558e+00 8.995512417664904004e-02
9.324324324324324564e+00 9.012384982707387360e-02
9.334334334334334571e+00 9.029257547749867940e-02
9.344344344344344577e+00 9.046086748407601574e-02
9.354354354354354584e+00 9.062893887401879400e-02
9.364364364364364590e+00 9.079701026396157226e-02
9.374374374374374597e+00 9.096473224086666642e-02
9.384384384384384603e+00 9.113215440554434110e-02
9.394394394394394610e+00 9.129957657022201578e-02
9.404404404404404616e+00 9.146673248154661706e-02
9.414414414414414622e+00 9.163351090020624423e-02
9.424424424424424629e+00 9.180028931886585752e-02
9.434434434434434635e+00 9.196688340540881690e-02
9.444444444444444642e+00 9.213302399667512577e-02
9.454454454454454648e+00 9.229916458794142076e-02
9.464464464464464655e+00 9.246520136485494867e-02
9.474474474474474661e+00 9.263071048195586910e-02
9.484484484484484668e+00 9.279621959905681727e-02
9.494494494494494674e+00 9.296170385344697251e-02
9.504504504504504681e+00 9.312658827932188133e-02
9.514514514514514687e+00 9.329147270519680402e-02
9.524524524524524693e+00 9.345635713107174058e-02
9.534534534534534700e+00 9.362067643597353495e-02
9.544544544544544706e+00 9.378494337826770444e-02
9.554554554554554713e+00 9.394921032056187393e-02
9.564564564564564719e+00 9.411299511042998944e-02
9.574574574574574726e+00 9.427665219637954008e-02
9.584584584584584732e+00 9.444030928232909072e-02
9.594594594594594739e+00 9.460356555966326075e-02
9.604604604604604745e+00 9.476662083087503130e-02
9.614614614614614752e+00 9.492967610208678797e-02
9.624624624624624758e+00 9.509241012598435017e-02
9.634634634634634764e+00 9.525487203311375217e-02
9.644644644644644771e+00 9.541733394024316806e-02
9.654654654654654777e+00 9.557955222368912096e-02
9.664664664664664784e+00 9.574142962102138998e-02
9.674674674674674790e+00 9.590330701835363125e-02
9.684684684684684797e+00 9.606501632547513603e-02
9.694694694694694803e+00 9.622631846541258860e-02
9.704704704704704810e+00 9.638762060535005505e-02
9.714714714714714816e+00 9.654882794863635376e-02
9.724724724724724823e+00 9.670956447609674322e-02
9.734734734734734829e+00 9.687030100355713269e-02
9.744744744744744835e+00 9.703101364104609050e-02
9.754754754754754842e+00 9.719119458777530918e-02
9.764764764764764848e+00 9.735137553450452785e-02
9.774774774774774855e+00 9.751155648123374653e-02
9.784784784784784861e+00 9.767123674574029746e-02
9.794794794794794868e+00 9.783087252454412963e-02
9.804804804804804874e+00 9.799050830334796180e-02
9.814814814814814881e+00 9.814971989138238095e-02
9.824824824824824887e+00 9.830882129028019334e-02
9.834834834834834894e+00 9.846792268917799185e-02
9.844844844844844900e+00 9.862667394751684080e-02
9.854854854854854906e+00 9.878525212382206766e-02
9.864864864864864913e+00 9.894383030012729452e-02
9.874874874874874919e+00 9.910212980353740042e-02
9.884884884884884926e+00 9.926019627786848709e-02
9.894894894894894932e+00 9.941826275219957376e-02
9.904904904904904939e+00 9.957611930040616288e-02
9.914914914914914945e+00 9.973368595063132613e-02
9.924924924924924952e+00 9.989125260085648939e-02
9.934934934934934958e+00 1.000486752154876174e-01
9.944944944944944965e+00 1.002057542706076970e-01
9.954954954954954971e+00 1.003628333257277627e-01
9.964964964964964977e+00 1.005198312472359301e-01
9.974974974974974984e+00 1.006764352812090368e-01
9.984984984984984990e+00 1.008330393151821575e-01
9.994994994994994997e+00 1.009896219997443445e-01
1.000500500500500500e+01 1.011457639252559271e-01
1.001501501501501501e+01 1.013019058507674958e-01
1.002502502502502502e+01 1.014580477762790783e-01
1.003503503503503502e+01 1.016137760293460285e-01
1.004504504504504503e+01 1.017694690915279254e-01
1.005505505505505504e+01 1.019251621537098224e-01
1.006506506506506504e+01 1.020805082881044018e-01
1.007507507507507505e+01 1.022357660582068756e-01
1.008508508508508505e+01 1.023910238283093216e-01
1.009509509509509506e+01 1.025459982483240273e-01
1.010510510510510507e+01 1.027008346173441666e-01
1.011511511511511507e+01 1.028556709863642921e-01
1.012512512512512508e+01 1.030102842930046420e-01
1.013513513513513509e+01 1.031647134652745046e-01
1.014514514514514509e+01 1.033191426375443811e-01
1.015515515515515510e+01 1.034734056252973183e-01
1.016516516516516511e+01 1.036274421120356726e-01
1.017517517517517511e+01 1.037814785987740268e-01
1.018518518518518512e+01 1.039354022523636401e-01
1.019519519519519513e+01 1.040890608651946353e-01
1.020520520520520513e+01 1.042427194780256305e-01
1.021521521521521514e+01 1.043963149691569392e-01
1.022522522522522515e+01 1.045496108135989255e-01
1.023523523523523515e+01 1.047029066580409395e-01
1.024524524524524516e+01 1.048561853421325490e-01
1.025525525525525516e+01 1.050091338110606537e-01
1.026526526526526517e+01 1.051620822799887583e-01
1.027527527527527518e+01 1.053150307489168491e-01
1.028528528528528518e+01 1.054676724599808851e-01
1.029529529529529519e+01 1.056202892270663579e-01
1.030530530530530520e+01 1.057729059941518446e-01
1.031531531531531520e+01 1.059252700949223358e-01
1.032532532532532521e+01 1.060775711080525902e-01
1.033533533533533522e+01 1.062298721211828445e-01
1.034534534534534522e+01 1.063819707661368547e-01
1.035535535535535523e+01 1.065339722408179951e-01
1.036536536536536524e+01 1.066859737154991217e-01
1.037537537537537524e+01 1.068378192230544782e-01
1.038538538538538525e+01 1.069895376358013656e-01
1.039539539539539525e+01 1.071412560485482668e-01
1.040540540540540526e+01 1.072928608977431614e-01
1.041541541541541527e+01 1.074443129794582369e-01
1.042542542542542527e+01 1.075957650611732846e-01
1.043543543543543528e+01 1.077471418883431120e-01
1.044544544544544529e+01 1.078983446176882688e-01
1.045545545545545529e+01 1.080495473470334256e-01
1.046546546546546530e+01 1.082007089424852214e-01
1.047547547547547531e+01 1.083516795392493182e-01
1.048548548548548531e+01 1.085026501360134149e-01
1.049549549549549532e+01 1.086536094406989478e-01
1.050550550550550533e+01 1.088043653591632964e-01
1.051551551551551533e+01 1.089551212776276590e-01
1.052552552552552534e+01 1.091058771960920354e-01
1.053553553553553535e+01 1.092564503021212080e-01
1.054554554554554535e+01 1.094070092244269765e-01
1.055555555555555536e+01 1.095575681467327311e-01
1.056556556556556536e+01 1.097079831858936289e-01
1.057557557557557537e+01 1.098583630154126439e-01
1.058558558558558538e+01 1.100087428449316590e-01
1.059559559559559538e+01 1.101590134047525926e-01
1.060560560560560539e+01 1.103092322594659280e-01
1.061561561561561540e+01 1.104594511141792773e-01
1.062562562562562540e+01 1.106095909129118787e-01
1.063563563563563541e+01 1.107596671187967702e-01
1.064564564564564542e+01 1.109097433246816478e-01
1.065565565565565542e+01 1.110597662079893522e-01
1.066566566566566543e+01 1.112097182924189631e-01
1.067567567567567544e+01 1.113596703768485741e-01
1.068568568568568544e+01 1.115095903145001816e-01
1.069569569569569545e+01 1.116594369996576908e-01
1.070570570570570545e+01 1.118092836848151861e-01
1.071571571571571546e+01 1.119591147673845433e-01
1.072572572572572547e+01 1.121088749636943299e-01
1.073573573573573547e+01 1.122586351600040888e-01
1.074574574574574548e+01 1.124083915955762375e-01
1.075575575575575549e+01 1.125580843951545507e-01
1.076576576576576549e+01 1.127077771947328499e-01
1.077577577577577550e+01 1.128574699943111492e-01
1.078578578578578551e+01 1.130071179757448224e-01
1.079579579579579551e+01 1.131567626458722664e-01
1.080580580580580552e+01 1.133064073159996965e-01
1.081581581581581553e+01 1.134560288419423912e-01
1.082582582582582553e+01 1.136056448185603640e-01
1.083583583583583554e+01 1.137552607951783229e-01
1.084584584584584555e+01 1.139048705687443486e-01
1.085585585585585555e+01 1.140544774499782366e-01
1.086586586586586556e+01 1.142040843312121245e-01
1.087587587587587556e+01 1.143536971534808294e-01
1.088588588588588557e+01 1.145033146931912632e-01
1.089589589589589558e+01 1.146529322329016970e-01
1.090590590590590558e+01 1.148025629996961838e-01
1.091591591591591559e+01 1.149522111010610748e-01
1.092592592592592560e+01 1.151018592024259518e-01
1.093593593593593560e+01 1.152515229011037701e-01
1.094594594594594561e+01 1.154012216102328625e-01
1.095595595595595562e+01 1.155509203193619688e-01
1.096596596596596562e+01 1.157006320256186854e-01
1.097597597597597563e+01 1.158504015252031505e-01
1.098598598598598564e+01 1.160001710247876294e-01
1.099599599599599564e+01 1.161499458994734862e-01
1.100600600600600565e+01 1.162998065024712646e-01
1.101601601601601566e+01 1.164496671054690291e-01
1.102602602602602566e+01 1.165995277084667797e-01
1.103603603603603567e+01 1.167494925347793699e-01
1.104604604604604567e+01 1.168994646781397612e-01
1.105605605605605568e+01 1.170494368215001385e-01
1.106606606606606569e+01 1.171995159354459748e-01
1.107607607607607569e+01 1.173496201738736255e-01
1.108608608608608570e+01 1.174997244123012624e-01
1.109609609609609571e+01 1.176499333227948307e-01
1.110610610610610571e+01 1.178001903225563002e-01
1.111611611611611572e+01 1.179504473223177557e-01
1.112612612612612573e+01 1.181008016046857095e-01
1.113613613613613573e+01 1.182512321374591113e-01
1.114614614614614574e+01 1.184016626702324992e-01
1.115615615615615575e+01 1.185521779631484585e-01
1.116616616616616575e+01 1.187028028999185802e-01
1.117617617617617576e+01 1.188534278366886882e-01
1.118618618618618576e+01 1.190041198391256771e-01
1.119619619619619577e+01 1.191549601441259376e-01
1.120620620620620578e+01 1.193058004491261981e-01
1.121621621621621578e+01 1.194566849173267498e-01
1.122622622622622579e+01 1.196077616420288814e-01
1.123623623623623580e+01 1.197588383667309853e-01
1.124624624624624580e+01 1.199099311111956334e-01
1.125625625625625581e+01 1.200612653883499220e-01
1.126626626626626582e+01 1.202125996655041967e-01
1.127627627627627582e+01 1.203639339426584715e-01
1.128628628628628583e+01 1.205155295857246595e-01
1.129629629629629584e+01 1.206671426234505046e-01
1.130630630630630584e+01 1.208187556611763636e-01
1.131631631631631585e+01 1.209706126299615742e-01
1.132632632632632586e+01 1.211225257058908128e-01
1.133633633633633586e+01 1.212744387818200514e-01
1.134634634634634587e+01 1.214265730954278283e-01
1.135635635635635587e+01 1.215788075509017241e-01
1.136636636636636588e+01 1.217310420063756060e-01
1.137637637637637589e+01 1.218834697205636031e-01
1.138638638638638589e+01 1.220360469548848054e-01
1.139639639639639590e+01 1.221886241892059938e-01
1.140640640640640591e+01 1.223413613935272759e-01
1.141641641641641769e+01 1.224943028582676230e-01
1.142642642642642770e+01 1.226472443230079423e-01
1.143643643643643770e+01 1.228003071379737965e-01
1.144644644644644771e+01 1.229536343313394897e-01
1.145645645645645772e+01 1.231069615247051691e-01
1.146646646646646772e+01 1.232603660989698008e-01
1.147647647647647773e+01 1.234141005602247404e-01
1.148648648648648773e+01 1.235678350214796661e-01
1.149649649649649774e+01 1.237215975290467673e-01
1.150650650650650775e+01 1.238757608329953269e-01
1.151651651651651775e+01 1.240299241369438865e-01
1.152652652652652776e+01 1.241840874408924184e-01
1.153653653653653777e+01 1.243386745259253134e-01
1.154654654654654777e+01 1.244932882774550109e-01
1.155655655655655778e+01 1.246479020289846806e-01
1.156656656656656779e+01 1.248029010898888680e-01
1.157657657657657779e+01 1.249579869185742653e-01
1.158658658658658780e+01 1.251130727472596349e-01
1.159659659659659781e+01 1.252685000369043178e-01
1.160660660660660781e+01 1.254240795916731210e-01
1.161661661661661782e+01 1.255796591464418688e-01
1.162662662662662783e+01 1.257355309268262666e-01
1.163663663663663783e+01 1.258916258706878066e-01
1.164664664664664784e+01 1.260477208145493189e-01
1.165665665665665784e+01 1.262040533541866349e-01
1.166666666666666785e+01 1.263606853590241719e-01
1.167667667667667786e+01 1.265173173638617088e-01
1.168668668668668786e+01 1.266741269351873977e-01
1.169669669669669787e+01 1.268313176766145134e-01
1.170670670670670788e+01 1.269885084180416568e-01
1.171671671671671788e+01 1.271458112948459784e-01
1.172672672672672789e+01 1.273035824471281385e-01
1.173673673673673790e+01 1.274613535994102709e-01
1.174674674674674790e+01 1.276191660542952688e-01
1.175675675675675791e+01 1.277775392853364722e-01
1.176676676676676792e+01 1.279359125163776478e-01
1.177677677677677792e+01 1.280942857474188235e-01
1.178678678678678793e+01 1.282532477846349550e-01
1.179679679679679793e+01 1.284122447510309128e-01
1.180680680680680794e+01 1.285712417174268984e-01
1.181681681681681795e+01 1.287307675047220934e-01
1.182682682682682795e+01 1.288904098468797998e-01
1.183683683683683796e+01 1.290500521890375618e-01
1.184684684684684797e+01 1.292101579594374938e-01
1.185685685685685797e+01 1.293704672967624092e-01
1.186686686686686798e+01 1.295307766340873246e-01
1.187687687687687799e+01 1.296914786047602131e-01
1.188688688688688799e+01 1.298524765309100049e-01
1.189689689689689800e+01 1.300134744570598244e-01
1.190690690690690801e+01 1.301747888269665643e-01
1.191691691691691801e+01 1.303364969051741262e-01
1.192692692692692802e+01 1.304982049833816882e-01
1.193693693693693803e+01 1.306601479309515701e-01
1.194694694694694803e+01 1.308225876894155981e-01
1.195695695695695804e+01 1.309850274478796262e-01
1.196696696696696804e+01 1.311476151287117309e-01
1.197697697697697805e+01 1.313108080560559943e-01
1.198698698698698806e+01 1.314740009834002576e-01
1.199699699699699806e+01 1.316372495279908295e-01
1.200700700700700807e+01 1.318012170687931639e-01
1.201701701701701808e+01 1.319651846095954706e-01
1.202702702702702808e+01 1.321291521503977773e-01
1.203703703703703809e+01 1.322938736714809327e-01
1.204704704704704810e+01 1.324586372218703179e-01
1.205705705705705810e+01 1.326234007722596475e-01
1.206706706706706811e+01 1.327888366771734219e-01
1.207707707707707812e+01 1.329544175804978912e-01
1.208708708708708812e+01 1.331199984838223604e-01
1.209709709709709813e+01 1.332861647573353459e-01
1.210710710710710813e+01 1.334525842998984246e-01
1.211711711711711814e+01 1.336190038424614757e-01
1.212712712712712815e+01 1.337859164312167060e-01
1.213713713713713815e+01 1.339531958380841548e-01
1.214714714714714816e+01 1.341204752449516036e-01
1.215715715715715817e+01 1.342881500553942953e-01
1.216716716716716817e+01 1.344563104862708525e-01
1.217717717717717818e+01 1.346244709171473819e-01
1.218718718718718819e+01 1.347929238134797925e-01
1.219719719719719819e+01 1.349619863586558333e-01
1.220720720720720820e+01 1.351310489038318741e-01
1.221721721721721821e+01 1.353002957059938616e-01
1.222722722722722821e+01 1.354702813823620289e-01
1.223723723723723822e+01 1.356402670587301962e-01
1.224724724724724823e+01 1.358103235404063969e-01
1.225725725725725823e+01 1.359812532875483704e-01
1.226726726726726824e+01 1.361521830346903994e-01
1.227727727727727824e+01 1.363231127818323729e-01
1.228728728728728825e+01 1.364949595976874819e-01
1.229729729729729826e+01 1.366668542740309689e-01
1.230730730730730826e+01 1.368387489503744836e-01
1.231731731731731827e+01 1.370114576200095191e-01
1.232732732732732828e+01 1.371843379990553002e-01
1.233733733733733828e+01 1.373572183781010814e-01
1.234734734734734829e+01 1.375308044361129023e-01
1.235735735735735830e+01 1.377046912027315162e-01
1.236736736736736830e+01 1.378785779693501024e-01
1.237737737737737831e+01 1.380530568927405277e-01
1.238738738738738832e+01 1.382279706395392049e-01
1.239739739739739832e+01 1.384028843863378544e-01
1.240740740740740833e+01 1.385782715927227904e-01
1.241741741741741833e+01 1.387542328164821925e-01
1.242742742742742834e+01 1.389301940402416224e-01
1.243743743743743835e+01 1.391065048860864739e-01
1.244744744744744835e+01 1.392835339842669329e-01
1.245745745745745836e+01 1.394605630824473919e-01
1.246746746746746837e+01 1.396378128613288139e-01
1.247747747747747837e+01 1.398159301286459877e-01
1.248748748748748838e+01 1.399940473959631893e-01
1.249749749749749839e+01 1.401722513368566514e-01
1.250750750750750839e+01 1.403514769619265967e-01
1.251751751751751840e+01 1.405307025869965143e-01
1.252752752752752841e+01 1.407099282120664596e-01
1.253753753753753841e+01 1.408902299146436443e-01
1.254754754754754842e+01 1.410705839766968062e-01
1.255755755755755843e+01 1.412509380387499958e-01
1.256756756756756843e+01 1.414322441273969388e-01
1.257757757757757844e+01 1.416137465930613903e-01
1.258758758758758844e+01 1.417952490587258696e-01
1.259759759759759845e+01 1.419775744428517505e-01
1.260760760760760846e+01 1.421602451630043229e-01
1.261761761761761846e+01 1.423429158831569230e-01
1.262762762762762847e+01 1.425262753979016916e-01
1.263763763763763848e+01 1.427101341045878824e-01
1.264764764764764848e+01 1.428939928112740454e-01
1.265765765765765849e+01 1.430784012159943830e-01
1.266766766766766850e+01 1.432634675194163487e-01
1.267767767767767850e+01 1.434485338228383144e-01
1.268768768768768851e+01 1.436340057996190467e-01
1.269769769769769852e+01 1.438202991851910417e-01
1.270770770770770852e+01 1.440065925707630090e-01
1.271771771771771853e+01 1.441931427229541374e-01
1.272772772772772854e+01 1.443806825484249823e-01
1.273773773773773854e+01 1.445682223738958272e-01
1.274774774774774855e+01 1.447558652246745126e-01
1.275775775775775855e+01 1.449446707173180360e-01
1.276776776776776856e+01 1.451334762099615316e-01
1.277777777777777857e+01 1.453222817026050551e-01
1.278778778778778857e+01 1.455123164547910963e-01
1.279779779779779858e+01 1.457024067086621910e-01
1.280780780780780859e+01 1.458924969625332579e-01
1.281781781781781859e+01 1.460836721716775310e-01
1.282782782782782860e+01 1.462750661449347955e-01
1.283783783783783861e+01 1.464664601181920323e-01
1.284784784784784861e+01 1.466587899200722245e-01
1.285785785785785862e+01 1.468515064323669406e-01
1.286786786786786863e+01 1.470442229446617122e-01
1.287787787787787863e+01 1.472377213868376056e-01
1.288788788788788864e+01 1.474317791167673031e-01
1.289789789789789864e+01 1.476258368466969728e-01
1.290790790790790865e+01 1.478205178872634140e-01
1.291791791791791866e+01 1.480159353698910774e-01
1.292792792792792866e+01 1.482113528525187129e-01
1.293793793793793867e+01 1.484072303588824526e-01
1.294794794794794868e+01 1.486040259833197597e-01
1.295795795795795868e+01 1.488008216077570667e-01
1.296796796796796869e+01 1.489979093554380518e-01
1.297797797797797870e+01 1.491961013624933940e-01
1.298798798798798870e+01 1.493942933695487363e-01
1.299799799799799871e+01 1.495926050410058550e-01
1.300800800800800872e+01 1.497922115208951688e-01
1.301801801801801872e+01 1.499918180007845103e-01
1.302802802802802873e+01 1.501914244806738519e-01
1.303803803803803874e+01 1.503924060743858648e-01
1.304804804804804874e+01 1.505934449645071616e-01
1.305805805805805875e+01 1.507944838546284860e-01
1.306806806806806875e+01 1.509967342356890452e-01
1.307807807807807876e+01 1.511992233184596968e-01
1.308808808808808877e+01 1.514017124012303206e-01
1.309809809809809877e+01 1.516052448090244587e-01
1.310810810810810878e+01 1.518092017097797675e-01
1.311811811811811879e+01 1.520131586105350763e-01
1.312812812812812879e+01 1.522179861848880489e-01
1.313813813813813880e+01 1.524234283698427117e-01
1.314814814814814881e+01 1.526288705547974023e-01
1.315815815815815881e+01 1.528350063349798171e-01
1.316816816816816882e+01 1.530419511092494245e-01
1.317817817817817883e+01 1.532488958835190318e-01
1.318818818818818883e+01 1.534563528072752370e-01
1.319819819819819884e+01 1.536648173129591677e-01
1.320820820820820884e+01 1.538732818186430984e-01
1.321821821821821885e+01 1.540820727212420804e-01
1.322822822822822886e+01 1.542920739355656545e-01
1.323823823823823886e+01 1.545020751498891731e-01
1.324824824824824887e+01 1.547122127631979094e-01
1.325825825825825888e+01 1.549237674967146594e-01
1.326826826826826888e+01 1.551353222302314372e-01
1.327827827827827889e+01 1.553468769637481872e-01
1.328828828828828890e+01 1.555599440766640973e-01
1.329829829829829890e+01 1.557730689715171868e-01
1.330830830830830891e+01 1.559861938663702763e-01
1.331831831831831892e+01 1.562006493119822981e-01
1.332832832832832892e+01 1.564153608402230888e-01
1.333833833833833893e+01 1.566300723684639074e-01
1.334834834834834894e+01 1.568459283913846702e-01
1.335835835835835894e+01 1.570622428533509640e-01
1.336836836836836895e+01 1.572785573153172578e-01
1.337837837837837895e+01 1.574958260517092812e-01
1.338838838838838896e+01 1.577137595744590171e-01
1.339839839839839897e+01 1.579316930972087252e-01
1.340840840840840897e+01 1.581503865740256365e-01
1.341841841841841898e+01 1.583699551098287084e-01
1.342842842842842899e+01 1.585895236456317803e-01
1.343843843843843899e+01 1.588096537798805441e-01
1.344844844844844900e+01 1.590308731047656021e-01
1.345845845845845901e+01 1.592520924296506879e-01
1.346846846846846901e+01 1.594736710276748459e-01
1.347847847847847902e+01 1.596965567400326080e-01
1.348848848848848903e+01 1.599194424523903701e-01
1.349849849849849903e+01 1.601424812091744587e-01
1.350850850850850904e+01 1.603670487284150348e-01
1.351851851851851904e+01 1.605916162476555831e-01
1.352852852852852905e+01 1.608161837668961869e-01
1.353853853853853906e+01 1.610423913114149286e-01
1.354854854854854906e+01 1.612686558766801004e-01
1.355855855855855907e+01 1.614949204419452999e-01
1.356856856856856908e+01 1.617226262560746142e-01
1.357857857857857908e+01 1.619506029250035173e-01
1.358858858858858909e+01 1.621785795939324204e-01
1.359859859859859910e+01 1.624077948519273840e-01
1.360860860860860910e+01 1.626374984994760076e-01
1.361861861861861911e+01 1.628672021470245757e-01
1.362862862862862912e+01 1.630979379080747804e-01
1.363863863863863912e+01 1.633293832253864264e-01
1.364864864864864913e+01 1.635608285426980724e-01
1.365865865865865914e+01 1.637930957503862528e-01
1.366866866866866914e+01 1.640262972437160627e-01
1.367867867867867915e+01 1.642594987370459003e-01
1.368868868868868915e+01 1.644933082188255180e-01
1.369869869869869916e+01 1.647282802085146547e-01
1.370870870870870917e+01 1.649632521982037914e-01
1.371871871871871917e+01 1.651986146648958265e-01
1.372872872872872918e+01 1.654353712843970592e-01
1.373873873873873919e+01 1.656721279038983197e-01
1.374874874874874919e+01 1.659090539492071859e-01
1.375875875875875920e+01 1.661476091441606018e-01
1.376876876876876921e+01 1.663861643391140177e-01
1.377877877877877921e+01 1.666247195340674336e-01
1.378878878878878922e+01 1.668650319665204718e-01
1.379879879879879923e+01 1.671053994938785925e-01
1.380880880880880923e+01 1.673457670212367410e-01
1.381881881881881924e+01 1.675876774339625508e-01
1.382882882882882924e+01 1.678298708611641044e-01
1.383883883883883925e+01 1.680720642883656302e-01
1.384884884884884926e+01 1.683155827307118158e-01
1.385885885885885926e+01 1.685596154349047748e-01
1.386886886886886927e+01 1.688036481390977617e-01
1.387887887887887928e+01 1.690487845408163714e-01
1.388888888888888928e+01 1.692946697081272600e-01
1.389889889889889929e+01 1.695405548754381486e-01
1.390890890890890930e+01 1.697873190463421167e-01
1.391891891891891930e+01 1.700350696711934728e-01
1.392892892892892931e+01 1.702828202960448845e-01
1.393893893893893932e+01 1.705312219256814033e-01
1.394894894894894932e+01 1.707808508101552880e-01
1.395895895895895933e+01 1.710304796946291450e-01
1.396896896896896934e+01 1.712805283519708011e-01
1.397897897897897934e+01 1.715320481052184376e-01
1.398898898898898935e+01 1.717835678584660741e-01
1.399899899899899935e+01 1.720352729916189982e-01
1.400900900900900936e+01 1.722886960293152359e-01
1.401901901901901937e+01 1.725421190670114735e-01
1.402902902902902937e+01 1.727955421047077111e-01
1.403903903903903938e+01 1.730508285467834695e-01
1.404904904904904939e+01 1.733061670906264617e-01
1.405905905905905939e+01 1.735615056344693985e-01
1.406906906906906940e+01 1.738184791121521466e-01
1.407907907907907941e+01 1.740757451894068275e-01
1.408908908908908941e+01 1.743330112666614529e-01
1.409909909909909942e+01 1.745916806690305523e-01
1.410910910910910943e+01 1.748508861121149671e-01
1.411911911911911943e+01 1.751100915551994097e-01
1.412912912912912944e+01 1.753704656490999436e-01
1.413913913913913944e+01 1.756316220952162666e-01
1.414914914914914945e+01 1.758927785413326450e-01
1.415915915915915946e+01 1.761548659712094955e-01
1.416916916916916946e+01 1.764179848620149871e-01
1.417917917917917947e+01 1.766811037528205064e-01
1.418918918918918948e+01 1.769449130405684467e-01
1.419919919919919948e+01 1.772100056218897934e-01
1.420920920920920949e+01 1.774750982032111124e-01
1.421921921921921950e+01 1.777406377480405253e-01
1.422922922922922950e+01 1.780077150696286192e-01
1.423923923923923951e+01 1.782747923912167409e-01
1.424924924924924952e+01 1.785420704695347971e-01
1.425925925925925952e+01 1.788111433848600385e-01
1.426926926926926953e+01 1.790802163001852243e-01
1.427927927927927954e+01 1.793492892155104657e-01
1.428928928928928954e+01 1.796203202315800052e-01
1.429929929929929955e+01 1.798913993976678227e-01
1.430930930930930955e+01 1.801624785637556680e-01
1.431931931931931956e+01 1.804352747577739891e-01
1.432932932932932957e+01 1.807083706350792185e-01
1.433933933933933957e+01 1.809814665123844479e-01
1.434934934934934958e+01 1.812560355951307323e-01
1.435935935935935959e+01 1.815311584474511852e-01
1.436936936936936959e+01 1.818062812997716382e-01
1.437937937937937960e+01 1.820826308588493481e-01
1.438938938938938961e+01 1.823597907532774898e-01
1.439939939939939961e+01 1.826369506477056315e-01
1.440940940940940962e+01 1.829150881475361257e-01
1.441941941941941963e+01 1.831942949544481947e-01
1.442942942942942963e+01 1.834735017613602914e-01
1.443943943943943964e+01 1.837534345431905414e-01
1.444944944944944965e+01 1.840346979362730007e-01
1.445945945945945965e+01 1.843159613293555155e-01
1.446946946946946966e+01 1.845976966112796713e-01
1.447947947947947966e+01 1.848810260675919082e-01
1.448948948948948967e+01 1.851643555239041450e-01
1.449949949949949968e+01 1.854479004008987297e-01
1.450950950950950968e+01 1.857333052009716434e-01
1.451951951951951969e+01 1.860187100010445294e-01
1.452952952952952970e+01 1.863041148011174430e-01
1.453953953953953970e+01 1.865915606729875165e-01
1.454954954954954971e+01 1.868790499009578554e-01
1.455955955955955972e+01 1.871665391289282221e-01
1.456956956956956972e+01 1.874558173045891007e-01
1.457957957957957973e+01 1.877453998483686048e-01
1.458958958958958974e+01 1.880349823921481367e-01
1.459959959959959974e+01 1.883260994015474588e-01
1.460960960960960975e+01 1.886177839530253364e-01
1.461961961961961975e+01 1.889094685045032695e-01
1.462962962962962976e+01 1.892024307549835249e-01
1.463963963963963977e+01 1.894962258102644292e-01
1.464964964964964977e+01 1.897900208655453891e-01
1.465965965965965978e+01 1.900848346419782009e-01
1.466966966966966979e+01 1.903807485016516254e-01
1.467967967967967979e+01 1.906766623613250222e-01
1.468968968968968980e+01 1.909733338262585289e-01
1.469969969969969981e+01 1.912713745957018985e-01
1.470970970970970981e+01 1.915694153651453235e-01
1.471971971971971982e+01 1.918679505589633572e-01
1.472972972972972983e+01 1.921681261486772596e-01
1.473973973973973983e+01 1.924683017383911343e-01
1.474974974974974984e+01 1.927687065794848886e-01
1.475975975975975985e+01 1.930710247054593376e-01
1.476976976976976985e+01 1.933733428314337588e-01
1.477977977977977986e+01 1.936756609574081800e-01
1.478978978978978986e+01 1.939800913004970095e-01
1.479979979979979987e+01 1.942845594846090707e-01
1.480980980980980988e+01 1.945890276687211040e-01
1.481981981981981988e+01 1.948953464588274731e-01
1.482982982982982989e+01 1.952019720292700045e-01
1.483983983983983990e+01 1.955085975997125358e-01
1.484984984984984990e+01 1.958168101971701769e-01
1.485985985985985991e+01 1.961256002889099070e-01
1.486986986986986992e+01 1.964343903806496094e-01
1.487987987987987992e+01 1.967445020250910281e-01
1.488988988988988993e+01 1.970554635803563603e-01
1.489989989989989994e+01 1.973664251356216648e-01
1.490990990990990994e+01 1.976784409462367942e-01
1.491991991991991995e+01 1.979915807150347540e-01
1.492992992992992995e+01 1.983047204838327415e-01
1.493993993993993996e+01 1.986186454596386430e-01
1.494994994994994997e+01 1.989339700003006917e-01
1.495995995995995997e+01 1.992492945409627125e-01
1.496996996996996998e+01 1.995651335610839072e-01
1.497997997997997999e+01 1.998826492408393163e-01
1.498998998998998999e+01 2.002001649205947531e-01
1.500000000000000000e+01 2.005179227445537116e-01
