5.000000000000000000e+00 1.088157211185765243e-02
5.010010010010010006e+00 1.098822509493014785e-02
5.020020020020020013e+00 1.109487807800264327e-02
5.030030030030030019e+00 1.120153106107514042e-02
5.040040040040040026e+00 1.130818404414763584e-02
5.050050050050050032e+00 1.141483702722013126e-02
5.060060060060060039e+00 1.152149001029262668e-02
5.070070070070070045e+00 1.162814299336512210e-02
5.080080080080080052e+00 1.173479597643761925e-02
5.090090090090090058e+00 1.184144895951011467e-02
5.100100100100100065e+00 1.194893949423105409e-02
5.110110110110110071e+00 1.205679758758908086e-02
5.120120120120120077e+00 1.216465568094710591e-02
5.130130130130130084e+00 1.227319904018404559e-02
5.140140140140140090e+00 1.238223093600680606e-02
5.150150150150150097e+00 1.249126283182956827e-02
5.160160160160160103e+00 1.260083458507491386e-02
5.170170170170170110e+00 1.271100879452988566e-02
5.180180180180180116e+00 1.282118300398485747e-02
5.190190190190190123e+00 1.293175861627351812e-02
5.200200200200200129e+00 1.304304351425557111e-02
5.210210210210210136e+00 1.315432841223762583e-02
5.220220220220220142e+00 1.326588326865529160e-02
5.230230230230230148e+00 1.337824713720333486e-02
5.240240240240240155e+00 1.349061100575137985e-02
5.250250250250250161e+00 1.360312043535212741e-02
5.260260260260260168e+00 1.371653150571818663e-02
5.270270270270270174e+00 1.382994257608424586e-02
5.280280280280280181e+00 1.394338187520928127e-02
5.290290290290290187e+00 1.405780836856009887e-02
5.300300300300300194e+00 1.417223486191091820e-02
5.310310310310310200e+00 1.428666135526173928e-02
5.320320320320320207e+00 1.440198948363770326e-02
5.330330330330330213e+00 1.451739965037401880e-02
5.340340340340340219e+00 1.463280981711033261e-02
5.350350350350350226e+00 1.474898671735521208e-02
5.360360360360360232e+00 1.486534887503834432e-02
5.370370370370370239e+00 1.498171103272147482e-02
5.380380380380380245e+00 1.509871214055144399e-02
5.390390390390390252e+00 1.521599471043111676e-02
5.400400400400400258e+00 1.533327728031078779e-02
5.410410410410410265e+00 1.545107812101912705e-02
5.420420420420420271e+00 1.556924966316066555e-02
5.430430430430430278e+00 1.568742120530220580e-02
5.440440440440440284e+00 1.580599741260187499e-02
5.450450450450450290e+00 1.592502665961440661e-02
5.460460460460460297e+00 1.604405590662693823e-02
5.470470470470470303e+00 1.616338324087395611e-02
5.480480480480480310e+00 1.628323913024502800e-02
5.490490490490490316e+00 1.640309501961609642e-02
5.500500500500500323e+00 1.652314938541623798e-02
5.510510510510510329e+00 1.664380109046121117e-02
5.520520520520520336e+00 1.676445279550618436e-02
5.530530530530530342e+00 1.688521025870824699e-02
5.540540540540540349e+00 1.700662721814604622e-02
5.550550550550550355e+00 1.712804417758384892e-02
5.560560560560560361e+00 1.724948098166340094e-02
5.570570570570570368e+00 1.737163292783278079e-02
5.580580580580580374e+00 1.749378487400216065e-02
5.590590590590590381e+00 1.761593682017154050e-02
5.600600600600600387e+00 1.773873444157344700e-02
5.610610610610610394e+00 1.786159142730662369e-02
5.620620620620620400e+00 1.798444841303980038e-02
5.630630630630630407e+00 1.810784885654130594e-02
5.640640640640640413e+00 1.823138128071386324e-02
5.650650650650650419e+00 1.835491370488642748e-02
5.660660660660660426e+00 1.847889420941275021e-02
5.670670670670670432e+00 1.860307284119096585e-02
5.680680680680680439e+00 1.872725147296918149e-02
5.690690690690690445e+00 1.885178953757910697e-02
5.700700700700700452e+00 1.897658553938774695e-02
5.710710710710710458e+00 1.910138154119638346e-02
5.720720720720720465e+00 1.922645493724299548e-02
5.730730730730730471e+00 1.935183988647831699e-02
5.740740740740740478e+00 1.947722483571364543e-02
5.750750750750750484e+00 1.960281161845722764e-02
5.760760760760760490e+00 1.972875752797120796e-02
5.770770770770770497e+00 1.985470343748518829e-02
5.780780780780780503e+00 1.998078195716751493e-02
5.790790790790790510e+00 2.010726129455092659e-02
5.800800800800800516e+00 2.023374063193433825e-02
5.810810810810810523e+00 2.036028954432349616e-02
5.820820820820820529e+00 2.048727525001657265e-02
5.830830830830830536e+00 2.061426095570964567e-02
5.840840840840840542e+00 2.074125923212517819e-02
5.850850850850850549e+00 2.086872473638551329e-02
5.860860860860860555e+00 2.099619024064584491e-02
5.870870870870870561e+00 2.112365574490617653e-02
5.880880880880880568e+00 2.125153641623205025e-02
5.890890890890890574e+00 2.137945565499024467e-02
5.900900900900900581e+00 2.150737489374843561e-02
5.910910910910910587e+00 2.163563831233294987e-02
5.920920920920920594e+00 2.176398574196738295e-02
5.930930930930930600e+00 2.189233317160181255e-02
5.940940940940940607e+00 2.202095984469331844e-02
5.950950950950950613e+00 2.214971045575580069e-02
5.960960960960960620e+00 2.227846106681828642e-02
5.970970970970970626e+00 2.240743186502731910e-02
5.980980980980980632e+00 2.253656119495212398e-02
5.990990990990990639e+00 2.266569052487692887e-02
6.001001001001000645e+00 2.279498668876960010e-02
6.011011011011010652e+00 2.292447083359841487e-02
6.021021021021020658e+00 2.305395497842723657e-02
6.031031031031030665e+00 2.318355812469343608e-02
6.041041041041040671e+00 2.331337374984922273e-02
6.051051051051050678e+00 2.344318937500500591e-02
6.061061061061060684e+00 2.357308150221257975e-02
6.071071071071070691e+00 2.370320585235539609e-02
6.081081081081080697e+00 2.383333020249821244e-02
6.091091091091090703e+00 2.396349369644404717e-02
6.101101101101100710e+00 2.409390460444204782e-02
6.111111111111110716e+00 2.422431551244004846e-02
6.121121121121120723e+00 2.435473315110913209e-02
6.131131131131130729e+00 2.448540904615758435e-02
6.141141141141140736e+00 2.461608494120603313e-02
6.151151151151150742e+00 2.474676083625448192e-02
6.161161161161160749e+00 2.487765981427091100e-02
6.171171171171170755e+00 2.500857972919244901e-02
6.181181181181180762e+00 2.513949964411399049e-02
6.191191191191190768e+00 2.527059916029371703e-02
6.201201201201200774e+00 2.540174273805234639e-02
6.211211211211210781e+00 2.553288631581097923e-02
6.221221221221220787e+00 2.566417096660361316e-02
6.231231231231230794e+00 2.579551846606505452e-02
6.241241241241240800e+00 2.592686596552649589e-02
6.251251251251250807e+00 2.605832076074405396e-02
6.261261261261260813e+00 2.618985306171448327e-02
6.271271271271270820e+00 2.632138536268490911e-02
6.281281281281280826e+00 2.645299572797551318e-02
6.291291291291290833e+00 2.658469433555048222e-02
6.301301301301300839e+00 2.671639294312545820e-02
6.311311311311310845e+00 2.684814472215194675e-02
6.321321321321320852e+00 2.697999177040674365e-02
6.331331331331330858e+00 2.711183881866153708e-02
6.341341341341340865e+00 2.724371827499524543e-02
6.351351351351350871e+00 2.737569653004726447e-02
6.361361361361360878e+00 2.750767478509928698e-02
6.371371371371370884e+00 2.763966860383917576e-02
6.381381381381380891e+00 2.777176146631293169e-02
6.391391391391390897e+00 2.790385432878669109e-02
6.401401401401400904e+00 2.803594961791391893e-02
6.411411411411410910e+00 2.816814112483787685e-02
6.421421421421420916e+00 2.830033263176183478e-02
6.431431431431430923e+00 2.843252413868579617e-02
6.441441441441440929e+00 2.856479174940392690e-02
6.451451451451450936e+00 2.869706657556827731e-02
6.461461461461460942e+00 2.882934140173262424e-02
6.471471471471470949e+00 2.896167128500047594e-02
6.481481481481480955e+00 2.909401474380444649e-02
6.491491491491490962e+00 2.922635820260841358e-02
6.501501501501500968e+00 2.935873937965564201e-02
6.511511511511510975e+00 2.949113742347156397e-02
6.521521521521520981e+00 2.962353546728748246e-02
6.531531531531530987e+00 2.975595738510202273e-02
6.541541541541540994e+00 2.988839660518323796e-02
6.551551551551551000e+00 3.002083582526445318e-02
6.561561561561561007e+00 3.015328835633996826e-02
6.571571571571571013e+00 3.028575598229890295e-02
6.581581581581581020e+00 3.041822360825784111e-02
6.591591591591591026e+00 3.055069705015929851e-02
6.601601601601601033e+00 3.068318094904079474e-02
6.611611611611611927e+00 3.081566484792229790e-02
6.621621621621621934e+00 3.094814992267798381e-02
6.631631631631631940e+00 3.108063859765286194e-02
6.641641641641641947e+00 3.121312727262773659e-02
6.651651651651651953e+00 3.134561512595580857e-02
6.661661661661661959e+00 3.147809771465807233e-02
6.671671671671671966e+00 3.161058030336033609e-02
6.681681681681681972e+00 3.174306250373772065e-02
6.691691691691691979e+00 3.187552877626902148e-02
6.701701701701701985e+00 3.200799504880031537e-02
6.711711711711711992e+00 3.214046132133160927e-02
6.721721721721721998e+00 3.227290394300491583e-02
6.731731731731732005e+00 3.240534429962783902e-02
6.741741741741742011e+00 3.253778465625075528e-02
6.751751751751752018e+00 3.267019705356571935e-02
6.761761761761762024e+00 3.280260252210783628e-02
6.771771771771772030e+00 3.293500799064995321e-02
6.781781781781782037e+00 3.306738361801335457e-02
6.791791791791792043e+00 3.319974585100243097e-02
6.801801801801802050e+00 3.333210808399150044e-02
6.811811811811812056e+00 3.346444081030734014e-02
6.821821821821822063e+00 3.359675208185733397e-02
6.831831831831832069e+00 3.372906335340732087e-02
6.841841841841842076e+00 3.386134746024029724e-02
6.851851851851852082e+00 3.399360066270730452e-02
6.861861861861862089e+00 3.412585386517431180e-02
6.871871871871872095e+00 3.425808404481759523e-02
6.881881881881882101e+00 3.439027268524386810e-02
6.891891891891892108e+00 3.452246132567014097e-02
6.901901901901902114e+00 3.465463267912333167e-02
6.911911911911912121e+00 3.478675087548651484e-02
6.921921921921922127e+00 3.491886907184969802e-02
6.931931931931932134e+00 3.505097710671247618e-02
6.941941941941942140e+00 3.518301958399661783e-02
6.951951951951952147e+00 3.531506206128075948e-02
6.961961961961962153e+00 3.544710268956777210e-02
6.971971971971972160e+00 3.557906477567213122e-02
6.981981981981982166e+00 3.571102686177650420e-02
6.991991991991992172e+00 3.584298894788087719e-02
7.002002002002002179e+00 3.597487401915903243e-02
7.012012012012012185e+00 3.610675164065909465e-02
7.022022022022022192e+00 3.623862926215914992e-02
7.032032032032032198e+00 3.637043647591307882e-02
7.042042042042042205e+00 3.650222615368825529e-02
7.052052052052052211e+00 3.663401583146343871e-02
7.062062062062062218e+00 3.676574288894520620e-02
7.072072072072072224e+00 3.689744173368671165e-02
7.082082082082082231e+00 3.702914057842821016e-02
7.092092092092092237e+00 3.716078557128082993e-02
7.102102102102102243e+00 3.729239127889179273e-02
7.112112112112112250e+00 3.742399698650274165e-02
7.122122122122122256e+00 3.755555839416188646e-02
7.132132132132132263e+00 3.768706924106231954e-02
7.142142142142142269e+00 3.781858008796274567e-02
7.152152152152152276e+00 3.795005677501993996e-02
7.162162162162162282e+00 3.808147161336713354e-02
7.172172172172172289e+00 3.821288645171432019e-02
7.182182182182182295e+00 3.834427766524525771e-02
7.192192192192192302e+00 3.847559591808034918e-02
7.202202202202202308e+00 3.860691417091545452e-02
7.212212212212212314e+00 3.873821953777682736e-02
7.222222222222222321e+00 3.886944119410724874e-02
7.232232232232232327e+00 3.900066285043767011e-02
7.242242242242242334e+00 3.913188237453570778e-02
7.252252252252252340e+00 3.926300798436233724e-02
7.262262262262262347e+00 3.939413359418896671e-02
7.272272272272272353e+00 3.952525920401558923e-02
7.282282282282282360e+00 3.965629832302064450e-02
7.292292292292292366e+00 3.978732899231864073e-02
7.302302302302302373e+00 3.991835966161665084e-02
7.312312312312312379e+00 4.004931572266132861e-02
7.322322322322322385e+00 4.018025310832176733e-02
7.332332332332332392e+00 4.031119049398220605e-02
7.342342342342342398e+00 4.044206516132076851e-02
7.352352352352352405e+00 4.057291146606067933e-02
7.362362362362362411e+00 4.070375777080058322e-02
7.372372372372372418e+00 4.083455306947227775e-02
7.382382382382382424e+00 4.096531103671959689e-02
7.392392392392392431e+00 4.109606900396691603e-02
7.402402402402402437e+00 4.122678731694708054e-02
7.412412412412412444e+00 4.135746022570628566e-02
7.422422422422422450e+00 4.148813313446549078e-02
7.432432432432432456e+00 4.161877719981010859e-02
7.442442442442442463e+00 4.174936885951412852e-02
7.452452452452452469e+00 4.187996051921814844e-02
7.462462462462462476e+00 4.201053342720345585e-02
7.472472472472472482e+00 4.214104817255673319e-02
7.482482482482482489e+00 4.227156291791000359e-02
7.492492492492492495e+00 4.240206810816875976e-02
7.502502502502502502e+00 4.253251079398571305e-02
7.512512512512512508e+00 4.266295347980267327e-02
7.522522522522522515e+00 4.279339473845846648e-02
7.532532532532532521e+00 4.292377073450150127e-02
7.542542542542542527e+00 4.305414673054453606e-02
7.552552552552552534e+00 4.318452272658757085e-02
7.562562562562562540e+00 4.331484337316551109e-02
7.572572572572572547e+00 4.344515855898541806e-02
7.582582582582582553e+00 4.357547374480531810e-02
7.592592592592592560e+00 4.370574544422115709e-02
7.602602602602602566e+00 4.383600620400344289e-02
7.612612612612612573e+00 4.396626696378572174e-02
7.622622622622622579e+00 4.409649502393079429e-02
7.632632632632632586e+00 4.422670824135017248e-02
7.642642642642642592e+00 4.435692145876955761e-02
7.652652652652652598e+00 4.448711151743366815e-02
7.662662662662662605e+00 4.461728457051857000e-02
7.672672672672672611e+00 4.474745762360345797e-02
7.682682682682682618e+00 4.487761564562939287e-02
7.692692692692692624e+00 4.500775640163871827e-02
7.702702702702702631e+00 4.513789715764805754e-02
7.712712712712712637e+00 4.526802943209170399e-02
7.722722722722722644e+00 4.539814624240458979e-02
7.732732732732732650e+00 4.552826305271747559e-02
7.742742742742742657e+00 4.565837619001416464e-02
7.752752752752752663e+00 4.578847788503404015e-02
7.762762762762762669e+00 4.591857958005392260e-02
7.772772772772772676e+00 4.604868050919109362e-02
7.782782782782782682e+00 4.617877639326472411e-02
7.792792792792792689e+00 4.630887227733836153e-02
7.802802802802802695e+00 4.643896824303491572e-02
7.812812812812812702e+00 4.656906808938647557e-02
7.822822822822822708e+00 4.669916793573804237e-02
7.832832832832832715e+00 4.682926778208960916e-02
7.842842842842842721e+00 4.695938054131085920e-02
7.852852852852852727e+00 4.708949458699131230e-02
7.862862862862862734e+00 4.721960863267175845e-02
7.872872872872872740e+00 4.734974254967765084e-02
7.882882882882882747e+00 4.747988149052902174e-02
7.892892892892892753e+00 4.761002043138040651e-02
7.902902902902902760e+00 4.774018413499771935e-02
7.912912912912912766e+00 4.787035912063212356e-02
7.922922922922922773e+00 4.800053410626652778e-02
7.932932932932932779e+00 4.813073652483114417e-02
7.942942942942942786e+00 4.826095915362327293e-02
7.952952952952952792e+00 4.839118178241540169e-02
7.962962962962962798e+00 4.852143214099809143e-02
7.972972972972972805e+00 4.865171445509060971e-02
7.982982982982982811e+00 4.878199676918312799e-02
7.992992992992992818e+00 4.891230458682078314e-02
8.003003003003001936e+00 4.904265906714172507e-02
8.013013013013011943e+00 4.917301354746268782e-02
8.023023023023021949e+00 4.930338863439438085e-02
8.033033033033031955e+00 4.943382819568454406e-02
8.043043043043041962e+00 4.956426775697470727e-02
8.053053053053051968e+00 4.969472021188212768e-02
8.063063063063061975e+00 4.982525819773154369e-02
8.073073073073071981e+00 4.995579618358095275e-02
8.083083083083081988e+00 5.008633639083279881e-02
8.093093093093091994e+00 5.021698656872453786e-02
8.103103103103102001e+00 5.034763674661626304e-02
8.113113113113112007e+00 5.047828692450800209e-02
8.123123123123122014e+00 5.060905192987547041e-02
8.133133133133132020e+00 5.073982848623488640e-02
8.143143143143142026e+00 5.087060504259430932e-02
8.153153153153152033e+00 5.100149401551926087e-02
8.163163163163162039e+00 5.113241155076699712e-02
8.173173173173172046e+00 5.126332908601472643e-02
8.183183183183182052e+00 5.139435366047429704e-02
8.193193193193192059e+00 5.152542718408088807e-02
8.203203203203202065e+00 5.165650070768746521e-02
8.213213213213213848e+00 5.178767278740589036e-02
8.223223223223223854e+00 5.191891771294605828e-02
8.233233233233233861e+00 5.205016263848623315e-02
8.243243243243243867e+00 5.218149439418772600e-02
8.253253253253253874e+00 5.231292653439224144e-02
8.263263263263263880e+00 5.244435867459675688e-02
8.273273273273273887e+00 5.257586254125684588e-02
8.283283283283283893e+00 5.270749810305967731e-02
8.293293293293293900e+00 5.283913366486250873e-02
8.303303303303303906e+00 5.297082233895641923e-02
8.313313313313313913e+00 5.310267791853504754e-02
8.323323323323323919e+00 5.323453349811367585e-02
8.333333333333333925e+00 5.336641993486157531e-02
8.343343343343343932e+00 5.349851251266810048e-02
8.353353353353353938e+00 5.363060509047462565e-02
8.363363363363363945e+00 5.376270250108266396e-02
8.373373373373373951e+00 5.389504943686370536e-02
8.383383383383383958e+00 5.402739637264475370e-02
8.393393393393393964e+00 5.415974330842580203e-02
8.403403403403403971e+00 5.429233724934413863e-02
8.413413413413413977e+00 5.442495627714688533e-02
8.423423423423423984e+00 5.455757530494962509e-02
8.433433433433433990e+00 5.469042550237582928e-02
8.443443443443443996e+00 5.482333472553817255e-02
8.453453453453454003e+00 5.495624394870052276e-02
8.463463463463464009e+00 5.508936472945578228e-02
8.473473473473474016e+00 5.522258261557833753e-02
8.483483483483484022e+00 5.535580050170088584e-02
8.493493493493494029e+00 5.548920643245224688e-02
8.503503503503504035e+00 5.562275180834981569e-02
8.513513513513514042e+00 5.575629718424737757e-02
8.523523523523524048e+00 5.589000306869427309e-02
8.533533533533534055e+00 5.602389511532472610e-02
8.543543543543544061e+00 5.615778716195517911e-02
8.553553553553554067e+00 5.629180803800523658e-02
8.563563563563564074e+00 5.642606628537361751e-02
8.573573573573574080e+00 5.656032453274200539e-02
8.583583583583584087e+00 5.669467566967532901e-02
8.593593593593594093e+00 5.682931999171095955e-02
8.603603603603604100e+00 5.696396431374659008e-02
8.613613613613614106e+00 5.709866120936776118e-02
8.623623623623624113e+00 5.723371181877233427e-02
8.633633633633634119e+00 5.736876242817692123e-02
8.643643643643644126e+00 5.750382080595411310e-02
8.653653653653654132e+00 5.763929824901908860e-02
8.663663663663664138e+00 5.777477569208406410e-02
8.673673673673674145e+00 5.791025313514903960e-02
8.683683683683684151e+00 5.804613664966549319e-02
8.693693693693694158e+00 5.818206180105624237e-02
8.703703703703704164e+00 5.831798695244699848e-02
8.713713713713714171e+00 5.845428525932389735e-02
8.723723723723724177e+00 5.859067931682944430e-02
8.733733733733734184e+00 5.872707337433499125e-02
8.743743743743744190e+00 5.886380317456417488e-02
8.753753753753754197e+00 5.900068765381035613e-02
8.763763763763764203e+00 5.913757213305655125e-02
8.773773773773774209e+00 5.927475033638290869e-02
8.783783783783784216e+00 5.941214706550732721e-02
8.793793793793794222e+00 5.954954379463173880e-02
8.803803803803804229e+00 5.968718751657848404e-02
8.813813813813814235e+00 5.982511863086589776e-02
8.823823823823824242e+00 5.996304974515329761e-02
8.833833833833834248e+00 6.010117630402907196e-02
8.843843843843844255e+00 6.023966424050558599e-02
8.853853853853854261e+00 6.037815217698210002e-02
8.863863863863864268e+00 6.051677909086945056e-02
8.873873873873874274e+00 6.065584658285403524e-02
8.883883883883884280e+00 6.079491407483863380e-02
8.893893893893894287e+00 6.093405905856336124e-02
8.903903903903904293e+00 6.107372913017576621e-02
8.913913913913914300e+00 6.121339920178816424e-02
8.923923923923924306e+00 6.135308016386936680e-02
8.933933933933934313e+00 6.149337612449302937e-02
8.943943943943944319e+00 6.163367208511669193e-02
8.953953953953954326e+00 6.177396804574036143e-02
8.963963963963964332e+00 6.191485256339565590e-02
8.973973973973974338e+00 6.205579800209438945e-02
8.983983983983984345e+00 6.219674344079312300e-02
8.993993993993994351e+00 6.233822418573745083e-02
9.004004004004004358e+00 6.247984296562560103e-02
9.014014014014014364e+00 6.262146174551375122e-02
9.024024024024024371e+00 6.276355745721799717e-02
9.034034034034034377e+00 6.290587370978248383e-02
9.044044044044044384e+00 6.304818996234697048e-02
9.054054054054054390e+00 6.319091955584674181e-02
9.064064064064064397e+00 6.333395767522102815e-02
9.074074074074074403e+00 6.347699579459530062e-02
9.084084084084084409e+00 6.362037835728907853e-02
9.094094094094094416e+00 6.376416299447766611e-02
9.104104104104104422e+00 6.390794763166623982e-02
9.114114114114114429e+00 6.405200242009168043e-02
9.124124124124124435e+00 6.419655847714565711e-02
9.134134134134134442e+00 6.434111453419966153e-02
9.144144144144144448e+00 6.448586097078777557e-02
9.154154154154154455e+00 6.463121359493023688e-02
9.164164164164164461e+00 6.477656621907269818e-02
9.174174174174174468e+00 6.492202388888000664e-02
9.184184184184184474e+00 6.506819846658147555e-02
9.194194194194194480e+00 6.521437304428297221e-02
9.204204204204204487e+00 6.536056169170126329e-02
9.214214214214214493e+00 6.550758384270516377e-02
9.224224224224224500e+00 6.565460599370905037e-02
9.234234234234234506e+00 6.580162814471295085e-02
9.244244244244244513e+00 6.594944109045093594e-02
9.254254254254254519e+00 6.609733666174874567e-02
9.264264264264264526e+00 6.624523223304654151e-02
9.274274274274274532e+00 6.639384217807837996e-02
9.284284284284284539e+00 6.654263723783505891e-02
9.294294294294294545e+00 6.669143229759173785e-02
9.304304304304304551e+00 6.684085965940096685e-02
9.314314314314314558e+00 6.699058049083046751e-02
9.324324324324324564e+00 6.714030132225996816e-02
9.334334334334334571e+00 6.729056665810868865e-02
9.344344344344344577e+00 6.744123975330038046e-02
9.354354354354354584e+00 6.759191284849207226e-02
9.364364364364364590e+00 6.774303685197084757e-02
9.374374374374374597e+00 6.789468890566682790e-02
9.384384384384384603e+00 6.804634095936282212e-02
9.394394394394394610e+00 6.819834445691902447e-02
9.404404404404404616e+00 6.835100236024362064e-02
9.414414414414414622e+00 6.850366026356821680e-02
9.424424424424424629e+00 6.865656421101332119e-02
9.434434434434434635e+00 6.881025504515449198e-02
9.444444444444444642e+00 6.896394587929567666e-02
9.454454454454454648e+00 6.911777135829119678e-02
9.464464464464464655e+00 6.927252238813588758e-02
9.474474474474474661e+00 6.942727341798055063e-02
9.484484484484484668e+00 6.958204163250372720e-02
9.494494494494494674e+00 6.973788030022690099e-02
9.504504504504504681e+00 6.989371896795010253e-02
9.514514514514514687e+00 7.004955763567329019e-02
9.524524524524524693e+00 7.020640515934825632e-02
9.534534534534534700e+00 7.036335907795776556e-02
9.544544544544544706e+00 7.052031299656727481e-02
9.554554554554554713e+00 7.067817379377276665e-02
9.564564564564564719e+00 7.083627074061012163e-02
9.574574574574574726e+00 7.099436768744749049e-02
9.584584584584584732e+00 7.115326346549021019e-02
9.594594594594594739e+00 7.131253137568928369e-02
9.604604604604604745e+00 7.147179928588837106e-02
9.614614614614614752e+00 7.163175185346941365e-02
9.624624624624624758e+00 7.179221881337422007e-02
9.634634634634634764e+00 7.195268577327904036e-02
9.644644644644644771e+00 7.211371703682116496e-02
9.654654654654654777e+00 7.227541127736390736e-02
9.664664664664664784e+00 7.243710551790664975e-02
9.674674674674674790e+00 7.259923747786443948e-02
9.684684684684684797e+00 7.276218736790533714e-02
9.694694694694694803e+00 7.292513725794622093e-02
9.704704704704704810e+00 7.308839200509985312e-02
9.714714714714714816e+00 7.325262604473108119e-02
9.724724724724724823e+00 7.341686008436230926e-02
9.734734734734734829e+00 7.358125979609543565e-02
9.744744744744744835e+00 7.374680660990971803e-02
9.754754754754754842e+00 7.391235342372402817e-02
9.764764764764764848e+00 7.407792036028598703e-02
9.774774774774774855e+00 7.424480869061247934e-02
9.784784784784784861e+00 7.441169702093895777e-02
9.794794794794794868e+00 7.457858535126543620e-02
9.804804804804804874e+00 7.474671222180137575e-02
9.814814814814814881e+00 7.491497092191037876e-02
9.824824824824824887e+00 7.508322962201936790e-02
9.834834834834834894e+00 7.525259742884291003e-02
9.844844844844844900e+00 7.542225545612141202e-02
9.854854854854854906e+00 7.559191348339988625e-02
9.864864864864864913e+00 7.576254481005145758e-02
9.874874874874874919e+00 7.593363121915130964e-02
9.884884884884884926e+00 7.610471762825116171e-02
9.894894894894894932e+00 7.627663511916732419e-02
9.904904904904904939e+00 7.644917905512847722e-02
9.914914914914914945e+00 7.662172299108961637e-02
9.924924924924924952e+00 7.679494934777442161e-02
9.934934934934934958e+00 7.696898003912476527e-02
9.944944944944944965e+00 7.714301073047512280e-02
9.954954954954954971e+00 7.731756870766198775e-02
9.964964964964964977e+00 7.749311545949685853e-02
9.974974974974974984e+00 7.766866221133171544e-02
9.984984984984984990e+00 7.784457461313669391e-02
9.994994994994994997e+00 7.802166680017914857e-02
1.000500500500500500e+01 7.819875898722158936e-02
1.001501501501501501e+01 7.837604866328842790e-02
1.002502502502502502e+01 7.855471572293354354e-02
1.003503503503503502e+01 7.873338278257865919e-02
1.004504504504504503e+01 7.891207262421671975e-02
1.005505505505505504e+01 7.909234404956204390e-02
1.006506506506506504e+01 7.927261547490736804e-02
1.007507507507507505e+01 7.945288690025269218e-02
1.008508508508508505e+01 7.963463374408724649e-02
1.009509509509509506e+01 7.981653907695109018e-02
1.010510510510510507e+01 7.999844440981494775e-02
1.011511511511511507e+01 8.018166689490580090e-02
1.012512512512512508e+01 8.036523571883684436e-02
1.013513513513513509e+01 8.054880454276787394e-02
1.014514514514514509e+01 8.073352569692167358e-02
1.015515515515515510e+01 8.091878763020148024e-02
1.016516516516516511e+01 8.110404956348127303e-02
1.017517517517517511e+01 8.129029243366400759e-02
1.018518518518518512e+01 8.147727712230549979e-02
1.019519519519519513e+01 8.166426181094699199e-02
1.020520520520520513e+01 8.185204945939593413e-02
1.021521521521521514e+01 8.204078657014013398e-02
1.022522522522522515e+01 8.222952368088433384e-02
1.023523523523523515e+01 8.241887918121998391e-02
1.024524524524524516e+01 8.260939839453319833e-02
1.025525525525525516e+01 8.279991760784642663e-02
1.026526526526526517e+01 8.299086404118546922e-02
1.027527527527527518e+01 8.318319504426047173e-02
1.028528528528528518e+01 8.337552604733547423e-02
1.029529529529529519e+01 8.356808649840576086e-02
1.030530530530530520e+01 8.376225897816846899e-02
1.031531531531531520e+01 8.395643145793114936e-02
1.032532532532532521e+01 8.415062901118908201e-02
1.033533533533533522e+01 8.434667264731385283e-02
1.034534534534534522e+01 8.454271628343859590e-02
1.035535535535535523e+01 8.473875991956333897e-02
1.036536536536536524e+01 8.493651847712641034e-02
1.037537537537537524e+01 8.513446293506266027e-02
1.038538538538538525e+01 8.533240739299891020e-02
1.039539539539539525e+01 8.553187884960167242e-02
1.040540540540540526e+01 8.573175377361441640e-02
1.041541541541541527e+01 8.593162869762717426e-02
1.042542542542542527e+01 8.613283608552878279e-02
1.043543543543543528e+01 8.633467109175520238e-02
1.044544544544544529e+01 8.653650609798163584e-02
1.045545545545545529e+01 8.673947242675994485e-02
1.046546546546546530e+01 8.694329709628549618e-02
1.047547547547547531e+01 8.714712176581103364e-02
1.048548548548548531e+01 8.735187001852817712e-02
1.049549549549549532e+01 8.755771389048393194e-02
1.050550550550550533e+01 8.776355776243970064e-02
1.051551551551551533e+01 8.797011089181827614e-02
1.052552552552552534e+01 8.817800345650314564e-02
1.053553553553553535e+01 8.838589602118802901e-02
1.054554554554554535e+01 8.859427694579882773e-02
1.055555555555555536e+01 8.880424763782811259e-02
1.056556556556556536e+01 8.901421832985736970e-02
1.057557557557557537e+01 8.922444993031916627e-02
1.058558558558558538e+01 8.943652812180326317e-02
1.059559559559559538e+01 8.964860631328736007e-02
1.060560560560560539e+01 8.986071142848006676e-02
1.061561561561561540e+01 9.007492642223473289e-02
1.062562562562562540e+01 9.028914141598939902e-02
1.063563563563563541e+01 9.050335640974406515e-02
1.064564564564564542e+01 9.071952386207296493e-02
1.065565565565565542e+01 9.093590488486494317e-02
1.066566566566566543e+01 9.115228590765693528e-02
1.067567567567567544e+01 9.137040155618311732e-02
1.068568568568568544e+01 9.158897775201255143e-02
1.069569569569569545e+01 9.180755394784198553e-02
1.070570570570570545e+01 9.202764039420743836e-02
1.071571571571571546e+01 9.224844081763039494e-02
1.072572572572572547e+01 9.246924124105337928e-02
1.073573573573573547e+01 9.269132102352706237e-02
1.074574574574574548e+01 9.291437463302029687e-02
1.075575575575575549e+01 9.313742824251355912e-02
1.076576576576576549e+01 9.336152383232802776e-02
1.077577577577577550e+01 9.358685948369868668e-02
1.078578578578578551e+01 9.381219513506933172e-02
1.079579579579579551e+01 9.403832893277817850e-02
1.080580580580580552e+01 9.426597537262076942e-02
1.081581581581581553e+01 9.449362181246336034e-02
1.082582582582582553e+01 9.472181614432018115e-02
1.083583583583583554e+01 9.495180200352332234e-02
1.084584584584584555e+01 9.518178786272647740e-02
1.085585585585585555e+01 9.541206497708619449e-02
1.086586586586586556e+01 9.564441876439154500e-02
1.087587587587587556e+01 9.587677255169690937e-02
1.088588588588588557e+01 9.610915461544033978e-02
1.089589589589589558e+01 9.634390471105597209e-02
1.090590590590590558e+01 9.657865480667160440e-02
1.091591591591591559e+01 9.681340490228725060e-02
1.092592592592592560e+01 9.705033855092454198e-02
1.093593593593593560e+01 9.728751320019514426e-02
1.094594594594594561e+01 9.752468784946574654e-02
1.095595595595595562e+01 9.776379862685570521e-02
1.096596596596596562e+01 9.800342593399222202e-02
1.097597597597597563e+01 9.824305324112873883e-02
1.098598598598598564e+01 9.848436290117765224e-02
1.099599599599599564e+01 9.872647082304786270e-02
1.100600600600600565e+01 9.896857874491807316e-02
1.101601601601601566e+01 9.921210893985826784e-02
1.102602602602602566e+01 9.945672527984129874e-02
1.103603603603603567e+01 9.970134161982434351e-02
1.104604604604604567e+01 9.994711389683212655e-02
1.105605605605605568e+01 1.001942662987387045e-01
1.106606606606606569e+01 1.004414187006452963e-01
1.107607607607607569e+01 1.006894544984889422e-01
1.108608608608608570e+01 1.009391704405495221e-01
1.109609609609609571e+01 1.011888863826101020e-01
1.110610610610610571e+01 1.014392070283282737e-01
1.111611611611611572e+01 1.016915138172507505e-01
1.112612612612612573e+01 1.019438206061732410e-01
1.113613613613613573e+01 1.021964473117846772e-01
1.114614614614614574e+01 1.024513720768850528e-01
1.115615615615615575e+01 1.027062968419854283e-01
1.116616616616616575e+01 1.029612507012311606e-01
1.117617617617617576e+01 1.032188203886369310e-01
1.118618618618618576e+01 1.034763900760427013e-01
1.119619619619619577e+01 1.037339597634484856e-01
1.120620620620620578e+01 1.039939334280906014e-01
1.121621621621621578e+01 1.042541747950210956e-01
1.122622622622622579e+01 1.045144161619516177e-01
1.123623623623623580e+01 1.047767853626757478e-01
1.124624624624624580e+01 1.050397249717995307e-01
1.125625625625625581e+01 1.053026645809233275e-01
1.126626626626626582e+01 1.055674498373039005e-01
1.127627627627627582e+01 1.058331140511764024e-01
1.128628628628628583e+01 1.060987782650489042e-01
1.129629629629629584e+01 1.063659999602011436e-01
1.130630630630630584e+01 1.066344149357828092e-01
1.131631631631631585e+01 1.069028299113645025e-01
1.132632632632632586e+01 1.071725082889390668e-01
1.133633633633633586e+01 1.074436999721974650e-01
1.134634634634634587e+01 1.077148916554558356e-01
1.135635635635635587e+01 1.079870468166708591e-01
1.136636636636636588e+01 1.082610409372667809e-01
1.137637637637637589e+01 1.085350350578627027e-01
1.138638638638638589e+01 1.088096869585736814e-01
1.139639639639639590e+01 1.090865090246341124e-01
1.140640640640640591e+01 1.093633310906945433e-01
1.141641641641641769e+01 1.096404995385028835e-01
1.142642642642642770e+01 1.099201748314815180e-01
1.143643643643643770e+01 1.101998501244601525e-01
1.144644644644644771e+01 1.104795547758606056e-01
1.145645645645645772e+01 1.107621083454878724e-01
1.146646646646646772e+01 1.110446619151151532e-01
1.147647647647647773e+01 1.113272154847424200e-01
1.148648648648648773e+01 1.116123789320067061e-01
1.149649649649649774e+01 1.118978355913303191e-01
1.150650650650650775e+01 1.121832922506539321e-01
1.151651651651651775e+01 1.124710553214665482e-01
1.152652652652652776e+01 1.127594396419846351e-01
1.153653653653653777e+01 1.130478239625027082e-01
1.154654654654654777e+01 1.133382055969982399e-01
1.155655655655655778e+01 1.136295419038855781e-01
1.156656656656656779e+01 1.139208782107729301e-01
1.157657657657657779e+01 1.142138971822906635e-01
1.158658658658658780e+01 1.145082095497198804e-01
1.159659659659659781e+01 1.148025219171490974e-01
1.160660660660660781e+01 1.150981968296788116e-01
1.161661661661661782e+01 1.153955090762372460e-01
1.162662662662662783e+01 1.156928213227956803e-01
1.163663663663663783e+01 1.159911706084664346e-01
1.164664664664664784e+01 1.162915062926701687e-01
1.165665665665665784e+01 1.165918419768738890e-01
1.166666666666666785e+01 1.168928838934862741e-01
1.167667667667667786e+01 1.171962663093925466e-01
1.168668668668668786e+01 1.174996487252988192e-01
1.169669669669669787e+01 1.178034013539007163e-01
1.170670670670670788e+01 1.181098535268187699e-01
1.171671671671671788e+01 1.184163056997368096e-01
1.172672672672672789e+01 1.187227869422430859e-01
1.173673673673673790e+01 1.190323316245459895e-01
1.174674674674674790e+01 1.193418763068489069e-01
1.175675675675675791e+01 1.196514209891518105e-01
1.176676676676676792e+01 1.199637635507426192e-01
1.177677677677677792e+01 1.202764232177793435e-01
1.178678678678678793e+01 1.205890828848160540e-01
1.179679679679679793e+01 1.209042115117832800e-01
1.180680680680680794e+01 1.212200083578930804e-01
1.181681681681681795e+01 1.215358052040028947e-01
1.182682682682682795e+01 1.218537369621340155e-01
1.183683683683683796e+01 1.221726928967630937e-01
1.184684684684684797e+01 1.224916488313921720e-01
1.185685685685685797e+01 1.228124005944878361e-01
1.186686686686686798e+01 1.231345372384094750e-01
1.187687687687687799e+01 1.234566738823311138e-01
1.188688688688688799e+01 1.237802623301537258e-01
1.189689689689689800e+01 1.241056010117925212e-01
1.190690690690690801e+01 1.244309396934313305e-01
1.191691691691691801e+01 1.247573813096999745e-01
1.192692692692692802e+01 1.250859430615603729e-01
1.193693693693693803e+01 1.254145048134207574e-01
1.194694694694694803e+01 1.257438158838526665e-01
1.195695695695695804e+01 1.260756214390527929e-01
1.196696696696696804e+01 1.264074269942529194e-01
1.197697697697697805e+01 1.267396236046516578e-01
1.198698698698698806e+01 1.270746933935628376e-01
1.199699699699699806e+01 1.274097631824740451e-01
1.200700700700700807e+01 1.277448612168647357e-01
1.201701701701701808e+01 1.280832153638570003e-01
1.202702702702702808e+01 1.284215695108492372e-01
1.203703703703703809e+01 1.287599236578415018e-01
1.204704704704704810e+01 1.291012429699546493e-01
1.205705705705705810e+01 1.294429012902485188e-01
1.206706706706706811e+01 1.297845596105424160e-01
1.207707707707707812e+01 1.301288310051679498e-01
1.208708708708708812e+01 1.304738130017931430e-01
1.209709709709709813e+01 1.308187949984183085e-01
1.210710710710710813e+01 1.311660334284026896e-01
1.211711711711711814e+01 1.315143582892637497e-01
1.212712712712712815e+01 1.318626831501247820e-01
1.213713713713713815e+01 1.322129033567212286e-01
1.214714714714714816e+01 1.325645899517705895e-01
1.215715715715715817e+01 1.329162765468199781e-01
1.216716716716716817e+01 1.332694930581673209e-01
1.217717717717717818e+01 1.336245599366854275e-01
1.218718718718718819e+01 1.339796268152035341e-01
1.219719719719719819e+01 1.343358539448528954e-01
1.220720720720720820e+01 1.346943193328357657e-01
1.221721721721721821e+01 1.350527847208186638e-01
1.222722722722722821e+01 1.354120365663080416e-01
1.223723723723723822e+01 1.357739183639629643e-01
1.224724724724724823e+01 1.361358001616178870e-01
1.225725725725725823e+01 1.364980906030942576e-01
1.226726726726726824e+01 1.368634063824421543e-01
1.227727727727727824e+01 1.372287221617900232e-01
1.228728728728728825e+01 1.375940648606791550e-01
1.229729729729729826e+01 1.379628318632651340e-01
1.230730730730730826e+01 1.383315988658510853e-01
1.231731731731731827e+01 1.387003658684370644e-01
1.232732732732732828e+01 1.390722423982861389e-01
1.233733733733733828e+01 1.394444775329969077e-01
1.234734734734734829e+01 1.398167126677076766e-01
1.235735735735735830e+01 1.401916846907292069e-01
1.236736736736736830e+01 1.405674045317180376e-01
1.237737737737737831e+01 1.409431243727068406e-01
1.238738738738738832e+01 1.413212045499584735e-01
1.239739739739739832e+01 1.417004253346772769e-01
1.240740740740740833e+01 1.420796461193961358e-01
1.241741741741741833e+01 1.424608468865094235e-01
1.242742742742742834e+01 1.428435845138471827e-01
1.243743743743743835e+01 1.432263221411849419e-01
1.244744744744744835e+01 1.436106557073803247e-01
1.245745745745745836e+01 1.439969257359080823e-01
1.246746746746746837e+01 1.443831957644358399e-01
1.247747747747747837e+01 1.447706741115845075e-01
1.248748748748748838e+01 1.451604917579071008e-01
1.249749749749749839e+01 1.455503094042296941e-01
1.250750750750750839e+01 1.459409442859624650e-01
1.251751751751751840e+01 1.463343244231752049e-01
1.252752752752752841e+01 1.467277045603879726e-01
1.253753753753753841e+01 1.471215075012510809e-01
1.254754754754754842e+01 1.475184646575024294e-01
1.255755755755755843e+01 1.479154218137537780e-01
1.256756756756756843e+01 1.483124041084114830e-01
1.257757757757757844e+01 1.487129524655699531e-01
1.258758758758758844e+01 1.491135008227284509e-01
1.259759759759759845e+01 1.495140491798868931e-01
1.260760760760760846e+01 1.499178269276382203e-01
1.261761761761761846e+01 1.503219803200643856e-01
1.262762762762762847e+01 1.507261337124905787e-01
1.263763763763763848e+01 1.511331261964898032e-01
1.264764764764764848e+01 1.515408981099114760e-01
1.265765765765765849e+01 1.519486700233331489e-01
1.266766766766766850e+01 1.523588874946250615e-01
1.267767767767767850e+01 1.527702910651157209e-01
1.268768768768768851e+01 1.531816946356063802e-01
1.269769769769769852e+01 1.535951471117097955e-01
1.270770770770770852e+01 1.540101951247703493e-01
1.271771771771771853e+01 1.544252431378309032e-01
1.272772772772772854e+01 1.548419404022744750e-01
1.273773773773773854e+01 1.552606452920158586e-01
1.274774774774774855e+01 1.556793501817572145e-01
1.275775775775775855e+01 1.560993017836601326e-01
1.276776776776776856e+01 1.565216756320876867e-01
1.277777777777777857e+01 1.569440494805152408e-01
1.278778778778778857e+01 1.573672647342130027e-01
1.279779779779779858e+01 1.577933192706117149e-01
1.280780780780780859e+01 1.582193738070104272e-01
1.281781781781781859e+01 1.586458617917250735e-01
1.282782782782782860e+01 1.590756083921434083e-01
1.283783783783783861e+01 1.595053549925617709e-01
1.284784784784784861e+01 1.599351245521158649e-01
1.285785785785785862e+01 1.603685742389498181e-01
1.286786786786786863e+01 1.608020239257837714e-01
1.287787787787787863e+01 1.612354736126177246e-01
1.288788788788788864e+01 1.616722471100332237e-01
1.289789789789789864e+01 1.621094105517068840e-01
1.290790790790790865e+01 1.625465739933805720e-01
1.291791791791791866e+01 1.629866563603923069e-01
1.292792792792792866e+01 1.634275438711372541e-01
1.293793793793793867e+01 1.638684313818822014e-01
1.294794794794794868e+01 1.643118304005222186e-01
1.295795795795795868e+01 1.647564519402518191e-01
1.296796796796796869e+01 1.652010734799814196e-01
1.297797797797797870e+01 1.656477966961474591e-01
1.298798798798798870e+01 1.660961618704272225e-01
1.299799799799799871e+01 1.665445270447069859e-01
1.300800800800800872e+01 1.669945817681885158e-01
1.301801801801801872e+01 1.674466998283008212e-01
1.302802802802802873e+01 1.678988178884130988e-01
1.303803803803803874e+01 1.683522111929587617e-01
1.304804804804804874e+01 1.688080910360604259e-01
1.305805805805805875e+01 1.692639708791620901e-01
1.306806806806806875e+01 1.697207096025882544e-01
1.307807807807807876e+01 1.701803597719608319e-01
1.308808808808808877e+01 1.706400099413334093e-01
1.309809809809809877e+01 1.711001006856738282e-01
1.310810810810810878e+01 1.715635293710656428e-01
1.311811811811811879e+01 1.720269580564574574e-01
1.312812812812812879e+01 1.724904071881536716e-01
1.313813813813813880e+01 1.729576222262114160e-01
1.314814814814814881e+01 1.734248372642692160e-01
1.315815815815815881e+01 1.738920523023269882e-01
1.316816816816816882e+01 1.743626597891904662e-01
1.317817817817817883e+01 1.748336686639801740e-01
1.318818818818818883e+01 1.753046775387698819e-01
1.319819819819819884e+01 1.757786625721509122e-01
1.320820820820820884e+01 1.762534724157673316e-01
1.321821821821821885e+01 1.767282822593837510e-01
1.322822822822822886e+01 1.772056501492123848e-01
1.323823823823823886e+01 1.776842677424748662e-01
1.324824824824824887e+01 1.781628853357373199e-01
1.325825825825825888e+01 1.786436411582919548e-01
1.326826826826826888e+01 1.791260729315262146e-01
1.327827827827827889e+01 1.796085047047604466e-01
1.328828828828828890e+01 1.800926533031400045e-01
1.329829829829829890e+01 1.805789053370447372e-01
1.330830830830830891e+01 1.810651573709494422e-01
1.331831831831831892e+01 1.815527033555826286e-01
1.332832832832832892e+01 1.820427813821794139e-01
1.333833833833833893e+01 1.825328594087762268e-01
1.334834834834834894e+01 1.830238071579676218e-01
1.335835835835835894e+01 1.835177165616330153e-01
1.336836836836836895e+01 1.840116259652984088e-01
1.337837837837837895e+01 1.845059796258107510e-01
1.338838838838838896e+01 1.850037254443891444e-01
1.339839839839839897e+01 1.855014712629675377e-01
1.340840840840840897e+01 1.859992347506400634e-01
1.341841841841841898e+01 1.865008216766368410e-01
1.342842842842842899e+01 1.870024086026336185e-01
1.343843843843843899e+01 1.875039955286303961e-01
1.344844844844844900e+01 1.880090179848886989e-01
1.345845845845845901e+01 1.885144503667412763e-01
1.346846846846846901e+01 1.890198827485937982e-01
1.347847847847847902e+01 1.895283261792894691e-01
1.348848848848848903e+01 1.900376080227158815e-01
1.349849849849849903e+01 1.905468898661423216e-01
1.350850850850850904e+01 1.910587571571131515e-01
1.351851851851851904e+01 1.915718921265371633e-01
1.352852852852852905e+01 1.920850270959611750e-01
1.353853853853853906e+01 1.926003209064452715e-01
1.354854854854854906e+01 1.931173123264946223e-01
1.355855855855855907e+01 1.936343037465440009e-01
1.356856856856856908e+01 1.941530265100452624e-01
1.357857857857857908e+01 1.946738773671251588e-01
1.358858858858858909e+01 1.951947282242050552e-01
1.359859859859859910e+01 1.957168821493905364e-01
1.360860860860860910e+01 1.962415950933274200e-01
1.361861861861861911e+01 1.967663080372643314e-01
1.362862862862862912e+01 1.972918951088930561e-01
1.363863863863863912e+01 1.978204724546506199e-01
1.364864864864864913e+01 1.983490498004081837e-01
1.365865865865865914e+01 1.988780717802919040e-01
1.366866866866866914e+01 1.994105155097553317e-01
1.367867867867867915e+01 1.999429592392187871e-01
1.368868868868868915e+01 2.004754176672128296e-01
1.369869869869869916e+01 2.010117294310416747e-01
1.370870870870870917e+01 2.015480411948705475e-01
1.371871871871871917e+01 2.020843529586994203e-01
1.372872872872872918e+01 2.026241185094432296e-01
1.373873873873873919e+01 2.031642996289912684e-01
1.374874874874874919e+01 2.037044807485393072e-01
1.375875875875875920e+01 2.042476861593834625e-01
1.376876876876876921e+01 2.047917376286833846e-01
1.377877877877877921e+01 2.053357890979832789e-01
1.378878878878878922e+01 2.058824349238898010e-01
1.379879879879879923e+01 2.064303574117014317e-01
1.380880880880880923e+01 2.069782798995131179e-01
1.381881881881881924e+01 2.075283664798630856e-01
1.382882882882882924e+01 2.080801603317861959e-01
1.383883883883883925e+01 2.086319541837093061e-01
1.384884884884884926e+01 2.091854816435024800e-01
1.385885885885885926e+01 2.097411468841484106e-01
1.386886886886886927e+01 2.102968121247943134e-01
1.387887887887887928e+01 2.108537803758754603e-01
1.388888888888888928e+01 2.114133167111001965e-01
1.389889889889889929e+01 2.119728530463249605e-01
1.390890890890890930e+01 2.125332617886368791e-01
1.391891891891891930e+01 2.130966686078330785e-01
1.392892892892892931e+01 2.136600754270292779e-01
1.393893893893893932e+01 2.142239241498916091e-01
1.394894894894894932e+01 2.147912005283356962e-01
1.395895895895895933e+01 2.153584769067797833e-01
1.396896896896896934e+01 2.159257648901923288e-01
1.397897897897897934e+01 2.164969095914499042e-01
1.398898898898898935e+01 2.170680542927075074e-01
1.399899899899899935e+01 2.176391989939651106e-01
1.400900900900900936e+01 2.182137920870641234e-01
1.401901901901901937e+01 2.187888035654482477e-01
1.402902902902902937e+01 2.193638150438323442e-01
1.403903903903903938e+01 2.199418434824362834e-01
1.404904904904904939e+01 2.205207198855191064e-01
1.405905905905905939e+01 2.210995962886019572e-01
1.406906906906906940e+01 2.216810584286467989e-01
1.407907907907907941e+01 2.222637975998234261e-01
1.408908908908908941e+01 2.228465367710000533e-01
1.409909909909909942e+01 2.234314307671768918e-01
1.410910910910910943e+01 2.240180302482786823e-01
1.411911911911911943e+01 2.246046297293805005e-01
1.412912912912912944e+01 2.251929535366088975e-01
1.413913913913913944e+01 2.257834105705666949e-01
1.414914914914914945e+01 2.263738676045244924e-01
1.415915915915915946e+01 2.269656189794468093e-01
1.416916916916916946e+01 2.275599305130010797e-01
1.417917917917917947e+01 2.281542420465553500e-01
1.418918918918918948e+01 2.287494185490517029e-01
1.419919919919919948e+01 2.293475812355093291e-01
1.420920920920920949e+01 2.299457439219669830e-01
1.421921921921921950e+01 2.305443429166911251e-01
1.422922922922922950e+01 2.311463531187264719e-01
1.423923923923923951e+01 2.317483633207617910e-01
1.424924924924924952e+01 2.323503819786961466e-01
1.425925925925925952e+01 2.329562357711970344e-01
1.426926926926926953e+01 2.335620895636979222e-01
1.427927927927927954e+01 2.341679433561988100e-01
1.428928928928928954e+01 2.347772180366833050e-01
1.429929929929929955e+01 2.353869112096371730e-01
1.430930930930930955e+01 2.359966043825910409e-01
1.431931931931931956e+01 2.366092880015730204e-01
1.432932932932932957e+01 2.372228160629958338e-01
1.433933933933933957e+01 2.378363441244186749e-01
1.434934934934934958e+01 2.384524330023891636e-01
1.435935935935935959e+01 2.390697911812927345e-01
1.436936936936936959e+01 2.396871493601963332e-01
1.437937937937937960e+01 2.403066396333936039e-01
1.438938938938938961e+01 2.409278228827917423e-01
1.439939939939939961e+01 2.415490061321899085e-01
1.440940940940940962e+01 2.421718937542844119e-01
1.441941941941941963e+01 2.427968967542346312e-01
1.442942942942942963e+01 2.434218997541848506e-01
1.443943943943943964e+01 2.440481804979807989e-01
1.444944944944944965e+01 2.446769976586645190e-01
1.445945945945945965e+01 2.453058148193482391e-01
1.446946946946946966e+01 2.459354842785006490e-01
1.447947947947947966e+01 2.465681097433339020e-01
1.448948948948948967e+01 2.472007352081671550e-01
1.449949949949949968e+01 2.478337887989128241e-01
1.450950950950950968e+01 2.484702164476928210e-01
1.451951951951951969e+01 2.491066440964728179e-01
1.452952952952952970e+01 2.497430770593774552e-01
1.453953953953953970e+01 2.503833005114595722e-01
1.454954954954954971e+01 2.510235239635417726e-01
1.455955955955955972e+01 2.516637474156239174e-01
1.456956956956956972e+01 2.523073439827660525e-01
1.457957957957957973e+01 2.529513566002716263e-01
1.458958958958958974e+01 2.535953692177773111e-01
1.459959959959959974e+01 2.542423282263762130e-01
1.460960960960960975e+01 2.548901231174290904e-01
1.461961961961961975e+01 2.555379180084819679e-01
1.462962962962962976e+01 2.561882339319759283e-01
1.463963963963963977e+01 2.568398039539677158e-01
1.464964964964964977e+01 2.574913739759595033e-01
1.465965965965965978e+01 2.581450411225300612e-01
1.466966966966966979e+01 2.588003788854106868e-01
1.467967967967967979e+01 2.594557166482913679e-01
1.468968968968968980e+01 2.601127291627027827e-01
1.469969969969969981e+01 2.607718270322982312e-01
1.470970970970970981e+01 2.614309249018936798e-01
1.471971971971971982e+01 2.620912767673422850e-01
1.472972972972972983e+01 2.627541268686947595e-01
1.473973973973973983e+01 2.634169769700472341e-01
1.474974974974974984e+01 2.640806620100213942e-01
1.475975975975975985e+01 2.647472562307537913e-01
1.476976976976976985e+01 2.654138504514861885e-01
1.477977977977977986e+01 2.660808623316364696e-01
1.478978978978978986e+01 2.667511923253378936e-01
1.479979979979979987e+01 2.674215223190392621e-01
1.480980980980980988e+01 2.680918545490582061e-01
1.481981981981981988e+01 2.687659117386904106e-01
1.482982982982982989e+01 2.694399689283227262e-01
1.483983983983983990e+01 2.701140261179549862e-01
1.484984984984984990e+01 2.707913904451574316e-01
1.485985985985985991e+01 2.714691660264809125e-01
1.486986986986986992e+01 2.721469416078044490e-01
1.487987987987987992e+01 2.728276038159544448e-01
1.488988988988988993e+01 2.735090887609717414e-01
1.489989989989989994e+01 2.741905737059890380e-01
1.490990990990990994e+01 2.748745266279782884e-01
1.491991991991991995e+01 2.755597116883956588e-01
1.492992992992992995e+01 2.762448967488131402e-01
1.493993993993993996e+01 2.769321330726602359e-01
1.494994994994994997e+01 2.776210087833649864e-01
1.495995995995995997e+01 2.783098844940696814e-01
1.496996996996996998e+01 2.790003967648574390e-01
1.497997997997997999e+01 2.796929534474087431e-01
1.498998998998998999e+01 2.803855101299600472e-01
1.500000000000000000e+01 2.810792907517786210e-01
