5.000000000000000000e+00 1.292269998314420423e-02
5.010010010010010006e+00 1.305988819228927865e-02
5.020020020020020013e+00 1.319707640143435480e-02
5.030030030030030019e+00 1.333426461057942922e-02
5.040040040040040026e+00 1.347145281972450537e-02
5.050050050050050032e+00 1.360864102886958152e-02
5.060060060060060039e+00 1.374582923801465593e-02
5.070070070070070045e+00 1.388301744715973035e-02
5.080080080080080052e+00 1.402020565630480650e-02
5.090090090090090058e+00 1.415739386544988265e-02
5.100100100100100065e+00 1.429458207459495707e-02
5.110110110110110071e+00 1.443278785255311565e-02
5.120120120120120077e+00 1.457205612877317431e-02
5.130130130130130084e+00 1.471132440499323298e-02
5.140140140140140090e+00 1.485135632168064004e-02
5.150150150150150097e+00 1.499268292800136695e-02
5.160160160160160103e+00 1.513400953432209213e-02
5.170170170170170110e+00 1.527585082393578993e-02
5.180180180180180116e+00 1.541921336100402981e-02
5.190190190190190123e+00 1.556257589807226970e-02
5.200200200200200129e+00 1.570620937078192475e-02
5.210210210210210136e+00 1.585158480266010000e-02
5.220220220220220142e+00 1.599696023453827526e-02
5.230230230230230148e+00 1.614236829007415636e-02
5.240240240240240155e+00 1.628973296937357568e-02
5.250250250250250161e+00 1.643709764867299847e-02
5.260260260260260168e+00 1.658446232797241779e-02
5.270270270270270174e+00 1.673359198200518455e-02
5.280280280280280181e+00 1.688292167436778249e-02
5.290290290290290187e+00 1.703225136673038043e-02
5.300300300300300194e+00 1.718309442724356290e-02
5.310310310310310200e+00 1.733436433518383002e-02
5.320320320320320207e+00 1.748563424312410061e-02
5.330330330330330213e+00 1.763817141744453837e-02
5.340340340340340219e+00 1.779135620356578698e-02
5.350350350350350226e+00 1.794454098968703212e-02
5.360360360360360232e+00 1.809875264897152156e-02
5.370370370370370239e+00 1.825382645857188263e-02
5.380380380380380245e+00 1.840890026817224023e-02
5.390390390390390252e+00 1.856476645907333481e-02
5.400400400400400258e+00 1.872170294215921502e-02
5.410410410410410265e+00 1.887863942524509522e-02
5.420420420420420271e+00 1.903613988134017498e-02
5.430430430430430278e+00 1.919491221406538495e-02
5.440440440440440284e+00 1.935368454679058797e-02
5.450450450450450290e+00 1.951279869977971815e-02
5.460460460460460297e+00 1.967337960532990898e-02
5.470470470470470303e+00 1.983396051088009981e-02
5.480480480480480310e+00 1.999466750155848294e-02
5.490490490490490316e+00 2.015702927050126020e-02
5.500500500500500323e+00 2.031939103944403399e-02
5.510510510510510329e+00 2.048175280838681125e-02
5.520520520520520336e+00 2.064578423857649572e-02
5.530530530530530342e+00 2.080989874869805523e-02
5.540540540540540349e+00 2.097401325881962167e-02
5.550550550550550355e+00 2.113956646272157833e-02
5.560560560560560361e+00 2.130540519837093721e-02
5.570570570570570368e+00 2.147124393402029610e-02
5.580580580580580374e+00 2.163829686882104072e-02
5.590590590590590381e+00 2.180583093978370052e-02
5.600600600600600387e+00 2.197336501074635684e-02
5.610610610610610394e+00 2.214189540290676869e-02
5.620620620620620400e+00 2.231109556282887679e-02
5.630630630630630407e+00 2.248029572275098836e-02
5.640640640640640413e+00 2.265028107751418385e-02
5.650650650650650419e+00 2.282111774189874917e-02
5.660660660660660426e+00 2.299195440628331102e-02
5.670670670670670432e+00 2.316337201701516857e-02
5.680680680680680439e+00 2.333581528081150186e-02
5.690690690690690445e+00 2.350825854460783515e-02
5.700700700700700452e+00 2.368108550197615264e-02
5.710710710710710458e+00 2.385510515678310878e-02
5.720720720720720465e+00 2.402912481159006838e-02
5.730730730730730471e+00 2.420333801258831713e-02
5.740740740740740478e+00 2.437890356349184731e-02
5.750750750750750484e+00 2.455446911439538096e-02
5.760760760760760490e+00 2.473004527121703752e-02
5.770770770770770497e+00 2.490712595328157739e-02
5.780780780780780503e+00 2.508420663534611725e-02
5.790790790790790510e+00 2.526128731741065711e-02
5.800800800800800516e+00 2.543968707854836475e-02
5.810810810810810523e+00 2.561825187298145956e-02
5.820820820820820529e+00 2.579681666741455090e-02
5.830830830830830536e+00 2.597650103235386518e-02
5.840840840840840542e+00 2.615651868236211486e-02
5.850850850850850549e+00 2.633653633237037148e-02
5.860860860860860555e+00 2.651748128830680451e-02
5.870870870870870561e+00 2.669892031466113494e-02
5.880880880880880568e+00 2.688035934101546537e-02
5.890890890890890574e+00 2.706254073975316796e-02
5.900900900900900581e+00 2.724536945608011310e-02
5.910910910910910587e+00 2.742819817240705824e-02
5.920920920920920594e+00 2.761159173831307170e-02
5.930930930930930600e+00 2.779577826612815439e-02
5.940940940940940607e+00 2.797996479394324054e-02
5.950950950950950613e+00 2.816454613180083277e-02
5.960960960960960620e+00 2.835005841529929238e-02
5.970970970970970626e+00 2.853557069879775546e-02
5.980980980980980632e+00 2.872131530156307386e-02
5.990990990990990639e+00 2.890812112218214130e-02
6.001001001001000645e+00 2.909492694280120528e-02
6.011011011011010652e+00 2.928181019926730938e-02
6.021021021021020658e+00 2.946987719003359152e-02
6.031031031031030665e+00 2.965794418079987366e-02
6.041041041041040671e+00 2.984601117156615926e-02
6.051051051051050678e+00 3.003523704284654164e-02
6.061061061061060684e+00 3.022453270252090443e-02
6.071071071071070691e+00 3.041382836219527069e-02
6.081081081081080697e+00 3.060411076093935701e-02
6.091091091091090703e+00 3.079460246797096484e-02
6.101101101101100710e+00 3.098509417500256921e-02
6.111111111111110716e+00 3.117640811609323839e-02
6.121121121121120723e+00 3.136806314239346666e-02
6.131131131131130729e+00 3.155971816869369145e-02
6.141141141141140736e+00 3.175203860626145402e-02
6.151151151151150742e+00 3.194482413080757671e-02
6.161161161161160749e+00 3.213760965535370634e-02
6.171171171171170755e+00 3.233091148987261854e-02
6.181181181181180762e+00 3.252479461215000006e-02
6.191191191191190768e+00 3.271867773442739546e-02
6.201201201201200774e+00 3.291293581974783639e-02
6.211211211211210781e+00 3.310788357303901669e-02
6.221221221221220787e+00 3.330283132633019005e-02
6.231231231231230794e+00 3.349802047665072224e-02
6.241241241241240800e+00 3.369399984117845553e-02
6.251251251251250807e+00 3.388997920570619576e-02
6.261261261261260813e+00 3.408607420248640357e-02
6.271271271271270820e+00 3.428305211841717326e-02
6.281281281281280826e+00 3.448003003434793601e-02
6.291291291291290833e+00 3.467700795027869876e-02
6.301301301301300839e+00 3.487494901347770043e-02
6.311311311311310845e+00 3.507289239379122320e-02
6.321321321321320852e+00 3.527083577410474596e-02
6.331331331331330858e+00 3.546959907436704473e-02
6.341341341341340865e+00 3.566847481759707200e-02
6.351351351351350871e+00 3.586735056082709927e-02
6.361361361361360878e+00 3.606691082047982361e-02
6.371371371371370884e+00 3.626668582332979313e-02
6.381381381381380891e+00 3.646646082617976264e-02
6.391391391391390897e+00 3.666679277440273305e-02
6.401401401401400904e+00 3.686743394424026737e-02
6.411411411411410910e+00 3.706807511407780864e-02
6.421421421421420916e+00 3.726915349342838774e-02
6.431431431431430923e+00 3.747062776066122092e-02
6.441441441441440929e+00 3.767210202789404022e-02
6.451451451451450936e+00 3.787390160078442369e-02
6.461461461461460942e+00 3.807617593111994186e-02
6.471471471471470949e+00 3.827845026145546004e-02
6.481481481481480955e+00 3.848094581658273450e-02
6.491491491491490962e+00 3.868398722317260147e-02
6.501501501501500968e+00 3.888702862976246843e-02
6.511511511511510975e+00 3.909019498849194280e-02
6.521521521521520981e+00 3.929397054396310124e-02
6.531531531531530987e+00 3.949774609943427356e-02
6.541541541541540994e+00 3.970155812213630592e-02
6.551551551551551000e+00 3.990603497050863868e-02
6.561561561561561007e+00 4.011051181888098532e-02
6.571571571571571013e+00 4.031498866725331809e-02
6.581581581581581020e+00 4.052008977971190140e-02
6.591591591591591026e+00 4.072523514820230311e-02
6.601601601601601033e+00 4.093038051669270483e-02
6.611611611611611927e+00 4.113604447809982717e-02
6.621621621621621934e+00 4.134182568881276942e-02
6.631631631631631940e+00 4.154760689952571862e-02
6.641641641641641947e+00 4.175380883128774340e-02
6.651651651651651953e+00 4.196019331279088327e-02
6.661661661661661959e+00 4.216657779429401620e-02
6.671671671671671966e+00 4.237329289316612430e-02
6.681681681681681972e+00 4.258024819194992927e-02
6.691691691691691979e+00 4.278720349073374118e-02
6.701701701701701985e+00 4.299440703480707227e-02
6.711711711711711992e+00 4.320190082662670600e-02
6.721721721721721998e+00 4.340939461844634667e-02
6.731731731731732005e+00 4.361706197308645727e-02
6.741741741741742011e+00 4.382506207418403188e-02
6.751751751751752018e+00 4.403306217528159261e-02
6.761761761761762024e+00 4.424116879901739824e-02
6.771771771771772030e+00 4.444964317722199104e-02
6.781781781781782037e+00 4.465811755542659078e-02
6.791791791791792043e+00 4.486663900578904268e-02
6.801801801801802050e+00 4.507555579149238184e-02
6.811811811811812056e+00 4.528447257719571406e-02
6.821821821821822063e+00 4.549338936289904628e-02
6.831831831831832069e+00 4.570271201351018553e-02
6.841841841841842076e+00 4.591203951051467391e-02
6.851851851851852082e+00 4.612136700751916923e-02
6.861861861861862089e+00 4.633102440785562270e-02
6.871871871871872095e+00 4.654073110409225750e-02
6.881881881881882101e+00 4.675043780032889229e-02
6.891891891891892108e+00 4.696040603415969211e-02
6.901901901901902114e+00 4.717046061227204989e-02
6.911911911911912121e+00 4.738051519038440768e-02
6.921921921921922127e+00 4.759077047376539249e-02
6.931931931931932134e+00 4.780114182155677238e-02
6.941941941941942140e+00 4.801151316934814534e-02
6.951951951951952147e+00 4.822203185605733466e-02
6.961961961961962153e+00 4.843268907679752766e-02
6.971971971971972160e+00 4.864334629753771372e-02
6.981981981981982166e+00 4.885410488445179195e-02
6.991991991991992172e+00 4.906501730703963920e-02
7.002002002002002179e+00 4.927592972962747953e-02
7.012012012012012185e+00 4.948690486203824457e-02
7.022022022022022192e+00 4.969804205101648054e-02
7.032032032032032198e+00 4.990917923999470956e-02
7.042042042042042205e+00 5.012034771686458418e-02
7.052052052052052211e+00 5.033167948228333549e-02
7.062062062062062218e+00 5.054301124770207293e-02
7.072072072072072224e+00 5.075435002685749902e-02
7.082082082082082231e+00 5.096584643398216485e-02
7.092092092092092237e+00 5.117734284110683762e-02
7.102102102102102243e+00 5.138883924823150345e-02
7.112112112112112250e+00 5.160046042322887633e-02
7.122122122122122256e+00 5.181209180208948273e-02
7.132132132132132263e+00 5.202372318095008219e-02
7.142142142142142269e+00 5.223543967511454222e-02
7.152152152152152276e+00 5.244717662989160922e-02
7.162162162162162282e+00 5.265891358466866928e-02
7.172172172172172289e+00 5.287070314631114876e-02
7.182182182182182295e+00 5.308251656455539175e-02
7.192192192192192302e+00 5.329432998279962780e-02
7.202202202202202308e+00 5.350617054827423030e-02
7.212212212212212314e+00 5.371803160995539117e-02
7.222222222222222321e+00 5.392989267163655898e-02
7.232232232232232327e+00 5.414176237003257008e-02
7.242242242242242334e+00 5.435364255641444292e-02
7.252252252252252340e+00 5.456552274279632270e-02
7.262262262262262347e+00 5.477739990055782715e-02
7.272272272272272353e+00 5.498927100289539155e-02
7.282282282282282360e+00 5.520114210523296289e-02
7.292292292292292366e+00 5.541300525070488869e-02
7.302302302302302373e+00 5.562483937875973422e-02
7.312312312312312379e+00 5.583667350681458669e-02
7.322322322322322385e+00 5.604850137471415611e-02
7.332332332332332392e+00 5.626027096508563752e-02
7.342342342342342398e+00 5.647204055545711893e-02
7.352352352352352405e+00 5.668381014582860727e-02
7.362362362362362411e+00 5.689548991553751434e-02
7.372372372372372418e+00 5.710716773980501620e-02
7.382382382382382424e+00 5.731884556407251807e-02
7.392392392392392431e+00 5.753042127677867462e-02
7.402402402402402437e+00 5.774198044945269559e-02
7.412412412412412444e+00 5.795353962212671656e-02
7.422422422422422450e+00 5.816499100842067310e-02
7.432432432432432456e+00 5.837640499469912841e-02
7.442442442442442463e+00 5.858781898097758373e-02
7.452452452452452469e+00 5.879912600250146448e-02
7.462462462462462476e+00 5.901036862582802189e-02
7.472472472472472482e+00 5.922161124915457930e-02
7.482482482482482489e+00 5.943275410248541335e-02
7.492492492492492495e+00 5.964379955190739213e-02
7.502502502502502502e+00 5.985484500132936397e-02
7.512512512512512508e+00 6.006580412177921213e-02
7.522522522522522515e+00 6.027662695910184637e-02
7.532532532532532521e+00 6.048744979642448061e-02
7.542542542542542527e+00 6.069820586175666416e-02
7.552552552552552534e+00 6.090878102849157233e-02
7.562562562562562540e+00 6.111935619522647356e-02
7.572572572572572547e+00 6.132989012928718314e-02
7.582582582582582553e+00 6.154019295339198392e-02
7.592592592592592560e+00 6.175049577749678470e-02
7.602602602602602566e+00 6.196078875376122286e-02
7.612612612612612573e+00 6.217079495616840284e-02
7.622622622622622579e+00 6.238080115857557589e-02
7.632632632632632586e+00 6.259080736098275588e-02
7.642642642642642592e+00 6.280052030454123801e-02
7.652652652652652598e+00 6.301020600547442563e-02
7.662662662662662605e+00 6.321989170640764100e-02
7.672672672672672611e+00 6.342930332737681254e-02
7.682682682682682618e+00 6.363864505245156455e-02
7.692692692692692624e+00 6.384798677752631657e-02
7.702702702702702631e+00 6.405707942995828019e-02
7.712712712712712637e+00 6.426605411606638174e-02
7.722722722722722644e+00 6.447502880217446941e-02
7.732732732732732650e+00 6.468378510873422360e-02
7.742742742742742657e+00 6.489237010970967667e-02
7.752752752752752663e+00 6.510095511068512975e-02
7.762762762762762669e+00 6.530935796554036832e-02
7.772772772772772676e+00 6.551753105760535489e-02
7.782782782782782682e+00 6.572570414967034147e-02
7.792792792792792689e+00 6.593373672129097807e-02
7.802802802802802695e+00 6.614147610828081947e-02
7.812812812812812702e+00 6.634921549527064699e-02
7.822822822822822708e+00 6.655686122913764824e-02
7.832832832832832715e+00 6.676414554750338681e-02
7.842842842842842721e+00 6.697142986586912539e-02
7.852852852852852727e+00 6.717867248709233352e-02
7.862862862862862734e+00 6.738548081068025664e-02
7.872872872872872740e+00 6.759228913426816587e-02
7.882882882882882747e+00 6.779909745785608899e-02
7.892892892892892753e+00 6.800542449471996820e-02
7.902902902902902760e+00 6.821173633932703373e-02
7.912912912912912766e+00 6.841804818393409926e-02
7.922922922922922773e+00 6.862392036935406614e-02
7.932932932932932779e+00 6.882971569705899351e-02
7.942942942942942786e+00 6.903551102476393475e-02
7.952952952952952792e+00 6.924091338791744932e-02
7.962962962962962798e+00 6.944617261118658791e-02
7.972972972972972805e+00 6.965143183445572650e-02
7.982982982982982811e+00 6.985634969758644508e-02
7.992992992992992818e+00 7.006105368315483639e-02
8.003003003003001936e+00 7.026575766872318607e-02
8.013013013013011943e+00 7.047017664907501144e-02
8.023023023023021949e+00 7.067430672160161798e-02
8.033033033033031955e+00 7.087843679412821063e-02
8.043043043043041962e+00 7.108234280578730468e-02
8.053053053053051968e+00 7.128588075128562684e-02
8.063063063063061975e+00 7.148941869678393513e-02
8.073073073073071981e+00 7.169279795242874953e-02
8.083083083083081988e+00 7.189572602147235869e-02
8.093093093093091994e+00 7.209865409051596785e-02
8.103103103103102001e+00 7.230149310307529276e-02
8.113113113113112007e+00 7.250379401377878008e-02
8.123123123123122014e+00 7.270609492448226741e-02
8.133133133133132020e+00 7.290838050870149245e-02
8.143143143143142026e+00 7.311003744947765226e-02
8.153153153153152033e+00 7.331169439025382595e-02
8.163163163163162039e+00 7.351335133102998576e-02
8.173173173173172046e+00 7.371441029626342456e-02
8.183183183183182052e+00 7.391540692835724125e-02
8.193193193193192059e+00 7.411640356045107181e-02
8.203203203203202065e+00 7.431686777448127945e-02
8.213213213213213848e+00 7.451718823428200855e-02
8.223223223223223854e+00 7.471750869408269602e-02
8.233233233233233861e+00 7.491736636282191053e-02
8.243243243243243867e+00 7.511699526395335114e-02
8.253253253253253874e+00 7.531662416508477786e-02
8.263263263263263880e+00 7.551586380348337957e-02
8.273273273273273887e+00 7.571478623867497482e-02
8.283283283283283893e+00 7.591370867386659782e-02
8.293293293293293900e+00 7.611231910680466006e-02
8.303303303303303906e+00 7.631052064954352288e-02
8.313313313313313913e+00 7.650872219228239957e-02
8.323323323323323919e+00 7.670669255537250486e-02
8.333333333333333925e+00 7.690415926133836733e-02
8.343343343343343932e+00 7.710162596730424367e-02
8.353353353353353938e+00 7.729894570760559303e-02
8.363363363363363945e+00 7.749566411589056680e-02
8.373373373373373951e+00 7.769238252417555446e-02
8.383383383383383958e+00 7.788904140082038297e-02
8.393393393393393964e+00 7.808499853493479359e-02
8.403403403403403971e+00 7.828095566904920422e-02
8.413413413413413977e+00 7.847691280316360096e-02
8.423423423423423984e+00 7.867212712244789352e-02
8.433433433433433990e+00 7.886731049111425640e-02
8.443443443443443996e+00 7.906249385978061928e-02
8.453453453453454003e+00 7.925701576647910251e-02
8.463463463463464009e+00 7.945141336421664147e-02
8.473473473473474016e+00 7.964581096195418042e-02
8.483483483483484022e+00 7.983963164047672145e-02
8.493493493493494029e+00 8.003323194797795637e-02
8.503503503503504035e+00 8.022683225547919128e-02
8.513513513513514042e+00 8.041994320411557928e-02
8.523523523523524048e+00 8.061273518841756414e-02
8.533533533533534055e+00 8.080552717271953511e-02
8.543543543543544061e+00 8.099792020363094647e-02
8.553553553553554067e+00 8.118989331808366960e-02
8.563563563563564074e+00 8.138186643253637886e-02
8.573573573573574080e+00 8.157353367166467195e-02
8.583583583583584087e+00 8.176467785569889457e-02
8.593593593593594093e+00 8.195582203973310331e-02
8.603603603603604100e+00 8.214675592662870618e-02
8.613613613613614106e+00 8.233706160532552887e-02
8.623623623623624113e+00 8.252736728402233768e-02
8.633633633633634119e+00 8.271756057159151965e-02
8.643643643643644126e+00 8.290701865505728518e-02
8.653653653653654132e+00 8.309647673852306460e-02
8.663663663663664138e+00 8.328592249269561876e-02
8.673673673673674145e+00 8.347452437524367774e-02
8.683683683683684151e+00 8.366312625779176448e-02
8.693693693693694158e+00 8.385172814033985123e-02
8.703703703703704164e+00 8.403955541625274250e-02
8.713713713713714171e+00 8.422729297539623128e-02
8.723723723723724177e+00 8.441503053453973393e-02
8.733733733733734184e+00 8.460208970577977328e-02
8.743743743743744190e+00 8.478895530103708333e-02
8.753753753753754197e+00 8.497582089629440727e-02
8.763763763763764203e+00 8.516210644570786081e-02
8.773773773773774209e+00 8.534809291722485203e-02
8.783783783783784216e+00 8.553407938874184324e-02
8.793793793793794222e+00 8.571958610852806193e-02
8.803803803803804229e+00 8.590468677551998944e-02
8.813813813813814235e+00 8.608978744251191695e-02
8.823823823823824242e+00 8.627451043332652614e-02
8.833833833833834248e+00 8.645871909234179031e-02
8.843843843843844255e+00 8.664292775135705449e-02
8.853853853853854261e+00 8.682686242134371457e-02
8.863863863863864268e+00 8.701017334435440231e-02
8.873873873873874274e+00 8.719348426736507618e-02
8.883883883883884280e+00 8.737662633111679955e-02
8.893893893893894287e+00 8.755903426343790430e-02
8.903903903903904293e+00 8.774144219575899517e-02
8.913913913913914300e+00 8.792378767320965793e-02
8.923923923923924306e+00 8.810528783125103069e-02
8.933933933933934313e+00 8.828678798929240346e-02
8.943943943943944319e+00 8.846828814733377622e-02
8.953953953953954326e+00 8.864892127339396577e-02
8.963963963963964332e+00 8.882950934224828621e-02
8.973973973973974338e+00 8.901009741110263440e-02
8.983983983983984345e+00 8.918992305317906266e-02
8.993993993993994351e+00 8.936959518404936909e-02
9.004004004004004358e+00 8.954926731491964775e-02
9.014014014014014364e+00 8.972828286501748074e-02
9.024024024024024371e+00 8.990703567248747863e-02
9.034034034034034377e+00 9.008578847995750427e-02
9.044044044044044384e+00 9.026399162742944349e-02
9.054054054054054390e+00 9.044182218658056160e-02
9.064064064064064397e+00 9.061965274573166584e-02
9.074074074074074403e+00 9.079704147568674888e-02
9.084084084084084409e+00 9.097394731906548182e-02
9.094094094094094416e+00 9.115085316244424252e-02
9.104104104104104422e+00 9.132742575409619201e-02
9.114114114114114429e+00 9.150340486853500432e-02
9.124124124124124435e+00 9.167938398297381664e-02
9.134134134134134442e+00 9.185513900793072783e-02
9.144144144144144448e+00 9.203018983122659979e-02
9.154154154154154455e+00 9.220524065452245788e-02
9.164164164164164461e+00 9.238017697501861580e-02
9.174174174174174468e+00 9.255429839247271417e-02
9.184184184184184474e+00 9.272841980992681254e-02
9.194194194194194480e+00 9.290253657699776291e-02
9.204204204204204487e+00 9.307572791782010857e-02
9.214214214214214493e+00 9.324891925864246811e-02
9.224224224224224500e+00 9.342211059946481377e-02
9.234234234234234506e+00 9.359447694382716509e-02
9.244244244244244513e+00 9.376673797741001681e-02
9.254254254254254519e+00 9.393899901099285465e-02
9.264264264264264526e+00 9.411054516854769347e-02
9.274274274274274532e+00 9.428187610061090906e-02
9.284284284284284539e+00 9.445320703267412465e-02
9.294294294294294545e+00 9.462393344170953735e-02
9.304304304304304551e+00 9.479433491032285275e-02
9.314314314314314558e+00 9.496473637893618203e-02
9.324324324324324564e+00 9.513464375459745881e-02
9.334334334334334571e+00 9.530411682608182222e-02
9.344344344344344577e+00 9.547358989756618564e-02
9.354354354354354584e+00 9.564267922964743429e-02
9.364364364364364590e+00 9.581122539436098817e-02
9.374374374374374597e+00 9.597977155907454205e-02
9.384384384384384603e+00 9.614804410976346416e-02
9.394394394394394610e+00 9.631566527777435383e-02
9.404404404404404616e+00 9.648328644578525737e-02
9.414414414414414622e+00 9.665074374736261353e-02
9.424424424424424629e+00 9.681744224401346577e-02
9.434434434434434635e+00 9.698414074066433188e-02
9.444444444444444642e+00 9.715078459315935888e-02
9.454454454454454648e+00 9.731656315452669181e-02
9.464464464464464655e+00 9.748234171589403863e-02
9.474474474474474661e+00 9.764812027726139931e-02
9.484484484484484668e+00 9.781303595294926767e-02
9.494494494494494674e+00 9.797789772120202301e-02
9.504504504504504681e+00 9.814275948945475059e-02
9.514514514514514687e+00 9.830686965329295257e-02
9.524524524524524693e+00 9.847081817195330045e-02
9.534534534534534700e+00 9.863476669061364832e-02
9.544544544544544706e+00 9.879807432790349564e-02
9.554554554554554713e+00 9.896111353701433910e-02
9.564564564564564719e+00 9.912415274612518257e-02
9.574574574574574726e+00 9.928666109519498906e-02
9.584584584584584732e+00 9.944879532639748498e-02
9.594594594594594739e+00 9.961092955759996703e-02
9.604604604604604745e+00 9.977264210716953186e-02
9.614614614614614752e+00 9.993387607869459732e-02
9.624624624624624758e+00 1.000951100502196489e-01
9.634634634634634764e+00 1.002560305367309057e-01
9.644644644644644771e+00 1.004163693483079434e-01
9.654654654654654777e+00 1.005767081598849672e-01
9.664664664664664784e+00 1.007368405647996040e-01
9.674674674674674790e+00 1.008962896924869568e-01
9.684684684684684797e+00 1.010557388201743095e-01
9.694694694694694803e+00 1.012150873672398449e-01
9.704704704704704810e+00 1.013736526581799358e-01
9.714714714714714816e+00 1.015322179491200127e-01
9.724724724724724823e+00 1.016907832400601036e-01
9.734734734734734829e+00 1.018484747687077863e-01
9.744744744744744835e+00 1.020061624358105934e-01
9.754754754754754842e+00 1.021638501029133866e-01
9.764764764764764848e+00 1.023207735102690946e-01
9.774774774774774855e+00 1.024775901268281247e-01
9.784784784784784861e+00 1.026344067433871549e-01
9.794794794794794868e+00 1.027905673182844398e-01
9.804804804804804874e+00 1.029465198125281977e-01
9.814814814814814881e+00 1.031024723067719695e-01
9.824824824824824887e+00 1.032578755635880918e-01
9.834834834834834894e+00 1.034129712131709455e-01
9.844844844844844900e+00 1.035680668627538131e-01
9.854854854854854906e+00 1.037227185384752837e-01
9.864864864864864913e+00 1.038769649649109172e-01
9.874874874874874919e+00 1.040312113913465369e-01
9.884884884884884926e+00 1.041851174426127458e-01
9.894894894894894932e+00 1.043385226056538634e-01
9.904904904904904939e+00 1.044919277686949810e-01
9.914914914914914945e+00 1.046450943688207180e-01
9.924924924924924952e+00 1.047976665607885521e-01
9.934934934934934958e+00 1.049502387527563863e-01
9.944944944944944965e+00 1.051026722887344472e-01
9.954954954954954971e+00 1.052544201288011932e-01
9.964964964964964977e+00 1.054061679688679115e-01
9.974974974974974984e+00 1.055578750383526776e-01
9.984984984984984990e+00 1.057088074667802413e-01
9.994994994994994997e+00 1.058597398952077911e-01
1.000500500500500500e+01 1.060106723236353410e-01
1.001501501501501501e+01 1.061608535758192112e-01
1.002502502502502502e+01 1.063109798481578216e-01
1.003503503503503502e+01 1.064611061204964321e-01
1.004504504504504503e+01 1.066105842863250691e-01
1.005505505505505504e+01 1.067599139675747544e-01
1.006506506506506504e+01 1.069092436488244258e-01
1.007507507507507505e+01 1.070580262432395541e-01
1.008508508508508505e+01 1.072065692019776584e-01
1.009509509509509506e+01 1.073551121607157627e-01
1.010510510510510507e+01 1.075032068911807442e-01
1.011511511511511507e+01 1.076509732936590802e-01
1.012512512512512508e+01 1.077987396961374300e-01
1.013513513513513509e+01 1.079461544595125277e-01
1.014514514514514509e+01 1.080931547637267315e-01
1.015515515515515510e+01 1.082401550679409352e-01
1.016516516516516511e+01 1.083868979473484317e-01
1.017517517517517511e+01 1.085331428970828654e-01
1.018518518518518512e+01 1.086793878468172991e-01
1.019519519519519513e+01 1.088254671084971509e-01
1.020520520520520513e+01 1.089709677273484612e-01
1.021521521521521514e+01 1.091164683461997853e-01
1.022522522522522515e+01 1.092618924363569222e-01
1.023523523523523515e+01 1.094066600217391549e-01
1.024524524524524516e+01 1.095514276071213877e-01
1.025525525525525516e+01 1.096961951925036205e-01
1.026526526526526517e+01 1.098402512658993163e-01
1.027527527527527518e+01 1.099842973830331971e-01
1.028528528528528518e+01 1.101283435001670641e-01
1.029529529529529519e+01 1.102717736487010963e-01
1.030530530530530520e+01 1.104151101245909178e-01
1.031531531531531520e+01 1.105584466004807392e-01
1.032532532532532521e+01 1.107012600470152902e-01
1.033533533533533522e+01 1.108438989644158212e-01
1.034534534534534522e+01 1.109865378818163384e-01
1.035535535535535523e+01 1.111287440104598706e-01
1.036536536536536524e+01 1.112706977018359938e-01
1.037537537537537524e+01 1.114126513932121310e-01
1.038538538538538525e+01 1.115542597461327001e-01
1.039539539539539525e+01 1.116955407876148859e-01
1.040540540540540526e+01 1.118368218290970856e-01
1.041541541541541527e+01 1.119778421033350291e-01
1.042542542542542527e+01 1.121184633086728111e-01
1.043543543543543528e+01 1.122590845140105931e-01
1.044544544544544529e+01 1.123995265582908576e-01
1.045545545545545529e+01 1.125395009728072798e-01
1.046546546546546530e+01 1.126794753873236882e-01
1.047547547547547531e+01 1.128193491988693370e-01
1.048548548548548531e+01 1.129586900934187454e-01
1.049549549549549532e+01 1.130980309879681539e-01
1.050550550550550533e+01 1.132373467093150676e-01
1.051551551551551533e+01 1.133760675742466056e-01
1.052552552552552534e+01 1.135147884391781437e-01
1.053553553553553535e+01 1.136535093041096678e-01
1.054554554554554535e+01 1.137916708941215521e-01
1.055555555555555536e+01 1.139297854332511906e-01
1.056556556556556536e+01 1.140678999723808290e-01
1.057557557557557537e+01 1.142055380917400276e-01
1.058558558558558538e+01 1.143430602163329340e-01
1.059559559559559538e+01 1.144805823409258266e-01
1.060560560560560539e+01 1.146177077504656472e-01
1.061561561561561540e+01 1.147546515732318778e-01
1.062562562562562540e+01 1.148915953959981084e-01
1.063563563563563541e+01 1.150282189831634827e-01
1.064564564564564542e+01 1.151645988122684816e-01
1.065565565565565542e+01 1.153009786413734666e-01
1.066566566566566543e+01 1.154371114170713863e-01
1.067567567567567544e+01 1.155729417501641931e-01
1.068568568568568544e+01 1.157087720832570138e-01
1.069569569569569545e+01 1.158444251787145302e-01
1.070570570570570545e+01 1.159797206969754302e-01
1.071571571571571546e+01 1.161150162152363441e-01
1.072572572572572547e+01 1.162502008788671437e-01
1.073573573573573547e+01 1.163849764410769955e-01
1.074574574574574548e+01 1.165197520032868334e-01
1.075575575575575549e+01 1.166544795975668902e-01
1.076576576576576549e+01 1.167887502342000866e-01
1.077577577577577550e+01 1.169230208708332830e-01
1.078578578578578551e+01 1.170572915074664655e-01
1.079579579579579551e+01 1.171910837765290370e-01
1.080580580580580552e+01 1.173248646838720571e-01
1.081581581581581553e+01 1.174586455912150773e-01
1.082582582582582553e+01 1.175920192018615473e-01
1.083583583583583554e+01 1.177253257361594030e-01
1.084584584584584555e+01 1.178586322704572725e-01
1.085585585585585555e+01 1.179915990628369188e-01
1.086586586586586556e+01 1.181244467344683274e-01
1.087587587587587556e+01 1.182572944060997500e-01
1.088588588588588557e+01 1.183898663162354509e-01
1.089589589589589558e+01 1.185222707839200113e-01
1.090590590590590558e+01 1.186546752516045994e-01
1.091591591591591559e+01 1.187868643083552639e-01
1.092592592592592560e+01 1.189188413733932165e-01
1.093593593593593560e+01 1.190508184384311691e-01
1.094594594594594561e+01 1.191826367604682385e-01
1.095595595595595562e+01 1.193142023610146013e-01
1.096596596596596562e+01 1.194457679615609363e-01
1.097597597597597563e+01 1.195772277543596107e-01
1.098598598598598564e+01 1.197083979597352993e-01
1.099599599599599564e+01 1.198395681651110017e-01
1.100600600600600565e+01 1.199706817179565788e-01
1.101601601601601566e+01 1.201014727229968715e-01
1.102602602602602566e+01 1.202322637280371781e-01
1.103603603603603567e+01 1.203630434110468245e-01
1.104604604604604567e+01 1.204934715304894627e-01
1.105605605605605568e+01 1.206238996499321148e-01
1.106606606606606569e+01 1.207543277693747530e-01
1.107607607607607569e+01 1.208844395740067829e-01
1.108608608608608570e+01 1.210145212369208162e-01
1.109609609609609571e+01 1.211446028998348634e-01
1.110610610610610571e+01 1.212744223434003982e-01
1.111611611611611572e+01 1.214041740876575654e-01
1.112612612612612573e+01 1.215339258319147048e-01
1.113613613613613573e+01 1.216634656126371894e-01
1.114614614614614574e+01 1.217929040794265838e-01
1.115615615615615575e+01 1.219223425462159921e-01
1.116616616616616575e+01 1.220516154259622538e-01
1.117617617617617576e+01 1.221807573543506470e-01
1.118618618618618576e+01 1.223098992827390125e-01
1.119619619619619577e+01 1.224389180841716357e-01
1.120620620620620578e+01 1.225677803057091397e-01
1.121621621621621578e+01 1.226966425272466438e-01
1.122622622622622579e+01 1.228254201309955523e-01
1.123623623623623580e+01 1.229540195643697015e-01
1.124624624624624580e+01 1.230826189977438367e-01
1.125625625625625581e+01 1.232111683395976653e-01
1.126626626626626582e+01 1.233395219853353070e-01
1.127627627627627582e+01 1.234678756310729764e-01
1.128628628628628583e+01 1.235962096991903014e-01
1.129629629629629584e+01 1.237243346344101130e-01
1.130630630630630584e+01 1.238524595696299108e-01
1.131631631631631585e+01 1.239805845048497224e-01
1.132632632632632586e+01 1.241085047749857506e-01
1.133633633633633586e+01 1.242364181482004254e-01
1.134634634634634587e+01 1.243643315214150724e-01
1.135635635635635587e+01 1.244920798549508517e-01
1.136636636636636588e+01 1.246197988809223528e-01
1.137637637637637589e+01 1.247475179068938678e-01
1.138638638638638589e+01 1.248751074937269889e-01
1.139639639639639590e+01 1.250026494483738038e-01
1.140640640640640591e+01 1.251301914030206186e-01
1.141641641641641769e+01 1.252576354694313054e-01
1.142642642642642770e+01 1.253850176847893794e-01
1.143643643643643770e+01 1.255123999001474533e-01
1.144644644644644771e+01 1.256397117061689717e-01
1.145645645645645772e+01 1.257669515654078751e-01
1.146646646646646772e+01 1.258941914246467508e-01
1.147647647647647773e+01 1.260213842614588686e-01
1.148648648648648773e+01 1.261484991939528510e-01
1.149649649649649774e+01 1.262756141264468057e-01
1.150650650650650775e+01 1.264027013137915822e-01
1.151651651651651775e+01 1.265297087902468032e-01
1.152652652652652776e+01 1.266567162667020241e-01
1.153653653653653777e+01 1.267837111503230252e-01
1.154654654654654777e+01 1.269106286779623227e-01
1.155655655655655778e+01 1.270375462056015925e-01
1.156656656656656779e+01 1.271644621547064757e-01
1.157657657657657779e+01 1.272913072725108119e-01
1.158658658658658780e+01 1.274181523903151481e-01
1.159659659659659781e+01 1.275449975081194842e-01
1.160660660660660781e+01 1.276717930690706160e-01
1.161661661661661782e+01 1.277985833430798635e-01
1.162662662662662783e+01 1.279253736170891387e-01
1.163663663663663783e+01 1.280521346307564590e-01
1.164664664664664784e+01 1.281788876494284191e-01
1.165665665665665784e+01 1.283056406681003236e-01
1.166666666666666785e+01 1.284323805769307936e-01
1.167667667667667786e+01 1.285591139465597776e-01
1.168668668668668786e+01 1.286858473161887340e-01
1.169669669669669787e+01 1.288125795716588140e-01
1.170670670670670788e+01 1.289393109118544545e-01
1.171671671671671788e+01 1.290660422520500672e-01
1.172672672672672789e+01 1.291927803123081864e-01
1.173673673673673790e+01 1.293195272515346994e-01
1.174674674674674790e+01 1.294462741907612124e-01
1.175675675675675791e+01 1.295730315182952175e-01
1.176676676676676792e+01 1.296998116894714226e-01
1.177677677677677792e+01 1.298265918606476277e-01
1.178678678678678793e+01 1.299533819199768514e-01
1.179679679679679793e+01 1.300802129561377529e-01
1.180680680680680794e+01 1.302070439922986267e-01
1.181681681681681795e+01 1.303338802476915748e-01
1.182682682682682795e+01 1.304607797777115608e-01
1.183683683683683796e+01 1.305876793077316023e-01
1.184684684684684797e+01 1.307145788377515883e-01
1.185685685685685797e+01 1.308415608653270001e-01
1.186686686686686798e+01 1.309685465097054358e-01
1.187687687687687799e+01 1.310955321540838991e-01
1.188688688688688799e+01 1.312226049044754317e-01
1.189689689689689800e+01 1.313496942711842586e-01
1.190690690690690801e+01 1.314767836378930854e-01
1.191691691691691801e+01 1.316039605445571692e-01
1.192692692692692802e+01 1.317311712249511768e-01
1.193693693693693803e+01 1.318583819053452122e-01
1.194694694694694803e+01 1.319856763885840223e-01
1.195695695695695804e+01 1.321130259533744578e-01
1.196696696696696804e+01 1.322403755181648655e-01
1.197697697697697805e+01 1.323678009830341062e-01
1.198698698698698806e+01 1.324953069783249560e-01
1.199699699699699806e+01 1.326228129736158334e-01
1.200700700700700807e+01 1.327503828078582249e-01
1.201701701701701808e+01 1.328780627512459178e-01
1.202702702702702808e+01 1.330057426946336385e-01
1.203703703703703809e+01 1.331334702666385483e-01
1.204704704704704810e+01 1.332613416433752196e-01
1.205705705705705810e+01 1.333892130201118909e-01
1.206706706706706811e+01 1.335171116769008626e-01
1.207707707707707812e+01 1.336451919361209828e-01
1.208708708708708812e+01 1.337732721953410475e-01
1.209709709709709813e+01 1.339013552605793356e-01
1.210710710710710813e+01 1.340296618115897342e-01
1.211711711711711814e+01 1.341579683626001329e-01
1.212712712712712815e+01 1.342862749136105593e-01
1.213713713713713815e+01 1.344147993432683041e-01
1.214714714714714816e+01 1.345433495519026690e-01
1.215715715715715817e+01 1.346718997605370338e-01
1.216716716716716817e+01 1.348006524868590461e-01
1.217717717717717818e+01 1.349294636718949836e-01
1.218718718718718819e+01 1.350582748569309488e-01
1.219719719719719819e+01 1.351872690712680181e-01
1.220720720720720820e+01 1.353163585009088676e-01
1.221721721721721821e+01 1.354454479305497450e-01
1.222722722722722821e+01 1.355746967897475397e-01
1.223723723723723822e+01 1.357040816781669990e-01
1.224724724724724823e+01 1.358334665665864582e-01
1.225725725725725823e+01 1.359629831911909059e-01
1.226726726726726824e+01 1.360926806951418822e-01
1.227727727727727824e+01 1.362223781990928584e-01
1.228728728728728825e+01 1.363521756715813660e-01
1.229729729729729826e+01 1.364822028870677773e-01
1.230730730730730826e+01 1.366122301025541885e-01
1.231731731731731827e+01 1.367423214655929253e-01
1.232732732732732828e+01 1.368726954246054783e-01
1.233733733733733828e+01 1.370030693836180591e-01
1.234734734734734829e+01 1.371334676383451912e-01
1.235735735735735830e+01 1.372642053056599976e-01
1.236736736736736830e+01 1.373949429729748040e-01
1.237737737737737831e+01 1.375256806402896104e-01
1.238738738738738832e+01 1.376567793473501555e-01
1.239739739739739832e+01 1.377878976173907699e-01
1.240740740740740833e+01 1.379190158874314398e-01
1.241741741741741833e+01 1.380504641781306052e-01
1.242742742742742834e+01 1.381819798718930126e-01
1.243743743743743835e+01 1.383134955656553922e-01
1.244744744744744835e+01 1.384453062300649573e-01
1.245745745745745836e+01 1.385772360921047330e-01
1.246746746746746837e+01 1.387091659541445365e-01
1.247747747747747837e+01 1.388413517312497014e-01
1.248748748748748838e+01 1.389737124267328983e-01
1.249749749749749839e+01 1.391060731222160951e-01
1.250750750750750839e+01 1.392386466983899507e-01
1.251751751751751840e+01 1.393714548102048534e-01
1.252752752752752841e+01 1.395042629220197283e-01
1.253753753753753841e+01 1.396372369295230398e-01
1.254754754754754842e+01 1.397705089554553970e-01
1.255755755755755843e+01 1.399037809813877542e-01
1.256756756756756843e+01 1.400371679968944461e-01
1.257757757757757844e+01 1.401709203468632370e-01
1.258758758758758844e+01 1.403046726968320557e-01
1.259759759759759845e+01 1.404384852399793437e-01
1.260760760760760846e+01 1.405727342333350782e-01
1.261761761761761846e+01 1.407069832266907849e-01
1.262762762762762847e+01 1.408412337586550933e-01
1.263763763763763848e+01 1.409759956215384247e-01
1.264764764764764848e+01 1.411107574844217560e-01
1.265765765765765849e+01 1.412455193473050874e-01
1.266766766766766850e+01 1.413807492692807366e-01
1.267767767767767850e+01 1.415160401320423589e-01
1.268768768768768851e+01 1.416513309948040089e-01
1.269769769769769852e+01 1.417870396790353593e-01
1.270770770770770852e+01 1.419228755737168557e-01
1.271771771771771853e+01 1.420587114683982966e-01
1.272772772772772854e+01 1.421949110916135295e-01
1.273773773773773854e+01 1.423313079494870903e-01
1.274774774774774855e+01 1.424677048073606234e-01
1.275775775775775855e+01 1.426044074799792949e-01
1.276776776776776856e+01 1.427413811291487478e-01
1.277777777777777857e+01 1.428783547783181729e-01
1.278778778778778857e+01 1.430155725432105951e-01
1.279779779779779858e+01 1.431531387062707494e-01
1.280780780780780859e+01 1.432907048693308760e-01
1.281781781781781859e+01 1.434284497006017289e-01
1.282782782782782860e+01 1.435666239923572562e-01
1.283783783783783861e+01 1.437047982841128113e-01
1.284784784784784861e+01 1.438430820859086523e-01
1.285785785785785862e+01 1.439818800111511976e-01
1.286786786786786863e+01 1.441206779363937429e-01
1.287787787787787863e+01 1.442595125417344970e-01
1.288788788788788864e+01 1.443989494930786044e-01
1.289789789789789864e+01 1.445383864444226840e-01
1.290790790790790865e+01 1.446778233957667914e-01
1.291791791791791866e+01 1.448178748698329688e-01
1.292792792792792866e+01 1.449579661256085727e-01
1.293793793793793867e+01 1.450980573813842045e-01
1.294794794794794868e+01 1.452386982690973827e-01
1.295795795795795868e+01 1.453794589913012247e-01
1.296796796796796869e+01 1.455202197135050390e-01
1.297797797797797870e+01 1.456614615094060095e-01
1.298798798798798870e+01 1.458029067417082048e-01
1.299799799799799871e+01 1.459443519740104001e-01
1.300800800800800872e+01 1.460862060951402808e-01
1.301801801801801872e+01 1.462283507609485333e-01
1.302802802802802873e+01 1.463704954267568137e-01
1.303803803803803874e+01 1.465129732116622063e-01
1.304804804804804874e+01 1.466558321122412856e-01
1.305805805805805875e+01 1.467986910128203926e-01
1.306806806806806875e+01 1.469418037205813821e-01
1.307807807807807876e+01 1.470853915332279715e-01
1.308808808808808877e+01 1.472289793458745610e-01
1.309809809809809877e+01 1.473727381551552251e-01
1.310810810810810878e+01 1.475170694314282549e-01
1.311811811811811879e+01 1.476614007077013124e-01
1.312812812812812879e+01 1.478058167158227687e-01
1.313813813813813880e+01 1.479509058798273990e-01
1.314814814814814881e+01 1.480959950438320294e-01
1.315815815815815881e+01 1.482410842078367152e-01
1.316816816816816882e+01 1.483869406125934987e-01
1.317817817817817883e+01 1.485328019593196991e-01
1.318818818818818883e+01 1.486786633060459273e-01
1.319819819819819884e+01 1.488252130209251622e-01
1.320820820820820884e+01 1.489718607146390539e-01
1.321821821821821885e+01 1.491185084083529455e-01
1.322822822822822886e+01 1.492657621490265929e-01
1.323823823823823886e+01 1.494132102217153313e-01
1.324824824824824887e+01 1.495606582944040697e-01
1.325825825825825888e+01 1.497086266902107332e-01
1.326826826826826888e+01 1.498568890400792941e-01
1.327827827827827889e+01 1.500051513899478828e-01
1.328828828828828890e+01 1.501538449831271438e-01
1.329829829829829890e+01 1.503029353731468731e-01
1.330830830830830891e+01 1.504520257631665747e-01
1.331831831831831892e+01 1.506014550081147541e-01
1.332832832832832892e+01 1.507513870646234599e-01
1.333833833833833893e+01 1.509013191211321936e-01
1.334834834834834894e+01 1.510514943836786250e-01
1.335835835835835894e+01 1.512022815950315180e-01
1.336836836836836895e+01 1.513530688063844387e-01
1.337837837837837895e+01 1.515040003630883925e-01
1.338838838838838896e+01 1.516556560783585694e-01
1.339839839839839897e+01 1.518073117936287464e-01
1.340840840840840897e+01 1.519590098310969473e-01
1.341841841841841898e+01 1.521115472588263628e-01
1.342842842842842899e+01 1.522640846865557784e-01
1.343843843843843899e+01 1.524166221142851663e-01
1.344844844844844900e+01 1.525699915077791680e-01
1.345845845845845901e+01 1.527234237147779006e-01
1.346846846846846901e+01 1.528768559217766332e-01
1.347847847847847902e+01 1.530310248206891433e-01
1.348848848848848903e+01 1.531853647308837607e-01
1.349849849849849903e+01 1.533397046410783782e-01
1.350850850850850904e+01 1.534946828142789432e-01
1.351851851851851904e+01 1.536499432076087468e-01
1.352852852852852905e+01 1.538052036009385226e-01
1.353853853853853906e+01 1.539610007237593170e-01
1.354854854854854906e+01 1.541171942351193536e-01
1.355855855855855907e+01 1.542733877464794179e-01
1.356856856856856908e+01 1.544300134001800051e-01
1.357857857857857908e+01 1.545871525184121797e-01
1.358858858858858909e+01 1.547442916366443266e-01
1.359859859859859910e+01 1.549017553078949894e-01
1.360860860860860910e+01 1.550598523748240309e-01
1.361861861861861911e+01 1.552179494417530725e-01
1.362862862862862912e+01 1.553762605221367943e-01
1.363863863863863912e+01 1.555353277316528504e-01
1.364864864864864913e+01 1.556943949411689065e-01
1.365865865865865914e+01 1.558535627267023937e-01
1.366866866866866914e+01 1.560136121238885898e-01
1.367867867867867915e+01 1.561736615210748136e-01
1.368868868868868915e+01 1.563337109182610096e-01
1.369869869869869916e+01 1.564947386920522709e-01
1.370870870870870917e+01 1.566557821723568167e-01
1.371871871871871917e+01 1.568168256526613347e-01
1.372872872872872918e+01 1.569787401801411852e-01
1.373873873873873919e+01 1.571407894885927248e-01
1.374874874874874919e+01 1.573028387970442643e-01
1.375875875875875920e+01 1.574656489336798693e-01
1.376876876876876921e+01 1.576287156641480447e-01
1.377877877877877921e+01 1.577917823946162479e-01
1.378878878878878922e+01 1.579554968978769125e-01
1.379879879879879923e+01 1.581195924923738116e-01
1.380880880880880923e+01 1.582836880868706830e-01
1.381881881881881924e+01 1.584483156158817962e-01
1.382882882882882924e+01 1.586134513639066712e-01
1.383883883883883925e+01 1.587785871119315739e-01
1.384884884884884926e+01 1.589441362271455105e-01
1.385885885885885926e+01 1.591103232650712962e-01
1.386886886886886927e+01 1.592765103029970819e-01
1.387887887887887928e+01 1.594429894658809799e-01
1.388888888888888928e+01 1.596102387763816965e-01
1.389889889889889929e+01 1.597774880868824132e-01
1.390890890890890930e+01 1.599449056596227159e-01
1.391891891891891930e+01 1.601132280711412281e-01
1.392892892892892931e+01 1.602815504826597404e-01
1.393893893893893932e+01 1.604499147278831694e-01
1.394894894894894932e+01 1.606193209141395795e-01
1.395895895895895933e+01 1.607887271003960172e-01
1.396896896896896934e+01 1.609581332866524550e-01
1.397897897897897934e+01 1.611285466604457928e-01
1.398898898898898935e+01 1.612990471399843584e-01
1.399899899899899935e+01 1.614695476195229518e-01
1.400900900900900936e+01 1.616409342542953764e-01
1.401901901901901937e+01 1.618125393900716191e-01
1.402902902902902937e+01 1.619841445258478618e-01
1.403903903903903938e+01 1.621565122280720916e-01
1.404904904904904939e+01 1.623292322270764310e-01
1.405905905905905939e+01 1.625019522260807703e-01
1.406906906906906940e+01 1.626753087013792232e-01
1.407907907907907941e+01 1.628491536143003571e-01
1.408908908908908941e+01 1.630229985272215187e-01
1.409909909909909942e+01 1.631973513802046083e-01
1.410910910910910943e+01 1.633723311011283097e-01
1.411911911911911943e+01 1.635473108220520666e-01
1.412912912912912944e+01 1.637226675561719580e-01
1.413913913913913944e+01 1.638987918223177853e-01
1.414914914914914945e+01 1.640749160884636126e-01
1.415915915915915946e+01 1.642512841058828554e-01
1.416916916916916946e+01 1.644285624973763349e-01
1.417917917917917947e+01 1.646058408888697866e-01
1.418918918918918948e+01 1.647832274903446581e-01
1.419919919919919948e+01 1.649616694300250763e-01
1.420920920920920949e+01 1.651401113697054668e-01
1.421921921921921950e+01 1.653185533093859128e-01
1.422922922922922950e+01 1.654981385077466116e-01
1.423923923923923951e+01 1.656777532610095860e-01
1.424924924924924952e+01 1.658573680142725604e-01
1.425925925925925952e+01 1.660379952014175431e-01
1.426926926926926953e+01 1.662187918760930638e-01
1.427927927927927954e+01 1.663995885507685846e-01
1.428928928928928954e+01 1.665812645650241175e-01
1.429929929929929955e+01 1.667632521112868971e-01
1.430930930930930955e+01 1.669452396575496489e-01
1.431931931931931956e+01 1.671279712354571678e-01
1.432932932932932957e+01 1.673111584457714074e-01
1.433933933933933957e+01 1.674943456560856747e-01
1.434934934934934958e+01 1.676781394323888785e-01
1.435935935935935959e+01 1.678625349414858692e-01
1.436936936936936959e+01 1.680469304505828876e-01
1.437937937937937960e+01 1.682317929582283766e-01
1.438938938938938961e+01 1.684174052431160751e-01
1.439939939939939961e+01 1.686030175280038013e-01
1.440940940940940962e+01 1.687889551981544556e-01
1.441941941941941963e+01 1.689757925781585068e-01
1.442942942942942963e+01 1.691626299581625581e-01
1.443943943943943964e+01 1.693496491202237941e-01
1.444944944944944965e+01 1.695377197570609451e-01
1.445945945945945965e+01 1.697257903938980683e-01
1.446946946946946966e+01 1.699138972755576682e-01
1.447947947947947966e+01 1.701032091734382967e-01
1.448948948948948967e+01 1.702925210713188697e-01
1.449949949949949968e+01 1.704818329691994705e-01
1.450950950950950968e+01 1.706722828043603368e-01
1.451951951951951969e+01 1.708628438101226221e-01
1.452952952952952970e+01 1.710534048158849352e-01
1.453953953953953970e+01 1.712449622107137803e-01
1.454954954954954971e+01 1.714367800139868780e-01
1.455955955955955972e+01 1.716285978172599480e-01
1.456956956956956972e+01 1.718212685376342141e-01
1.457957957957957973e+01 1.720143506710306025e-01
1.458958958958958974e+01 1.722074328044270186e-01
1.459959959959959974e+01 1.724012225150085564e-01
1.460960960960960975e+01 1.725955763543451649e-01
1.461961961961961975e+01 1.727899301936818011e-01
1.462962962962962976e+01 1.729848444580459887e-01
1.463963963963963977e+01 1.731804772225938316e-01
1.464964964964964977e+01 1.733761099871417022e-01
1.465965965965965978e+01 1.735721542679176943e-01
1.466966966966966979e+01 1.737690730206785383e-01
1.467967967967967979e+01 1.739659917734393824e-01
1.468968968968968980e+01 1.741631714324616553e-01
1.469969969969969981e+01 1.743613830804724429e-01
1.470970970970970981e+01 1.745595947284832028e-01
1.471971971971971982e+01 1.747579150269542025e-01
1.472972972972972983e+01 1.749574263216178149e-01
1.473973973973973983e+01 1.751569376162814828e-01
1.474974974974974984e+01 1.753564489109451230e-01
1.475975975975975985e+01 1.755572212523875963e-01
1.476976976976976985e+01 1.757580387898302343e-01
1.477977977977977986e+01 1.759588563272728445e-01
1.478978978978978986e+01 1.761607859706097456e-01
1.479979979979979987e+01 1.763629161920635680e-01
1.480980980980980988e+01 1.765650464135173625e-01
1.481981981981981988e+01 1.767681381646534766e-01
1.482982982982982989e+01 1.769715873568648568e-01
1.483983983983983990e+01 1.771750365490762369e-01
1.484984984984984990e+01 1.773792951144756158e-01
1.485985985985985991e+01 1.775840694101381290e-01
1.486986986986986992e+01 1.777888437058006976e-01
1.487987987987987992e+01 1.779942736927270508e-01
1.488988988988988993e+01 1.782003790709389968e-01
1.489989989989989994e+01 1.784064844491509427e-01
1.490990990990990994e+01 1.786130903659176872e-01
1.491991991991991995e+01 1.788205326526627337e-01
1.492992992992992995e+01 1.790279749394077802e-01
1.493993993993993996e+01 1.792357611956375274e-01
1.494994994994994997e+01 1.794445460642900003e-01
1.495995995995995997e+01 1.796533309329424732e-01
1.496996996996996998e+01 1.798623018398364526e-01
1.497997997997997999e+01 1.800724348116884421e-01
1.498998998998998999e+01 1.802825677835403761e-01
1.500000000000000000e+01 1.804927275541569065e-01
