5.000000000000000000e+00 5.215781422395221294e-03
5.010010010010010006e+00 5.277539277530286441e-03
5.020020020020020013e+00 5.339297132665349853e-03
5.030030030030030019e+00 5.401054987800414132e-03
5.040040040040040026e+00 5.462812842935478412e-03
5.050050050050050032e+00 5.524570698070542692e-03
5.060060060060060039e+00 5.587527476142252481e-03
5.070070070070070045e+00 5.650753340260598889e-03
5.080080080080080052e+00 5.713979204378944431e-03
5.090090090090090058e+00 5.778286028903355936e-03
5.100100100100100065e+00 5.842990028405354620e-03
5.110110110110110071e+00 5.907694027907352437e-03
5.120120120120120077e+00 5.973358969065106598e-03
5.130130130130130084e+00 6.039550724652806811e-03
5.140140140140140090e+00 6.105742480240506156e-03
5.150150150150150097e+00 6.172773225496270416e-03
5.160160160160160103e+00 6.240461840438230393e-03
5.170170170170170110e+00 6.308150455380190369e-03
5.180180180180180116e+00 6.376554301979819178e-03
5.190190190190190123e+00 6.445748350846571689e-03
5.200200200200200129e+00 6.514942399713324200e-03
5.210210210210210136e+00 6.584726247464022311e-03
5.220220220220220142e+00 6.655433765368354293e-03
5.230230230230230148e+00 6.726141283272686275e-03
5.240240240240240155e+00 6.797311627622255707e-03
5.250250250250250161e+00 6.869540099996644146e-03
5.260260260260260168e+00 6.941768572371032585e-03
5.270270270270270174e+00 7.014331497801590265e-03
5.280280280280280181e+00 7.088087850743222257e-03
5.290290290290290187e+00 7.161844203684853381e-03
5.300300300300300194e+00 7.235805377435553833e-03
5.310310310310310200e+00 7.311095968647363802e-03
5.320320320320320207e+00 7.386386559859175506e-03
5.330330330330330213e+00 7.461751225991733981e-03
5.340340340340340219e+00 7.538581836345895244e-03
5.350350350350350226e+00 7.615412446700057375e-03
5.360360360360360232e+00 7.692243057054219506e-03
5.370370370370370239e+00 7.770561246268163462e-03
5.380380380380380245e+00 7.848937072016302918e-03
5.390390390390390252e+00 7.927312897764443242e-03
5.400400400400400258e+00 8.007048380514516714e-03
5.410410410410410265e+00 8.086974026166832835e-03
5.420420420420420271e+00 8.166899671819148956e-03
5.430430430430430278e+00 8.248055792471743405e-03
5.440440440440440284e+00 8.329535264365101749e-03
5.450450450450450290e+00 8.411014736258458357e-03
5.460460460460460297e+00 8.493594390213915143e-03
5.470470470470470303e+00 8.576631090786818526e-03
5.480480480480480310e+00 8.659667791359723643e-03
5.490490490490490316e+00 8.743673421731752368e-03
5.500500500500500323e+00 8.828270144521893625e-03
5.510510510510510329e+00 8.912866867312034883e-03
5.520520520520520336e+00 8.998300462028546373e-03
5.530530530530530342e+00 9.084459387406648018e-03
5.540540540540540349e+00 9.170618312784749662e-03
5.550550550550550355e+00 9.257481402115696340e-03
5.560560560560560361e+00 9.345204093767045528e-03
5.570570570570570368e+00 9.432926785418398186e-03
5.580580580580580374e+00 9.521220439935538030e-03
5.590590590590590381e+00 9.610507842098776898e-03
5.600600600600600387e+00 9.699795244262015767e-03
5.610610610610610394e+00 9.789520073234603617e-03
5.620620620620620400e+00 9.880372508704989704e-03
5.630630630630630407e+00 9.971224944175372321e-03
5.640640640640640413e+00 1.006238109440498428e-02
5.650650650650650419e+00 1.015479826330775021e-02
5.660660660660660426e+00 1.024721543221051440e-02
5.670670670670670432e+00 1.033980258730747732e-02
5.680680680680680439e+00 1.043378356664444347e-02
5.690690690690690445e+00 1.052776454598140961e-02
5.700700700700700452e+00 1.062178192608435705e-02
5.710710710710710458e+00 1.071732517005567070e-02
5.720720720720720465e+00 1.081286841402698262e-02
5.730730730730730471e+00 1.090841165799829801e-02
5.740740740740740478e+00 1.100541811706694240e-02
5.750750750750750484e+00 1.110252145816730332e-02
5.760760760760760490e+00 1.119962479926766077e-02
5.770770770770770497e+00 1.129805574696165875e-02
5.780780780780780503e+00 1.139671639784927554e-02
5.790790790790790510e+00 1.149537704873689233e-02
5.800800800800800516e+00 1.159522970033928339e-02
5.810810810810810523e+00 1.169544425647364369e-02
5.820820820820820529e+00 1.179565881260800225e-02
5.830830830830830536e+00 1.189692992664800886e-02
5.840840840840840542e+00 1.199869436969104412e-02
5.850850850850850549e+00 1.210045881273408112e-02
5.860860860860860555e+00 1.220314469367753812e-02
5.870870870870870561e+00 1.230645439565134468e-02
5.880880880880880568e+00 1.240976409762515123e-02
5.890890890890890574e+00 1.251386059899411984e-02
5.900900900900900581e+00 1.261871032718667879e-02
5.910910910910910587e+00 1.272356005537923773e-02
5.920920920920920594e+00 1.282906258329600396e-02
5.930930930930930600e+00 1.293544650590502942e-02
5.940940940940940607e+00 1.304183042851405315e-02
5.950950950950950613e+00 1.314873394566429612e-02
5.960960960960960620e+00 1.325664563816811130e-02
5.970970970970970626e+00 1.336455733067192474e-02
5.980980980980980632e+00 1.347285636068127831e-02
5.990990990990990639e+00 1.358228881292414258e-02
6.001001001001000645e+00 1.369172126516700859e-02
6.011011011011010652e+00 1.380140989738468105e-02
6.021021021021020658e+00 1.391235552136297314e-02
6.031031031031030665e+00 1.402330114534126697e-02
6.041041041041040671e+00 1.413437304002403833e-02
6.051051051051050678e+00 1.424682367835844801e-02
6.061061061061060684e+00 1.435927431669285770e-02
6.071071071071070691e+00 1.447172495502726912e-02
6.081081081081080697e+00 1.458566964566027253e-02
6.091091091091090703e+00 1.469961658073839009e-02
6.101101101101100710e+00 1.481356351581650937e-02
6.111111111111110716e+00 1.492886825679520281e-02
6.121121121121120723e+00 1.504430222056741227e-02
6.131131131131130729e+00 1.515973618433962347e-02
6.141141141141140736e+00 1.527639284363491515e-02
6.151151151151150742e+00 1.539330402804634478e-02
6.161161161161160749e+00 1.551021521245777614e-02
6.171171171171170755e+00 1.562821526458644042e-02
6.181181181181180762e+00 1.574659333262610345e-02
6.191191191191190768e+00 1.586497140066576300e-02
6.201201201201200774e+00 1.598430593435822694e-02
6.211211211211210781e+00 1.610414003170645633e-02
6.221221221221220787e+00 1.622397412905468919e-02
6.231231231231230794e+00 1.634463385525410442e-02
6.241241241241240800e+00 1.646591262250816576e-02
6.251251251251250807e+00 1.658719138976222710e-02
6.261261261261260813e+00 1.670916664994498424e-02
6.271271271271270820e+00 1.683187823540248720e-02
6.281281281281280826e+00 1.695458982085999364e-02
6.291291291291290833e+00 1.707787059566736806e-02
6.301301301301300839e+00 1.720200266864637881e-02
6.311311311311310845e+00 1.732613474162539302e-02
6.321321321321320852e+00 1.745071065979593786e-02
6.331331331331330858e+00 1.757625042447027303e-02
6.341341341341340865e+00 1.770179018914460820e-02
6.351351351351350871e+00 1.782765053673672495e-02
6.361361361361360878e+00 1.795458474646450045e-02
6.371371371371370884e+00 1.808151895619226901e-02
6.381381381381380891e+00 1.820865268608615889e-02
6.391391391391390897e+00 1.833696765820921198e-02
6.401401401401400904e+00 1.846528263033226855e-02
6.411411411411410910e+00 1.859367837200037038e-02
6.421421421421420916e+00 1.872336000309201415e-02
6.431431431431430923e+00 1.885304163418365792e-02
6.441441441441440929e+00 1.898272326527530168e-02
6.451451451451450936e+00 1.911372148525676898e-02
6.461461461461460942e+00 1.924475526679498769e-02
6.471471471471470949e+00 1.937578904833319945e-02
6.481481481481480955e+00 1.950801071162667696e-02
6.491491491491490962e+00 1.964038174606961076e-02
6.501501501501500968e+00 1.977275278051255150e-02
6.511511511511510975e+00 1.990618523494381426e-02
6.521521521521520981e+00 2.003987825218452729e-02
6.531531531531530987e+00 2.017357126942523685e-02
6.541541541541540994e+00 2.030820159776767012e-02
6.551551551551551000e+00 2.044320097194458202e-02
6.561561561561561007e+00 2.057820034612149740e-02
6.571571571571571013e+00 2.071401537737426260e-02
6.581581581581581020e+00 2.085030514401416124e-02
6.591591591591591026e+00 2.098659491065405988e-02
6.601601601601601033e+00 2.112358123149802105e-02
6.611611611611611927e+00 2.126114510496811619e-02
6.621621621621621934e+00 2.139870897843820091e-02
6.631631631631631940e+00 2.153685294485811405e-02
6.641641641641641947e+00 2.167567433610368202e-02
6.651651651651651953e+00 2.181449572734925346e-02
6.661661661661661959e+00 2.195378347641094990e-02
6.671671671671671966e+00 2.209384551095561547e-02
6.681681681681681972e+00 2.223390754550028103e-02
6.691691691691691979e+00 2.237432500727145820e-02
6.701701701701701985e+00 2.251561054345645879e-02
6.711711711711711992e+00 2.265689607964146285e-02
6.721721721721721998e+00 2.279842898924482747e-02
6.731731731731732005e+00 2.294092063668467726e-02
6.741741741741742011e+00 2.308341228412452359e-02
6.751751751751752018e+00 2.322604619391210184e-02
6.761761761761762024e+00 2.336972633214334447e-02
6.771771771771772030e+00 2.351340647037459056e-02
6.781781781781782037e+00 2.365712676221191565e-02
6.791791791791792043e+00 2.380197755951263955e-02
6.801801801801802050e+00 2.394682835681336344e-02
6.811811811811812056e+00 2.409167915411408734e-02
6.821821821821822063e+00 2.423762368682004856e-02
6.831831831831832069e+00 2.438362711917740205e-02
6.841841841841842076e+00 2.452963055153475902e-02
6.851851851851852082e+00 2.467661357097258520e-02
6.861861861861862089e+00 2.482375144117646495e-02
6.871871871871872095e+00 2.497088931138034471e-02
6.881881881881882101e+00 2.511889560859626586e-02
6.891891891891892108e+00 2.526714956543688051e-02
6.901901901901902114e+00 2.541540352227749169e-02
6.911911911911912121e+00 2.556441778712801455e-02
6.921921921921922127e+00 2.571376934467586861e-02
6.931931931931932134e+00 2.586312090222372267e-02
6.941941941941942140e+00 2.601312773610681486e-02
6.951951951951952147e+00 2.616355829305403585e-02
6.961961961961962153e+00 2.631398885000126031e-02
6.971971971971972160e+00 2.646497277861153269e-02
6.981981981981982166e+00 2.661646363765312120e-02
6.991991991991992172e+00 2.676795449669471319e-02
7.002002002002002179e+00 2.691989998279267771e-02
7.012012012012012185e+00 2.707243237002757846e-02
7.022022022022022192e+00 2.722496475726247575e-02
7.032032032032032198e+00 2.737785621344803258e-02
7.042042042042042205e+00 2.753141129777965032e-02
7.052052052052052211e+00 2.768496638211126806e-02
7.062062062062062218e+00 2.783878818359150978e-02
7.072072072072072224e+00 2.799334709610764443e-02
7.082082082082082231e+00 2.814790600862377562e-02
7.092092092092092237e+00 2.830264250596563336e-02
7.102102102102102243e+00 2.845818635927889820e-02
7.112112112112112250e+00 2.861373021259216304e-02
7.122122122122122256e+00 2.876936574445053407e-02
7.132132132132132263e+00 2.892587565197988347e-02
7.142142142142142269e+00 2.908238555950923634e-02
7.152152152152152276e+00 2.923890446532122211e-02
7.162162162162162282e+00 2.939636156049628760e-02
7.172172172172172289e+00 2.955381865567135655e-02
7.182182182182182295e+00 2.971127575084642203e-02
7.192192192192192302e+00 2.986959074367763131e-02
7.202202202202202308e+00 3.002797619904764084e-02
7.212212212212212314e+00 3.018636165441764690e-02
7.222222222222222321e+00 3.034550998364172678e-02
7.232232232232232327e+00 3.050480502987147971e-02
7.242242242242242334e+00 3.066410007610123611e-02
7.252252252252252340e+00 3.082406623617551383e-02
7.262262262262262347e+00 3.098425218091120648e-02
7.272272272272272353e+00 3.114443812564690259e-02
7.282282282282282360e+00 3.130520668078985713e-02
7.292292292292292366e+00 3.146626492737802233e-02
7.302302302302302373e+00 3.162732317396618753e-02
7.312312312312312379e+00 3.178887877038698989e-02
7.322322322322322385e+00 3.195079083643033446e-02
7.332332332332332392e+00 3.211270290247367903e-02
7.342342342342342398e+00 3.227503028050049405e-02
7.352352352352352405e+00 3.243777781623500417e-02
7.362362362362362411e+00 3.260052535196950735e-02
7.372372372372372418e+00 3.276360935806903879e-02
7.382382382382382424e+00 3.292717416454687268e-02
7.392392392392392431e+00 3.309073897102470657e-02
7.402402402402402437e+00 3.325456456970569963e-02
7.412412412412412444e+00 3.341892861676936527e-02
7.422422422422422450e+00 3.358329266383303785e-02
7.432432432432432456e+00 3.374784494942669605e-02
7.442442442442442463e+00 3.391299039346002547e-02
7.452452452452452469e+00 3.407813583749336184e-02
7.462462462462462476e+00 3.424340004580377766e-02
7.472472472472472482e+00 3.440930924724600048e-02
7.482482482482482489e+00 3.457521844868823718e-02
7.492492492492492495e+00 3.474117996850611262e-02
7.502502502502502502e+00 3.490783550911592814e-02
7.512512512512512508e+00 3.507449104972575060e-02
7.522522522522522515e+00 3.524114659033556612e-02
7.532532532532532521e+00 3.540852013405550169e-02
7.542542542542542527e+00 3.557590483391191022e-02
7.552552552552552534e+00 3.574328953376832568e-02
7.562562562562562540e+00 3.591131474599532775e-02
7.572572572572572547e+00 3.607941168022357065e-02
7.582582582582582553e+00 3.624750861445180661e-02
7.592592592592592560e+00 3.641617168204124011e-02
7.602602602602602566e+00 3.658496419725140725e-02
7.612612612612612573e+00 3.675375671246158132e-02
7.622622622622622579e+00 3.692304403595768336e-02
7.632632632632632586e+00 3.709251576638531583e-02
7.642642642642642592e+00 3.726198749681294831e-02
7.652652652652652598e+00 3.743188570087687544e-02
7.662662662662662605e+00 3.760202058421430182e-02
7.672672672672672611e+00 3.777215546755173514e-02
7.682682682682682618e+00 3.794265141120686108e-02
7.692692692692692624e+00 3.811343370411520576e-02
7.702702702702702631e+00 3.828421599702354350e-02
7.712712712712712637e+00 3.845529678371310822e-02
7.722722722722722644e+00 3.862671107700515333e-02
7.732732732732732650e+00 3.879812537029719843e-02
7.742742742742742657e+00 3.896977835774975002e-02
7.752752752752752663e+00 3.914180959123435277e-02
7.762762762762762669e+00 3.931384082471896940e-02
7.772772772772772676e+00 3.948605363461715062e-02
7.782782782782782682e+00 3.965868711159620252e-02
7.792792792792792689e+00 3.983132058857526137e-02
7.802802802802802695e+00 4.000408111602382633e-02
7.812812812812812702e+00 4.017730251743375364e-02
7.822822822822822708e+00 4.035052391884368789e-02
7.832832832832832715e+00 4.052382034163273805e-02
7.842842842842842721e+00 4.069761573982248748e-02
7.852852852852852727e+00 4.087141113801222997e-02
7.862862862862862734e+00 4.104523192567183232e-02
7.872872872872872740e+00 4.121958779780967447e-02
7.882882882882882747e+00 4.139394366994752356e-02
7.892892892892892753e+00 4.156829954208536571e-02
7.902902902902902760e+00 4.174318083369292498e-02
7.912912912912912766e+00 4.191808407479598320e-02
7.922922922922922773e+00 4.209298731589903447e-02
7.932932932932932779e+00 4.226835814732132074e-02
7.942942942942942786e+00 4.244379608290034522e-02
7.952952952952952792e+00 4.261923401847936277e-02
7.962962962962962798e+00 4.279508422940266760e-02
7.972972972972972805e+00 4.297104462771681593e-02
7.982982982982982811e+00 4.314700502603096427e-02
7.992992992992992818e+00 4.332332479380308909e-02
8.003003003003001936e+00 4.349979587771900941e-02
8.013013013013011943e+00 4.367626696163493666e-02
8.023023023023021949e+00 4.385304680882521483e-02
8.033033033033031955e+00 4.403001726727510945e-02
8.043043043043041962e+00 4.420698772572499713e-02
8.053053053053051968e+00 4.438421852745233487e-02
8.063063063063061975e+00 4.456167752648666075e-02
8.073073073073071981e+00 4.473913652552097969e-02
8.083083083083081988e+00 4.491680951654752202e-02
8.093093093093091994e+00 4.509474670997785928e-02
8.103103103103102001e+00 4.527268390340821042e-02
8.113113113113112007e+00 4.545079068499702224e-02
8.123123123123122014e+00 4.562919622462584257e-02
8.133133133133132020e+00 4.580760176425466290e-02
8.143143143143142026e+00 4.598613431078955177e-02
8.153153153153152033e+00 4.616499885622270261e-02
8.163163163163162039e+00 4.634386340165586038e-02
8.173173173173172046e+00 4.652281406702168248e-02
8.183183183183182052e+00 4.670212879506163012e-02
8.193193193193192059e+00 4.688144352310157775e-02
8.203203203203202065e+00 4.706080504682407656e-02
8.213213213213213848e+00 4.724056166044063310e-02
8.223223223223223854e+00 4.742031827405714106e-02
8.233233233233233861e+00 4.760008378720049366e-02
8.243243243243243867e+00 4.778027452407715425e-02
8.253253253253253874e+00 4.796046526095380791e-02
8.263263263263263880e+00 4.814065599783046157e-02
8.273273273273273887e+00 4.832124593242992372e-02
8.283283283283283893e+00 4.850186357308457208e-02
8.293293293293293900e+00 4.868248121373923432e-02
8.303303303303303906e+00 4.886345592792308568e-02
8.313313313313313913e+00 4.904449380340086123e-02
8.323323323323323919e+00 4.922553167887862985e-02
8.333333333333333925e+00 4.940688606907001068e-02
8.343343343343343932e+00 4.958833806820815010e-02
8.353353353353353938e+00 4.976979006734628258e-02
8.363363363363363945e+00 4.995151944949492717e-02
8.373373373373373951e+00 5.013338002575858793e-02
8.383383383383383958e+00 5.031524060202223481e-02
8.393393393393393964e+00 5.049734071585058187e-02
8.403403403403403971e+00 5.067960489373966870e-02
8.413413413413413977e+00 5.086186907162875553e-02
8.423423423423423984e+00 5.104433608463231770e-02
8.433433433433433990e+00 5.122699946565950624e-02
8.443443443443443996e+00 5.140966284668670172e-02
8.453453453453454003e+00 5.159249335788880508e-02
8.463463463463464009e+00 5.177555212612892921e-02
8.473473473473474016e+00 5.195861089436905333e-02
8.483483483483484022e+00 5.214180193783037043e-02
8.493493493493494029e+00 5.232525286504229739e-02
8.503503503503504035e+00 5.250870379225422435e-02
8.513513513513514042e+00 5.269225284033769025e-02
8.523523523523524048e+00 5.287609329066011304e-02
8.533533533533534055e+00 5.305993374098253584e-02
8.543543543543544061e+00 5.324383870737425806e-02
8.553553553553554067e+00 5.342806664159630708e-02
8.563563563563564074e+00 5.361229457581835611e-02
8.573573573573574080e+00 5.379655381830507344e-02
8.583583583583584087e+00 5.398116779771403029e-02
8.593593593593594093e+00 5.416578177712300102e-02
8.603603603603604100e+00 5.435039575653195787e-02
8.613613613613614106e+00 5.453539328993543128e-02
8.623623623623624113e+00 5.472039247974361947e-02
8.633633633633634119e+00 5.490539166955181460e-02
8.643643643643644126e+00 5.509074130897059079e-02
8.653653653653654132e+00 5.527612548132364301e-02
8.663663663663664138e+00 5.546150965367670216e-02
8.673673673673674145e+00 5.564721171297206531e-02
8.683683683683684151e+00 5.583298124954176600e-02
8.693693693693694158e+00 5.601875078611145975e-02
8.703703703703704164e+00 5.620480603412218723e-02
8.713713713713714171e+00 5.639096192828624288e-02
8.723723723723724177e+00 5.657711782245029852e-02
8.733733733733734184e+00 5.676352748416016447e-02
8.743743743743744190e+00 5.695007134277279420e-02
8.753753753753754197e+00 5.713661520138541700e-02
8.763763763763764203e+00 5.732338095885823603e-02
8.773773773773774209e+00 5.751031500361503124e-02
8.783783783783784216e+00 5.769724904837182644e-02
8.793793793793794222e+00 5.788437304145550161e-02
8.803803803803804229e+00 5.807170010985575337e-02
8.813813813813814235e+00 5.825902717825599819e-02
8.823823823823824242e+00 5.844651200505800864e-02
8.833833833833834248e+00 5.863423555096960310e-02
8.843843843843844255e+00 5.882195909688119756e-02
8.853853853853854261e+00 5.900980781401737180e-02
8.863863863863864268e+00 5.919793190784764653e-02
8.873873873873874274e+00 5.938605600167791432e-02
8.883883883883884280e+00 5.957427212429657754e-02
8.893893893893894287e+00 5.976280145277405864e-02
8.903903903903904293e+00 5.995133078125153281e-02
8.913913913913914300e+00 6.013991828283528351e-02
8.923923923923924306e+00 6.032885814840710514e-02
8.933933933933934313e+00 6.051779801397891984e-02
8.943943943943944319e+00 6.070676132592660312e-02
8.953953953953954326e+00 6.089611764577650133e-02
8.963963963963964332e+00 6.108547396562639953e-02
8.973973973973974338e+00 6.127483028547629079e-02
8.983983983983984345e+00 6.146459728130923561e-02
8.993993993993994351e+00 6.165437658600107090e-02
9.004004004004004358e+00 6.184415589069290620e-02
9.014014014014014364e+00 6.203431607289712491e-02
9.024024024024024371e+00 6.222452550464981774e-02
9.034034034034034377e+00 6.241473493640251058e-02
9.044044044044044384e+00 6.260529471502003507e-02
9.054054054054054390e+00 6.279594202561890326e-02
9.064064064064064397e+00 6.298658933621775757e-02
9.074074074074074403e+00 6.317755557293773527e-02
9.084084084084084409e+00 6.336864912128829797e-02
9.094094094094094416e+00 6.355974266963883290e-02
9.104104104104104422e+00 6.375112267596580451e-02
9.114114114114114429e+00 6.394267142529590220e-02
9.124124124124124435e+00 6.413422017462598601e-02
9.134134134134134442e+00 6.432602170984967616e-02
9.144144144144144448e+00 6.451803522456604767e-02
9.154154154154154455e+00 6.471004873928241918e-02
9.164164164164164461e+00 6.490228000825241927e-02
9.174174174174174468e+00 6.509476845045764071e-02
9.184184184184184474e+00 6.528725689266286214e-02
9.194194194194194480e+00 6.547992654337128626e-02
9.204204204204204487e+00 6.567290066904796220e-02
9.214214214214214493e+00 6.586587479472462425e-02
9.224224224224224500e+00 6.605899191569969409e-02
9.234234234234234506e+00 6.625246307056785466e-02
9.244244244244244513e+00 6.644593422543601524e-02
9.254254254254254519e+00 6.663950834294996017e-02
9.264264264264264526e+00 6.683348845800478333e-02
9.274274274274274532e+00 6.702746857305962036e-02
9.284284284284284539e+00 6.722150964815400143e-02
9.294294294294294545e+00 6.741601123489018854e-02
9.304304304304304551e+00 6.761051282162640341e-02
9.314314314314314558e+00 6.780503124695831663e-02
9.324324324324324564e+00 6.800006739228849073e-02
9.334334334334334571e+00 6.819510353761866484e-02
9.344344344344344577e+00 6.839013968294883894e-02
9.354354354354354584e+00 6.858569449500449833e-02
9.364364364364364590e+00 6.878127885587793922e-02
9.374374374374374597e+00 6.897686321675138010e-02
9.384384384384384603e+00 6.917293166702685736e-02
9.394394394394394610e+00 6.936907846475638684e-02
9.404404404404404616e+00 6.956522526248590244e-02
9.414414414414414622e+00 6.976181957622530627e-02
9.424424424424424629e+00 6.995854359052891547e-02
9.434434434434434635e+00 7.015526760483252466e-02
9.444444444444444642e+00 7.035240041831943014e-02
9.454454454454454648e+00 7.054971698108412903e-02
9.464464464464464655e+00 7.074703354384882792e-02
9.474474474474474661e+00 7.094471790013692769e-02
9.484484484484484668e+00 7.114264288891221366e-02
9.494494494494494674e+00 7.134056787768751351e-02
9.504504504504504681e+00 7.153881722218007055e-02
9.514514514514514687e+00 7.173736705340820474e-02
9.524524524524524693e+00 7.193591688463632505e-02
9.534534534534534700e+00 7.213474506051814616e-02
9.544544544544544706e+00 7.233393668250877317e-02
9.554554554554554713e+00 7.253312830449938631e-02
9.564564564564564719e+00 7.273254954802493844e-02
9.574574574574574726e+00 7.293240043368168224e-02
9.584584584584584732e+00 7.313225131933842604e-02
9.594594594594594739e+00 7.333228025497964819e-02
9.604604604604604745e+00 7.353280839428602556e-02
9.614614614614614752e+00 7.373333653359238904e-02
9.624624624624624758e+00 7.393398816905022430e-02
9.634634634634634764e+00 7.413521206132252239e-02
9.644644644644644771e+00 7.433643595359483436e-02
9.654654654654654777e+00 7.453772567467763233e-02
9.664664664664664784e+00 7.473966432059250820e-02
9.674674674674674790e+00 7.494160296650739794e-02
9.684684684684684797e+00 7.514354653188044797e-02
9.694694694694694803e+00 7.534621942528477168e-02
9.704704704704704810e+00 7.554889231868909538e-02
9.714714714714714816e+00 7.575156521209343297e-02
9.724724724724724823e+00 7.595493297400920940e-02
9.734734734734734829e+00 7.615836009351953373e-02
9.744744744744744835e+00 7.636178721302985806e-02
9.754754754754754842e+00 7.656586188829606066e-02
9.764764764764764848e+00 7.677006368869630781e-02
9.774774774774774855e+00 7.697426548909654109e-02
9.784784784784784861e+00 7.717906438958085924e-02
9.794794794794794868e+00 7.738406179302451116e-02
9.804804804804804874e+00 7.758905919646816307e-02
9.814814814814814881e+00 7.779459997569243557e-02
9.824824824824824887e+00 7.800041436271842876e-02
9.834834834834834894e+00 7.820622874974443584e-02
9.844844844844844900e+00 7.841252939686517431e-02
9.854854854854854906e+00 7.861918259723385538e-02
9.864864864864864913e+00 7.882583579760253645e-02
9.874874874874874919e+00 7.903291463129272221e-02
9.884884884884884926e+00 7.924042891465048200e-02
9.894894894894894932e+00 7.944794319800824178e-02
9.904904904904904939e+00 7.965581886024368508e-02
9.914914914914914945e+00 7.986421692662339089e-02
9.924924924924924952e+00 8.007261499300309671e-02
9.934934934934934958e+00 8.028130644275732752e-02
9.944944944944944965e+00 8.049061141292235266e-02
9.954954954954954971e+00 8.069991638308736392e-02
9.964964964964964977e+00 8.090944288993881517e-02
9.974974974974974984e+00 8.111967829557817367e-02
9.984984984984984990e+00 8.132991370121753216e-02
9.994994994994994997e+00 8.154029483887235974e-02
1.000500500500500500e+01 8.175148461265492605e-02
1.001501501501501501e+01 8.196267438643749237e-02
1.002502502502502502e+01 8.217393002617226494e-02
1.003503503503503502e+01 8.238609849166682320e-02
1.004504504504504503e+01 8.259826695716136757e-02
1.005505505505505504e+01 8.281043542265589807e-02
1.006506506506506504e+01 8.302358912265817015e-02
1.007507507507507505e+01 8.323676098412757796e-02
1.008508508508508505e+01 8.344993284559699964e-02
1.009509509509509506e+01 8.366402673096541565e-02
1.010510510510510507e+01 8.387822706304165488e-02
1.011511511511511507e+01 8.409242739511789411e-02
1.012512512512512508e+01 8.430748254967913857e-02
1.013513513513513509e+01 8.452273678692738546e-02
1.014514514514514509e+01 8.473799102417561846e-02
1.015515515515515510e+01 8.495402879182553657e-02
1.016516516516516511e+01 8.517036271820382920e-02
1.017517517517517511e+01 8.538669664458210795e-02
1.018518518518518512e+01 8.560373862228394526e-02
1.019519519519519513e+01 8.582117836050595638e-02
1.020520520520520513e+01 8.603861809872796751e-02
1.021521521521521514e+01 8.625668612945930347e-02
1.022522522522522515e+01 8.647525813026797625e-02
1.023523523523523515e+01 8.669383013107663516e-02
1.024524524524524516e+01 8.691294629672836891e-02
1.025525525525525516e+01 8.713267732808668842e-02
1.026526526526526517e+01 8.735240835944499405e-02
1.027527527527527518e+01 8.757259497367543555e-02
1.028528528528528518e+01 8.779351210988176057e-02
1.029529529529529519e+01 8.801442924608809948e-02
1.030530530530530520e+01 8.823570884713625995e-02
1.031531531531531520e+01 8.845783945787169533e-02
1.032532532532532521e+01 8.867997006860713072e-02
1.033533533533533522e+01 8.890236541206829324e-02
1.034534534534534522e+01 8.912573715138194519e-02
1.035535535535535523e+01 8.934910889069559714e-02
1.036536536536536524e+01 8.957264294226224832e-02
1.037537537537537524e+01 8.979728373750237025e-02
1.038538538538538525e+01 9.002192453274249218e-02
1.039539539539539525e+01 9.024662046091452838e-02
1.040540540540540526e+01 9.047255850161130264e-02
1.041541541541541527e+01 9.069849654230807690e-02
1.042542542542542527e+01 9.092443458300485115e-02
1.043543543543543528e+01 9.115164143778234362e-02
1.044544544544544529e+01 9.137890516448966827e-02
1.045545545545545529e+01 9.160616889119700679e-02
1.046546546546546530e+01 9.183461321909082431e-02
1.047547547547547531e+01 9.206323131219311395e-02
1.048548548548548531e+01 9.229184940529540360e-02
1.049549549549549532e+01 9.252155516783584777e-02
1.050550550550550533e+01 9.275155653632687069e-02
1.051551551551551533e+01 9.298155790481789362e-02
1.052552552552552534e+01 9.321254922569446877e-02
1.053553553553553535e+01 9.344396299593404898e-02
1.054554554554554535e+01 9.367537676617362918e-02
1.055555555555555536e+01 9.390767792382279100e-02
1.056556556556556536e+01 9.414053342827777282e-02
1.057557557557557537e+01 9.437338893273276852e-02
1.058558558558558538e+01 9.460702435292010770e-02
1.059559559559559538e+01 9.484135111889620273e-02
1.060560560560560539e+01 9.507567788487229776e-02
1.061561561561561540e+01 9.531067213327205911e-02
1.062562562562562540e+01 9.554649987164223757e-02
1.063563563563563541e+01 9.578232761001242990e-02
1.064564564564564542e+01 9.601870538478703143e-02
1.065565565565565542e+01 9.625606397872193964e-02
1.066566566566566543e+01 9.649342257265684786e-02
1.067567567567567544e+01 9.673120869703950853e-02
1.068568568568568544e+01 9.697012819074712908e-02
1.069569569569569545e+01 9.720904768445473576e-02
1.070570570570570545e+01 9.744826709933815390e-02
1.071571571571571546e+01 9.768877768681666351e-02
1.072572572572572547e+01 9.792928827429515926e-02
1.073573573573573547e+01 9.816996603082857320e-02
1.074574574574574548e+01 9.841209804463979527e-02
1.075575575575575549e+01 9.865423005845101734e-02
1.076576576576576549e+01 9.889639131064897892e-02
1.077577577577577550e+01 9.914017521071660788e-02
1.078578578578578551e+01 9.938395911078420908e-02
1.079579579579579551e+01 9.962774301085183803e-02
1.080580580580580552e+01 9.987309547058795256e-02
1.081581581581581553e+01 1.001185618330265731e-01
1.082582582582582553e+01 1.003640281954651936e-01
1.083583583583583554e+01 1.006109454191690261e-01
1.084584584584584555e+01 1.008581249251490342e-01
1.085585585585585555e+01 1.011053044311290283e-01
1.086586586586586556e+01 1.013538119311791080e-01
1.087587587587587556e+01 1.016027353558328766e-01
1.088588588588588557e+01 1.018516587804866452e-01
1.089589589589589558e+01 1.021017821316811125e-01
1.090590590590590558e+01 1.023524803330553290e-01
1.091591591591591559e+01 1.026031785344295594e-01
1.092592592592592560e+01 1.028549433667422519e-01
1.093593593593593560e+01 1.031074472748008813e-01
1.094594594594594561e+01 1.033599511828595108e-01
1.095595595595595562e+01 1.036133831742283018e-01
1.096596596596596562e+01 1.038677237799124353e-01
1.097597597597597563e+01 1.041220643855965688e-01
1.098598598598598564e+01 1.043771892547452756e-01
1.099599599599599564e+01 1.046333975990923898e-01
1.100600600600600565e+01 1.048896059434394901e-01
1.101601601601601566e+01 1.051464494427361840e-01
1.102602602602602566e+01 1.054045566060655692e-01
1.103603603603603567e+01 1.056626637693949683e-01
1.104604604604604567e+01 1.059212516777487678e-01
1.105605605605605568e+01 1.061812887689160267e-01
1.106606606606606569e+01 1.064413258600832718e-01
1.107607607607607569e+01 1.067016839758817282e-01
1.108608608608608570e+01 1.069636821216072703e-01
1.109609609609609571e+01 1.072256802673328263e-01
1.110610610610610571e+01 1.074878344014218723e-01
1.111611611611611572e+01 1.077518247356978737e-01
1.112612612612612573e+01 1.080158150699738473e-01
1.113613613613613573e+01 1.082798054042498209e-01
1.114614614614614574e+01 1.085458046922619935e-01
1.115615615615615575e+01 1.088118183458411936e-01
1.116616616616616575e+01 1.090778319994203938e-01
1.117617617617617576e+01 1.093457100540251997e-01
1.118618618618618576e+01 1.096137781439962544e-01
1.119619619619619577e+01 1.098818462339673091e-01
1.120620620620620578e+01 1.101516288377252656e-01
1.121621621621621578e+01 1.104217824571780276e-01
1.122622622622622579e+01 1.106919360766307758e-01
1.123623623623623580e+01 1.109636489867074083e-01
1.124624624624624580e+01 1.112359191944917308e-01
1.125625625625625581e+01 1.115081894022760672e-01
1.126626626626626582e+01 1.117818583437628355e-01
1.127627627627627582e+01 1.120562761543453384e-01
1.128628628628628583e+01 1.123306939649278552e-01
1.129629629629629584e+01 1.126063446242207139e-01
1.130630630630630584e+01 1.128829409976418452e-01
1.131631631631631585e+01 1.131595373710629626e-01
1.132632632632632586e+01 1.134371953893003326e-01
1.133633633633633586e+01 1.137160012212360405e-01
1.134634634634634587e+01 1.139948070531717483e-01
1.135635635635635587e+01 1.142744980197333837e-01
1.136636636636636588e+01 1.145555441316638834e-01
1.137637637637637589e+01 1.148365902435943692e-01
1.138638638638638589e+01 1.151183396896629657e-01
1.139639639639639590e+01 1.154016568191526815e-01
1.140640640640640591e+01 1.156849739486424111e-01
1.141641641641641769e+01 1.159688073408292469e-01
1.142642642642642770e+01 1.162544261319198580e-01
1.143643643643643770e+01 1.165400449230104551e-01
1.144644644644644771e+01 1.168259876570462569e-01
1.145645645645645772e+01 1.171139386507660668e-01
1.146646646646646772e+01 1.174018896444858628e-01
1.147647647647647773e+01 1.176899670389787989e-01
1.148648648648648773e+01 1.179802806639722590e-01
1.149649649649649774e+01 1.182705942889656914e-01
1.150650650650650775e+01 1.185609079139591376e-01
1.151651651651651775e+01 1.188535381425060572e-01
1.152652652652652776e+01 1.191462447057842627e-01
1.153653653653653777e+01 1.194389512690624683e-01
1.154654654654654777e+01 1.197337967155430588e-01
1.155655655655655778e+01 1.200289263933589368e-01
1.156656656656656779e+01 1.203240560711747870e-01
1.157657657657657779e+01 1.206211416463110891e-01
1.158658658658658780e+01 1.209187244751622481e-01
1.159659659659659781e+01 1.212163073040134070e-01
1.160660660660660781e+01 1.215156578082631639e-01
1.161661661661661782e+01 1.218157236760223222e-01
1.162662662662662783e+01 1.221157895437814805e-01
1.163663663663663783e+01 1.224174296615820751e-01
1.164664664664664784e+01 1.227200082987609381e-01
1.165665665665665784e+01 1.230225869359398011e-01
1.166666666666666785e+01 1.233265412300276059e-01
1.167667667667667786e+01 1.236316622011723737e-01
1.168668668668668786e+01 1.239367831723171137e-01
1.169669669669669787e+01 1.242430760781245702e-01
1.170670670670670788e+01 1.245507687733480862e-01
1.171671671671671788e+01 1.248584614685716160e-01
1.172672672672672789e+01 1.251671172887026673e-01
1.173673673673673790e+01 1.254774109153534711e-01
1.174674674674674790e+01 1.257877045420043027e-01
1.175675675675675791e+01 1.260987474407889442e-01
1.176676676676676792e+01 1.264116710152594081e-01
1.177677677677677792e+01 1.267245945897298443e-01
1.178678678678678793e+01 1.270380485878587484e-01
1.179679679679679793e+01 1.273536309275344613e-01
1.180680680680680794e+01 1.276692132672101465e-01
1.181681681681681795e+01 1.279851022364503210e-01
1.182682682682682795e+01 1.283033719518009708e-01
1.183683683683683796e+01 1.286216416671515650e-01
1.184684684684684797e+01 1.289399893251432228e-01
1.185685685685685797e+01 1.292609748119580571e-01
1.186686686686686798e+01 1.295819602987728358e-01
1.187687687687687799e+01 1.299029457855876701e-01
1.188688688688688799e+01 1.302265196356769961e-01
1.189689689689689800e+01 1.305502490674451954e-01
1.190690690690690801e+01 1.308739784992133670e-01
1.191691691691691801e+01 1.312000859342707382e-01
1.192692692692692802e+01 1.315265872547079218e-01
1.193693693693693803e+01 1.318530885751451331e-01
1.194694694694694803e+01 1.321817525829403484e-01
1.195695695695695804e+01 1.325110534986629340e-01
1.196696696696696804e+01 1.328403544143855475e-01
1.197697697697697805e+01 1.331715978014026136e-01
1.198698698698698806e+01 1.335037257747507256e-01
1.199699699699699806e+01 1.338358537480988097e-01
1.200700700700700807e+01 1.341696991349007051e-01
1.201701701701701808e+01 1.345046813769106564e-01
1.202702702702702808e+01 1.348396636189206077e-01
1.203703703703703809e+01 1.351761334355998101e-01
1.204704704704704810e+01 1.355139968991267985e-01
1.205705705705705810e+01 1.358518603626537868e-01
1.206706706706706811e+01 1.361909768443696211e-01
1.207707707707707812e+01 1.365317482173625530e-01
1.208708708708708812e+01 1.368725195903554570e-01
1.209709709709709813e+01 1.372143047729584564e-01
1.210710710710710813e+01 1.375580104718849561e-01
1.211711711711711814e+01 1.379017161708115113e-01
1.212712712712712815e+01 1.382461918865544037e-01
1.213713713713713815e+01 1.385928580499805052e-01
1.214714714714714816e+01 1.389395242134066066e-01
1.215715715715715817e+01 1.392867120867436193e-01
1.216716716716716817e+01 1.396363645690645583e-01
1.217717717717717818e+01 1.399860170513855528e-01
1.218718718718718819e+01 1.403359384948588418e-01
1.219719719719719819e+01 1.406886028601849192e-01
1.220720720720720820e+01 1.410412672255109412e-01
1.221721721721721821e+01 1.413939434357254221e-01
1.222722722722722821e+01 1.417496449519201618e-01
1.223723723723723822e+01 1.421053464681149014e-01
1.224724724724724823e+01 1.424610479843096689e-01
1.225725725725725823e+01 1.428195620546740263e-01
1.226726726726726824e+01 1.431783256875477361e-01
1.227727727727727824e+01 1.435370893204214182e-01
1.228728728728728825e+01 1.438984245453668875e-01
1.229729729729729826e+01 1.442602749530236261e-01
1.230730730730730826e+01 1.446221253606803647e-01
1.231731731731731827e+01 1.449863019525237662e-01
1.232732732732732828e+01 1.453512634798631020e-01
1.233733733733733828e+01 1.457162250072024101e-01
1.234734734734734829e+01 1.460832629417597728e-01
1.235735735735735830e+01 1.464513596151326702e-01
1.236736736736736830e+01 1.468194562885055954e-01
1.237737737737737831e+01 1.471893753016626505e-01
1.238738738738738832e+01 1.475606308236820097e-01
1.239739739739739832e+01 1.479318863457013966e-01
1.240740740740740833e+01 1.483047059300724169e-01
1.241741741741741833e+01 1.486791436745773520e-01
1.242742742742742834e+01 1.490535814190822872e-01
1.243743743743743835e+01 1.494293208207575219e-01
1.244744744744744835e+01 1.498069638279324323e-01
1.245745745745745836e+01 1.501846068351073427e-01
1.246746746746746837e+01 1.505632850504883269e-01
1.247747747747747837e+01 1.509441560221348733e-01
1.248748748748748838e+01 1.513250269937814751e-01
1.249749749749749839e+01 1.517066627665044631e-01
1.250750750750750839e+01 1.520907840614678652e-01
1.251751751751751840e+01 1.524749053564312395e-01
1.252752752752752841e+01 1.528595171743787617e-01
1.253753753753753841e+01 1.532469108041263073e-01
1.254754754754754842e+01 1.536343044338738528e-01
1.255755755755755843e+01 1.540219105262734256e-01
1.256756756756756843e+01 1.544125981506262735e-01
1.257757757757757844e+01 1.548032857749791213e-01
1.258758758758758844e+01 1.551939733993319415e-01
1.259759759759759845e+01 1.555879070326066094e-01
1.260760760760760846e+01 1.559819099556233601e-01
1.261761761761761846e+01 1.563759128786401109e-01
1.262762762762762847e+01 1.567728974020216881e-01
1.263763763763763848e+01 1.571702365680336388e-01
1.264764764764764848e+01 1.575675757340456173e-01
1.265765765765765849e+01 1.579676282207229943e-01
1.266766766766766850e+01 1.583683242105199396e-01
1.267767767767767850e+01 1.587690202003169126e-01
1.268768768768768851e+01 1.591721574504283976e-01
1.269769769769769852e+01 1.595762304775950602e-01
1.270770770770770852e+01 1.599803035047616673e-01
1.271771771771771853e+01 1.603865420430779509e-01
1.272772772772772854e+01 1.607940119504793486e-01
1.273773773773773854e+01 1.612014818578807185e-01
1.274774774774774855e+01 1.616108379315729648e-01
1.275775775775775855e+01 1.620217241879887138e-01
1.276776776776776856e+01 1.624326104444044905e-01
1.277777777777777857e+01 1.628451000208972765e-01
1.278778778778778857e+01 1.632594217178037210e-01
1.279779779779779858e+01 1.636737434147102210e-01
1.280780780780780859e+01 1.640893821796189922e-01
1.281781781781781859e+01 1.645071580281181889e-01
1.282782782782782860e+01 1.649249338766174133e-01
1.283783783783783861e+01 1.653437372317695386e-01
1.284784784784784861e+01 1.657649855596635968e-01
1.285785785785785862e+01 1.661862338875576828e-01
1.286786786786786863e+01 1.666082169490968601e-01
1.287787787787787863e+01 1.670329556981078045e-01
1.288788788788788864e+01 1.674576944471187212e-01
1.289789789789789864e+01 1.678828720436924271e-01
1.290790790790790865e+01 1.683111187668259179e-01
1.291791791791791866e+01 1.687393654899594364e-01
1.292792792792792866e+01 1.691677521609888657e-01
1.293793793793793867e+01 1.695995240200400545e-01
1.294794794794794868e+01 1.700312958790912710e-01
1.295795795795795868e+01 1.704630677381424597e-01
1.296796796796796869e+01 1.708982196363245942e-01
1.297797797797797870e+01 1.713335333995263665e-01
1.298798798798798870e+01 1.717688471627281943e-01
1.299799799799799871e+01 1.722072527124759722e-01
1.300800800800800872e+01 1.726461247522872722e-01
1.301801801801801872e+01 1.730849967920985721e-01
1.302802802802802873e+01 1.735266692577421832e-01
1.303803803803803874e+01 1.739691155487753105e-01
1.304804804804804874e+01 1.744115618398084100e-01
1.305805805805805875e+01 1.748565141884093066e-01
1.306806806806806875e+01 1.753025503054956580e-01
1.307807807807807876e+01 1.757485864225819816e-01
1.308808808808808877e+01 1.761968313227431915e-01
1.309809809809809877e+01 1.766464724391356711e-01
1.310810810810810878e+01 1.770961135555281230e-01
1.311811811811811879e+01 1.775476633762818612e-01
1.312812812812812879e+01 1.780009242619921273e-01
1.313813813813813880e+01 1.784541851477023655e-01
1.314814814814814881e+01 1.789090519574749738e-01
1.315815815815815881e+01 1.793659469777459103e-01
1.316816816816816882e+01 1.798228419980168191e-01
1.317817817817817883e+01 1.802810375636695883e-01
1.318818818818818883e+01 1.807415806775782285e-01
1.319819819819819884e+01 1.812021237914868688e-01
1.320820820820820884e+01 1.816636595774325513e-01
1.321821821821821885e+01 1.821278643366270877e-01
1.322822822822822886e+01 1.825920690958216519e-01
1.323823823823823886e+01 1.830569562632164415e-01
1.324824824824824887e+01 1.835248358107806899e-01
1.325825825825825888e+01 1.839927153583449382e-01
1.326826826826826888e+01 1.844609647643540296e-01
1.327827827827827889e+01 1.849325318338009838e-01
1.328828828828828890e+01 1.854040989032479936e-01
1.329829829829829890e+01 1.858757211003846388e-01
1.330830830830830891e+01 1.863509880147777020e-01
1.331831831831831892e+01 1.868262549291707930e-01
1.332832832832832892e+01 1.873015218435638563e-01
1.333833833833833893e+01 1.877802388359064989e-01
1.334834834834834894e+01 1.882592175071038099e-01
1.335835835835835894e+01 1.887381961783011486e-01
1.336836836836836895e+01 1.892203176505869722e-01
1.337837837837837895e+01 1.897030195786122975e-01
1.338838838838838896e+01 1.901857215066375950e-01
1.339839839839839897e+01 1.906712566818412335e-01
1.340840840840840897e+01 1.911576929543747083e-01
1.341841841841841898e+01 1.916441292269082386e-01
1.342842842842842899e+01 1.921330870210421204e-01
1.343843843843843899e+01 1.926232683130326417e-01
1.344844844844844900e+01 1.931134496050231630e-01
1.345845845845845901e+01 1.936058386269522147e-01
1.346846846846846901e+01 1.940997752003487120e-01
1.347847847847847902e+01 1.945937117737451538e-01
1.348848848848848903e+01 1.950895403250689775e-01
1.349849849849849903e+01 1.955872420286691726e-01
1.350850850850850904e+01 1.960849437322693678e-01
1.351851851851851904e+01 1.965842198072706715e-01
1.352852852852852905e+01 1.970856960766851351e-01
1.353853853853853906e+01 1.975871723460995988e-01
1.354854854854854906e+01 1.980899036317583795e-01
1.355855855855855907e+01 1.985951634894885798e-01
1.356856856856856908e+01 1.991004233472187801e-01
1.357857857857857908e+01 1.996066172232916491e-01
1.358858858858858909e+01 2.001156692789214375e-01
1.359859859859859910e+01 2.006247213345512259e-01
1.360860860860860910e+01 2.011343848737151274e-01
1.361861861861861911e+01 2.016472373242118310e-01
1.362862862862862912e+01 2.021600897747085068e-01
1.363863863863863912e+01 2.026732297427671081e-01
1.364864864864864913e+01 2.031898903728918127e-01
1.365865865865865914e+01 2.037065510030165172e-01
1.366866866866866914e+01 2.042232116331411940e-01
1.367867867867867915e+01 2.047436500419950178e-01
1.368868868868868915e+01 2.052641262248205978e-01
1.369869869869869916e+01 2.057846024076462055e-01
1.370870870870870917e+01 2.063085368195290148e-01
1.371871871871871917e+01 2.068328355170636346e-01
1.372872872872872918e+01 2.073571342145982266e-01
1.373873873873873919e+01 2.078845700662177443e-01
1.374874874874874919e+01 2.084126978301320821e-01
1.375875875875875920e+01 2.089408255940463921e-01
1.376876876876876921e+01 2.094717680175095520e-01
1.377877877877877921e+01 2.100037309899656646e-01
1.378878878878878922e+01 2.105356939624217771e-01
1.379879879879879923e+01 2.110701477858467068e-01
1.380880880880880923e+01 2.116059517004289514e-01
1.381881881881881924e+01 2.121417556150111960e-01
1.382882882882882924e+01 2.126797253631945162e-01
1.383883883883883925e+01 2.132193755459370899e-01
1.384884884884884926e+01 2.137590257286796913e-01
1.385885885885885926e+01 2.143005156238200759e-01
1.386886886886886927e+01 2.148440169943328371e-01
1.387887887887887928e+01 2.153875183648455705e-01
1.388888888888888928e+01 2.159325323273221242e-01
1.389889889889889929e+01 2.164798894000112828e-01
1.390890890890890930e+01 2.170272464727004413e-01
1.391891891891891930e+01 2.175757881219048118e-01
1.392892892892892931e+01 2.181270050072861288e-01
1.393893893893893932e+01 2.186782218926674182e-01
1.394894894894894932e+01 2.192302945478891429e-01
1.395895895895895933e+01 2.197853749539948331e-01
1.396896896896896934e+01 2.203404553601005511e-01
1.397897897897897934e+01 2.208960620414653631e-01
1.398898898898898935e+01 2.214550092753383714e-01
1.399899899899899935e+01 2.220139565092114076e-01
1.400900900900900936e+01 2.225730999386694720e-01
1.401901901901901937e+01 2.231359169079479288e-01
1.402902902902902937e+01 2.236987338772263578e-01
1.403903903903903938e+01 2.242615508465047869e-01
1.404904904904904939e+01 2.248281056941794087e-01
1.405905905905905939e+01 2.253947949087662384e-01
1.406906906906906940e+01 2.259614841233530680e-01
1.407907907907907941e+01 2.265315823866268508e-01
1.408908908908908941e+01 2.271021459604442294e-01
1.409909909909909942e+01 2.276727095342616358e-01
1.410910910910910943e+01 2.282463526528527020e-01
1.411911911911911943e+01 2.288207923056804205e-01
1.412912912912912944e+01 2.293952319585081390e-01
1.413913913913913944e+01 2.299724210803313629e-01
1.414914914914914945e+01 2.305507381397244315e-01
1.415915915915915946e+01 2.311290551991175279e-01
1.416916916916916946e+01 2.317097911815973466e-01
1.417917917917917947e+01 2.322919865848845355e-01
1.418918918918918948e+01 2.328741819881717523e-01
1.419919919919919948e+01 2.334584653995996073e-01
1.420920920920920949e+01 2.340445396959588142e-01
1.421921921921921950e+01 2.346306139923180489e-01
1.422922922922922950e+01 2.352184451132531273e-01
1.423923923923923951e+01 2.358083984658629062e-01
1.424924924924924952e+01 2.363983518184726851e-01
1.425925925925925952e+01 2.369897306431859585e-01
1.426926926926926953e+01 2.375835628314515724e-01
1.427927927927927954e+01 2.381773950197172141e-01
1.428928928928928954e+01 2.387723212576770837e-01
1.429929929929929955e+01 2.393700316795275562e-01
1.430930930930930955e+01 2.399677421013780010e-01
1.431931931931931956e+01 2.405662151787770764e-01
1.432932932932932957e+01 2.411678028530353235e-01
1.433933933933933957e+01 2.417693905272935151e-01
1.434934934934934958e+01 2.423714095886163877e-01
1.435935935935935959e+01 2.429768731574354912e-01
1.436936936936936959e+01 2.435823367262545946e-01
1.437937937937937960e+01 2.441879006358837478e-01
1.438938938938938961e+01 2.447972383672531727e-01
1.439939939939939961e+01 2.454065760986225975e-01
1.440940940940940962e+01 2.460159138299920223e-01
1.441941941941941963e+01 2.466288932328008221e-01
1.442942942942942963e+01 2.472421030231169436e-01
1.443943943943943964e+01 2.478553128134330930e-01
1.444944944944944965e+01 2.484718314870658640e-01
1.445945945945945965e+01 2.490889108637656391e-01
1.446946946946946966e+01 2.497059902404653864e-01
1.447947947947947966e+01 2.503260458527614141e-01
1.448948948948948967e+01 2.509469919770203061e-01
1.449949949949949968e+01 2.515679381012791427e-01
1.450950950950950968e+01 2.521915280495387601e-01
1.451951951951951969e+01 2.528163377190273953e-01
1.452952952952952970e+01 2.534411473885160304e-01
1.453953953953953970e+01 2.540682688013514712e-01
1.454954954954954971e+01 2.546969384530521907e-01
1.455955955955955972e+01 2.553256081047529102e-01
1.456956956956956972e+01 2.559562578439720792e-01
1.457957957957957973e+01 2.565887835570523912e-01
1.458958958958958974e+01 2.572213092701326476e-01
1.459959959959959974e+01 2.578554839326548387e-01
1.460960960960960975e+01 2.584918614313970742e-01
1.461961961961961975e+01 2.591282389301392541e-01
1.462962962962962976e+01 2.597659348499424259e-01
1.463963963963963977e+01 2.604061595067265200e-01
1.464964964964964977e+01 2.610463841635105586e-01
1.465965965965965978e+01 2.616875974136086969e-01
1.466966966966966979e+01 2.623316642519476494e-01
1.467967967967967979e+01 2.629757310902866574e-01
1.468968968968968980e+01 2.636204574847373361e-01
1.469969969969969981e+01 2.642683611823648526e-01
1.470970970970970981e+01 2.649162648799923137e-01
1.471971971971971982e+01 2.655644999759334546e-01
1.472972972972972983e+01 2.662162348679383284e-01
1.473973973973973983e+01 2.668679697599432021e-01
1.474974974974974984e+01 2.675197088596570905e-01
1.475975975975975985e+01 2.681752689416673219e-01
1.476976976976976985e+01 2.688308290236776643e-01
1.477977977977977986e+01 2.694863891056879512e-01
1.478978978978978986e+01 2.701454461080958214e-01
1.479979979979979987e+01 2.708048250395084233e-01
1.480980980980980988e+01 2.714642039709209143e-01
1.481981981981981988e+01 2.721267481519348830e-01
1.482982982982982989e+01 2.727899392591891514e-01
1.483983983983983990e+01 2.734531303664433644e-01
1.484984984984984990e+01 2.741191559467985872e-01
1.485985985985985991e+01 2.747861522266947243e-01
1.486986986986986992e+01 2.754531485065908614e-01
1.487987987987987992e+01 2.761226494640510176e-01
1.488988988988988993e+01 2.767934435871071130e-01
1.489989989989989994e+01 2.774642377101632085e-01
1.490990990990990994e+01 2.781372077817556021e-01
1.491991991991991995e+01 2.788117920956083018e-01
1.492992992992992995e+01 2.794863764094610015e-01
1.493993993993993996e+01 2.801628090937331450e-01
1.494994994994994997e+01 2.808411756265737358e-01
1.495995995995995997e+01 2.815195421594143821e-01
1.496996996996996998e+01 2.821994307187117856e-01
1.497997997997997999e+01 2.828815711827617485e-01
1.498998998998998999e+01 2.835637116468117669e-01
1.500000000000000000e+01 2.842470491095772100e-01
