5.000000000000000000e+00 8.456037223648103091e-03
5.010010010010010006e+00 8.547278736951050698e-03
5.020020020020020013e+00 8.638520250253998306e-03
5.030030030030030019e+00 8.729761763556944179e-03
5.040040040040040026e+00 8.821003276859891787e-03
5.050050050050050032e+00 8.912244790162837660e-03
5.060060060060060039e+00 9.003505307084738035e-03
5.070070070070070045e+00 9.096317367408566709e-03
5.080080080080080052e+00 9.189129427732397118e-03
5.090090090090090058e+00 9.281941488056225792e-03
5.100100100100100065e+00 9.376193299277770649e-03
5.110110110110110071e+00 9.470568098012232400e-03
5.120120120120120077e+00 9.564942896746695886e-03
5.130130130130130084e+00 9.660608622065429765e-03
5.140140140140140090e+00 9.756537817650309460e-03
5.150150150150150097e+00 9.852467013235190890e-03
5.160160160160160103e+00 9.949539439242142957e-03
5.170170170170170110e+00 1.004701416737004659e-02
5.180180180180180116e+00 1.014448889549794848e-02
5.190190190190190123e+00 1.024296043494744846e-02
5.200200200200200129e+00 1.034197131860254554e-02
5.210210210210210136e+00 1.044098220225764435e-02
5.220220220220220142e+00 1.054084490037687262e-02
5.230230230230230148e+00 1.064138205972473168e-02
5.240240240240240155e+00 1.074191921907259248e-02
5.250250250250250161e+00 1.084316475979739403e-02
5.260260260260260168e+00 1.094521782194204755e-02
5.270270270270270174e+00 1.104727088408670281e-02
5.280280280280280181e+00 1.114989059623116251e-02
5.290290290290290187e+00 1.125344870485604082e-02
5.300300300300300194e+00 1.135700681348091913e-02
5.310310310310310200e+00 1.146099167684848895e-02
5.320320320320320207e+00 1.156604350175860670e-02
5.330330330330330213e+00 1.167109532666872271e-02
5.340340340340340219e+00 1.177643597811287197e-02
5.350350350350350226e+00 1.188296972469581395e-02
5.360360360360360232e+00 1.198950347127875418e-02
5.370370370370370239e+00 1.209619021072110522e-02
5.380380380380380245e+00 1.220419362934449525e-02
5.390390390390390252e+00 1.231219704796788703e-02
5.400400400400400258e+00 1.242021984438191652e-02
5.410410410410410265e+00 1.252968023974521811e-02
5.420420420420420271e+00 1.263914063510851796e-02
5.430430430430430278e+00 1.274860103047181781e-02
5.440440440440440284e+00 1.285939337293516734e-02
5.450450450450450290e+00 1.297029761339336951e-02
5.460460460460460297e+00 1.308120185385157341e-02
5.470470470470470303e+00 1.319329566352397606e-02
5.480480480480480310e+00 1.330563019040059865e-02
5.490490490490490316e+00 1.341796471727721950e-02
5.500500500500500323e+00 1.353134858825484794e-02
5.510510510510510329e+00 1.364509942516117444e-02
5.520520520520520336e+00 1.375885026206749746e-02
5.530530530530530342e+00 1.387351249059239240e-02
5.540540540540540349e+00 1.398866525276955090e-02
5.550550550550550355e+00 1.410381801494671114e-02
5.560560560560560361e+00 1.421974660537748784e-02
5.570570570570570368e+00 1.433628650907729958e-02
5.580580580580580374e+00 1.445282641277710958e-02
5.590590590590590381e+00 1.457000908358807925e-02
5.600600600600600387e+00 1.468792095550807732e-02
5.610610610610610394e+00 1.480583282742807538e-02
5.620620620620620400e+00 1.492425701724338881e-02
5.630630630630630407e+00 1.504352530403051981e-02
5.640640640640640413e+00 1.516279359081764908e-02
5.650650650650650419e+00 1.528244646448697654e-02
5.660660660660660426e+00 1.540305524232393405e-02
5.670670670670670432e+00 1.552366402016089331e-02
5.680680680680680439e+00 1.564453247488275731e-02
5.690690690690690445e+00 1.576646545917002873e-02
5.700700700700700452e+00 1.588839844345729668e-02
5.710710710710710458e+00 1.601046911495595040e-02
5.720720720720720465e+00 1.613370967010155713e-02
5.730730730730730471e+00 1.625695022524716038e-02
5.740740740740740478e+00 1.638020949400841725e-02
5.750750750750750484e+00 1.650474064333685292e-02
5.760760760760760490e+00 1.662927179266528860e-02
5.770770770770770497e+00 1.675380294199372427e-02
5.780780780780780503e+00 1.687951022602733608e-02
5.790790790790790510e+00 1.700531466181802454e-02
5.800800800800800516e+00 1.713111909760870952e-02
5.810810810810810523e+00 1.725796937084251095e-02
5.820820820820820529e+00 1.738502946450703329e-02
5.830830830830830536e+00 1.751208955817155216e-02
5.840840840840840542e+00 1.764006816291472518e-02
5.850850850850850549e+00 1.776836597532152964e-02
5.860860860860860555e+00 1.789666378772833757e-02
5.870870870870870561e+00 1.802575584716418697e-02
5.880880880880880568e+00 1.815527313911812282e-02
5.890890890890890574e+00 1.828479043107205521e-02
5.900900900900900581e+00 1.841498085602189319e-02
5.910910910910910587e+00 1.854569909890517801e-02
5.920920920920920594e+00 1.867641734178846630e-02
5.930930930930930600e+00 1.880769083756618498e-02
5.940940940940940607e+00 1.893959122414637028e-02
5.950950950950950613e+00 1.907149161072656252e-02
5.960960960960960620e+00 1.920383268408622918e-02
5.970970970970970626e+00 1.933689613949587591e-02
5.980980980980980632e+00 1.946995959490552264e-02
5.990990990990990639e+00 1.960335256108370824e-02
6.001001001001000645e+00 1.973755975397527979e-02
6.011011011011010652e+00 1.987176694686685480e-02
6.021021021021020658e+00 2.000619593672123275e-02
6.031031031031030665e+00 2.014152729060017868e-02
6.041041041041040671e+00 2.027685864447912809e-02
6.051051051051050678e+00 2.041230761172454708e-02
6.061061061061060684e+00 2.054874331646232635e-02
6.071071071071070691e+00 2.068517902120010563e-02
6.081081081081080697e+00 2.082163174974289294e-02
6.091091091091090703e+00 2.095915177327094259e-02
6.101101101101100710e+00 2.109667179679899571e-02
6.111111111111110716e+00 2.123419182032704536e-02
6.121121121121120723e+00 2.137269600835480302e-02
6.131131131131130729e+00 2.151128010853946976e-02
6.141141141141140736e+00 2.164986420872413997e-02
6.151151151151150742e+00 2.178931880612455102e-02
6.161161161161160749e+00 2.192894654282251388e-02
6.171171171171170755e+00 2.206857427952047673e-02
6.181181181181180762e+00 2.220896241999316748e-02
6.191191191191190768e+00 2.234961316728541203e-02
6.201201201201200774e+00 2.249026391457765658e-02
6.211211211211210781e+00 2.263156860474981741e-02
6.221221221221220787e+00 2.277322156335227776e-02
6.231231231231230794e+00 2.291487452195474159e-02
6.241241241241240800e+00 2.305707864938155369e-02
6.251251251251250807e+00 2.319971285922907411e-02
6.261261261261260813e+00 2.334234706907659454e-02
6.271271271271270820e+00 2.348543341033456494e-02
6.281281281281280826e+00 2.362902776333444463e-02
6.291291291291290833e+00 2.377262211633433125e-02
6.301301301301300839e+00 2.391657334520555164e-02
6.311311311311310845e+00 2.406110659815634267e-02
6.321321321321320852e+00 2.420563985110713370e-02
6.331331331331330858e+00 2.435043854685226689e-02
6.341341341341340865e+00 2.449588933452252759e-02
6.351351351351350871e+00 2.464134012219278830e-02
6.361361361361360878e+00 2.478696877791023573e-02
6.371371371371370884e+00 2.493331562627161893e-02
6.381381381381380891e+00 2.507966247463300560e-02
6.391391391391390897e+00 2.522610350570169552e-02
6.401401401401400904e+00 2.537332484531009888e-02
6.411411411411410910e+00 2.552054618491850224e-02
6.421421421421420916e+00 2.566778193752137366e-02
6.431431431431430923e+00 2.581585611703907102e-02
6.441441441441440929e+00 2.596393029655676490e-02
6.451451451451450936e+00 2.611200447607445879e-02
6.461461461461460942e+00 2.626084835613346283e-02
6.471471471471470949e+00 2.640975365598514576e-02
6.481481481481480955e+00 2.655865895583682870e-02
6.491491491491490962e+00 2.670824030265531515e-02
6.501501501501500968e+00 2.685795494880989162e-02
6.511511511511510975e+00 2.700766959496446462e-02
6.521521521521520981e+00 2.715797055848114677e-02
6.531531531531530987e+00 2.730847273635110886e-02
6.541541541541540994e+00 2.745897491422107442e-02
6.551551551551551000e+00 2.760997762402311526e-02
6.561561561561561007e+00 2.776124549247296902e-02
6.571571571571571013e+00 2.791251336092282279e-02
6.581581581581581020e+00 2.806419993522235590e-02
6.591591591591591026e+00 2.821621164067644044e-02
6.601601601601601033e+00 2.836822334613052152e-02
6.611611611611611927e+00 2.852057590079131247e-02
6.621621621621621934e+00 2.867330959143221669e-02
6.631631631631631940e+00 2.882604328207312092e-02
6.641641641641641947e+00 2.897904393968273387e-02
6.651651651651651953e+00 2.913247777973016275e-02
6.661661661661661959e+00 2.928591161977759511e-02
6.671671671671671966e+00 2.943954251876067241e-02
6.681681681681681972e+00 2.959365470282064592e-02
6.691691691691691979e+00 2.974776688688062290e-02
6.701701701701701985e+00 2.990201019064847240e-02
6.711711711711711992e+00 3.005677895812293096e-02
6.721721721721721998e+00 3.021154772559738605e-02
6.731731731731732005e+00 3.036638563172941105e-02
6.741741741741742011e+00 3.052178928127517732e-02
6.751751751751752018e+00 3.067719293082094706e-02
6.761761761761762024e+00 3.083260768027282217e-02
6.771771771771772030e+00 3.098862458429970171e-02
6.781781781781782037e+00 3.114464148832657778e-02
6.791791791791792043e+00 3.130065839235345732e-02
6.801801801801802050e+00 3.145722399385732920e-02
6.811811811811812056e+00 3.161383261305404646e-02
6.821821821821822063e+00 3.177044123225075678e-02
6.831831831831832069e+00 3.192752688956370516e-02
6.841841841841842076e+00 3.208470578744090224e-02
6.851851851851852082e+00 3.224188468531810625e-02
6.861861861861862089e+00 3.239947294234050285e-02
6.871871871871872095e+00 3.255720079977944548e-02
6.881881881881882101e+00 3.271492865721838811e-02
6.891891891891892108e+00 3.287300215277393772e-02
6.901901901901902114e+00 3.303125778256989220e-02
6.911911911911912121e+00 3.318951341236585362e-02
6.921921921921922127e+00 3.334805488945333241e-02
6.931931931931932134e+00 3.350681725084211915e-02
6.941941941941942140e+00 3.366557961223090589e-02
6.951951951951952147e+00 3.382457192726133488e-02
6.961961961961962153e+00 3.398382014041780030e-02
6.971971971971972160e+00 3.414306835357427267e-02
6.981981981981982166e+00 3.430249448558851666e-02
6.991991991991992172e+00 3.446220784608559212e-02
7.002002002002002179e+00 3.462192120658266759e-02
7.012012012012012185e+00 3.478176426644413038e-02
7.022022022022022192e+00 3.494192225966107762e-02
7.032032032032032198e+00 3.510208025287801792e-02
7.042042042042042205e+00 3.526232349243528519e-02
7.052052052052052211e+00 3.542290580790371374e-02
7.062062062062062218e+00 3.558348812337213535e-02
7.072072072072072224e+00 3.574411494458648586e-02
7.082082082082082231e+00 3.590510149026309578e-02
7.092092092092092237e+00 3.606608803593969875e-02
7.102102102102102243e+00 3.622708199997232148e-02
7.112112112112112250e+00 3.638845291642672786e-02
7.122122122122122256e+00 3.654982383288114117e-02
7.132132132132132263e+00 3.671119474933555449e-02
7.142142142142142269e+00 3.687290434364196012e-02
7.152152152152152276e+00 3.703464001814914253e-02
7.162162162162162282e+00 3.719637569265632493e-02
7.172172172172172289e+00 3.735840071378503102e-02
7.182182182182182295e+00 3.752048179431050762e-02
7.192192192192192302e+00 3.768256287483598421e-02
7.202202202202202308e+00 3.784488769014952153e-02
7.212212212212212314e+00 3.800729509921704774e-02
7.222222222222222321e+00 3.816970250828458089e-02
7.232232232232232327e+00 3.833231169392838783e-02
7.242242242242242334e+00 3.849502664235924382e-02
7.252252252252252340e+00 3.865774159079009981e-02
7.262262262262262347e+00 3.882061994036281605e-02
7.272272272272272353e+00 3.898362394087549060e-02
7.282282282282282360e+00 3.914662794138817903e-02
7.292292292292292366e+00 3.930976047453117739e-02
7.302302302302302373e+00 3.947303535519208068e-02
7.312312312312312379e+00 3.963631023585297009e-02
7.322322322322322385e+00 3.979968220675426938e-02
7.332332332332332392e+00 3.996321012426792829e-02
7.342342342342342398e+00 4.012673804178158721e-02
7.352352352352352405e+00 4.029033494758933742e-02
7.362362362362362411e+00 4.045409840041912924e-02
7.372372372372372418e+00 4.061786185324892107e-02
7.382382382382382424e+00 4.078166944239025593e-02
7.392392392392392431e+00 4.094565128369875850e-02
7.402402402402402437e+00 4.110963312500725414e-02
7.412412412412412444e+00 4.127363740540767462e-02
7.422422422422422450e+00 4.143782085580800106e-02
7.432432432432432456e+00 4.160200430620832057e-02
7.442442442442442463e+00 4.176619155340764722e-02
7.452452452452452469e+00 4.193056021351532908e-02
7.462462462462462476e+00 4.209492887362299707e-02
7.472472472472472482e+00 4.225929753373067199e-02
7.482482482482482489e+00 4.242382350155988330e-02
7.492492492492492495e+00 4.258836136433673952e-02
7.502502502502502502e+00 4.275289922711359575e-02
7.512512512512512508e+00 4.291756594501774241e-02
7.522522522522522515e+00 4.308225740789865116e-02
7.532532532532532521e+00 4.324694887077955990e-02
7.542542542542542527e+00 4.341174388110851518e-02
7.552552552552552534e+00 4.357657375790206095e-02
7.562562562562562540e+00 4.374140363469560672e-02
7.572572572572572547e+00 4.390631479042111235e-02
7.582582582582582553e+00 4.407126832297605240e-02
7.592592592592592560e+00 4.423622185553098551e-02
7.602602602602602566e+00 4.440123732753855496e-02
7.612612612612612573e+00 4.456630019716786156e-02
7.622622622622622579e+00 4.473136306679715429e-02
7.632632632632632586e+00 4.489647135104157111e-02
7.642642642642642592e+00 4.506162968969568833e-02
7.652652652652652598e+00 4.522678802834981943e-02
7.662662662662662605e+00 4.539197795287112924e-02
7.672672672672672611e+00 4.555721835405365794e-02
7.682682682682682618e+00 4.572245875523618663e-02
7.692692692692692624e+00 4.588771948703265768e-02
7.702702702702702631e+00 4.605302901645028091e-02
7.712712712712712637e+00 4.621833854586791801e-02
7.722722722722722644e+00 4.638365959762258406e-02
7.732732732732732650e+00 4.654902580356283515e-02
7.742742742742742657e+00 4.671439200950307929e-02
7.752752752752752663e+00 4.687976324616089513e-02
7.762762762762762669e+00 4.704517416959060755e-02
7.772772772772772676e+00 4.721058509302031997e-02
7.782782782782782682e+00 4.737599673821261959e-02
7.792792792792792689e+00 4.754144092259084131e-02
7.802802802802802695e+00 4.770688510696906998e-02
7.812812812812812702e+00 4.787232929134729864e-02
7.822822822822822708e+00 4.803779425008194298e-02
7.832832832832832715e+00 4.820326075088127854e-02
7.842842842842842721e+00 4.836872725168062104e-02
7.852852852852852727e+00 4.853420374389916941e-02
7.862862862862862734e+00 4.869968213782933236e-02
7.872872872872872740e+00 4.886516053175950225e-02
7.882882882882882747e+00 4.903064042428840336e-02
7.892892892892892753e+00 4.919612081821688604e-02
7.902902902902902760e+00 4.936160121214537566e-02
7.912912912912912766e+00 4.952707676322518071e-02
7.922922922922922773e+00 4.969254980278968448e-02
7.932932932932932779e+00 4.985802284235418824e-02
7.942942942942942786e+00 5.002348670694607702e-02
7.952952952952952792e+00 5.018894358485369994e-02
7.962962962962962798e+00 5.035440046276131593e-02
7.972972972972972805e+00 5.051984569768062927e-02
7.982982982982982811e+00 5.068527816168950928e-02
7.992992992992992818e+00 5.085071062569839623e-02
8.003003003003001936e+00 5.101613069457292676e-02
8.013013013013011943e+00 5.118153105515177437e-02
8.023023023023021949e+00 5.134693141573062891e-02
8.033033033033031955e+00 5.151232019378209487e-02
8.043043043043041962e+00 5.167768133144397258e-02
8.053053053053051968e+00 5.184304246910585029e-02
8.063063063063061975e+00 5.200839424775256098e-02
8.073073073073071981e+00 5.217370962005914159e-02
8.083083083083081988e+00 5.233902499236571526e-02
8.093093093093091994e+00 5.250433448364513062e-02
8.103103103103102001e+00 5.266959813187815226e-02
8.113113113113112007e+00 5.283486178011118084e-02
8.123123123123122014e+00 5.300012412092054009e-02
8.133133133133132020e+00 5.316533067641733556e-02
8.143143143143142026e+00 5.333053723191413104e-02
8.153153153153152033e+00 5.349574378741092651e-02
8.163163163163162039e+00 5.366089267821881614e-02
8.173173173173172046e+00 5.382603736836973074e-02
8.183183183183182052e+00 5.399118205852064534e-02
8.193193193193192059e+00 5.415627119237745313e-02
8.203203203203202065e+00 5.432134984628197300e-02
8.213213213213213848e+00 5.448642850018651368e-02
8.223223223223223854e+00 5.465145491919796289e-02
8.233233233233233861e+00 5.481646397297847140e-02
8.243243243243243867e+00 5.498147302675898684e-02
8.253253253253253874e+00 5.514643421797839340e-02
8.263263263263263880e+00 5.531137071974873837e-02
8.273273273273273887e+00 5.547630722151909027e-02
8.283283283283283893e+00 5.564120111991488482e-02
8.293293293293293900e+00 5.580606273440353454e-02
8.303303303303303906e+00 5.597092434889219120e-02
8.313313313313313913e+00 5.613574934012566936e-02
8.323323323323323919e+00 5.630053435295111208e-02
8.333333333333333925e+00 5.646531936577655481e-02
8.343343343343343932e+00 5.663007428878977234e-02
8.353353353353353938e+00 5.679478161038818002e-02
8.363363363363363945e+00 5.695948893198658075e-02
8.373373373373373951e+00 5.712417308140010225e-02
8.383383383383383958e+00 5.728880225060427323e-02
8.393393393393393964e+00 5.745343141980844420e-02
8.403403403403403971e+00 5.761804454812863990e-02
8.413413413413413977e+00 5.778259573539811650e-02
8.423423423423423984e+00 5.794714692266759309e-02
8.433433433433433990e+00 5.811168924230356025e-02
8.443443443443443996e+00 5.827616325260606689e-02
8.453453453453454003e+00 5.844063726290857352e-02
8.463463463463464009e+00 5.860510944799857819e-02
8.473473473473474016e+00 5.876950772334264134e-02
8.483483483483484022e+00 5.893390599868670449e-02
8.493493493493494029e+00 5.909830427403076764e-02
8.503503503503504035e+00 5.926263380835421896e-02
8.513513513513514042e+00 5.942695842997428035e-02
8.523523523523524048e+00 5.959128305159433481e-02
8.533533533533534055e+00 5.975554791348788863e-02
8.543543543543544061e+00 5.991980160368184233e-02
8.553553553553554067e+00 6.008405529387578214e-02
8.563563563563564074e+00 6.024825819427707951e-02
8.573573573573574080e+00 6.041244431789840469e-02
8.583583583583584087e+00 6.057663044151972292e-02
8.593593593593594093e+00 6.074077455964804750e-02
8.603603603603604100e+00 6.090489712525302968e-02
8.613613613613614106e+00 6.106901969085801879e-02
8.623623623623624113e+00 6.123310867474941049e-02
8.633633633633634119e+00 6.139717233540158137e-02
8.643643643643644126e+00 6.156123599605375224e-02
8.653653653653654132e+00 6.172527396290983931e-02
8.663663663663664138e+00 6.188928401664339773e-02
8.673673673673674145e+00 6.205329407037696310e-02
8.683683683683684151e+00 6.221728560672843550e-02
8.693693693693694158e+00 6.238124799667282144e-02
8.703703703703704164e+00 6.254521038661722820e-02
8.713713713713714171e+00 6.270916054830294462e-02
8.723723723723724177e+00 6.287308186247082820e-02
8.733733733733734184e+00 6.303700317663868402e-02
8.743743743743744190e+00 6.320091748860164060e-02
8.753753753753754197e+00 6.336480495934311563e-02
8.763763763763764203e+00 6.352869243008461841e-02
8.773773773773774209e+00 6.369257688598592426e-02
8.783783783783784216e+00 6.385643838911170267e-02
8.793793793793794222e+00 6.402029989223748108e-02
8.803803803803804229e+00 6.418416095388967957e-02
8.813813813813814235e+00 6.434800500746612473e-02
8.823823823823824242e+00 6.451184906104255601e-02
8.833833833833834248e+00 6.467569311461900117e-02
8.843843843843844255e+00 6.483952942048322454e-02
8.853853853853854261e+00 6.500336518330289415e-02
8.863863863863864268e+00 6.516720094612254988e-02
8.873873873873874274e+00 6.533103798032294240e-02
8.883883883883884280e+00 6.549487525005352750e-02
8.893893893893894287e+00 6.565871251978409873e-02
8.903903903903904293e+00 6.582255878010860595e-02
8.913913913913914300e+00 6.598640799112479027e-02
8.923923923923924306e+00 6.615025720214097460e-02
8.933933933933934313e+00 6.631412164800210007e-02
8.943943943943944319e+00 6.647799386890342055e-02
8.953953953953954326e+00 6.664186608980474102e-02
8.963963963963964332e+00 6.680575814048198002e-02
8.973973973973974338e+00 6.696966507130089341e-02
8.983983983983984345e+00 6.713357200211979292e-02
8.993993993993994351e+00 6.729750153483519959e-02
9.004004004004004358e+00 6.746145550394028190e-02
9.014014014014014364e+00 6.762540947304535033e-02
9.024024024024024371e+00 6.778938682087401468e-02
9.034034034034034377e+00 6.795340078157155461e-02
9.044044044044044384e+00 6.811741474226909454e-02
9.054054054054054390e+00 6.828145069188647220e-02
9.064064064064064397e+00 6.844553821872603749e-02
9.074074074074074403e+00 6.860962574556561666e-02
9.084084084084084409e+00 6.877373153483430646e-02
9.094094094094094416e+00 6.893790681962261302e-02
9.104104104104104422e+00 6.910208210441089183e-02
9.114114114114114429e+00 6.926626941980851271e-02
9.124124124124124435e+00 6.943054726733617621e-02
9.134134134134134442e+00 6.959482511486383971e-02
9.144144144144144448e+00 6.975910608875440788e-02
9.154154154154154455e+00 6.992350191224139255e-02
9.164164164164164461e+00 7.008789773572834947e-02
9.174174174174174468e+00 7.025229355921533414e-02
9.184184184184184474e+00 7.041681475974376214e-02
9.194194194194194480e+00 7.058134457600775957e-02
9.204204204204204487e+00 7.074587439227175700e-02
9.214214214214214493e+00 7.091053145731092411e-02
9.224224224224224500e+00 7.107521188166480985e-02
9.234234234234234506e+00 7.123989230601870948e-02
9.244244244244244513e+00 7.140469928081734363e-02
9.254254254254254519e+00 7.156954752170051337e-02
9.264264264264264526e+00 7.173439576258369699e-02
9.274274274274274532e+00 7.189936712021580134e-02
9.284284284284284539e+00 7.206440097356529850e-02
9.294294294294294545e+00 7.222943482691480954e-02
9.304304304304304551e+00 7.239458546454918819e-02
9.314314314314314558e+00 7.255982330791597990e-02
9.324324324324324564e+00 7.272506115128274384e-02
9.334334334334334571e+00 7.289040638631655300e-02
9.344344344344344577e+00 7.305586717273297725e-02
9.354354354354354584e+00 7.322132795914942927e-02
9.364364364364364590e+00 7.338688352520775227e-02
9.374374374374374597e+00 7.355258677681197899e-02
9.384384384384384603e+00 7.371829002841619183e-02
9.394394394394394610e+00 7.388407207122102416e-02
9.404404404404404616e+00 7.405003787264402559e-02
9.414414414414414622e+00 7.421600367406701315e-02
9.424424424424424629e+00 7.438202874717768365e-02
9.434434434434434635e+00 7.454827773869940333e-02
9.444444444444444642e+00 7.471452673022115076e-02
9.454454454454454648e+00 7.488081179064945414e-02
9.464464464464464655e+00 7.504736516112966993e-02
9.474474474474474661e+00 7.521391853160987184e-02
9.484484484484484668e+00 7.538048093531243832e-02
9.494494494494494674e+00 7.554736041490299481e-02
9.504504504504504681e+00 7.571423989449353742e-02
9.514514514514514687e+00 7.588111937408409391e-02
9.524524524524524693e+00 7.604832524438842611e-02
9.534534534534534700e+00 7.621555309703242909e-02
9.544544544544544706e+00 7.638278094967643206e-02
9.554554554554554713e+00 7.655032284340337889e-02
9.564564564564564719e+00 7.671792185912852668e-02
9.574574574574574726e+00 7.688552087485364672e-02
9.584584584584584732e+00 7.705341783474123352e-02
9.594594594594594739e+00 7.722141132175254497e-02
9.604604604604604745e+00 7.738940480876387029e-02
9.614614614614614752e+00 7.755767624919306102e-02
9.624624624624624758e+00 7.772608802577229969e-02
9.634634634634634764e+00 7.789449980235152449e-02
9.644644644644644771e+00 7.806316550408046173e-02
9.654654654654654777e+00 7.823201989029833492e-02
9.664664664664664784e+00 7.840087427651622198e-02
9.674674674674674790e+00 7.856995438131493537e-02
9.684684684684684797e+00 7.873927619056210470e-02
9.694694694694694803e+00 7.890859799980927403e-02
9.704704704704704810e+00 7.907811300499857643e-02
9.714714714714714816e+00 7.924792753534275203e-02
9.724724724724724823e+00 7.941774206568694150e-02
9.734734734734734829e+00 7.958771281858387225e-02
9.744744744744744835e+00 7.975804584395873587e-02
9.754754754754754842e+00 7.992837886933359948e-02
9.764764764764764848e+00 8.009882656160660641e-02
9.774774774774774855e+00 8.026970432283958568e-02
9.784784784784784861e+00 8.044058208407259269e-02
9.794794794794794868e+00 8.061152824600950617e-02
9.804804804804804874e+00 8.078297744169463113e-02
9.814814814814814881e+00 8.095442663737974220e-02
9.824824824824824887e+00 8.112589313207128894e-02
9.834834834834834894e+00 8.129794090929351458e-02
9.844844844844844900e+00 8.146998868651572634e-02
9.854854854854854906e+00 8.164203646373796586e-02
9.864864864864864913e+00 8.181467164887583354e-02
9.874874874874874919e+00 8.198734559379405873e-02
9.884884884884884926e+00 8.216001953871229779e-02
9.894894894894894932e+00 8.233324777320502608e-02
9.904904904904904939e+00 8.250657590149930443e-02
9.914914914914914945e+00 8.267990402979355502e-02
9.924924924924924952e+00 8.285374855928241689e-02
9.934934934934934958e+00 8.302775930647239566e-02
9.944944944944944965e+00 8.320177005366237444e-02
9.954954954954954971e+00 8.337625442273768894e-02
9.964964964964964977e+00 8.355097663437911770e-02
9.974974974974974984e+00 8.372569884602054646e-02
9.984984984984984990e+00 8.390084689191189271e-02
9.994994994994994997e+00 8.407630981367668344e-02
1.000500500500500500e+01 8.425177273544147416e-02
1.001501501501501501e+01 8.442760858164795323e-02
1.002502502502502502e+01 8.460384184929520268e-02
1.003503503503503502e+01 8.478007511694243825e-02
1.004504504504504503e+01 8.495662316680550885e-02
1.005505505505505504e+01 8.513365679604907588e-02
1.006506506506506504e+01 8.531069042529262902e-02
1.007507507507507505e+01 8.548797535551461158e-02
1.008508508508508505e+01 8.566583973179422995e-02
1.009509509509509506e+01 8.584370410807384832e-02
1.010510510510510507e+01 8.602175086218495637e-02
1.011511511511511507e+01 8.620047673034694768e-02
1.012512512512512508e+01 8.637920259850892513e-02
1.013513513513513509e+01 8.655803638028583546e-02
1.014514514514514509e+01 8.673765483417932021e-02
1.015515515515515510e+01 8.691727328807281883e-02
1.016516516516516511e+01 8.709691955491119519e-02
1.017517517517517511e+01 8.727746202690696287e-02
1.018518518518518512e+01 8.745800449890271666e-02
1.019519519519519513e+01 8.763854697089849821e-02
1.020520520520520513e+01 8.781998720558405191e-02
1.021521521521521514e+01 8.800148545602101691e-02
1.022522522522522515e+01 8.818298370645798190e-02
1.023523523523523515e+01 8.836532015282094754e-02
1.024524524524524516e+01 8.854780625938757366e-02
1.025525525525525516e+01 8.873029236595418590e-02
1.026526526526526517e+01 8.891355150873941904e-02
1.027527527527527518e+01 8.909705785579517812e-02
1.028528528528528518e+01 8.928056420285092332e-02
1.029529529529529519e+01 8.946477274277984948e-02
1.030530530530530520e+01 8.964933201062307011e-02
1.031531531531531520e+01 8.983389127846627686e-02
1.032532532532532521e+01 9.001907612537544956e-02
1.033533533533533522e+01 9.020472127946399521e-02
1.034534534534534522e+01 9.039036643355254086e-02
1.035535535535535523e+01 9.057655469950870453e-02
1.036536536536536524e+01 9.076331897963811624e-02
1.037537537537537524e+01 9.095008325976750019e-02
1.038538538538538525e+01 9.113730225216232217e-02
1.039539539539539525e+01 9.132521916160840636e-02
1.040540540540540526e+01 9.151313607105447667e-02
1.041541541541541527e+01 9.170141328568122419e-02
1.042542542542542527e+01 9.189051658031226200e-02
1.043543543543543528e+01 9.207961987494329981e-02
1.044544544544544529e+01 9.226898298905823748e-02
1.045545545545545529e+01 9.245930666642249163e-02
1.046546546546546530e+01 9.264963034378674578e-02
1.047547547547547531e+01 9.284010720915771009e-02
1.048548548548548531e+01 9.303168549755165551e-02
1.049549549549549532e+01 9.322326378594558705e-02
1.050550550550550533e+01 9.341488242189024960e-02
1.051551551551551533e+01 9.360774976941324543e-02
1.052552552552552534e+01 9.380061711693622739e-02
1.053553553553553535e+01 9.399348446445920935e-02
1.054554554554554535e+01 9.418759676695334648e-02
1.055555555555555536e+01 9.438178783055410637e-02
1.056556556556556536e+01 9.457597889415488013e-02
1.057557557557557537e+01 9.477132433546570089e-02
1.058558558558558538e+01 9.496687396998568231e-02
1.059559559559559538e+01 9.516242360450564985e-02
1.060560560560560539e+01 9.535903085170288618e-02
1.061561561561561540e+01 9.555597409892185867e-02
1.062562562562562540e+01 9.575291734614083117e-02
1.063563563563563541e+01 9.595081519499688849e-02
1.064564564564564542e+01 9.614918727268596810e-02
1.065565565565565542e+01 9.634755935037504770e-02
1.066566566566566543e+01 9.654677671840086739e-02
1.067567567567567544e+01 9.674661300938758313e-02
1.068568568568568544e+01 9.694644930037431274e-02
1.069569569569569545e+01 9.714701521986482402e-02
1.070570570570570545e+01 9.734835126111625325e-02
1.071571571571571546e+01 9.754968730236768248e-02
1.072572572572572547e+01 9.775163091345828725e-02
1.073573573573573547e+01 9.795450238518524366e-02
1.074574574574574548e+01 9.815737385691220007e-02
1.075575575575575549e+01 9.836072440064871913e-02
1.076576576576576549e+01 9.856516711543759912e-02
1.077577577577577550e+01 9.876960983022646523e-02
1.078578578578578551e+01 9.897439664165107176e-02
1.079579579579579551e+01 9.918044653362696750e-02
1.080580580580580552e+01 9.938649642560286324e-02
1.081581581581581553e+01 9.959274892685750225e-02
1.082582582582582553e+01 9.980044204088328597e-02
1.083583583583583554e+01 1.000081351549090836e-01
1.084584584584584555e+01 1.002158828483587921e-01
1.085585585585585555e+01 1.004252553292746403e-01
1.086586586586586556e+01 1.006346278101904884e-01
1.087587587587587556e+01 1.008440002911063366e-01
1.088588588588588557e+01 1.010549883534764964e-01
1.089589589589589558e+01 1.012660764353845028e-01
1.090590590590590558e+01 1.014771645172925230e-01
1.091591591591591559e+01 1.016897433025588521e-01
1.092592592592592560e+01 1.019025832981562685e-01
1.093593593593593560e+01 1.021154232937536988e-01
1.094594594594594561e+01 1.023296225719007718e-01
1.095595595595595562e+01 1.025442508618669007e-01
1.096596596596596562e+01 1.027588791518330297e-01
1.097597597597597563e+01 1.029747287352438812e-01
1.098598598598598564e+01 1.031911817576838114e-01
1.099599599599599564e+01 1.034076347801237278e-01
1.100600600600600565e+01 1.036251645168928953e-01
1.101601601601601566e+01 1.038434787568423279e-01
1.102602602602602566e+01 1.040617929967917465e-01
1.103603603603603567e+01 1.042810327640739249e-01
1.104604604604604567e+01 1.045012447430693769e-01
1.105605605605605568e+01 1.047214567220648290e-01
1.106606606606606569e+01 1.049424364194602027e-01
1.107607607607607569e+01 1.051645826851775739e-01
1.108608608608608570e+01 1.053867289508949312e-01
1.109609609609609571e+01 1.056094784938731712e-01
1.110610610610610571e+01 1.058335956098384323e-01
1.111611611611611572e+01 1.060577127258036934e-01
1.112612612612612573e+01 1.062822620391681017e-01
1.113613613613613573e+01 1.065083865745441866e-01
1.114614614614614574e+01 1.067345111099202853e-01
1.115615615615615575e+01 1.069608901213139202e-01
1.116616616616616575e+01 1.071890586407665408e-01
1.117617617617617576e+01 1.074172271602191475e-01
1.118618618618618576e+01 1.076454657936740805e-01
1.119619619619619577e+01 1.078757148473199756e-01
1.120620620620620578e+01 1.081059639009658985e-01
1.121621621621621578e+01 1.083362129546118074e-01
1.122622622622622579e+01 1.085684581839385932e-01
1.123623623623623580e+01 1.088008242973796946e-01
1.124624624624624580e+01 1.090331904108207822e-01
1.125625625625625581e+01 1.092673915650731464e-01
1.126626626626626582e+01 1.095019112295191333e-01
1.127627627627627582e+01 1.097364308939651062e-01
1.128628628628628583e+01 1.099726178039167612e-01
1.129629629629629584e+01 1.102093274663999145e-01
1.130630630630630584e+01 1.104460371288830539e-01
1.131631631631631585e+01 1.106842395866663720e-01
1.132632632632632586e+01 1.109231756403503827e-01
1.133633633633633586e+01 1.111621116940343934e-01
1.134634634634634587e+01 1.114023594470257700e-01
1.135635635635635587e+01 1.116435582216126071e-01
1.136636636636636588e+01 1.118847569961994443e-01
1.137637637637637589e+01 1.121270797409591180e-01
1.138638638638638589e+01 1.123705774931954421e-01
1.139639639639639590e+01 1.126140752454317523e-01
1.140640640640640591e+01 1.128585026216992748e-01
1.141641641641641769e+01 1.131043355259859079e-01
1.142642642642642770e+01 1.133501684302724993e-01
1.143643643643643770e+01 1.135967300150191456e-01
1.144644644644644771e+01 1.138449341541253323e-01
1.145645645645645772e+01 1.140931382932315191e-01
1.146646646646646772e+01 1.143418635947704154e-01
1.147647647647647773e+01 1.145924749506558177e-01
1.148648648648648773e+01 1.148430863065412338e-01
1.149649649649649774e+01 1.150940047586964943e-01
1.150650650650650775e+01 1.153470592034430142e-01
1.151651651651651775e+01 1.156001136481895480e-01
1.152652652652652776e+01 1.158532546045256545e-01
1.153653653653653777e+01 1.161087878913807242e-01
1.154654654654654777e+01 1.163643211782358078e-01
1.155655655655655778e+01 1.166198544650908914e-01
1.156656656656656779e+01 1.168777616608822068e-01
1.157657657657657779e+01 1.171358094154168195e-01
1.158658658658658780e+01 1.173938571699514322e-01
1.159659659659659781e+01 1.176540808026639434e-01
1.160660660660660781e+01 1.179146785140459813e-01
1.161661661661661782e+01 1.181752762254280054e-01
1.162662662662662783e+01 1.184378452288256112e-01
1.163663663663663783e+01 1.187010282412116757e-01
1.164664664664664784e+01 1.189642112535977403e-01
1.165665665665665784e+01 1.192291544502318695e-01
1.166666666666666785e+01 1.194949579542780305e-01
1.167667667667667786e+01 1.197607614583241636e-01
1.168668668668668786e+01 1.200281075541989317e-01
1.169669669669669787e+01 1.202965665786937394e-01
1.170670670670670788e+01 1.205650256031885470e-01
1.171671671671671788e+01 1.208348031824924840e-01
1.172672672672672789e+01 1.211059525861122171e-01
1.173673673673673790e+01 1.213771019897319503e-01
1.174674674674674790e+01 1.216493395096376329e-01
1.175675675675675791e+01 1.219232139728265302e-01
1.176676676676676792e+01 1.221970884360153997e-01
1.177677677677677792e+01 1.224718142215475147e-01
1.178678678678678793e+01 1.227484482385231834e-01
1.179679679679679793e+01 1.230250822554988521e-01
1.180680680680680794e+01 1.233023244944710800e-01
1.181681681681681795e+01 1.235817523653582745e-01
1.182682682682682795e+01 1.238611802362454828e-01
1.183683683683683796e+01 1.241409669742674221e-01
1.184684684684684797e+01 1.244232227973591232e-01
1.185685685685685797e+01 1.247054786204508242e-01
1.186686686686686798e+01 1.249878377560046661e-01
1.187687687687687799e+01 1.252729554201535977e-01
1.188688688688688799e+01 1.255580730843025572e-01
1.189689689689689800e+01 1.258431907484514611e-01
1.190690690690690801e+01 1.261310455410312170e-01
1.191691691691691801e+01 1.264190587181716063e-01
1.192692692692692802e+01 1.267070718953119679e-01
1.193693693693693803e+01 1.269975878693371252e-01
1.194694694694694803e+01 1.272885300071384118e-01
1.195695695695695804e+01 1.275794721449396985e-01
1.196696696696696804e+01 1.278726764972027696e-01
1.197697697697697805e+01 1.281665808118559735e-01
1.198698698698698806e+01 1.284604851265091774e-01
1.199699699699699806e+01 1.287564048806147665e-01
1.200700700700700807e+01 1.290533043497520960e-01
1.201701701701701808e+01 1.293502038188894254e-01
1.202702702702702808e+01 1.296488658208230782e-01
1.203703703703703809e+01 1.299487931765715143e-01
1.204704704704704810e+01 1.302487205323199226e-01
1.205705705705705810e+01 1.305501514460915558e-01
1.206706706706706811e+01 1.308531391682621614e-01
1.207707707707707812e+01 1.311561268904327671e-01
1.208708708708708812e+01 1.314603531937934278e-01
1.209709709709709813e+01 1.317664335032051048e-01
1.210710710710710813e+01 1.320725138126167819e-01
1.211711711711711814e+01 1.323795617928494039e-01
1.212712712712712815e+01 1.326887666447890968e-01
1.213713713713713815e+01 1.329979714967287618e-01
1.214714714714714816e+01 1.333078672465135006e-01
1.215715715715715817e+01 1.336202283243329014e-01
1.216716716716716817e+01 1.339325894021522745e-01
1.217717717717717818e+01 1.342453588155065602e-01
1.218718718718718819e+01 1.345609075243556774e-01
1.219719719719719819e+01 1.348764562332047390e-01
1.220720720720720820e+01 1.351921250014977982e-01
1.221721721721721821e+01 1.355108924621948041e-01
1.222722722722722821e+01 1.358296599228918655e-01
1.223723723723723822e+01 1.361484273835888992e-01
1.224724724724724823e+01 1.364702705739734845e-01
1.225725725725725823e+01 1.367922876170134250e-01
1.226726726726726824e+01 1.371143046600533655e-01
1.227727727727727824e+01 1.374391284989188167e-01
1.228728728728728825e+01 1.377644256586182392e-01
1.229729729729729826e+01 1.380897228183176617e-01
1.230730730730730826e+01 1.384175520640293089e-01
1.231731731731731827e+01 1.387461595728099184e-01
1.232732732732732828e+01 1.390747670815905279e-01
1.233733733733733828e+01 1.394056262690934744e-01
1.234734734734734829e+01 1.397375740519021248e-01
1.235735735735735830e+01 1.400695218347107751e-01
1.236736736736736830e+01 1.404034352720574808e-01
1.237737737737737831e+01 1.407387529409249161e-01
1.238738738738738832e+01 1.410740706097922958e-01
1.239739739739739832e+01 1.414110623747452389e-01
1.240740740740740833e+01 1.417497792234818088e-01
1.241741741741741833e+01 1.420884960722183787e-01
1.242742742742742834e+01 1.424285900089273804e-01
1.243743743743743835e+01 1.427707350079563675e-01
1.244744744744744835e+01 1.431128800069853546e-01
1.245745745745745836e+01 1.434560997227401768e-01
1.246746746746746837e+01 1.438017015140684862e-01
1.247747747747747837e+01 1.441473033053967678e-01
1.248748748748748838e+01 1.444936721674544566e-01
1.249749749749749839e+01 1.448427590597796966e-01
1.250750750750750839e+01 1.451918459521049365e-01
1.251751751751751840e+01 1.455413870845919111e-01
1.252752752752752841e+01 1.458939870485470858e-01
1.253753753753753841e+01 1.462465870125022327e-01
1.254754754754754842e+01 1.465993232933911206e-01
1.255755755755755843e+01 1.469554639569246590e-01
1.256756756756756843e+01 1.473116046204581975e-01
1.257757757757757844e+01 1.476677452839917082e-01
1.258758758758758844e+01 1.480272673225113966e-01
1.259759759759759845e+01 1.483869759664038224e-01
1.260760760760760846e+01 1.487466846102962759e-01
1.261761761761761846e+01 1.491094737322448127e-01
1.262762762762762847e+01 1.494727772857604442e-01
1.263763763763763848e+01 1.498360808392760757e-01
1.264764764764764848e+01 1.502021588110391548e-01
1.265765765765765849e+01 1.505690838477129478e-01
1.266766766766766850e+01 1.509360088843867131e-01
1.267767767767767850e+01 1.513053972107666345e-01
1.268768768768768851e+01 1.516759699443249454e-01
1.269769769769769852e+01 1.520465426778832840e-01
1.270770770770770852e+01 1.524192625995797745e-01
1.271771771771771853e+01 1.527935088799956265e-01
1.272772772772772854e+01 1.531677551604114229e-01
1.273773773773773854e+01 1.535438276515753431e-01
1.274774774774774855e+01 1.539217729612560870e-01
1.275775775775775855e+01 1.542997182709368587e-01
1.276776776776776856e+01 1.546791640367956855e-01
1.277777777777777857e+01 1.550608334869035820e-01
1.278778778778778857e+01 1.554425029370114786e-01
1.279779779779779858e+01 1.558253424115675079e-01
1.280780780780780859e+01 1.562107607384717600e-01
1.281781781781781859e+01 1.565961790653760122e-01
1.282782782782782860e+01 1.569824324091758649e-01
1.283783783783783861e+01 1.573716239710354903e-01
1.284784784784784861e+01 1.577608155328951156e-01
1.285785785785785862e+01 1.581505026308707984e-01
1.286786786786786863e+01 1.585434914043479249e-01
1.287787787787787863e+01 1.589364801778251068e-01
1.288788788788788864e+01 1.593296206372061541e-01
1.289789789789789864e+01 1.597264302143084347e-01
1.290790790790790865e+01 1.601232397914106875e-01
1.291791791791791866e+01 1.605200493685129681e-01
1.292792792792792866e+01 1.609205065247578947e-01
1.293793793793793867e+01 1.613211601098089865e-01
1.294794794794794868e+01 1.617218136948601059e-01
1.295795795795795868e+01 1.621257853996010134e-01
1.296796796796796869e+01 1.625303058063393424e-01
1.297797797797797870e+01 1.629348262130776714e-01
1.298798798798798870e+01 1.633423308352520142e-01
1.299799799799799871e+01 1.637507404840547742e-01
1.300800800800800872e+01 1.641591501328575620e-01
1.301801801801801872e+01 1.645702057534014495e-01
1.302802802802802873e+01 1.649825266686359704e-01
1.303803803803803874e+01 1.653948475838705467e-01
1.304804804804804874e+01 1.658094719941036466e-01
1.305805805805805875e+01 1.662257258016013595e-01
1.306806806806806875e+01 1.666419796090990724e-01
1.307807807807807876e+01 1.670601903091779861e-01
1.308808808808808877e+01 1.674803982338331498e-01
1.309809809809809877e+01 1.679006061584882858e-01
1.310810810810810878e+01 1.683224203559267051e-01
1.311811811811811879e+01 1.687466032194170074e-01
1.312812812812812879e+01 1.691707860829073096e-01
1.313813813813813880e+01 1.695962206911626469e-01
1.314814814814814881e+01 1.700243989097918740e-01
1.315815815815815881e+01 1.704525771284211288e-01
1.316816816816816882e+01 1.708816487655470950e-01
1.317817817817817883e+01 1.713138423482065964e-01
1.318818818818818883e+01 1.717460359308660978e-01
1.319819819819819884e+01 1.721787609182306444e-01
1.320820820820820884e+01 1.726149894644817828e-01
1.321821821821821885e+01 1.730512180107329212e-01
1.322822822822822886e+01 1.734876123718017693e-01
1.323823823823823886e+01 1.739278950700743898e-01
1.324824824824824887e+01 1.743681777683470380e-01
1.325825825825825888e+01 1.748084604666196584e-01
1.326826826826826888e+01 1.752526128534397654e-01
1.327827827827827889e+01 1.756969684793489583e-01
1.328828828828828890e+01 1.761413241052581513e-01
1.329829829829829890e+01 1.765891953756915933e-01
1.330830830830830891e+01 1.770376422904688107e-01
1.331831831831831892e+01 1.774860892052460004e-01
1.332832832832832892e+01 1.779376940665538531e-01
1.333833833833833893e+01 1.783902502155934044e-01
1.334834834834834894e+01 1.788428063646329558e-01
1.335835835835835894e+01 1.792981592206037977e-01
1.336836836836836895e+01 1.797548421321212009e-01
1.337837837837837895e+01 1.802115250436386318e-01
1.338838838838838896e+01 1.806706399938007856e-01
1.339839839839839897e+01 1.811314667776043608e-01
1.340840840840840897e+01 1.815922935614079636e-01
1.341841841841841898e+01 1.820551844003014119e-01
1.342842842842842899e+01 1.825201717466728435e-01
1.343843843843843899e+01 1.829851590930442751e-01
1.344844844844844900e+01 1.834518393095525557e-01
1.345845845845845901e+01 1.839210034882380052e-01
1.346846846846846901e+01 1.843901676669234546e-01
1.347847847847847902e+01 1.848606504436648423e-01
1.348848848848848903e+01 1.853340073029733082e-01
1.349849849849849903e+01 1.858073641622818017e-01
1.350850850850850904e+01 1.862816623750590816e-01
1.351851851851851904e+01 1.867592273410675907e-01
1.352852852852852905e+01 1.872367923070761553e-01
1.353853853853853906e+01 1.877149185243844609e-01
1.354854854854854906e+01 1.881967066002483702e-01
1.355855855855855907e+01 1.886784946761122517e-01
1.356856856856856908e+01 1.891604611587042739e-01
1.357857857857857908e+01 1.896464869240719608e-01
1.358858858858858909e+01 1.901325126894396478e-01
1.359859859859859910e+01 1.906185384548073347e-01
1.360860860860860910e+01 1.911086090004772975e-01
1.361861861861861911e+01 1.915988866110066580e-01
1.362862862862862912e+01 1.920891642215360184e-01
1.363863863863863912e+01 1.925831123605989126e-01
1.364864864864864913e+01 1.930776555475763323e-01
1.365865865865865914e+01 1.935721987345537243e-01
1.366866866866866914e+01 1.940700353778379017e-01
1.367867867867867915e+01 1.945688574478954824e-01
1.368868868868868915e+01 1.950676795179530354e-01
1.369869869869869916e+01 1.955694152671847152e-01
1.370870870870870917e+01 1.960725291021178929e-01
1.371871871871871917e+01 1.965756429370511260e-01
1.372872872872872918e+01 1.970812880847938875e-01
1.373873873873873919e+01 1.975887061414742796e-01
1.374874874874874919e+01 1.980961241981546994e-01
1.375875875875875920e+01 1.986056887278027372e-01
1.376876876876876921e+01 1.991174230381883292e-01
1.377877877877877921e+01 1.996291573485739768e-01
1.378878878878878922e+01 2.001426509343963711e-01
1.379879879879879923e+01 2.006587131056350448e-01
1.380880880880880923e+01 2.011747752768737463e-01
1.381881881881881924e+01 2.016922072841099145e-01
1.382882882882882924e+01 2.022126084987361516e-01
1.383883883883883925e+01 2.027330097133624165e-01
1.384884884884884926e+01 2.032543891983678852e-01
1.385885885885885926e+01 2.037791402145914532e-01
1.386886886886886927e+01 2.043038912308150490e-01
1.387887887887887928e+01 2.048292269412574917e-01
1.388888888888888928e+01 2.053583380933415303e-01
1.389889889889889929e+01 2.058874492454255967e-01
1.390890890890890930e+01 2.064167496205293328e-01
1.391891891891891930e+01 2.069502308192579521e-01
1.392892892892892931e+01 2.074837120179865713e-01
1.393893893893893932e+01 2.080171932167151905e-01
1.394894894894894932e+01 2.085548459220588624e-01
1.395895895895895933e+01 2.090927066552914770e-01
1.396896896896896934e+01 2.096305673885240917e-01
1.397897897897897934e+01 2.101722097784453902e-01
1.398898898898898935e+01 2.107144591117577070e-01
1.399899899899899935e+01 2.112567084450700239e-01
1.400900900900900936e+01 2.118023476138562178e-01
1.401901901901901937e+01 2.123489941912649059e-01
1.402902902902902937e+01 2.128956407686735941e-01
1.403903903903903938e+01 2.134452835044352847e-01
1.404904904904904939e+01 2.139963355492061070e-01
1.405905905905905939e+01 2.145473875939769570e-01
1.406906906906906940e+01 2.151010403792110726e-01
1.407907907907907941e+01 2.156565056947493952e-01
1.408908908908908941e+01 2.162119710102876902e-01
1.409909909909909942e+01 2.167696400224841946e-01
1.410910910910910943e+01 2.173295259933047119e-01
1.411911911911911943e+01 2.178894119641252014e-01
1.412912912912912944e+01 2.184511030764170469e-01
1.413913913913913944e+01 2.190154166691932469e-01
1.414914914914914945e+01 2.195797302619694191e-01
1.415915915915915946e+01 2.201454490438254086e-01
1.416916916916916946e+01 2.207141968085163108e-01
1.417917917917917947e+01 2.212829445732072409e-01
1.418918918918918948e+01 2.218526962911666900e-01
1.419919919919919948e+01 2.224258843622198556e-01
1.420920920920920949e+01 2.229990724332730212e-01
1.421921921921921950e+01 2.235728620517219156e-01
1.422922922922922950e+01 2.241504961493510084e-01
1.423923923923923951e+01 2.247281302469801012e-01
1.424924924924924952e+01 2.253059624289680263e-01
1.425925925925925952e+01 2.258880478605038156e-01
1.426926926926926953e+01 2.264701332920396049e-01
1.427927927927927954e+01 2.270522187235753941e-01
1.428928928928928954e+01 2.276385540614501712e-01
1.429929929929929955e+01 2.282250957227636712e-01
1.430930930930930955e+01 2.288116373840771711e-01
1.431931931931931956e+01 2.294020281969533781e-01
1.432932932932932957e+01 2.299930305739496805e-01
1.433933933933933957e+01 2.305840329509459830e-01
1.434934934934934958e+01 2.311784825947600652e-01
1.435935935935935959e+01 2.317739497649408953e-01
1.436936936936936959e+01 2.323694169351217809e-01
1.437937937937937960e+01 2.329679284697673824e-01
1.438938938938938961e+01 2.335678641038625158e-01
1.439939939939939961e+01 2.341677997379575937e-01
1.440940940940940962e+01 2.347703759283633618e-01
1.441941941941941963e+01 2.353747832920277672e-01
1.442942942942942963e+01 2.359791906556921726e-01
1.443943943943943964e+01 2.365858339729348947e-01
1.444944944944944965e+01 2.371947159285110740e-01
1.445945945945945965e+01 2.378035978840872533e-01
1.446946946946946966e+01 2.384143105065408275e-01
1.447947947947947966e+01 2.390276695148862984e-01
1.448948948948948967e+01 2.396410285232317972e-01
1.449949949949949968e+01 2.402558123377501187e-01
1.450950950950950968e+01 2.408736504601251827e-01
1.451951951951951969e+01 2.414914885825002189e-01
1.452952952952952970e+01 2.421103451856337352e-01
1.453953953953953970e+01 2.427326640856525830e-01
1.454954954954954971e+01 2.433549829856714308e-01
1.455955955955955972e+01 2.439779136849178076e-01
1.456956956956956972e+01 2.446047146305595221e-01
1.457957957957957973e+01 2.452315155762012089e-01
1.458958958958958974e+01 2.458585213912884426e-01
1.459959959959959974e+01 2.464898052569634013e-01
1.460960960960960975e+01 2.471210891226383599e-01
1.461961961961961975e+01 2.477523729883133186e-01
1.462962962962962976e+01 2.483879380555165384e-01
1.463963963963963977e+01 2.490237053241952103e-01
1.464964964964964977e+01 2.496594725928738545e-01
1.465965965965965978e+01 2.502991140510638646e-01
1.466966966966966979e+01 2.509393648164574553e-01
1.467967967967967979e+01 2.515796155818509905e-01
1.468968968968968980e+01 2.522233332084372059e-01
1.469969969969969981e+01 2.528680671772352562e-01
1.470970970970970981e+01 2.535128011460333064e-01
1.471971971971971982e+01 2.541605944383910631e-01
1.472972972972972983e+01 2.548098109325513394e-01
1.473973973973973983e+01 2.554590274267116157e-01
1.474974974974974984e+01 2.561108956036718953e-01
1.475975975975975985e+01 2.567645935627637099e-01
1.476976976976976985e+01 2.574182915218556356e-01
1.477977977977977986e+01 2.580742335252224073e-01
1.478978978978978986e+01 2.587324115088199816e-01
1.479979979979979987e+01 2.593905894924175559e-01
1.480980980980980988e+01 2.600506039885125409e-01
1.481981981981981988e+01 2.607132601786386616e-01
1.482982982982982989e+01 2.613759163687648379e-01
1.483983983983983990e+01 2.620400017499989187e-01
1.484984984984984990e+01 2.627071339536166672e-01
1.485985985985985991e+01 2.633742661572344712e-01
1.486986986986986992e+01 2.640424205437053029e-01
1.487987987987987992e+01 2.647140261952575790e-01
1.488988988988988993e+01 2.653856318468098552e-01
1.489989989989989994e+01 2.660578530879255110e-01
1.490990990990990994e+01 2.667339292519208538e-01
1.491991991991991995e+01 2.674100054159162521e-01
1.492992992992992995e+01 2.680862910920440156e-01
1.493993993993993996e+01 2.687668344656864994e-01
1.494994994994994997e+01 2.694473778393289831e-01
1.495995995995995997e+01 2.701279212129715224e-01
1.496996996996996998e+01 2.708127321793320497e-01
1.497997997997997999e+01 2.714977390951960889e-01
1.498998998998998999e+01 2.721827460110601282e-01
1.500000000000000000e+01 2.728716117434216715e-01
