5.000000000000000000e+00 9.034263771604137197e-03
5.010010010010010006e+00 9.117023431045629886e-03
5.020020020020020013e+00 9.199783090487126044e-03
5.030030030030030019e+00 9.282701705016908542e-03
5.040040040040040026e+00 9.366289686961215208e-03
5.050050050050050032e+00 9.449877668905523609e-03
5.060060060060060039e+00 9.533577344606521814e-03
5.070070070070070045e+00 9.617965998641812495e-03
5.080080080080080052e+00 9.702354652677101440e-03
5.090090090090090058e+00 9.786810646275064668e-03
5.100100100100100065e+00 9.871972429617736911e-03
5.110110110110110071e+00 9.957134212960410888e-03
5.120120120120120077e+00 1.004232187367150655e-02
5.130130130130130084e+00 1.012822940250182081e-02
5.140140140140140090e+00 1.021413693133213681e-02
5.150150150150150097e+00 1.030004446016245107e-02
5.160160160160160103e+00 1.038665784085385409e-02
5.170170170170170110e+00 1.047328394024416888e-02
5.180180180180180116e+00 1.055991003963448194e-02
5.190190190190190123e+00 1.064717930713744189e-02
5.200200200200200129e+00 1.073449705951479496e-02
5.210210210210210136e+00 1.082181481189214804e-02
5.220220220220220142e+00 1.090971613661822874e-02
5.230230230230230148e+00 1.099769892870923124e-02
5.240240240240240155e+00 1.108568172080023201e-02
5.250250250250250161e+00 1.117419156706788569e-02
5.260260260260260168e+00 1.126281313527893735e-02
5.270270270270270174e+00 1.135143470348998727e-02
5.280280280280280181e+00 1.144052986415234653e-02
5.290290290290290187e+00 1.152976433834412319e-02
5.300300300300300194e+00 1.161899881253589985e-02
5.310310310310310200e+00 1.170865644239758342e-02
5.320320320320320207e+00 1.179847838801780305e-02
5.330330330330330213e+00 1.188830033363802267e-02
5.340340340340340219e+00 1.197849798163970296e-02
5.350350350350350226e+00 1.206888244018320538e-02
5.360360360360360232e+00 1.215926689872670781e-02
5.370370370370370239e+00 1.224998253887921509e-02
5.380380380380380245e+00 1.234090506664936929e-02
5.390390390390390252e+00 1.243182759441952175e-02
5.400400400400400258e+00 1.252303965547229073e-02
5.410410410410410265e+00 1.261447636062233008e-02
5.420420420420420271e+00 1.270591306577237116e-02
5.430430430430430278e+00 1.279760045960390280e-02
5.440440440440440284e+00 1.288952803744141361e-02
5.450450450450450290e+00 1.298145561527892615e-02
5.460460460460460297e+00 1.307359776399969961e-02
5.470470470470470303e+00 1.316599353054168260e-02
5.480480480480480310e+00 1.325838929708366559e-02
5.490490490490490316e+00 1.335096615884454052e-02
5.500500500500500323e+00 1.344380808261463542e-02
5.510510510510510329e+00 1.353665000638472858e-02
5.520520520520520336e+00 1.362964209988649054e-02
5.530530530530530342e+00 1.372290883194984303e-02
5.540540540540540349e+00 1.381617556401319551e-02
5.550550550550550355e+00 1.390956399171526525e-02
5.560560560560560361e+00 1.400323489395037188e-02
5.570570570570570368e+00 1.409690579618547851e-02
5.580580580580580374e+00 1.419067226621419445e-02
5.590590590590590381e+00 1.428472743782448900e-02
5.600600600600600387e+00 1.437878260943478356e-02
5.610610610610610394e+00 1.447290945619386128e-02
5.620620620620620400e+00 1.456732975846530137e-02
5.630630630630630407e+00 1.466175006073674146e-02
5.640640640640640413e+00 1.475622026422460618e-02
5.650650650650650419e+00 1.485098734353861201e-02
5.660660660660660426e+00 1.494575442285261437e-02
5.670670670670670432e+00 1.504055162669334228e-02
5.680680680680680439e+00 1.513564793580764352e-02
5.690690690690690445e+00 1.523074424492194302e-02
5.700700700700700452e+00 1.532585277311852671e-02
5.710710710710710458e+00 1.542126159073121429e-02
5.720720720720720465e+00 1.551667040834390013e-02
5.730730730730730471e+00 1.561207922595658597e-02
5.740740740740740478e+00 1.570778072937892636e-02
5.750750750750750484e+00 1.580348617799359756e-02
5.760760760760760490e+00 1.589919162660826876e-02
5.770770770770770497e+00 1.599516018671419751e-02
5.780780780780780503e+00 1.609114724882695219e-02
5.790790790790790510e+00 1.618713431093970340e-02
5.800800800800800516e+00 1.628335725530257252e-02
5.810810810810810523e+00 1.637961178793366154e-02
5.820820820820820529e+00 1.647586632056474709e-02
5.830830830830830536e+00 1.657233172450860506e-02
5.840840840840840542e+00 1.666884047210384634e-02
5.850850850850850549e+00 1.676534921969909109e-02
5.860860860860860555e+00 1.686204591525036420e-02
5.870870870870870561e+00 1.695879652097973325e-02
5.880880880880880568e+00 1.705554712670910578e-02
5.890890890890890574e+00 1.715246471038631149e-02
5.900900900900900581e+00 1.724944572586845776e-02
5.910910910910910587e+00 1.734642674135060403e-02
5.920920920920920594e+00 1.744355558081341767e-02
5.930930930930930600e+00 1.754075647429744964e-02
5.940940940940940607e+00 1.763795736778148160e-02
5.950950950950950613e+00 1.773528860736124993e-02
5.960960960960960620e+00 1.783269977039800627e-02
5.970970970970970626e+00 1.793011093343476262e-02
5.980980980980980632e+00 1.802763649856958458e-02
5.990990990990990639e+00 1.812524925120645794e-02
6.001001001001000645e+00 1.822286200384333130e-02
6.011011011011010652e+00 1.832057460444186034e-02
6.021021021021020658e+00 1.841838119897672502e-02
6.031031031031030665e+00 1.851618779351158622e-02
6.041041041041040671e+00 1.861408092627025307e-02
6.051051051051050678e+00 1.871207454960089472e-02
6.061061061061060684e+00 1.881006817293153291e-02
6.071071071071070691e+00 1.890813612263085239e-02
6.081081081081080697e+00 1.900631089723781725e-02
6.091091091091090703e+00 1.910448567184478558e-02
6.101101101101100710e+00 1.920272351165090360e-02
6.111111111111110716e+00 1.930107449525242033e-02
6.121121121121120723e+00 1.939942547885393359e-02
6.131131131131130729e+00 1.949782906965226437e-02
6.141141141141140736e+00 1.959635225357068619e-02
6.151151151151150742e+00 1.969487543748910108e-02
6.161161161161160749e+00 1.979344142627736253e-02
6.171171171171170755e+00 1.989213373255785053e-02
6.181181181181180762e+00 1.999082603883833853e-02
6.191191191191190768e+00 2.008955185620686992e-02
6.201201201201200774e+00 2.018841113352894123e-02
6.211211211211210781e+00 2.028727041085101254e-02
6.221221221221220787e+00 2.038615426757845947e-02
6.231231231231230794e+00 2.048517928600217600e-02
6.241241241241240800e+00 2.058420430442588905e-02
6.251251251251250807e+00 2.068324518721884053e-02
6.261261261261260813e+00 2.078243563180766015e-02
6.271271271271270820e+00 2.088162607639648671e-02
6.281281281281280826e+00 2.098082374280196491e-02
6.291291291291290833e+00 2.108018020616449217e-02
6.301301301301300839e+00 2.117953666952702291e-02
6.311311311311310845e+00 2.127889313288955364e-02
6.321321321321320852e+00 2.137841561584015795e-02
6.331331331331330858e+00 2.147793958963360381e-02
6.341341341341340865e+00 2.157746356342704619e-02
6.351351351351350871e+00 2.167714701450714626e-02
6.361361361361360878e+00 2.177684087994505649e-02
6.371371371371370884e+00 2.187653474538296325e-02
6.381381381381380891e+00 2.197638207541149913e-02
6.391391391391390897e+00 2.207624909281897738e-02
6.401401401401400904e+00 2.217611611022644869e-02
6.411411411411410910e+00 2.227613096146886101e-02
6.421421421421420916e+00 2.237617525892783218e-02
6.431431431431430923e+00 2.247621955638679642e-02
6.441441441441440929e+00 2.257640629290286194e-02
6.451451451451450936e+00 2.267663285403054285e-02
6.461461461461460942e+00 2.277685941515822030e-02
6.471471471471470949e+00 2.287722311254102373e-02
6.481481481481480955e+00 2.297763776344393521e-02
6.491491491491490962e+00 2.307805241434685364e-02
6.501501501501500968e+00 2.317859884888239311e-02
6.511511511511510975e+00 2.327920824432886879e-02
6.521521521521520981e+00 2.337981763977534100e-02
6.531531531531530987e+00 2.348055327705140388e-02
6.541541541541540994e+00 2.358136488590422894e-02
6.551551551551551000e+00 2.368217649475705400e-02
6.561561561561561007e+00 2.378310847775027409e-02
6.571571571571571013e+00 2.388413056770188544e-02
6.581581581581581020e+00 2.398515265765349680e-02
6.591591591591591026e+00 2.408628879432308384e-02
6.601601601601601033e+00 2.418753041597435788e-02
6.611611611611611927e+00 2.428877203762564579e-02
6.621621621621621934e+00 2.439012078804193157e-02
6.631631631631631940e+00 2.449159175836589444e-02
6.641641641641641947e+00 2.459306272868985732e-02
6.651651651651651953e+00 2.469463319172564980e-02
6.661661661661661959e+00 2.479634407695635936e-02
6.671671671671671966e+00 2.489805496218706893e-02
6.681681681681681972e+00 2.499985686179929945e-02
6.691691691691691979e+00 2.510181895978606803e-02
6.701701701701701985e+00 2.520378105777282968e-02
6.711711711711711992e+00 2.530582472890182885e-02
6.721721721721721998e+00 2.540805005096807845e-02
6.731731731731732005e+00 2.551027537303433151e-02
6.741741741741742011e+00 2.561257174714744525e-02
6.751751751751752018e+00 2.571507299949276140e-02
6.761761761761762024e+00 2.581757425183807755e-02
6.771771771771772030e+00 2.592013484214399088e-02
6.781781781781782037e+00 2.602292540682766414e-02
6.791791791791792043e+00 2.612571597151133740e-02
6.801801801801802050e+00 2.622855285787125193e-02
6.811811811811812056e+00 2.633164677341440565e-02
6.821821821821822063e+00 2.643474068895755591e-02
6.831831831831832069e+00 2.653786650251851661e-02
6.841841841841842076e+00 2.664127844416146196e-02
6.851851851851852082e+00 2.674469038580440730e-02
6.861861861861862089e+00 2.684811829337992520e-02
6.871871871871872095e+00 2.695186355303061040e-02
6.881881881881882101e+00 2.705560881268129908e-02
6.891891891891892108e+00 2.715935407233198429e-02
6.901901901901902114e+00 2.726344696681213750e-02
6.911911911911912121e+00 2.736754143272044845e-02
6.921921921921922127e+00 2.747163589862875593e-02
6.931931931931932134e+00 2.757607522818176712e-02
6.941941941941942140e+00 2.768053536437392256e-02
6.951951951951952147e+00 2.778499550056608147e-02
6.961961961961962153e+00 2.788979649813049660e-02
6.971971971971972160e+00 2.799463932363696617e-02
6.981981981981982166e+00 2.809948214914343226e-02
6.991991991991992172e+00 2.820466049785595730e-02
7.002002002002002179e+00 2.830990356576497738e-02
7.012012012012012185e+00 2.841514663367399399e-02
7.022022022022022192e+00 2.852071845020125868e-02
7.032032032032032198e+00 2.862637982656968116e-02
7.042042042042042205e+00 2.873204120293810365e-02
7.052052052052052211e+00 2.883802302072551588e-02
7.062062062062062218e+00 2.894412126337749663e-02
7.072072072072072224e+00 2.905021950602947739e-02
7.082082082082082231e+00 2.915662825848752346e-02
7.092092092092092237e+00 2.926318239573069344e-02
7.102102102102102243e+00 2.936973653297387035e-02
7.112112112112112250e+00 2.947658953662154677e-02
7.122122122122122256e+00 2.958361904590942060e-02
7.132132132132132263e+00 2.969064855519729443e-02
7.142142142142142269e+00 2.979796349278193701e-02
7.152152152152152276e+00 2.990548827935033890e-02
7.162162162162162282e+00 3.001301306591874080e-02
7.172172172172172289e+00 3.012080796953068781e-02
7.182182182182182295e+00 3.022884834503503787e-02
7.192192192192192302e+00 3.033688872053939486e-02
7.202202202202202308e+00 3.044518195473946282e-02
7.212212212212212314e+00 3.055375861591871564e-02
7.222222222222222321e+00 3.066233527709797194e-02
7.232232232232232327e+00 3.077114552207510165e-02
7.242242242242242334e+00 3.088027952946737972e-02
7.252252252252252340e+00 3.098941353685965433e-02
7.262262262262262347e+00 3.109875977163548480e-02
7.272272272272272353e+00 3.120847252836932845e-02
7.282282282282282360e+00 3.131818528510316862e-02
7.292292292292292366e+00 3.142808677079959867e-02
7.302302302302302373e+00 3.153840000148373790e-02
7.312312312312312379e+00 3.164871323216788407e-02
7.322322322322322385e+00 3.175918949535313368e-02
7.332332332332332392e+00 3.187012522508695517e-02
7.342342342342342398e+00 3.198106095482079053e-02
7.352352352352352405e+00 3.209213177094903668e-02
7.362362362362362411e+00 3.220371230447487826e-02
7.372372372372372418e+00 3.231529283800071983e-02
7.382382382382382424e+00 3.242697821495944821e-02
7.392392392392392431e+00 3.253922611597658693e-02
7.402402402402402437e+00 3.265147401699372565e-02
7.412412412412412444e+00 3.276379417877246791e-02
7.422422422422422450e+00 3.287673224943242489e-02
7.432432432432432456e+00 3.298967032009238187e-02
7.442442442442442463e+00 3.310264569058626871e-02
7.452452452452452469e+00 3.321629695118743369e-02
7.462462462462462476e+00 3.332994821178859868e-02
7.472472472472472482e+00 3.344359947238975672e-02
7.482482482482482489e+00 3.355798706764794026e-02
7.492492492492492495e+00 3.367237473654693947e-02
7.502502502502502502e+00 3.378676240544593867e-02
7.512512512512512508e+00 3.390186998944717117e-02
7.522522522522522515e+00 3.401701746320340281e-02
7.532532532532532521e+00 3.413216493695963444e-02
7.542542542542542527e+00 3.424801359626342134e-02
7.552552552552552534e+00 3.436394443003255167e-02
7.562562562562562540e+00 3.447987526380168893e-02
7.572572572572572547e+00 3.459648620233178595e-02
7.582582582582582553e+00 3.471322409052237518e-02
7.592592592592592560e+00 3.482996197871297134e-02
7.602602602602602566e+00 3.494735650268777916e-02
7.612612612612612573e+00 3.506492525989547693e-02
7.622622622622622579e+00 3.518249401710317470e-02
7.632632632632632586e+00 3.530069352017999040e-02
7.642642642642642592e+00 3.541911706241156893e-02
7.652652652652652598e+00 3.553754060464314052e-02
7.662662662662662605e+00 3.565656655328501567e-02
7.672672672672672611e+00 3.577586887948494554e-02
7.682682682682682618e+00 3.589517120568487540e-02
7.692692692692692624e+00 3.601504512475765807e-02
7.702702702702702631e+00 3.613525029864809307e-02
7.712712712712712637e+00 3.625545547253852807e-02
7.722722722722722644e+00 3.637619893114532599e-02
7.732732732732732650e+00 3.649733106339009964e-02
7.742742742742742657e+00 3.661846319563487329e-02
7.752752752752752663e+00 3.674009779319479391e-02
7.762762762762762669e+00 3.686218102389714896e-02
7.772772772772772676e+00 3.698426425459950401e-02
7.782782782782782682e+00 3.710681160717684002e-02
7.792792792792792689e+00 3.722987008871966874e-02
7.802802802802802695e+00 3.735292857026250440e-02
7.812812812812812702e+00 3.747641029715225586e-02
7.822822822822822708e+00 3.760046817738910835e-02
7.832832832832832715e+00 3.772452605762596778e-02
7.842842842842842721e+00 3.784896376820088421e-02
7.852852852852852727e+00 3.797404517400512075e-02
7.862862862862862734e+00 3.809912657980936423e-02
7.872872872872872740e+00 3.822454186063346110e-02
7.882882882882882747e+00 3.835067088181221689e-02
7.892892892892892753e+00 3.847679990299096575e-02
7.902902902902902760e+00 3.860321430520387287e-02
7.912912912912912766e+00 3.873041497878277478e-02
7.922922922922922773e+00 3.885761565236167669e-02
7.932932932932932779e+00 3.898505067933778073e-02
7.942942942942942786e+00 3.911334697422198803e-02
7.952952952952952792e+00 3.924164326910619532e-02
7.962962962962962798e+00 3.937012036439214990e-02
7.972972972972972805e+00 3.949953616640797943e-02
7.982982982982982811e+00 3.962895196842380202e-02
7.992992992992992818e+00 3.975849250395748630e-02
8.003003003003001936e+00 3.988905160127906302e-02
8.013013013013011943e+00 4.001961069860064668e-02
8.023023023023021949e+00 4.015023596321435490e-02
8.033033033033031955e+00 4.028196203217841026e-02
8.043043043043041962e+00 4.041368810114245869e-02
8.053053053053051968e+00 4.054541928935260359e-02
8.063063063063061975e+00 4.067833588066433609e-02
8.073073073073071981e+00 4.081125247197606859e-02
8.083083083083081988e+00 4.094416906328780803e-02
8.093093093093091994e+00 4.107824119839374732e-02
8.103103103103102001e+00 4.121237172372609059e-02
8.113113113113112007e+00 4.134650224905842691e-02
8.123123123123122014e+00 4.148174563008376337e-02
8.133133133133132020e+00 4.161711334907146342e-02
8.143143143143142026e+00 4.175248106805915654e-02
8.153153153153152033e+00 4.188891637755581820e-02
8.163163163163162039e+00 4.202554438518590896e-02
8.173173173173172046e+00 4.216217239281598583e-02
8.183183183183182052e+00 4.229982016486526220e-02
8.193193193193192059e+00 4.243773137926417499e-02
8.203203203203202065e+00 4.257564259366309473e-02
8.213213213213213848e+00 4.271452320451718521e-02
8.223223223223223854e+00 4.285374035513481172e-02
8.233233233233233861e+00 4.299295750575243824e-02
8.243243243243243867e+00 4.313309116476882893e-02
8.253253253253253874e+00 4.327363678095938471e-02
8.263263263263263880e+00 4.341418239714994048e-02
8.273273273273273887e+00 4.355558913801810955e-02
8.283283283283283893e+00 4.369748553801669488e-02
8.293293293293293900e+00 4.383938193801527328e-02
8.303303303303303906e+00 4.398208161027462870e-02
8.313313313313313913e+00 4.412535089056850157e-02
8.323323323323323919e+00 4.426862017086238138e-02
8.333333333333333925e+00 4.441263243171073016e-02
8.343343343343343932e+00 4.455729645680371609e-02
8.353353353353353938e+00 4.470196048189668814e-02
8.363363363363363945e+00 4.484730478828787004e-02
8.373373373373373951e+00 4.499338518085575778e-02
8.383383383383383958e+00 4.513946557342363858e-02
8.393393393393393964e+00 4.528616117445261741e-02
8.403403403403403971e+00 4.543367930588727149e-02
8.413413413413413977e+00 4.558119743732192558e-02
8.423423423423423984e+00 4.572926336689583926e-02
8.433433433433433990e+00 4.587824034823532321e-02
8.443443443443443996e+00 4.602721732957480022e-02
8.453453453453454003e+00 4.617667239936778384e-02
8.463463463463464009e+00 4.632712907260917723e-02
8.473473473473474016e+00 4.647758574585057756e-02
8.483483483483484022e+00 4.662844853854023613e-02
8.493493493493494029e+00 4.678040546833230062e-02
8.503503503503504035e+00 4.693236239812436511e-02
8.513513513513514042e+00 4.708465126090762010e-02
8.523523523523524048e+00 4.723812872661899143e-02
8.533533533533534055e+00 4.739160619233036276e-02
8.543543543543544061e+00 4.754533923071587592e-02
8.553553553553554067e+00 4.770035721887534719e-02
8.563563563563564074e+00 4.785537520703482539e-02
8.573573573573574080e+00 4.801057027890955065e-02
8.583583583583584087e+00 4.816714847601397814e-02
8.593593593593594093e+00 4.832372667311841258e-02
8.603603603603604100e+00 4.848040138308514629e-02
8.613613613613614106e+00 4.863855916877055791e-02
8.623623623623624113e+00 4.879671695445596952e-02
8.633633633633634119e+00 4.895488864843888788e-02
8.643643643643644126e+00 4.911464508900997838e-02
8.653653653653654132e+00 4.927440152958106195e-02
8.663663663663664138e+00 4.943415797015214552e-02
8.673673673673674145e+00 4.959546113200959810e-02
8.683683683683684151e+00 4.975683497432319830e-02
8.693693693693694158e+00 4.991820881663679849e-02
8.703703703703704164e+00 5.008106127970625432e-02
8.713713713713714171e+00 5.024407094540281338e-02
8.723723723723724177e+00 5.040708061109937937e-02
8.733733733733734184e+00 5.057149858489236316e-02
8.743743743743744190e+00 5.073616216497110754e-02
8.753753753753754197e+00 5.090082574504985191e-02
8.763763763763764203e+00 5.106682515634815289e-02
8.773773773773774209e+00 5.123316040607971134e-02
8.783783783783784216e+00 5.139949565581126284e-02
8.793793793793794222e+00 5.156709214489398757e-02
8.803803803803804229e+00 5.173511647906529898e-02
8.813813813813814235e+00 5.190314081323661038e-02
8.823823823823824242e+00 5.207234973034845227e-02
8.833833833833834248e+00 5.224208021883421094e-02
8.843843843843844255e+00 5.241181070731996960e-02
8.853853853853854261e+00 5.258264710937644165e-02
8.863863863863864268e+00 5.275410047303078637e-02
8.873873873873874274e+00 5.292555383668512414e-02
8.883883883883884280e+00 5.309803248421104266e-02
8.893893893893894287e+00 5.327122509107417442e-02
8.903903903903904293e+00 5.344441769793730618e-02
8.913913913913914300e+00 5.361855305223407753e-02
8.923923923923924306e+00 5.379350091404720008e-02
8.933933933933934313e+00 5.396844877586032263e-02
8.943943943943944319e+00 5.414425499639789058e-02
8.953953953953954326e+00 5.432097376542051326e-02
8.963963963963964332e+00 5.449769253444312900e-02
8.973973973973974338e+00 5.467518347647238458e-02
8.983983983983984345e+00 5.485368844259572163e-02
8.993993993993994351e+00 5.503219340871905174e-02
9.004004004004004358e+00 5.521138262110041744e-02
9.014014014014014364e+00 5.539168870925069432e-02
9.024024024024024371e+00 5.557199479740097120e-02
9.034034034034034377e+00 5.575289552064472548e-02
9.044044044044044384e+00 5.593501728846975857e-02
9.054054054054054390e+00 5.611713905629479165e-02
9.064064064064064397e+00 5.629976422080881782e-02
9.074074074074074403e+00 5.648371585664182376e-02
9.084084084084084409e+00 5.666766749247483664e-02
9.094094094094094416e+00 5.685202971701545926e-02
9.104104104104104422e+00 5.703782503810943955e-02
9.114114114114114429e+00 5.722362035920341983e-02
9.124124124124124435e+00 5.740973194952487396e-02
9.134134134134134442e+00 5.759738440055114927e-02
9.144144144144144448e+00 5.778503685157741765e-02
9.154154154154154455e+00 5.797290979927544746e-02
9.164164164164164461e+00 5.816243245107993731e-02
9.174174174174174468e+00 5.835195510288442716e-02
9.184184184184184474e+00 5.854160108442973964e-02
9.194194194194194480e+00 5.873300663304065888e-02
9.204204204204204487e+00 5.892441218165157119e-02
9.214214214214214493e+00 5.911584255760871792e-02
9.224224224224224500e+00 5.930914332348880685e-02
9.234234234234234506e+00 5.950244408936888191e-02
9.244244244244244513e+00 5.969574485524897084e-02
9.254254254254254519e+00 5.989087783133326126e-02
9.264264264264264526e+00 6.008608575887069286e-02
9.274274274274274532e+00 6.028129368640811753e-02
9.284284284284284539e+00 6.047824439612628500e-02
9.294294294294294545e+00 6.067537105335736591e-02
9.304304304304304551e+00 6.087249771058844683e-02
9.314314314314314558e+00 6.107127618748266207e-02
9.324324324324324564e+00 6.127033276603999212e-02
9.334334334334334571e+00 6.146938934459732218e-02
9.344344344344344577e+00 6.167000530511148465e-02
9.354354354354354584e+00 6.187100262039168380e-02
9.364364364364364590e+00 6.207199993567188295e-02
9.374374374374374597e+00 6.227446277944371361e-02
9.384384384384384603e+00 6.247741127098756231e-02
9.394394394394394610e+00 6.268035976253141794e-02
9.404404404404404616e+00 6.288467857283761009e-02
9.414414414414414622e+00 6.308958830491724623e-02
9.424424424424424629e+00 6.329449803699688237e-02
9.434434434434434635e+00 6.350068158134654361e-02
9.444444444444444642e+00 6.370756224375272170e-02
9.454454454454454648e+00 6.391444290615889978e-02
9.464464464464464655e+00 6.412249963703135769e-02
9.474474474474474661e+00 6.433136054605524679e-02
9.484484484484484668e+00 6.454022145507914976e-02
9.494494494494494674e+00 6.475015951080162480e-02
9.504504504504504681e+00 6.496100961040460198e-02
9.514514514514514687e+00 6.517185971000756528e-02
9.524524524524524693e+00 6.538368691576901259e-02
9.534534534534534700e+00 6.559653477893460927e-02
9.544544544544544706e+00 6.580938264210019206e-02
9.554554554554554713e+00 6.602310651109680184e-02
9.564564564564564719e+00 6.623796034135885635e-02
9.574574574574574726e+00 6.645281417162088311e-02
9.584584584584584732e+00 6.666844190632939537e-02
9.594594594594594739e+00 6.688530953947062485e-02
9.604604604604604745e+00 6.710217717261184045e-02
9.614614614614614752e+00 6.731971566618666358e-02
9.624624624624624758e+00 6.753860457210163204e-02
9.634634634634634764e+00 6.775749347801660050e-02
9.644644644644644771e+00 6.797694931580676447e-02
9.654654654654654777e+00 6.819786660052383487e-02
9.664664664664664784e+00 6.841878388524089138e-02
9.674674674674674790e+00 6.864016334642289441e-02
9.684684684684684797e+00 6.886311575427926657e-02
9.694694694694694803e+00 6.908606816213563873e-02
9.704704704704704810e+00 6.930937722145849578e-02
9.714714714714714816e+00 6.953437113742291786e-02
9.724724724724724823e+00 6.975936505338733995e-02
9.734734734734734829e+00 6.998460938302576706e-02
9.744744744744744835e+00 7.021165083516373029e-02
9.754754754754754842e+00 7.043869228730169352e-02
9.764764764764764848e+00 7.066587725881427751e-02
9.774774774774774855e+00 7.089497192088982380e-02
9.784784784784784861e+00 7.112406658296537010e-02
9.794794794794794868e+00 7.135319726935325513e-02
9.804804804804804874e+00 7.158435046356288745e-02
9.814814814814814881e+00 7.181550365777250589e-02
9.824824824824824887e+00 7.204665685198212433e-02
9.834834834834834894e+00 7.227980153546845199e-02
9.844844844844844900e+00 7.251301823530104107e-02
9.854854854854854906e+00 7.274623493513360240e-02
9.864864864864864913e+00 7.298133922030777820e-02
9.874874874874874919e+00 7.321662405352656611e-02
9.884884884884884926e+00 7.345190888674534013e-02
9.894894894894894932e+00 7.368897662161856543e-02
9.904904904904904939e+00 7.392633387335929840e-02
9.914914914914914945e+00 7.416369112510001749e-02
9.924924924924924952e+00 7.440272587151074146e-02
9.934934934934934958e+00 7.464215948749208795e-02
9.944944944944944965e+00 7.488159310347342057e-02
9.954954954954954971e+00 7.512259813970517675e-02
9.964964964964964977e+00 7.536411172954540771e-02
9.974974974974974984e+00 7.560562531938565256e-02
9.984984984984984990e+00 7.584860364286107048e-02
9.994994994994994997e+00 7.609220048349804588e-02
1.000500500500500500e+01 7.633579732413503516e-02
1.001501501501501501e+01 7.658075165418244679e-02
1.002502502502502502e+01 7.682643469339089926e-02
1.003503503503503502e+01 7.707211773259933785e-02
1.004504504504504503e+01 7.731905051328888390e-02
1.005505505505505504e+01 7.756682237329141916e-02
1.006506506506506504e+01 7.781459423329396830e-02
1.007507507507507505e+01 7.806350763634034573e-02
1.008508508508508505e+01 7.831337061750762163e-02
1.009509509509509506e+01 7.856323359867491141e-02
1.010510510510510507e+01 7.881412952640411140e-02
1.011511511511511507e+01 7.906608561104029598e-02
1.012512512512512508e+01 7.931804169567648055e-02
1.013513513513513509e+01 7.957092178405333893e-02
1.014514514514514509e+01 7.982497264026215678e-02
1.015515515515515510e+01 8.007902349647096074e-02
1.016516516516516511e+01 8.033388911818493960e-02
1.017517517517517511e+01 8.059003610381278160e-02
1.018518518518518512e+01 8.084618308944062359e-02
1.019519519519519513e+01 8.110303535704707634e-02
1.020520520520520513e+01 8.136127952369962002e-02
1.021521521521521514e+01 8.161952369035216370e-02
1.022522522522522515e+01 8.187836345946651606e-02
1.023523523523523515e+01 8.213870555659388839e-02
1.024524524524524516e+01 8.239904765372126072e-02
1.025525525525525516e+01 8.265987552626344326e-02
1.026526526526526517e+01 8.292231600531219105e-02
1.027527527527527518e+01 8.318475648436093883e-02
1.028528528528528518e+01 8.344757281184798925e-02
1.029529529529529519e+01 8.371211183047405635e-02
1.030530530530530520e+01 8.397665084910013733e-02
1.031531531531531520e+01 8.424145573598372516e-02
1.032532532532532521e+01 8.450809316232497925e-02
1.033533533533533522e+01 8.477473058866620559e-02
1.034534534534534522e+01 8.504152389571366377e-02
1.035535535535535523e+01 8.531025931271732365e-02
1.036536536536536524e+01 8.557899472972098354e-02
1.037537537537537524e+01 8.584777607743693251e-02
1.038538538538538525e+01 8.611860878723941182e-02
1.039539539539539525e+01 8.638944149704186337e-02
1.040540540540540526e+01 8.666027420684434268e-02
1.041541541541541527e+01 8.693313929748383573e-02
1.042542542542542527e+01 8.720606832583918666e-02
1.043543543543543528e+01 8.747899735419453759e-02
1.044544544544544529e+01 8.775384777344737153e-02
1.045545545545545529e+01 8.802887187420210813e-02
1.046546546546546530e+01 8.830389597495685861e-02
1.047547547547547531e+01 8.858073037605419808e-02
1.048548548548548531e+01 8.885784803566475210e-02
1.049549549549549532e+01 8.913496569527529223e-02
1.050550550550550533e+01 8.941378250979432896e-02
1.051551551551551533e+01 8.969299195188484841e-02
1.052552552552552534e+01 8.997220139397535399e-02
1.053553553553553535e+01 9.025299883546990254e-02
1.054554554554554535e+01 9.053429802542728444e-02
1.055555555555555536e+01 9.081559721538466634e-02
1.056556556556556536e+01 9.109837328304183635e-02
1.057557557557557537e+01 9.138175993264559260e-02
1.058558558558558538e+01 9.166514658224933498e-02
1.059559559559559538e+01 9.194989906457015638e-02
1.060560560560560539e+01 9.223537063665455948e-02
1.061561561561561540e+01 9.252084220873894871e-02
1.062562562562562540e+01 9.280756868724078512e-02
1.063563563563563541e+01 9.309512240038617104e-02
1.064564564564564542e+01 9.338267611353155695e-02
1.065565565565565542e+01 9.367137396647161329e-02
1.066566566566566543e+01 9.396100679972362035e-02
1.067567567567567544e+01 9.425063963297562741e-02
1.068568568568568544e+01 9.454130603909315089e-02
1.069569569569569545e+01 9.483301473670652237e-02
1.070570570570570545e+01 9.512472343431989386e-02
1.071571571571571546e+01 9.541735537659594424e-02
1.072572572572572547e+01 9.571113645280115989e-02
1.073573573573573547e+01 9.600491752900638942e-02
1.074574574574574548e+01 9.629951179843941611e-02
1.075575575575575549e+01 9.659536154223000159e-02
1.076576576576576549e+01 9.689121128602058708e-02
1.077577577577577550e+01 9.718776448541671664e-02
1.078578578578578551e+01 9.748567896535509369e-02
1.079579579579579551e+01 9.778359344529345687e-02
1.080580580580580552e+01 9.808210199306971466e-02
1.081581581581581553e+01 9.838207706210931602e-02
1.082582582582582553e+01 9.868205213114891738e-02
1.083583583583583554e+01 9.898251226514821755e-02
1.084584584584584555e+01 9.928454356547092297e-02
1.085585585585585555e+01 9.958657486579364226e-02
1.086586586586586556e+01 9.988898264711053299e-02
1.087587587587587556e+01 1.001930656149764426e-01
1.088588588588588557e+01 1.004971485828423244e-01
1.089589589589589558e+01 1.008014998996577261e-01
1.090590590590590558e+01 1.011076297702657584e-01
1.091591591591591559e+01 1.014137596408738184e-01
1.092592592592592560e+01 1.017200502122976441e-01
1.093593593593593560e+01 1.020282220246563898e-01
1.094594594594594561e+01 1.023363938370151355e-01
1.095595595595595562e+01 1.026446192169363225e-01
1.096596596596596562e+01 1.029548278187417815e-01
1.097597597597597563e+01 1.032650364205472543e-01
1.098598598598598564e+01 1.035752450223526994e-01
1.099599599599599564e+01 1.038874320540092017e-01
1.100600600600600565e+01 1.041996721065293618e-01
1.101601601601601566e+01 1.045119121590495082e-01
1.102602602602602566e+01 1.048260191064733782e-01
1.103603603603603567e+01 1.051402850894370827e-01
1.104604604604604567e+01 1.054545510724007873e-01
1.105605605605605568e+01 1.057705728403217915e-01
1.106606606606606569e+01 1.060868590568113251e-01
1.107607607607607569e+01 1.064031452733008587e-01
1.108608608608608570e+01 1.067210766215678508e-01
1.109609609609609571e+01 1.070393772029128304e-01
1.110610610610610571e+01 1.073576777842578378e-01
1.111611611611611572e+01 1.076775133317082328e-01
1.112612612612612573e+01 1.079978222423812473e-01
1.113613613613613573e+01 1.083181311530542756e-01
1.114614614614614574e+01 1.086398653813821641e-01
1.115615615615615575e+01 1.089621764238923318e-01
1.116616616616616575e+01 1.092844874664024996e-01
1.117617617617617576e+01 1.096081147240262205e-01
1.118618618618618576e+01 1.099324215438124280e-01
1.119619619619619577e+01 1.102567283635986495e-01
1.120620620620620578e+01 1.105822428695258375e-01
1.121621621621621578e+01 1.109085389598456900e-01
1.122622622622622579e+01 1.112348350501655564e-01
1.123623623623623580e+01 1.115622308978557325e-01
1.124624624624624580e+01 1.118905096046715619e-01
1.125625625625625581e+01 1.122187883114874052e-01
1.126626626626626582e+01 1.125480594727109596e-01
1.127627627627627582e+01 1.128783139995700596e-01
1.128628628628628583e+01 1.132085685264291319e-01
1.129629629629629584e+01 1.135397088551221012e-01
1.130630630630630584e+01 1.138719322680311480e-01
1.131631631631631585e+01 1.142041556809402086e-01
1.132632632632632586e+01 1.145371589170541271e-01
1.133633633633633586e+01 1.148713441493464521e-01
1.134634634634634587e+01 1.152055293816387910e-01
1.135635635635635587e+01 1.155403891549851569e-01
1.136636636636636588e+01 1.158765290121805125e-01
1.137637637637637589e+01 1.162126688693758542e-01
1.138638638638638589e+01 1.165493787034645456e-01
1.139639639639639590e+01 1.168874658681192114e-01
1.140640640640640591e+01 1.172255530327738771e-01
1.141641641641641769e+01 1.175641063486446009e-01
1.142642642642642770e+01 1.179041333851926776e-01
1.143643643643643770e+01 1.182441604217407682e-01
1.144644644644644771e+01 1.185845505417873202e-01
1.145645645645645772e+01 1.189265099013713800e-01
1.146646646646646772e+01 1.192684692609554536e-01
1.147647647647647773e+01 1.196106894127427628e-01
1.148648648648648773e+01 1.199545734380332018e-01
1.149649649649649774e+01 1.202984574633236686e-01
1.150650650650650775e+01 1.206425007833956675e-01
1.151651651651651775e+01 1.209883017133978889e-01
1.152652652652652776e+01 1.213341026434000963e-01
1.153653653653653777e+01 1.216799621810791404e-01
1.154654654654654777e+01 1.220276721559291205e-01
1.155655655655655778e+01 1.223753821307790868e-01
1.156656656656656779e+01 1.227230921056290530e-01
1.157657657657657779e+01 1.230726619177024000e-01
1.158658658658658780e+01 1.234222729834481558e-01
1.159659659659659781e+01 1.237718840491939393e-01
1.160660660660660781e+01 1.241232478877343504e-01
1.161661661661661782e+01 1.244747520011036807e-01
1.162662662662662783e+01 1.248262561144730248e-01
1.163663663663663783e+01 1.251794067052745263e-01
1.164664664664664784e+01 1.255327957384288484e-01
1.165665665665665784e+01 1.258861847715831983e-01
1.166666666666666785e+01 1.262411147730577166e-01
1.167667667667667786e+01 1.265963805183301649e-01
1.168668668668668786e+01 1.269516462636026133e-01
1.169669669669669787e+01 1.273083482705135161e-01
1.170670670670670788e+01 1.276654824451322612e-01
1.171671671671671788e+01 1.280226166197509508e-01
1.172672672672672789e+01 1.283810831669344732e-01
1.173673673673673790e+01 1.287400774177291096e-01
1.174674674674674790e+01 1.290990716685237183e-01
1.175675675675675791e+01 1.294592952345982872e-01
1.176676676676676792e+01 1.298201411426906371e-01
1.177677677677677792e+01 1.301809870507829592e-01
1.178678678678678793e+01 1.305429600618460140e-01
1.179679679679679793e+01 1.309056491473229722e-01
1.180680680680680794e+01 1.312683382327999582e-01
1.181681681681681795e+01 1.316320530661116983e-01
1.182682682682682795e+01 1.319965767926810640e-01
1.183683683683683796e+01 1.323611005192504575e-01
1.184684684684684797e+01 1.327265495069048784e-01
1.185685685685685797e+01 1.330928992865333393e-01
1.186686686686686798e+01 1.334592490661618280e-01
1.187687687687687799e+01 1.338264244987440732e-01
1.188688688688688799e+01 1.341945916962765384e-01
1.189689689689689800e+01 1.345627588938089758e-01
1.190690690690690801e+01 1.349316530240390055e-01
1.191691691691691801e+01 1.353016289617993695e-01
1.192692692692692802e+01 1.356716048995596779e-01
1.193693693693693803e+01 1.360422099459219492e-01
1.194694694694694803e+01 1.364139859082943163e-01
1.195695695695695804e+01 1.367857618706666833e-01
1.196696696696696804e+01 1.371580700210254522e-01
1.197697697697697805e+01 1.375316372590167924e-01
1.198698698698698806e+01 1.379052044970080770e-01
1.199699699699699806e+01 1.382792079122086848e-01
1.200700700700700807e+01 1.386545576479902564e-01
1.201701701701701808e+01 1.390299073837718280e-01
1.202702702702702808e+01 1.394055982012264994e-01
1.203703703703703809e+01 1.397827216326560651e-01
1.204704704704704810e+01 1.401598450640856308e-01
1.205705705705705810e+01 1.405372154013449226e-01
1.206706706706706811e+01 1.409161037064681210e-01
1.207707707707707812e+01 1.412949920115912916e-01
1.208708708708708812e+01 1.416740339699001094e-01
1.209709709709709813e+01 1.420546783114306766e-01
1.210710710710710813e+01 1.424353226529612160e-01
1.211711711711711814e+01 1.428160283207992598e-01
1.212712712712712815e+01 1.431984198505780181e-01
1.213713713713713815e+01 1.435808113803567487e-01
1.214714714714714816e+01 1.439632029101355071e-01
1.215715715715715817e+01 1.443473027003960019e-01
1.216716716716716817e+01 1.447314325638287269e-01
1.217717717717717818e+01 1.451155624272614797e-01
1.218718718718718819e+01 1.455013012231844982e-01
1.219719719719719819e+01 1.458871605636572200e-01
1.220720720720720820e+01 1.462730199041299695e-01
1.221721721721721821e+01 1.466603897793591071e-01
1.222722722722722821e+01 1.470479697426321786e-01
1.223723723723723822e+01 1.474355497059052500e-01
1.224724724724724823e+01 1.478245427396930323e-01
1.225725725725725823e+01 1.482138344782715778e-01
1.226726726726726824e+01 1.486031262168501510e-01
1.227727727727727824e+01 1.489937344974953115e-01
1.228728728728728825e+01 1.493847291749777761e-01
1.229729729729729826e+01 1.497757238524602963e-01
1.230730730730730826e+01 1.501679394807285128e-01
1.231731731731731827e+01 1.505606282761321191e-01
1.232732732732732828e+01 1.509533170715357531e-01
1.233733733733733828e+01 1.513471321640623146e-01
1.234734734734734829e+01 1.517415062761244826e-01
1.235735735735735830e+01 1.521358803881867061e-01
1.236736736736736830e+01 1.525312870808622212e-01
1.237737737737737831e+01 1.529273377323193128e-01
1.238738738738738832e+01 1.533233883837764322e-01
1.239739739739739832e+01 1.537203788351150513e-01
1.240740740740740833e+01 1.541180972769564395e-01
1.241741741741741833e+01 1.545158157187977999e-01
1.242742742742742834e+01 1.549143821132873966e-01
1.243743743743743835e+01 1.553137596289855538e-01
1.244744744744744835e+01 1.557131371446837109e-01
1.245745745745745836e+01 1.561132716961182165e-01
1.246746746746746837e+01 1.565142996058349611e-01
1.247747747747747837e+01 1.569153275155517058e-01
1.248748748748748838e+01 1.573170224703453746e-01
1.249749749749749839e+01 1.577196921351124159e-01
1.250750750750750839e+01 1.581223617998794295e-01
1.251751751751751840e+01 1.585256094403625637e-01
1.252752752752752841e+01 1.589299122662375385e-01
1.253753753753753841e+01 1.593342150921125411e-01
1.254754754754754842e+01 1.597390077398087027e-01
1.255755755755755843e+01 1.601449351820059819e-01
1.256756756756756843e+01 1.605508626242032888e-01
1.257757757757757844e+01 1.609571926430879152e-01
1.258758758758758844e+01 1.613647362100837646e-01
1.259759759759759845e+01 1.617722797770796417e-01
1.260760760760760846e+01 1.621801395768196208e-01
1.261761761761761846e+01 1.625892908344312437e-01
1.262762762762762847e+01 1.629984420920428112e-01
1.263763763763763848e+01 1.634078241312169055e-01
1.264764764764764848e+01 1.638185747066558395e-01
1.265765765765765849e+01 1.642293252820948291e-01
1.266766766766766850e+01 1.646402220713950038e-01
1.267767767767767850e+01 1.650525636572935106e-01
1.268768768768768851e+01 1.654649052431920175e-01
1.269769769769769852e+01 1.658773093486047567e-01
1.270770770770770852e+01 1.662912337070161783e-01
1.271771771771771853e+01 1.667051580654275444e-01
1.272772772772772854e+01 1.671190824238389105e-01
1.273773773773773854e+01 1.675345610777675409e-01
1.274774774774774855e+01 1.679500600441388436e-01
1.275775775775775855e+01 1.683655590105101463e-01
1.276776776776776856e+01 1.687825222038234485e-01
1.277777777777777857e+01 1.691995876909415664e-01
1.278778778778778857e+01 1.696166531780596287e-01
1.279779779779779858e+01 1.700350937427781151e-01
1.280780780780780859e+01 1.704537177446875662e-01
1.281781781781781859e+01 1.708723417465969896e-01
1.282782782782782860e+01 1.712922525864536138e-01
1.283783783783783861e+01 1.717124271823468329e-01
1.284784784784784861e+01 1.721326017782401074e-01
1.285785785785785862e+01 1.725539758717333783e-01
1.286786786786786863e+01 1.729756932298131267e-01
1.287787787787787863e+01 1.733974105878929306e-01
1.288788788788788864e+01 1.738202409913190138e-01
1.289789789789789864e+01 1.742434933726318969e-01
1.290790790790790865e+01 1.746667457539447799e-01
1.291791791791791866e+01 1.750910256044079238e-01
1.292792792792792866e+01 1.755158053666488471e-01
1.293793793793793867e+01 1.759405851288897704e-01
1.294794794794794868e+01 1.763663076472917757e-01
1.295795795795795868e+01 1.767926072485800637e-01
1.296796796796796869e+01 1.772189068498682962e-01
1.297797797797797870e+01 1.776460653438761417e-01
1.298798798798798870e+01 1.780738773465018743e-01
1.299799799799799871e+01 1.785016893491276069e-01
1.300800800800800872e+01 1.789302772161192878e-01
1.301801801801801872e+01 1.793595942902599105e-01
1.302802802802802873e+01 1.797889113644005055e-01
1.303803803803803874e+01 1.802189220943886394e-01
1.304804804804804874e+01 1.806497370217952370e-01
1.305805805805805875e+01 1.810805519492018623e-01
1.306806806806806875e+01 1.815119791277349792e-01
1.307807807807807876e+01 1.819442848053887118e-01
1.308808808808808877e+01 1.823765904830424445e-01
1.309809809809809877e+01 1.828094277940841561e-01
1.310810810810810878e+01 1.832432172378221369e-01
1.311811811811811879e+01 1.836770066815601177e-01
1.312812812812812879e+01 1.841112479103451383e-01
1.313813813813813880e+01 1.845465142584538920e-01
1.314814814814814881e+01 1.849817806065626458e-01
1.315815815815815881e+01 1.854174196424295540e-01
1.316816816816816882e+01 1.858541561592094160e-01
1.317817817817817883e+01 1.862908926759893335e-01
1.318818818818818883e+01 1.867279235151911299e-01
1.319819819819819884e+01 1.871661235944867552e-01
1.320820820820820884e+01 1.876043236737823527e-01
1.321821821821821885e+01 1.880427404222724530e-01
1.322822822822822886e+01 1.884823975909726279e-01
1.323823823823823886e+01 1.889220547596728028e-01
1.324824824824824887e+01 1.893618516358680781e-01
1.325825825825825888e+01 1.898029595573725581e-01
1.326826826826826888e+01 1.902440674788770658e-01
1.327827827827827889e+01 1.906852388163965129e-01
1.328828828828828890e+01 1.911277912940504142e-01
1.329829829829829890e+01 1.915703437717043711e-01
1.330830830830830891e+01 1.920128962493583002e-01
1.331831831831831892e+01 1.924568750025794639e-01
1.332832832832832892e+01 1.929008659830747929e-01
1.333833833833833893e+01 1.933448569635701220e-01
1.334834834834834894e+01 1.937901932952013351e-01
1.335835835835835894e+01 1.942356168719440168e-01
1.336836836836836895e+01 1.946810404486866986e-01
1.337837837837837895e+01 1.951277292041929678e-01
1.338838838838838896e+01 1.955745796206374010e-01
1.339839839839839897e+01 1.960214300370818619e-01
1.340840840840840897e+01 1.964694661911421669e-01
1.341841841841841898e+01 1.969177378440913062e-01
1.342842842842842899e+01 1.973660094970404455e-01
1.343843843843843899e+01 1.978153881561286187e-01
1.344844844844844900e+01 1.982650755989985580e-01
1.345845845845845901e+01 1.987147630418684696e-01
1.346846846846846901e+01 1.991654794468090406e-01
1.347847847847847902e+01 1.996165773928601506e-01
1.348848848848848903e+01 2.000676753389112328e-01
1.349849849849849903e+01 2.005197248674089883e-01
1.350850850850850904e+01 2.009722281929411380e-01
1.351851851851851904e+01 2.014247315184732878e-01
1.352852852852852905e+01 2.018781096876161862e-01
1.353853853853853906e+01 2.023320134351280219e-01
1.354854854854854906e+01 2.027859171826398854e-01
1.355855855855855907e+01 2.032406196513762975e-01
1.356856856856856908e+01 2.036959190326896041e-01
1.357857857857857908e+01 2.041512184140028829e-01
1.358858858858858909e+01 2.046072409855914653e-01
1.359859859859859910e+01 2.050639313849376422e-01
1.360860860860860910e+01 2.055206217842838190e-01
1.361861861861861911e+01 2.059779604087166593e-01
1.362862862862862912e+01 2.064360373857883624e-01
1.363863863863863912e+01 2.068941143628600376e-01
1.364864864864864913e+01 2.073527651392586546e-01
1.365865865865865914e+01 2.078122244322227752e-01
1.366866866866866914e+01 2.082716837251868680e-01
1.367867867867867915e+01 2.087316429041704835e-01
1.368868868868868915e+01 2.091924804326446008e-01
1.369869869869869916e+01 2.096533179611187458e-01
1.370870870870870917e+01 2.101145819471448573e-01
1.371871871871871917e+01 2.105767938151356100e-01
1.372872872872872918e+01 2.110390056831263628e-01
1.373873873873873919e+01 2.115015710368035595e-01
1.374874874874874919e+01 2.119651535356065486e-01
1.375875875875875920e+01 2.124287360344095377e-01
1.376876876876876921e+01 2.128925994747817296e-01
1.377877877877877921e+01 2.133575490858436730e-01
1.378878878878878922e+01 2.138224986969055885e-01
1.379879879879879923e+01 2.142876571037080624e-01
1.380880880880880923e+01 2.147539705014488987e-01
1.381881881881881924e+01 2.152202838991897071e-01
1.382882882882882924e+01 2.156867343150759009e-01
1.383883883883883925e+01 2.161544083696723961e-01
1.384884884884884926e+01 2.166220824242688636e-01
1.385885885885885926e+01 2.170898220570086357e-01
1.386886886886886927e+01 2.175588538371387992e-01
1.387887887887887928e+01 2.180278856172689350e-01
1.388888888888888928e+01 2.184969173973991263e-01
1.389889889889889929e+01 2.189672986174633906e-01
1.390890890890890930e+01 2.194376853930088966e-01
1.391891891891891930e+01 2.199080721685544026e-01
1.392892892892892931e+01 2.203797349987573484e-01
1.393893893893893932e+01 2.208514742434681544e-01
1.394894894894894932e+01 2.213232134881789326e-01
1.395895895895895933e+01 2.217961558510244680e-01
1.396896896896896934e+01 2.222692452451401901e-01
1.397897897897897934e+01 2.227423346392559400e-01
1.398898898898898935e+01 2.232165546334433648e-01
1.399899899899899935e+01 2.236909920662757678e-01
1.400900900900900936e+01 2.241654294991081986e-01
1.401901901901901937e+01 2.246409254015393209e-01
1.402902902902902937e+01 2.251167089740114813e-01
1.403903903903903938e+01 2.255924925464836417e-01
1.404904904904904939e+01 2.260692628142399463e-01
1.405905905905905939e+01 2.265463908413846428e-01
1.406906906906906940e+01 2.270235188685293115e-01
1.407907907907907941e+01 2.275015621408175981e-01
1.408908908908908941e+01 2.279800331542331526e-01
1.409909909909909942e+01 2.284585041676487349e-01
1.410910910910910943e+01 2.289378192677156698e-01
1.411911911911911943e+01 2.294176320179796280e-01
1.412912912912912944e+01 2.298974447682436417e-01
1.413913913913913944e+01 2.303780307052580023e-01
1.414914914914914945e+01 2.308591841642966824e-01
1.415915915915915946e+01 2.313403376233353625e-01
1.416916916916916946e+01 2.318221935942395007e-01
1.417917917917917947e+01 2.323046869576563533e-01
1.418918918918918948e+01 2.327871803210731783e-01
1.419919919919919948e+01 2.332703057124016488e-01
1.420920920920920949e+01 2.337541384017596535e-01
1.421921921921921950e+01 2.342379710911176860e-01
1.422922922922922950e+01 2.347223654807836513e-01
1.423923923923923951e+01 2.352075371458459685e-01
1.424924924924924952e+01 2.356927088109083135e-01
1.425925925925925952e+01 2.361783719699578343e-01
1.426926926926926953e+01 2.366648824908828275e-01
1.427927927927927954e+01 2.371513930118078206e-01
1.428928928928928954e+01 2.376383249061408132e-01
1.429929929929929955e+01 2.381261743956328003e-01
1.430930930930930955e+01 2.386140238851247597e-01
1.431931931931931956e+01 2.391022246771834225e-01
1.432932932932932957e+01 2.395914134825987696e-01
1.433933933933933957e+01 2.400806022880140889e-01
1.434934934934934958e+01 2.405700723384377460e-01
1.435935935935935959e+01 2.410606010438451907e-01
1.436936936936936959e+01 2.415511297492526355e-01
1.437937937937937960e+01 2.420418696184993279e-01
1.438938938938938961e+01 2.425337390466957288e-01
1.439939939939939961e+01 2.430256084748921019e-01
1.440940940940940962e+01 2.435176189248268730e-01
1.441941941941941963e+01 2.440108301393063561e-01
1.442942942942942963e+01 2.445040413537858115e-01
1.443943943943943964e+01 2.449973233492346303e-01
1.444944944944944965e+01 2.454918776561115512e-01
1.445945945945945965e+01 2.459864319629884721e-01
1.446946946946946966e+01 2.464809866732582955e-01
1.447947947947947966e+01 2.469768856231439047e-01
1.448948948948948967e+01 2.474727845730294584e-01
1.449949949949949968e+01 2.479686835229150677e-01
1.450950950950950968e+01 2.484658587632262716e-01
1.451951951951951969e+01 2.489631041530586675e-01
1.452952952952952970e+01 2.494603495428910911e-01
1.453953953953953970e+01 2.499588025010368308e-01
1.454954954954954971e+01 2.504573963758645605e-01
1.455955955955955972e+01 2.509559902506922624e-01
1.456956956956956972e+01 2.514557229680449701e-01
1.457957957957957973e+01 2.519556676227624470e-01
1.458958958958958974e+01 2.524556122774799238e-01
1.459959959959959974e+01 2.529566270073165812e-01
1.460960960960960975e+01 2.534579249883515684e-01
1.461961961961961975e+01 2.539592229693865555e-01
1.462962962962962976e+01 2.544615221781879599e-01
1.463963963963963977e+01 2.549641762851425075e-01
1.464964964964964977e+01 2.554668303920970551e-01
1.465965965965965978e+01 2.559704167608116698e-01
1.466966966966966979e+01 2.564744300480548689e-01
1.467967967967967979e+01 2.569784433352981234e-01
1.468968968968968980e+01 2.574833197605693180e-01
1.469969969969969981e+01 2.579886955387800662e-01
1.470970970970970981e+01 2.584940713169908144e-01
1.471971971971971982e+01 2.590002409123494664e-01
1.472972972972972983e+01 2.595069827500127713e-01
1.473973973973973983e+01 2.600137245876761316e-01
1.474974974974974984e+01 2.605211906846969239e-01
1.475975975975975985e+01 2.610293024095505232e-01
1.476976976976976985e+01 2.615374141344040670e-01
1.477977977977977986e+01 2.620461802838253695e-01
1.478978978978978986e+01 2.625556659842566143e-01
1.479979979979979987e+01 2.630651516846879145e-01
1.480980980980980988e+01 2.635752216574952511e-01
1.481981981981981988e+01 2.640860856838903037e-01
1.482982982982982989e+01 2.645969497102853563e-01
1.483983983983983990e+01 2.651083274987595106e-01
1.484984984984984990e+01 2.656205744648021394e-01
1.485985985985985991e+01 2.661328214308447682e-01
1.486986986986986992e+01 2.666455112495721980e-01
1.487987987987987992e+01 2.671591460334928891e-01
1.488988988988988993e+01 2.676727808174136358e-01
1.489989989989989994e+01 2.681867871042611373e-01
1.490990990990990994e+01 2.687018148500371906e-01
1.491991991991991995e+01 2.692168425958132993e-01
1.492992992992992995e+01 2.697321700128649802e-01
1.493993993993993996e+01 2.702485961313693674e-01
1.494994994994994997e+01 2.707650222498737547e-01
1.495995995995995997e+01 2.712816756843317578e-01
1.496996996996996998e+01 2.717995058544334652e-01
1.497997997997997999e+01 2.723173360245351726e-01
1.498998998998998999e+01 2.728353205895833189e-01
1.500000000000000000e+01 2.733545607591958970e-01
