5.000000000000000000e+00 1.100970027055357854e-02
5.010010010010010006e+00 1.111911251225849127e-02
5.020020020020020013e+00 1.122852475396340227e-02
5.030030030030030019e+00 1.133793699566831674e-02
5.040040040040040026e+00 1.144804898906838508e-02
5.050050050050050032e+00 1.155911042166454447e-02
5.060060060060060039e+00 1.167017185426070559e-02
5.070070070070070045e+00 1.178180076394682099e-02
5.080080080080080052e+00 1.189449240938398634e-02
5.090090090090090058e+00 1.200718405482115343e-02
5.100100100100100065e+00 1.212031367935039253e-02
5.110110110110110071e+00 1.223461613424718306e-02
5.120120120120120077e+00 1.234891858914397185e-02
5.130130130130130084e+00 1.246353240477271127e-02
5.140140140140140090e+00 1.257942587005248143e-02
5.150150150150150097e+00 1.269531933533224986e-02
5.160160160160160103e+00 1.281140051652782282e-02
5.170170170170170110e+00 1.292886482629129925e-02
5.180180180180180116e+00 1.304632913605477569e-02
5.190190190190190123e+00 1.316386057553412328e-02
5.200200200200200129e+00 1.328287522515613460e-02
5.210210210210210136e+00 1.340188987477814592e-02
5.220220220220220142e+00 1.352090452440015550e-02
5.230230230230230148e+00 1.364139837650757761e-02
5.240240240240240155e+00 1.376194254994864662e-02
5.250250250250250161e+00 1.388248672338971909e-02
5.260260260260260168e+00 1.400437475077973004e-02
5.270270270270270174e+00 1.412642734710658175e-02
5.280280280280280181e+00 1.424847994343343520e-02
5.290290290290290187e+00 1.437174404981103604e-02
5.300300300300300194e+00 1.449528370892265439e-02
5.310310310310310200e+00 1.461882336803427100e-02
5.320320320320320207e+00 1.474344527559411262e-02
5.330330330330330213e+00 1.486845040315288614e-02
5.340340340340340219e+00 1.499345553071165793e-02
5.350350350350350226e+00 1.511941679694473080e-02
5.360360360360360232e+00 1.524586558851422601e-02
5.370370370370370239e+00 1.537231438008372121e-02
5.380380380380380245e+00 1.549959641409538215e-02
5.390390390390390252e+00 1.562746687848891314e-02
5.400400400400400258e+00 1.575533734288244239e-02
5.410410410410410265e+00 1.588392142122483502e-02
5.420420420420420271e+00 1.601319140307053829e-02
5.430430430430430278e+00 1.614246138491624849e-02
5.440440440440440284e+00 1.627232866693905169e-02
5.450450450450450290e+00 1.640297586846909544e-02
5.460460460460460297e+00 1.653362306999914266e-02
5.470470470470470303e+00 1.666475461272342098e-02
5.480480480480480310e+00 1.679675661479679283e-02
5.490490490490490316e+00 1.692875861687016120e-02
5.500500500500500323e+00 1.706113538939071222e-02
5.510510510510510329e+00 1.719446967175979057e-02
5.520520520520520336e+00 1.732780395412887239e-02
5.530530530530530342e+00 1.746140685155093270e-02
5.540540540540540349e+00 1.759605081238407864e-02
5.550550550550550355e+00 1.773069477321722806e-02
5.560560560560560361e+00 1.786550463013431012e-02
5.570570570570570368e+00 1.800143560480714847e-02
5.580580580580580374e+00 1.813736657947997988e-02
5.590590590590590381e+00 1.827336418299978574e-02
5.600600600600600387e+00 1.841055946216917094e-02
5.610610610610610394e+00 1.854775474133855614e-02
5.620620620620620400e+00 1.868495002050793788e-02
5.630630630630630407e+00 1.882335769063969710e-02
5.640640640640640413e+00 1.896179453761489067e-02
5.650650650650650419e+00 1.910023138459008424e-02
5.660660660660660426e+00 1.923976553561767416e-02
5.670670670670670432e+00 1.937942120304427668e-02
5.680680680680680439e+00 1.951907687047087225e-02
5.690690690690690445e+00 1.965971822614459227e-02
5.700700700700700452e+00 1.980056997201691538e-02
5.710710710710710458e+00 1.994142171788923154e-02
5.720720720720720465e+00 2.008315101757114293e-02
5.730730730730730471e+00 2.022517612058959136e-02
5.740740740740740478e+00 2.036720122360803978e-02
5.750750750750750484e+00 2.050999923251964688e-02
5.760760760760760490e+00 2.065317500680972918e-02
5.770770770770770497e+00 2.079635078109981494e-02
5.780780780780780503e+00 2.094019830018475914e-02
5.790790790790790510e+00 2.108450210939483496e-02
5.800800800800800516e+00 2.122880591860491772e-02
5.810810810810810523e+00 2.137368379401596505e-02
5.820820820820820529e+00 2.151909306481081599e-02
5.830830830830830536e+00 2.166450233560566346e-02
5.840840840840840542e+00 2.181039146782551980e-02
5.850850850850850549e+00 2.195688370279325063e-02
5.860860860860860555e+00 2.210337593776098494e-02
5.870870870870870561e+00 2.225025729036618841e-02
5.880880880880880568e+00 2.239781008035563598e-02
5.890890890890890574e+00 2.254536287034508701e-02
5.900900900900900581e+00 2.269321747842257056e-02
5.910910910910910587e+00 2.284180851432887627e-02
5.920920920920920594e+00 2.299039955023518197e-02
5.930930930930930600e+00 2.313920852846088061e-02
5.940940940940940607e+00 2.328881561247623730e-02
5.950950950950950613e+00 2.343842269649159052e-02
5.960960960960960620e+00 2.358816724688041211e-02
5.970970970970970626e+00 2.373876830322739148e-02
5.980980980980980632e+00 2.388936935957437432e-02
5.990990990990990639e+00 2.404003077891092577e-02
6.001001001001000645e+00 2.419160386407555666e-02
6.011011011011010652e+00 2.434317694924018061e-02
6.021021021021020658e+00 2.449475003440480803e-02
6.031031031031030665e+00 2.464725994868069078e-02
6.041041041041040671e+00 2.479978326116173692e-02
6.051051051051050678e+00 2.495230657364277960e-02
6.061061061061060684e+00 2.510567461272124323e-02
6.071071071071070691e+00 2.525912650231278145e-02
6.081081081081080697e+00 2.541257839190431966e-02
6.091091091091090703e+00 2.556678633853696689e-02
6.101101101101100710e+00 2.572114531516042635e-02
6.111111111111110716e+00 2.587550429178388581e-02
6.121121121121120723e+00 2.603053405860406011e-02
6.131131131131130729e+00 2.618577880070582092e-02
6.141141141141140736e+00 2.634102354280758174e-02
6.151151151151150742e+00 2.649685717788319642e-02
6.161161161161160749e+00 2.665296654041346067e-02
6.171171171171170755e+00 2.680907590294372492e-02
6.181181181181180762e+00 2.696569559508044805e-02
6.191191191191190768e+00 2.712264861706922825e-02
6.201201201201200774e+00 2.727960163905800497e-02
6.211211211211210781e+00 2.743698972286079049e-02
6.221221221221220787e+00 2.759476563460558016e-02
6.231231231231230794e+00 2.775254154635037329e-02
6.241241241241240800e+00 2.791068050705154333e-02
6.251251251251250807e+00 2.806925873693197696e-02
6.261261261261260813e+00 2.822783696681241059e-02
6.271271271271270820e+00 2.838670944487409892e-02
6.281281281281280826e+00 2.854606962580755539e-02
6.291291291291290833e+00 2.870542980674101533e-02
6.301301301301300839e+00 2.886501860223966709e-02
6.311311311311310845e+00 2.902514057779223902e-02
6.321321321321320852e+00 2.918526255334480402e-02
6.331331331331330858e+00 2.934555063014536794e-02
6.341341341341340865e+00 2.950641446031157522e-02
6.351351351351350871e+00 2.966727829047778597e-02
6.361361361361360878e+00 2.982824878020481907e-02
6.371371371371370884e+00 2.998983474686946205e-02
6.381381381381380891e+00 3.015142071353410849e-02
6.391391391391390897e+00 3.031305691934701660e-02
6.401401401401400904e+00 3.047534553144195732e-02
6.411411411411410910e+00 3.063763414353689804e-02
6.421421421421420916e+00 3.079992275563183182e-02
6.431431431431430923e+00 3.096289154208481040e-02
6.441441441441440929e+00 3.112586354045327255e-02
6.451451451451450936e+00 3.128883553882173818e-02
6.461461461461460942e+00 3.145241815378589656e-02
6.471471471471470949e+00 3.161605451576626064e-02
6.481481481481480955e+00 3.177969087774661777e-02
6.491491491491490962e+00 3.194387140059295332e-02
6.501501501501500968e+00 3.210815334433387430e-02
6.511511511511510975e+00 3.227243528807478834e-02
6.521521521521520981e+00 3.243719798704632062e-02
6.531531531531530987e+00 3.260210697556435028e-02
6.541541541541540994e+00 3.276701596408238687e-02
6.551551551551551000e+00 3.293234529894485674e-02
6.561561561561561007e+00 3.309786304393563805e-02
6.571571571571571013e+00 3.326338078892641936e-02
6.581581581581581020e+00 3.342926141347283414e-02
6.591591591591591026e+00 3.359536987888626230e-02
6.601601601601601033e+00 3.376147834429968353e-02
6.611611611611611927e+00 3.392789510871431491e-02
6.621621621621621934e+00 3.409457651410394141e-02
6.631631631631631940e+00 3.426125791949356097e-02
6.641641641641641947e+00 3.442819587258064140e-02
6.651651651651651953e+00 3.459543269623710504e-02
6.661661661661661959e+00 3.476266951989356868e-02
6.671671671671671966e+00 3.493011391117608472e-02
6.681681681681681972e+00 3.509788889305408277e-02
6.691691691691691979e+00 3.526566387493208082e-02
6.701701701701701985e+00 3.543360015662535417e-02
6.711711711711711992e+00 3.560189630107290365e-02
6.721721721721721998e+00 3.577019244552046007e-02
6.731731731731732005e+00 3.593860627438562327e-02
6.741741741741742011e+00 3.610740685268488959e-02
6.751751751751752018e+00 3.627620743098415590e-02
6.761761761761762024e+00 3.644508467006608160e-02
6.771771771771772030e+00 3.661437322279349760e-02
6.781781781781782037e+00 3.678366177552090666e-02
6.791791791791792043e+00 3.695298849577510758e-02
6.801801801801802050e+00 3.712274883498942885e-02
6.811811811811812056e+00 3.729250917420373623e-02
6.821821821821822063e+00 3.746227165601669767e-02
6.831831831831832069e+00 3.763248786728232154e-02
6.841841841841842076e+00 3.780270407854795234e-02
6.851851851851852082e+00 3.797292028981357620e-02
6.861861861861862089e+00 3.814354525740798474e-02
6.871871871871872095e+00 3.831420170166099232e-02
6.881881881881882101e+00 3.848485814591399296e-02
6.891891891891892108e+00 3.865587670772974854e-02
6.901901901901902114e+00 3.882695802299385157e-02
6.911911911911912121e+00 3.899803933825794766e-02
6.921921921921922127e+00 3.916943868975208271e-02
6.931931931931932134e+00 3.934092979271109486e-02
6.941941941941942140e+00 3.951242089567010701e-02
6.951951951951952147e+00 3.968418844826280406e-02
6.961961961961962153e+00 3.985607453569628422e-02
6.971971971971972160e+00 4.002796062312977132e-02
6.981981981981982166e+00 4.020008400512081748e-02
6.991991991991992172e+00 4.037235055520872057e-02
7.002002002002002179e+00 4.054461710529662366e-02
7.012012012012012185e+00 4.071708416270415631e-02
7.022022022022022192e+00 4.088971693620691017e-02
7.032032032032032198e+00 4.106234970970966403e-02
7.042042042042042205e+00 4.123514850703426798e-02
7.052052052052052211e+00 4.140813354835339022e-02
7.062062062062062218e+00 4.158111858967251245e-02
7.072072072072072224e+00 4.175423741058954807e-02
7.082082082082082231e+00 4.192756104871434020e-02
7.092092092092092237e+00 4.210088468683912538e-02
7.102102102102102243e+00 4.227431203482222982e-02
7.112112112112112250e+00 4.244796088416783603e-02
7.122122122122122256e+00 4.262160973351344223e-02
7.132132132132132263e+00 4.279533433239190304e-02
7.142142142142142269e+00 4.296929529353336191e-02
7.152152152152152276e+00 4.314325625467482772e-02
7.162162162162162282e+00 4.331726704912730597e-02
7.172172172172172289e+00 4.349152730943404294e-02
7.182182182182182295e+00 4.366578756974077297e-02
7.192192192192192302e+00 4.384007372572787387e-02
7.202202202202202308e+00 4.401462075990359574e-02
7.212212212212212314e+00 4.418916779407931761e-02
7.222222222222222321e+00 4.436371869921764549e-02
7.232232232232232327e+00 4.453854026974893299e-02
7.242242242242242334e+00 4.471336184028022048e-02
7.252252252252252340e+00 4.488818341081150104e-02
7.262262262262262347e+00 4.506325126167810835e-02
7.272272272272272353e+00 4.523833541919661250e-02
7.282282282282282360e+00 4.541341957671511664e-02
7.292292292292292366e+00 4.558871995720448905e-02
7.302302302302302373e+00 4.576405504076554165e-02
7.312312312312312379e+00 4.593939012432660118e-02
7.322322322322322385e+00 4.611491337733528151e-02
7.332332332332332392e+00 4.629048801461704832e-02
7.342342342342342398e+00 4.646606265189882207e-02
7.352352352352352405e+00 4.664179934305409669e-02
7.362362362362362411e+00 4.681760245048038199e-02
7.372372372372372418e+00 4.699340555790666729e-02
7.382382382382382424e+00 4.716934647560556276e-02
7.392392392392392431e+00 4.734536725839531141e-02
7.402402402402402437e+00 4.752138804118505311e-02
7.412412412412412444e+00 4.769752419658963849e-02
7.422422422422422450e+00 4.787375214873625801e-02
7.432432432432432456e+00 4.804998010088287752e-02
7.442442442442442463e+00 4.822630272787357258e-02
7.452452452452452469e+00 4.840272763205696882e-02
7.462462462462462476e+00 4.857915253624036506e-02
7.472472472472472482e+00 4.875565309132837144e-02
7.482482482482482489e+00 4.893226501876175166e-02
7.492492492492492495e+00 4.910887694619512495e-02
7.502502502502502502e+00 4.928554710839561787e-02
7.512512512512512508e+00 4.946233641861034341e-02
7.522522522522522515e+00 4.963912572882506896e-02
7.532532532532532521e+00 4.981595739949239848e-02
7.542542542542542527e+00 4.999291474006253150e-02
7.552552552552552534e+00 5.016987208063266451e-02
7.562562562562562540e+00 5.034685738325867660e-02
7.572572572572572547e+00 5.052397368946768413e-02
7.582582582582582553e+00 5.070108999567669167e-02
7.592592592592592560e+00 5.087822127565350128e-02
7.602602602602602566e+00 5.105548777010522621e-02
7.612612612612612573e+00 5.123275426455695114e-02
7.622622622622622579e+00 5.141002408890518738e-02
7.632632632632632586e+00 5.158743228108055023e-02
7.642642642642642592e+00 5.176484047325591309e-02
7.652652652652652598e+00 5.194224866543127594e-02
7.662662662662662605e+00 5.211978331608108084e-02
7.672672672672672611e+00 5.229732500184289257e-02
7.682682682682682618e+00 5.247486668760470430e-02
7.692692692692692624e+00 5.265251776199751654e-02
7.702702702702702631e+00 5.283018502304459574e-02
7.712712712712712637e+00 5.300785228409168187e-02
7.722722722722722644e+00 5.318561329741366972e-02
7.732732732732732650e+00 5.336339850068606838e-02
7.742742742742742657e+00 5.354118370395846704e-02
7.752752752752752663e+00 5.371904839096905415e-02
7.762762762762762669e+00 5.389694418800546061e-02
7.772772772772772676e+00 5.407483998504186706e-02
7.782782782782782682e+00 5.425280229959749539e-02
7.792792792792792689e+00 5.443080162584670173e-02
7.802802802802802695e+00 5.460880095209590807e-02
7.812812812812812702e+00 5.478685506664573296e-02
7.822822822822822708e+00 5.496495114073287475e-02
7.832832832832832715e+00 5.514304721482000959e-02
7.842842842842842721e+00 5.532118751987434579e-02
7.852852852852852727e+00 5.549937384282335739e-02
7.862862862862862734e+00 5.567756016577235512e-02
7.872872872872872740e+00 5.585578126934440113e-02
7.882882882882882747e+00 5.603405162375763027e-02
7.892892892892892753e+00 5.621232197817086634e-02
7.902902902902902760e+00 5.639061870519226222e-02
7.912912912912912766e+00 5.656896715438834017e-02
7.922922922922922773e+00 5.674731560358441118e-02
7.932932932932932779e+00 5.692568299529512932e-02
7.942942942942942786e+00 5.710410388240570734e-02
7.952952952952952792e+00 5.728252476951627842e-02
7.962962962962962798e+00 5.746095808282929845e-02
7.972972972972972805e+00 5.763944602985592719e-02
7.982982982982982811e+00 5.781793397688254899e-02
7.992992992992992818e+00 5.799642868372389265e-02
8.003003003003001936e+00 5.817497859055532905e-02
8.013013013013011943e+00 5.835352849738678627e-02
8.023023023023021949e+00 5.853208028401105101e-02
8.033033033033031955e+00 5.871068732740222090e-02
8.043043043043041962e+00 5.888929437079339774e-02
8.053053053053051968e+00 5.906790141418456763e-02
8.063063063063061975e+00 5.924655876958820344e-02
8.073073073073071981e+00 5.942521840210079204e-02
8.083083083083081988e+00 5.960387803461339451e-02
8.093093093093091994e+00 5.978258020971042447e-02
8.103103103103102001e+00 5.996128815861647560e-02
8.113113113113112007e+00 6.013999610752252672e-02
8.123123123123122014e+00 6.031873970078659164e-02
8.133133133133132020e+00 6.049749196693497005e-02
8.143143143143142026e+00 6.067624423308334847e-02
8.153153153153152033e+00 6.085502605317354846e-02
8.163163163163162039e+00 6.103381890982023661e-02
8.173173173173172046e+00 6.121261176646692476e-02
8.183183183183182052e+00 6.139142883139127316e-02
8.193193193193192059e+00 6.157025882299370367e-02
8.203203203203202065e+00 6.174908881459614807e-02
8.213213213213213848e+00 6.192793835085297349e-02
8.223223223223223854e+00 6.210680229182897333e-02
8.233233233233233861e+00 6.228566623280495929e-02
8.243243243243243867e+00 6.246454567450254736e-02
8.253253253253253874e+00 6.264344064795419886e-02
8.263263263263263880e+00 6.282233562140586425e-02
8.273273273273273887e+00 6.300124260936068588e-02
8.283283283283283893e+00 6.318016596576339627e-02
8.293293293293293900e+00 6.335908932216609279e-02
8.303303303303303906e+00 6.353802170297952190e-02
8.313313313313313913e+00 6.371697105883696033e-02
8.323323323323323919e+00 6.389592041469437100e-02
8.333333333333333925e+00 6.407487623980831493e-02
8.343343343343343932e+00 6.425384947627303667e-02
8.353353353353353938e+00 6.443282271273775841e-02
8.363363363363363945e+00 6.461180023746916634e-02
8.373373373373373951e+00 6.479079549892964585e-02
8.383383383383383958e+00 6.496979076039013923e-02
8.393393393393393964e+00 6.514878844294473559e-02
8.403403403403403971e+00 6.532780413557903731e-02
8.413413413413413977e+00 6.550681982821333904e-02
8.423423423423423984e+00 6.568583632867872057e-02
8.433433433433433990e+00 6.586487111897451618e-02
8.443443443443443996e+00 6.604390590927031179e-02
8.453453453453454003e+00 6.622294069956609353e-02
8.463463463463464009e+00 6.640199290183035341e-02
8.473473473473474016e+00 6.658104571507247882e-02
8.483483483483484022e+00 6.676009852831460423e-02
8.493493493493494029e+00 6.693916665271591737e-02
8.503503503503504035e+00 6.711823667144087291e-02
8.513513513513514042e+00 6.729730669016584232e-02
8.523523523523524048e+00 6.747639025186392969e-02
8.533533533533534055e+00 6.765547691428203114e-02
8.543543543543544061e+00 6.783456357670011871e-02
8.553553553553554067e+00 6.801366228689388616e-02
8.563563563563564074e+00 6.819276528527899728e-02
8.573573573573574080e+00 6.837186828366410840e-02
8.583583583583584087e+00 6.855098204845114229e-02
8.593593593593594093e+00 6.873010132749850232e-02
8.603603603603604100e+00 6.890922060654584846e-02
8.613613613613614106e+00 6.908834952576209387e-02
8.623623623623624113e+00 6.926748528091418444e-02
8.633633633633634119e+00 6.944662103606628889e-02
8.643643643643644126e+00 6.962576540210602127e-02
8.653653653653654132e+00 6.980491807784694469e-02
8.663663663663664138e+00 6.998407075358785423e-02
8.673673673673674145e+00 7.016323105020449979e-02
8.683683683683684151e+00 7.034240133832291020e-02
8.693693693693694158e+00 7.052157162644132060e-02
8.703703703703704164e+00 7.070074852752861183e-02
8.713713713713714171e+00 7.087993736534936584e-02
8.723723723723724177e+00 7.105912620317013373e-02
8.733733733733734184e+00 7.123832057152412744e-02
8.743743743743744190e+00 7.141752914010918163e-02
8.753753753753754197e+00 7.159673770869423581e-02
8.763763763763764203e+00 7.177595059475631867e-02
8.773773773773774209e+00 7.195518031707495710e-02
8.783783783783784216e+00 7.213441003939360940e-02
8.793793793793794222e+00 7.231364267997456019e-02
8.803803803803804229e+00 7.249289521904302147e-02
8.813813813813814235e+00 7.267214775811149663e-02
8.823823823823824242e+00 7.285140157509656378e-02
8.833833833833834248e+00 7.303067883208747002e-02
8.843843843843844255e+00 7.320995608907836238e-02
8.853853853853854261e+00 7.338923334606928250e-02
8.863863863863864268e+00 7.356853680043584642e-02
8.873873873873874274e+00 7.374784091275804476e-02
8.883883883883884280e+00 7.392714502508024310e-02
8.893893893893894287e+00 7.410647542126692910e-02
8.903903903903904293e+00 7.428580876061512128e-02
8.913913913913914300e+00 7.446514209996334122e-02
8.923923923923924306e+00 7.464450163943021910e-02
8.933933933933934313e+00 7.482386680980583626e-02
8.943943943943944319e+00 7.500323198018145343e-02
8.953953953953954326e+00 7.518262304208990499e-02
8.963963963963964332e+00 7.536202287779260323e-02
8.973973973973974338e+00 7.554142271349532922e-02
8.983983983983984345e+00 7.572084785329236123e-02
8.993993993993994351e+00 7.590028541688287333e-02
9.004004004004004358e+00 7.607972298047335769e-02
9.014014014014014364e+00 7.625918492845860930e-02
9.024024024024024371e+00 7.643866350869292503e-02
9.034034034034034377e+00 7.661814208892725464e-02
9.044044044044044384e+00 7.679764374880236610e-02
9.054054054054054390e+00 7.697716685853850382e-02
9.064064064064064397e+00 7.715668996827462767e-02
9.074074074074074403e+00 7.733623441567553936e-02
9.084084084084084409e+00 7.751580578975185432e-02
9.094094094094094416e+00 7.769537716382815540e-02
9.104104104104104422e+00 7.787496764484033718e-02
9.114114114114114429e+00 7.805459123792701792e-02
9.124124124124124435e+00 7.823421483101368479e-02
9.134134134134134442e+00 7.841385476067060101e-02
9.144144144144144448e+00 7.859353474509400694e-02
9.154154154154154455e+00 7.877321472951742676e-02
9.164164164164164461e+00 7.895290769028237565e-02
9.174174174174174468e+00 7.913264845382299295e-02
9.184184184184184474e+00 7.931238921736359637e-02
9.194194194194194480e+00 7.949213895759517368e-02
9.204204204204204487e+00 7.967194510125923113e-02
9.214214214214214493e+00 7.985175124492328858e-02
9.224224224224224500e+00 8.003156167732473902e-02
9.234234234234234506e+00 8.021143801309027488e-02
9.244244244244244513e+00 8.039131434885581073e-02
9.254254254254254519e+00 8.057119068462134659e-02
9.264264264264264526e+00 8.075114109744621627e-02
9.274274274274274532e+00 8.093109264598395691e-02
9.284284284284284539e+00 8.111104419452166980e-02
9.294294294294294545e+00 8.129106883873446487e-02
9.304304304304304551e+00 8.147110082710391776e-02
9.314314314314314558e+00 8.165113281547334290e-02
9.324324324324324564e+00 8.183123629140996724e-02
9.334334334334334571e+00 8.201135415073100565e-02
9.344344344344344577e+00 8.219147201005203018e-02
9.354354354354354584e+00 8.237165907368194928e-02
9.364364364364364590e+00 8.255186843678304076e-02
9.374374374374374597e+00 8.273207779988414612e-02
9.384384384384384603e+00 8.291235336115924948e-02
9.394394394394394610e+00 8.309266006020213369e-02
9.404404404404404616e+00 8.327296675924501790e-02
9.414414414414414622e+00 8.345333588043471473e-02
9.424424424424424629e+00 8.363374594451622457e-02
9.434434434434434635e+00 8.381415600859770665e-02
9.444444444444444642e+00 8.399462390261000500e-02
9.454454454454454648e+00 8.417514355534184978e-02
9.464464464464464655e+00 8.435566320807368068e-02
9.474474474474474661e+00 8.453623523676288831e-02
9.484484484484484668e+00 8.471687089382995417e-02
9.494494494494494674e+00 8.489750655089702003e-02
9.504504504504504681e+00 8.507818822335827535e-02
9.514514514514514687e+00 8.525894649005544279e-02
9.524524524524524693e+00 8.543970475675259635e-02
9.534534534534534700e+00 8.562050172760338196e-02
9.544544544544544706e+00 8.580138939635209572e-02
9.554554554554554713e+00 8.598227706510080948e-02
9.564564564564564719e+00 8.616319513275005892e-02
9.574574574574574726e+00 8.634421918059495549e-02
9.584584584584584732e+00 8.652524322843983817e-02
9.594594594594594739e+00 8.670628833334473318e-02
9.604604604604604745e+00 8.688745591943088098e-02
9.614614614614614752e+00 8.706862350551702878e-02
9.624624624624624758e+00 8.724980172842783377e-02
9.634634634634634764e+00 8.743112019145940494e-02
9.644644644644644771e+00 8.761243865449099000e-02
9.654654654654654777e+00 8.779375711752254730e-02
9.664664664664664784e+00 8.797523307036519968e-02
9.674674674674674790e+00 8.815670992604594802e-02
9.684684684684684797e+00 8.833818678172671024e-02
9.694694694694694803e+00 8.851981611800384397e-02
9.704704704704704810e+00 8.870145905646033280e-02
9.714714714714714816e+00 8.888310199491680774e-02
9.724724724724724823e+00 8.906489137744255657e-02
9.734734734734734829e+00 8.924670826063033080e-02
9.744744744744744835e+00 8.942852514381809115e-02
9.754754754754754842e+00 8.961048136595725633e-02
9.764764764764764848e+00 8.979248022505127713e-02
9.774774774774774855e+00 8.997447908414527018e-02
9.784784784784784861e+00 9.015660906798830809e-02
9.794794794794794868e+00 9.033879810075745587e-02
9.804804804804804874e+00 9.052098713352661752e-02
9.814814814814814881e+00 9.070329792805556512e-02
9.824824824824824887e+00 9.088568549622302872e-02
9.834834834834834894e+00 9.106807306439050620e-02
9.844844844844844900e+00 9.125057184363605245e-02
9.854854854854854906e+00 9.143316647022481369e-02
9.864864864864864913e+00 9.161576109681356106e-02
9.874874874874874919e+00 9.179845515800379163e-02
9.884884884884884926e+00 9.198126552466948103e-02
9.894894894894894932e+00 9.216407589133519818e-02
9.904904904904904939e+00 9.234697265303619396e-02
9.914914914914914945e+00 9.253000759738659597e-02
9.924924924924924952e+00 9.271304254173701187e-02
9.934934934934934958e+00 9.289614954198592567e-02
9.944944944944944965e+00 9.307941805488902098e-02
9.954954954954954971e+00 9.326268656779210242e-02
9.964964964964964977e+00 9.344601146222283883e-02
9.974974974974974984e+00 9.362952268510292553e-02
9.984984984984984990e+00 9.381303390798301223e-02
9.994994994994994997e+00 9.399658446794506572e-02
1.000500500500500500e+01 9.418034769006902729e-02
1.001501501501501501e+01 9.436411091219297498e-02
1.002502502502502502e+01 9.454789502286387037e-02
1.003503503503503502e+01 9.473191967861677165e-02
1.004504504504504503e+01 9.491594433436964517e-02
1.005505505505505504e+01 9.509996999286099428e-02
1.006506506506506504e+01 9.528426565901301770e-02
1.007507507507507505e+01 9.546856132516502724e-02
1.008508508508508505e+01 9.565285699131703678e-02
1.009509509509509506e+01 9.583741303158799241e-02
1.010510510510510507e+01 9.602198942455286712e-02
1.011511511511511507e+01 9.620656581751774183e-02
1.012512512512512508e+01 9.639138958133930402e-02
1.013513513513513509e+01 9.657625655442481083e-02
1.014514514514514509e+01 9.676112352751031764e-02
1.015515515515515510e+01 9.694622347051623512e-02
1.016516516516516511e+01 9.713139101116773089e-02
1.017517517517517511e+01 9.731655855181922665e-02
1.018518518518518512e+01 9.750194323118605011e-02
1.019519519519519513e+01 9.768742145822377487e-02
1.020520520520520513e+01 9.787289968526148576e-02
1.021521521521521514e+01 9.805857775778455132e-02
1.022522522522522515e+01 9.824437691863523170e-02
1.023523523523523515e+01 9.843017607948589820e-02
1.024524524524524516e+01 9.861615629965199414e-02
1.025525525525525516e+01 9.880228676757571438e-02
1.026526526526526517e+01 9.898841723549940685e-02
1.027527527527527518e+01 9.917470845355705333e-02
1.028528528528528518e+01 9.936118072486994912e-02
1.029529529529529519e+01 9.954765299618283103e-02
1.030530530530530520e+01 9.973426415620996466e-02
1.031531531531531520e+01 9.992108884750318387e-02
1.032532532532532521e+01 1.001079135387964031e-01
1.033533533533533522e+01 1.002948536767662990e-01
1.034534534534534522e+01 1.004820415221226587e-01
1.035535535535535523e+01 1.006692293674790184e-01
1.036536536536536524e+01 1.008565076093247276e-01
1.037537537537537524e+01 1.010440694575332060e-01
1.038538538538538525e+01 1.012316313057416983e-01
1.039539539539539525e+01 1.014192568654193466e-01
1.040540540540540526e+01 1.016072036771877990e-01
1.041541541541541527e+01 1.017951504889562514e-01
1.042542542542542527e+01 1.019831326665073118e-01
1.043543543543543528e+01 1.021714755116755607e-01
1.044544544544544529e+01 1.023598183568437958e-01
1.045545545545545529e+01 1.025481665364575828e-01
1.046546546546546530e+01 1.027369165912092319e-01
1.047547547547547531e+01 1.029256666459608810e-01
1.048548548548548531e+01 1.031144167007125440e-01
1.049549549549549532e+01 1.033035588381124859e-01
1.050550550550550533e+01 1.034927273821888150e-01
1.051551551551551533e+01 1.036818959262651579e-01
1.052552552552552534e+01 1.038714344593109767e-01
1.053553553553553535e+01 1.040610328732252260e-01
1.054554554554554535e+01 1.042506312871394614e-01
1.055555555555555536e+01 1.044405759388267463e-01
1.056556556556556536e+01 1.046306157010813698e-01
1.057557557557557537e+01 1.048206554633359933e-01
1.058558558558558538e+01 1.050110160302794027e-01
1.059559559559559538e+01 1.052015087145850847e-01
1.060560560560560539e+01 1.053920013988907806e-01
1.061561561561561540e+01 1.055827877493936418e-01
1.062562562562562540e+01 1.057737450218928926e-01
1.063563563563563541e+01 1.059647022943921713e-01
1.064564564564564542e+01 1.061559243665180507e-01
1.065565565565565542e+01 1.063473579830119531e-01
1.066566566566566543e+01 1.065387915995058554e-01
1.067567567567567544e+01 1.067304593991531825e-01
1.068568568568568544e+01 1.069223812023333969e-01
1.069569569569569545e+01 1.071143030055135975e-01
1.070570570570570545e+01 1.073064266044933268e-01
1.071571571571571546e+01 1.074988485211791078e-01
1.072572572572572547e+01 1.076912704378649166e-01
1.073573573573573547e+01 1.078838599719817715e-01
1.074574574574574548e+01 1.080767940103634223e-01
1.075575575575575549e+01 1.082697280487450869e-01
1.076576576576576549e+01 1.084627937158828270e-01
1.077577577577577550e+01 1.086562519627713441e-01
1.078578578578578551e+01 1.088497102096598473e-01
1.079579579579579551e+01 1.090432622678704638e-01
1.080580580580580552e+01 1.092372568859546061e-01
1.081581581581581553e+01 1.094312515040387207e-01
1.082582582582582553e+01 1.096253002696364054e-01
1.083583583583583554e+01 1.098198434947474378e-01
1.084584584584584555e+01 1.100143867198584424e-01
1.085585585585585555e+01 1.102089425655181365e-01
1.086586586586586556e+01 1.104040467039032053e-01
1.087587587587587556e+01 1.105991508422882741e-01
1.088588588588588557e+01 1.107942549806733290e-01
1.089589589589589558e+01 1.109899016207539502e-01
1.090590590590590558e+01 1.111855790463582433e-01
1.091591591591591559e+01 1.113812564719625642e-01
1.092592592592592560e+01 1.115774435378936724e-01
1.093593593593593560e+01 1.117737066896521969e-01
1.094594594594594561e+01 1.119699698414107492e-01
1.095595595595595562e+01 1.121667079258869687e-01
1.096596596596596562e+01 1.123635693050263895e-01
1.097597597597597563e+01 1.125604306841657964e-01
1.098598598598598564e+01 1.127577304260048846e-01
1.099599599599599564e+01 1.129552025933561882e-01
1.100600600600600565e+01 1.131526747607074640e-01
1.101601601601601566e+01 1.133505468429889668e-01
1.102602602602602566e+01 1.135486424163109492e-01
1.103603603603603567e+01 1.137467379896329178e-01
1.104604604604604567e+01 1.139451931378443195e-01
1.105605605605605568e+01 1.141439247891592040e-01
1.106606606606606569e+01 1.143426564404740886e-01
1.107607607607607569e+01 1.145417054206643304e-01
1.108608608608608570e+01 1.147410858736053196e-01
1.109609609609609571e+01 1.149404663265463367e-01
1.110610610610610571e+01 1.151401199434871903e-01
1.111611611611611572e+01 1.153401619706588832e-01
1.112612612612612573e+01 1.155402039978305900e-01
1.113613613613613573e+01 1.157404730931860387e-01
1.114614614614614574e+01 1.159411895135378651e-01
1.115615615615615575e+01 1.161419059338897192e-01
1.116616616616616575e+01 1.163428013843935266e-01
1.117617617617617576e+01 1.165442050606070867e-01
1.118618618618618576e+01 1.167456087368206608e-01
1.119619619619619577e+01 1.169471414524626968e-01
1.120620620620620578e+01 1.171492452883532848e-01
1.121621621621621578e+01 1.173513491242438866e-01
1.122622622622622579e+01 1.175535300464652100e-01
1.123623623623623580e+01 1.177563469843975752e-01
1.124624624624624580e+01 1.179591639223299543e-01
1.125625625625625581e+01 1.181620040222266799e-01
1.126626626626626582e+01 1.183655470405460403e-01
1.127627627627627582e+01 1.185690900588654145e-01
1.128628628628628583e+01 1.187726330771847888e-01
1.129629629629629584e+01 1.189768824458809909e-01
1.130630630630630584e+01 1.191811645563598671e-01
1.131631631631631585e+01 1.193854466668387293e-01
1.132632632632632586e+01 1.195903902798931134e-01
1.133633633633633586e+01 1.197954245251934835e-01
1.134634634634634587e+01 1.200004587704938397e-01
1.135635635635635587e+01 1.202061077056547356e-01
1.136636636636636588e+01 1.204119071568066218e-01
1.137637637637637589e+01 1.206177066079585219e-01
1.138638638638638589e+01 1.208240719630363919e-01
1.139639639639639590e+01 1.210306497169334333e-01
1.140640640640640591e+01 1.212372274708304609e-01
1.141641641641641769e+01 1.214443203619677419e-01
1.142642642642642770e+01 1.216516895388793790e-01
1.143643643643643770e+01 1.218590587157910299e-01
1.144644644644644771e+01 1.220668902757426483e-01
1.145645645645645772e+01 1.222750640168442510e-01
1.146646646646646772e+01 1.224832377579458675e-01
1.147647647647647773e+01 1.226918191343710912e-01
1.148648648648648773e+01 1.229008105992913796e-01
1.149649649649649774e+01 1.231098020642116680e-01
1.150650650650650775e+01 1.233191444179766727e-01
1.151651651651651775e+01 1.235289667823635112e-01
1.152652652652652776e+01 1.237387891467503637e-01
1.153653653653653777e+01 1.239489036502424285e-01
1.154654654654654777e+01 1.241595701033470639e-01
1.155655655655655778e+01 1.243702365564517132e-01
1.156656656656656779e+01 1.245811343919047687e-01
1.157657657657657779e+01 1.247926581341847752e-01
1.158658658658658780e+01 1.250041818764647539e-01
1.159659659659659781e+01 1.252158742342968090e-01
1.160660660660660781e+01 1.254282684750383792e-01
1.161661661661661782e+01 1.256406627157799494e-01
1.162662662662662783e+01 1.258531607929420926e-01
1.163663663663663783e+01 1.260664387479011050e-01
1.164664664664664784e+01 1.262797167028600620e-01
1.165665665665665784e+01 1.264930317011975780e-01
1.166666666666666785e+01 1.267072065902611622e-01
1.167667667667667786e+01 1.269213814793247463e-01
1.168668668668668786e+01 1.271355563683883583e-01
1.169669669669669787e+01 1.273506096488182804e-01
1.170670670670670788e+01 1.275656946936857827e-01
1.171671671671671788e+01 1.277807797385532573e-01
1.172672672672672789e+01 1.279966855732506403e-01
1.173673673673673790e+01 1.282126939951345190e-01
1.174674674674674790e+01 1.284287024170184255e-01
1.175675675675675791e+01 1.286454720100362603e-01
1.176676676676676792e+01 1.288624170273846015e-01
1.177677677677677792e+01 1.290793620447329426e-01
1.178678678678678793e+01 1.292970065963287840e-01
1.179679679679679793e+01 1.295149014225671080e-01
1.180680680680680794e+01 1.297327962488054320e-01
1.181681681681681795e+01 1.299513269538856153e-01
1.182682682682682795e+01 1.301701847951805269e-01
1.183683683683683796e+01 1.303890426364754107e-01
1.184684684684684797e+01 1.306084706830527575e-01
1.185685685685685797e+01 1.308283047360964124e-01
1.186686686686686798e+01 1.310481387891400673e-01
1.187687687687687799e+01 1.312684753568044982e-01
1.188688688688688799e+01 1.314892988066206081e-01
1.189689689689689800e+01 1.317101222564367458e-01
1.190690690690690801e+01 1.319313785148390761e-01
1.191691691691691801e+01 1.321532045326102300e-01
1.192692692692692802e+01 1.323750305503813562e-01
1.193693693693693803e+01 1.325972176577308592e-01
1.194694694694694803e+01 1.328200593986478550e-01
1.195695695695695804e+01 1.330429011395649064e-01
1.196696696696696804e+01 1.332660302411401709e-01
1.197697697697697805e+01 1.334899008422729128e-01
1.198698698698698806e+01 1.337137714434056546e-01
1.199699699699699806e+01 1.339378536700789601e-01
1.200700700700700807e+01 1.341627662482699768e-01
1.201701701701701808e+01 1.343876788264609934e-01
1.202702702702702808e+01 1.346127252932365903e-01
1.203703703703703809e+01 1.348386929430161474e-01
1.204704704704704810e+01 1.350646605927956767e-01
1.205705705705705810e+01 1.352906823973616668e-01
1.206706706706706811e+01 1.355177181888859161e-01
1.207707707707707812e+01 1.357447539804101377e-01
1.208708708708708812e+01 1.359717897719343871e-01
1.209709709709709813e+01 1.361998791787157603e-01
1.210710710710710813e+01 1.364279961557270660e-01
1.211711711711711814e+01 1.366561131327383438e-01
1.212712712712712815e+01 1.368852130303270243e-01
1.213713713713713815e+01 1.371144242081368536e-01
1.214714714714714816e+01 1.373436353859466830e-01
1.215715715715715817e+01 1.375737567811083917e-01
1.216716716716716817e+01 1.378040751446034662e-01
1.217717717717717818e+01 1.380343935080985407e-01
1.218718718718718819e+01 1.382655473826589210e-01
1.219719719719719819e+01 1.384969858843297374e-01
1.220720720720720820e+01 1.387284243860005817e-01
1.221721721721721821e+01 1.389606216954901996e-01
1.222722722722722821e+01 1.391931932534829497e-01
1.223723723723723822e+01 1.394257648114756720e-01
1.224724724724724823e+01 1.396590164837893111e-01
1.225725725725725823e+01 1.398927339799806990e-01
1.226726726726726824e+01 1.401264514761720592e-01
1.227727727727727824e+01 1.403607684102423647e-01
1.228728728728728825e+01 1.405956446883376287e-01
1.229729729729729826e+01 1.408305209664329483e-01
1.230730730730730826e+01 1.410659140309183934e-01
1.231731731731731827e+01 1.413019618945728917e-01
1.232732732732732828e+01 1.415380097582273899e-01
1.233733733733733828e+01 1.417744897902149803e-01
1.234734734734734829e+01 1.420117220011786474e-01
1.235735735735735830e+01 1.422489542121423145e-01
1.236736736736736830e+01 1.424865320158643645e-01
1.237737737737737831e+01 1.427249612921497046e-01
1.238738738738738832e+01 1.429633905684350725e-01
1.239739739739739832e+01 1.432020769140005811e-01
1.240740740740740833e+01 1.434417159280748366e-01
1.241741741741741833e+01 1.436813549421491198e-01
1.242742742742742834e+01 1.439211605642901071e-01
1.243743743743743835e+01 1.441620219412896864e-01
1.244744744744744835e+01 1.444028833182892657e-01
1.245745745745745836e+01 1.446438189151209308e-01
1.246746746746746837e+01 1.448859152310904841e-01
1.247747747747747837e+01 1.451280115470600096e-01
1.248748748748748838e+01 1.453701078630295906e-01
1.249749749749749839e+01 1.456134315590107142e-01
1.250750750750750839e+01 1.458567753391651900e-01
1.251751751751751840e+01 1.461001191193196658e-01
1.252752752752752841e+01 1.463446065441585953e-01
1.253753753753753841e+01 1.465892102611693060e-01
1.254754754754754842e+01 1.468338139781800444e-01
1.255755755755755843e+01 1.470794756586173702e-01
1.256756756756756843e+01 1.473253517309215943e-01
1.257757757757757844e+01 1.475712278032258740e-01
1.258758758758758844e+01 1.478180742229069644e-01
1.259759759759759845e+01 1.480652350130410022e-01
1.260760760760760846e+01 1.483123958031750400e-01
1.261761761761761846e+01 1.485604374015076778e-01
1.262762762762762847e+01 1.488088952144639432e-01
1.263763763763763848e+01 1.490573530274202363e-01
1.264764764764764848e+01 1.493066001984463265e-01
1.265765765765765849e+01 1.495563672800538368e-01
1.266766766766766850e+01 1.498061343616613472e-01
1.267767767767767850e+01 1.500565974529438906e-01
1.268768768768768851e+01 1.503076859882727656e-01
1.269769769769769852e+01 1.505587745236016128e-01
1.270770770770770852e+01 1.508104638351259186e-01
1.271771771771771853e+01 1.510628859469152763e-01
1.272772772772772854e+01 1.513153080587046340e-01
1.273773773773773854e+01 1.515682338417944364e-01
1.274774774774774855e+01 1.518220015889041874e-01
1.275775775775775855e+01 1.520757693360139939e-01
1.276776776776776856e+01 1.523299417922620025e-01
1.277777777777777857e+01 1.525850671681481252e-01
1.278778778778778857e+01 1.528401925440342479e-01
1.279779779779779858e+01 1.530956218242475186e-01
1.280780780780780859e+01 1.533521167554610098e-01
1.281781781781781859e+01 1.536086116866745288e-01
1.282782782782782860e+01 1.538653078898345183e-01
1.283783783783783861e+01 1.541231842345447411e-01
1.284784784784784861e+01 1.543810605792549362e-01
1.285785785785785862e+01 1.546390337514922941e-01
1.286786786786786863e+01 1.548983032980319474e-01
1.287787787787787863e+01 1.551575728445715729e-01
1.288788788788788864e+01 1.554168423911111985e-01
1.289789789789789864e+01 1.556775074435908512e-01
1.290790790790790865e+01 1.559381819090270849e-01
1.291791791791791866e+01 1.561988563744633740e-01
1.292792792792792866e+01 1.564608299700936955e-01
1.293793793793793867e+01 1.567229209988208471e-01
1.294794794794794868e+01 1.569850120275479988e-01
1.295795795795795868e+01 1.572483039738439281e-01
1.296796796796796869e+01 1.575118231362002963e-01
1.297797797797797870e+01 1.577753422985566367e-01
1.298798798798798870e+01 1.580399623448667246e-01
1.299799799799799871e+01 1.583049211357751562e-01
1.300800800800800872e+01 1.585698799266835879e-01
1.301801801801801872e+01 1.588358377632608232e-01
1.302802802802802873e+01 1.591022476008922548e-01
1.303803803803803874e+01 1.593686574385237142e-01
1.304804804804804874e+01 1.596359626956107836e-01
1.305805805805805875e+01 1.599038349200716247e-01
1.306806806806806875e+01 1.601717071445324381e-01
1.307807807807807876e+01 1.604403693914614182e-01
1.308808808808808877e+01 1.607097152635032222e-01
1.309809809809809877e+01 1.609790611355450540e-01
1.310810810810810878e+01 1.612490898798516481e-01
1.311811811811811879e+01 1.615199205796055137e-01
1.312812812812812879e+01 1.617907512793594349e-01
1.313813813813813880e+01 1.620621559659113642e-01
1.314814814814814881e+01 1.623344825916440415e-01
1.315815815815815881e+01 1.626068092173767465e-01
1.316816816816816882e+01 1.628795992275166582e-01
1.317817817817817883e+01 1.631534327944110518e-01
1.318818818818818883e+01 1.634272663613054732e-01
1.319819819819819884e+01 1.637014510120080590e-01
1.320820820820820884e+01 1.639768024509655475e-01
1.321821821821821885e+01 1.642521538899230082e-01
1.322822822822822886e+01 1.645277424329662230e-01
1.323823823823823886e+01 1.648046225894331807e-01
1.324824824824824887e+01 1.650815027459001660e-01
1.325825825825825888e+01 1.653585043670510735e-01
1.326826826826826888e+01 1.656369239998670140e-01
1.327827827827827889e+01 1.659153436326829822e-01
1.328828828828828890e+01 1.661937674508970619e-01
1.329829829829829890e+01 1.664737372311673458e-01
1.330830830830830891e+01 1.667537070114376296e-01
1.331831831831831892e+01 1.670336767917078857e-01
1.332832832832832892e+01 1.673150925880626250e-01
1.333833833833833893e+01 1.675966230980516780e-01
1.334834834834834894e+01 1.678781536080407588e-01
1.335835835835835894e+01 1.681610201281478201e-01
1.336836836836836895e+01 1.684441218601973322e-01
1.337837837837837895e+01 1.687272235922468444e-01
1.338838838838838896e+01 1.690115496589845168e-01
1.339839839839839897e+01 1.692962330144523464e-01
1.340840840840840897e+01 1.695809163699201760e-01
1.341841841841841898e+01 1.698667107352580252e-01
1.342842842842842899e+01 1.701529860234813063e-01
1.343843843843843899e+01 1.704392613117045874e-01
1.344844844844844900e+01 1.707265326559957441e-01
1.345845845845845901e+01 1.710144100932746158e-01
1.346846846846846901e+01 1.713022875305535153e-01
1.347847847847847902e+01 1.715910444618411745e-01
1.348848848848848903e+01 1.718805341704468526e-01
1.349849849849849903e+01 1.721700238790525028e-01
1.350850850850850904e+01 1.724602749323900786e-01
1.351851851851851904e+01 1.727513869395933821e-01
1.352852852852852905e+01 1.730424989467966579e-01
1.353853853853853906e+01 1.733342525835815662e-01
1.354854854854854906e+01 1.736269968207050096e-01
1.355855855855855907e+01 1.739197410578284531e-01
1.356856856856856908e+01 1.742130056651499392e-01
1.357857857857857908e+01 1.745073919666408346e-01
1.358858858858858909e+01 1.748017782681317023e-01
1.359859859859859910e+01 1.750965621581319076e-01
1.360860860860860910e+01 1.753926002606586154e-01
1.361861861861861911e+01 1.756886383631853510e-01
1.362862862862862912e+01 1.759849497724344791e-01
1.363863863863863912e+01 1.762826493140033923e-01
1.364864864864864913e+01 1.765803488555722778e-01
1.365865865865865914e+01 1.768781959444567231e-01
1.366866866866866914e+01 1.771775664635520664e-01
1.367867867867867915e+01 1.774769369826474097e-01
1.368868868868868915e+01 1.777763278347721521e-01
1.369869869869869916e+01 1.780773787695165700e-01
1.370870870870870917e+01 1.783784297042610156e-01
1.371871871871871917e+01 1.786794806390054335e-01
1.372872872872872918e+01 1.789821130132023541e-01
1.373873873873873919e+01 1.792848537005405363e-01
1.374874874874874919e+01 1.795875943878787184e-01
1.375875875875875920e+01 1.798917956948252739e-01
1.376876876876876921e+01 1.801962353697270092e-01
1.377877877877877921e+01 1.805006750446287445e-01
1.378878878878878922e+01 1.808064530313822638e-01
1.379879879879879923e+01 1.811126008260693643e-01
1.380880880880880923e+01 1.814187486207564093e-01
1.381881881881881924e+01 1.817261109545813547e-01
1.382882882882882924e+01 1.820339758977738420e-01
1.383883883883883925e+01 1.823418408409663294e-01
1.384884884884884926e+01 1.826507951088242321e-01
1.385885885885885926e+01 1.829603861250089780e-01
1.386886886886886927e+01 1.832699771411937240e-01
1.387887887887887928e+01 1.835805308492466370e-01
1.388888888888888928e+01 1.838918567579672370e-01
1.389889889889889929e+01 1.842031826666878647e-01
1.390890890890890930e+01 1.845153432398141391e-01
1.391891891891891930e+01 1.848284127549807143e-01
1.392892892892892931e+01 1.851414822701472340e-01
1.393893893893893932e+01 1.854552570514706733e-01
1.394894894894894932e+01 1.857700787806915721e-01
1.395895895895895933e+01 1.860849005099125264e-01
1.396896896896896934e+01 1.864002967603445859e-01
1.397897897897897934e+01 1.867168792042794012e-01
1.398898898898898935e+01 1.870334616482142442e-01
1.399899899899899935e+01 1.873504865460090263e-01
1.400900900900900936e+01 1.876688380977405424e-01
1.401901901901901937e+01 1.879871896494720029e-01
1.402902902902902937e+01 1.883058502897936026e-01
1.403903903903903938e+01 1.886259792342223907e-01
1.404904904904904939e+01 1.889461081786512342e-01
1.405905905905905939e+01 1.892664115731546581e-01
1.406906906906906940e+01 1.895883260864131281e-01
1.407907907907907941e+01 1.899102405996715703e-01
1.408908908908908941e+01 1.902321936760960341e-01
1.409909909909909942e+01 1.905559018249830538e-01
1.410910910910910943e+01 1.908796099738701013e-01
1.411911911911911943e+01 1.912033181227571210e-01
1.412912912912912944e+01 1.915287293170808702e-01
1.413913913913913944e+01 1.918542390585170621e-01
1.414914914914914945e+01 1.921797487999532539e-01
1.415915915915915946e+01 1.925068311248824271e-01
1.416916916916916946e+01 1.928341503053853934e-01
1.417917917917917947e+01 1.931614694858883874e-01
1.418918918918918948e+01 1.934902295041926734e-01
1.419919919919919948e+01 1.938193658593725111e-01
1.420920920920920949e+01 1.941485022145523764e-01
1.421921921921921950e+01 1.944789464031003168e-01
1.422922922922922950e+01 1.948099075571751715e-01
1.423923923923923951e+01 1.951408687112500540e-01
1.424924924924924952e+01 1.954730034606850519e-01
1.425925925925925952e+01 1.958057969260168507e-01
1.426926926926926953e+01 1.961385903913486772e-01
1.427927927927927954e+01 1.964724220057769699e-01
1.428928928928928954e+01 1.968070551824262771e-01
1.429929929929929955e+01 1.971416883590756397e-01
1.430930930930930955e+01 1.974772230557669539e-01
1.431931931931931956e+01 1.978137032310681720e-01
1.432932932932932957e+01 1.981501834063694456e-01
1.433933933933933957e+01 1.984874273154698110e-01
1.434934934934934958e+01 1.988257616636263936e-01
1.435935935935935959e+01 1.991640960117829762e-01
1.436936936936936959e+01 1.995030551760393900e-01
1.437937937937937960e+01 1.998432507577373451e-01
1.438938938938938961e+01 2.001834463394353003e-01
1.439939939939939961e+01 2.005241267139324934e-01
1.440940940940940962e+01 2.008661904759743433e-01
1.441941941941941963e+01 2.012082542380161931e-01
1.442942942942942963e+01 2.015506616899255810e-01
1.443943943943943964e+01 2.018946004648838055e-01
1.444944944944944965e+01 2.022385392398420023e-01
1.445945945945945965e+01 2.025826795481828202e-01
1.446946946946946966e+01 2.029285000540709538e-01
1.447947947947947966e+01 2.032743205599591152e-01
1.448948948948948967e+01 2.036201994153702677e-01
1.449949949949949968e+01 2.039679082553357836e-01
1.450950950950950968e+01 2.043156170953012996e-01
1.451951951951951969e+01 2.046633259352667877e-01
1.452952952952952970e+01 2.050128437618601307e-01
1.453953953953953970e+01 2.053624474238931186e-01
1.454954954954954971e+01 2.057120510859261064e-01
1.455955955955955972e+01 2.060633249474423667e-01
1.456956956956956972e+01 2.064148298041062757e-01
1.457957957957957973e+01 2.067663346607701846e-01
1.458958958958958974e+01 2.071193698657843307e-01
1.459959959959959974e+01 2.074727821739629496e-01
1.460960960960960975e+01 2.078261944821415685e-01
1.461961961961961975e+01 2.081809962498246402e-01
1.462962962962962976e+01 2.085363221504897835e-01
1.463963963963963977e+01 2.088916480511548990e-01
1.464964964964964977e+01 2.092482215111234334e-01
1.465965965965965978e+01 2.096054670291195021e-01
1.466966966966966979e+01 2.099627125471155709e-01
1.467967967967967979e+01 2.103210627392931020e-01
1.468968968968968980e+01 2.106802337831414906e-01
1.469969969969969981e+01 2.110394048269898237e-01
1.470970970970970981e+01 2.113995367014800120e-01
1.471971971971971982e+01 2.117606390632014446e-01
1.472972972972972983e+01 2.121217414249228217e-01
1.473973973973973983e+01 2.124836598418934352e-01
1.474974974974974984e+01 2.128466991968481492e-01
1.475975975975975985e+01 2.132097385518028909e-01
1.476976976976976985e+01 2.135734482813810564e-01
1.477977977977977986e+01 2.139384301881278871e-01
1.478978978978978986e+01 2.143034120948746901e-01
1.479979979979979987e+01 2.146689178170539669e-01
1.480980980980980988e+01 2.150358477172274185e-01
1.481981981981981988e+01 2.154027776174008701e-01
1.482982982982982989e+01 2.157700839219589550e-01
1.483983983983983990e+01 2.161389671401634793e-01
1.484984984984984990e+01 2.165078503583680036e-01
1.485985985985985991e+01 2.168769617447954545e-01
1.486986986986986992e+01 2.172478034885185483e-01
1.487987987987987992e+01 2.176186452322416420e-01
1.488988988988988993e+01 2.179895661096822590e-01
1.489989989989989994e+01 2.183623714692249917e-01
1.490990990990990994e+01 2.187351768287677523e-01
1.491991991991991995e+01 2.191079821883104850e-01
1.492992992992992995e+01 2.194826854643945613e-01
1.493993993993993996e+01 2.198574594128195336e-01
1.494994994994994997e+01 2.202322333612444782e-01
1.495995995995995997e+01 2.206087595311940486e-01
1.496996996996996998e+01 2.209855069242913916e-01
1.497997997997997999e+01 2.213622543173887625e-01
1.498998998998998999e+01 2.217406074017677087e-01
1.500000000000000000e+01 2.221193329780381531e-01
