5.000000000000000000e+00 2.597642638464485454e-02
5.010010010010010006e+00 2.608259545503340687e-02
5.020020020020020013e+00 2.618876452542195921e-02
5.030030030030030019e+00 2.629614715495598096e-02
5.040040040040040026e+00 2.640419334699259032e-02
5.050050050050050032e+00 2.651223953902919969e-02
5.060060060060060039e+00 2.662159818837414940e-02
5.070070070070070045e+00 2.673146470954853096e-02
5.080080080080080052e+00 2.684133123072291599e-02
5.090090090090090058e+00 2.695260064740202799e-02
5.100100100100100065e+00 2.706423070786583007e-02
5.110110110110110071e+00 2.717586076832962869e-02
5.120120120120120077e+00 2.728897575340928291e-02
5.130130130130130084e+00 2.740231262377636201e-02
5.140140140140140090e+00 2.751564949414343764e-02
5.150150150150150097e+00 2.763054497587866948e-02
5.160160160160160103e+00 2.774553204356512356e-02
5.170170170170170110e+00 2.786054939262238087e-02
5.180180180180180116e+00 2.797713021666674640e-02
5.190190190190190123e+00 2.809371104071111194e-02
5.200200200200200129e+00 2.821043562477044964e-02
5.210210210210210136e+00 2.832855398908189909e-02
5.220220220220220142e+00 2.844667235339334507e-02
5.230230230230230148e+00 2.856503962661847279e-02
5.240240240240240155e+00 2.868463959160657412e-02
5.250250250250250161e+00 2.880423955659468238e-02
5.260260260260260168e+00 2.892418532356562030e-02
5.270270270270270174e+00 2.904521127611181183e-02
5.280280280280280181e+00 2.916623722865800683e-02
5.290290290290290187e+00 2.928769770869766448e-02
5.300300300300300194e+00 2.941009441043460071e-02
5.310310310310310200e+00 2.953249111217153694e-02
5.320320320320320207e+00 2.965540300133865173e-02
5.330330330330330213e+00 2.977911563520886998e-02
5.340340340340340219e+00 2.990282826907909169e-02
5.350350350350350226e+00 3.002712879978892621e-02
5.360360360360360232e+00 3.015210301486002942e-02
5.370370370370370239e+00 3.027707722993113609e-02
5.380380380380380245e+00 3.040270422817354518e-02
5.390390390390390252e+00 3.052888618269202284e-02
5.400400400400400258e+00 3.065506813721049356e-02
5.410410410410410265e+00 3.078196007734236919e-02
5.420420420420420271e+00 3.090929648001270597e-02
5.430430430430430278e+00 3.103663288268304274e-02
5.440440440440440284e+00 3.116472893977943748e-02
5.450450450450450290e+00 3.129316708926058871e-02
5.460460460460460297e+00 3.142160523874174688e-02
5.470470470470470303e+00 3.155084533849680795e-02
5.480480480480480310e+00 3.168033316111135145e-02
5.490490490490490316e+00 3.180982098372589495e-02
5.500500500500500323e+00 3.194014584990090277e-02
5.510510510510510329e+00 3.207063193555714786e-02
5.520520520520520336e+00 3.220111802121339295e-02
5.530530530530530342e+00 3.233246922063522794e-02
5.540540540540540349e+00 3.246390285696572342e-02
5.550550550550550355e+00 3.259533649329622584e-02
5.560560560560560361e+00 3.272765647841529429e-02
5.570570570570570368e+00 3.285998768313927454e-02
5.580580580580580374e+00 3.299237148536462993e-02
5.590590590590590381e+00 3.312555103688492875e-02
5.600600600600600387e+00 3.325873058840522756e-02
5.610610610610610394e+00 3.339201932828585878e-02
5.620620620620620400e+00 3.352599879453391912e-02
5.630630630630630407e+00 3.365997826078197946e-02
5.640640640640640413e+00 3.379411646218192372e-02
5.650650650650650419e+00 3.392884822772800762e-02
5.660660660660660426e+00 3.406357999327408459e-02
5.670670670670670432e+00 3.419851318646497523e-02
5.680680680680680439e+00 3.433395047791233667e-02
5.690690690690690445e+00 3.446938776935971199e-02
5.700700700700700452e+00 3.460506252337276767e-02
5.710710710710710458e+00 3.474115943305815940e-02
5.720720720720720465e+00 3.487725634274356501e-02
5.730730730730730471e+00 3.501362029540724952e-02
5.740740740740740478e+00 3.515033180343162672e-02
5.750750750750750484e+00 3.528704331145600392e-02
5.760760760760760490e+00 3.542404519715537659e-02
5.770770770770770497e+00 3.556132719177110268e-02
5.780780780780780503e+00 3.569860918638682185e-02
5.790790790790790510e+00 3.583619886158362355e-02
5.800800800800800516e+00 3.597400815796639867e-02
5.810810810810810523e+00 3.611181745434918766e-02
5.820820820820820529e+00 3.624994592090455964e-02
5.830830830830830536e+00 3.638824027833990893e-02
5.840840840840840542e+00 3.652653463577527210e-02
5.850850850850850549e+00 3.666515406211960648e-02
5.860860860860860555e+00 3.680389219963548647e-02
5.870870870870870561e+00 3.694263033715136646e-02
5.880880880880880568e+00 3.708169407734807077e-02
5.890890890890890574e+00 3.722083568782654645e-02
5.900900900900900581e+00 3.735997729830502906e-02
5.910910910910910587e+00 3.749943990905682534e-02
5.920920920920920594e+00 3.763894567185897821e-02
5.930930930930930600e+00 3.777845143466113803e-02
5.940940940940940607e+00 3.791826869030958530e-02
5.950950950950950613e+00 3.805810028244886734e-02
5.960960960960960620e+00 3.819794067425787837e-02
5.970970970970970626e+00 3.833806078015862540e-02
5.980980980980980632e+00 3.847818088605936548e-02
5.990990990990990639e+00 3.861832747442767166e-02
6.001001001001000645e+00 3.875869979430518475e-02
6.011011011011010652e+00 3.889907211418269090e-02
6.021021021021020658e+00 3.903948337425595938e-02
6.031031031031030665e+00 3.918007263115719924e-02
6.041041041041040671e+00 3.932066188805843215e-02
6.051051051051050678e+00 3.946129754787447430e-02
6.061061061061060684e+00 3.960206949341668614e-02
6.071071071071070691e+00 3.974284143895888410e-02
6.081081081081080697e+00 3.988366248648176488e-02
6.091091091091090703e+00 4.002458390532893234e-02
6.101101101101100710e+00 4.016550532417608593e-02
6.111111111111110716e+00 4.030647401261365503e-02
6.121121121121120723e+00 4.044751272572982143e-02
6.131131131131130729e+00 4.058855143884600170e-02
6.141141141141140736e+00 4.072963129030768986e-02
6.151151151151150742e+00 4.087075615702703835e-02
6.161161161161160749e+00 4.101188102374639377e-02
6.171171171171170755e+00 4.115303683129892948e-02
6.181181181181180762e+00 4.129421775025232666e-02
6.191191191191190768e+00 4.143539866920571690e-02
6.201201201201200774e+00 4.157659649738469632e-02
6.211211211211210781e+00 4.171780440632306269e-02
6.221221221221220787e+00 4.185901231526142907e-02
6.231231231231230794e+00 4.200021949909660962e-02
6.241241241241240800e+00 4.214142637365096700e-02
6.251251251251250807e+00 4.228263324820533131e-02
6.261261261261260813e+00 4.242381839081771355e-02
6.271271271271270820e+00 4.256499724223605785e-02
6.281281281281280826e+00 4.270617609365440909e-02
6.291291291291290833e+00 4.284730906248285232e-02
6.301301301301300839e+00 4.298843393438365329e-02
6.311311311311310845e+00 4.312955880628445426e-02
6.321321321321320852e+00 4.327061072799937708e-02
6.331331331331330858e+00 4.341165669218153417e-02
6.341341341341340865e+00 4.355270265636368432e-02
6.351351351351350871e+00 4.369364591052533886e-02
6.361361361361360878e+00 4.383458906187415183e-02
6.371371371371370884e+00 4.397552297421263023e-02
6.381381381381380891e+00 4.411634042474060768e-02
6.391391391391390897e+00 4.425715787526857820e-02
6.401401401401400904e+00 4.439795348418357213e-02
6.411411411411410910e+00 4.453862335624546309e-02
6.421421421421420916e+00 4.467929322830735406e-02
6.431431431431430923e+00 4.481992561950059323e-02
6.441441441441440929e+00 4.496042703822025061e-02
6.451451451451450936e+00 4.510092845693990105e-02
6.461461461461460942e+00 4.524137394052931554e-02
6.471471471471470949e+00 4.538168702547708960e-02
6.481481481481480955e+00 4.552200011042487754e-02
6.491491491491490962e+00 4.566223620987711757e-02
6.501501501501500968e+00 4.580234206603477770e-02
6.511511511511510975e+00 4.594244792219243784e-02
6.521521521521520981e+00 4.608245336229398886e-02
6.531531531531530987e+00 4.622233407034378322e-02
6.541541541541540994e+00 4.636221477839359145e-02
6.551551551551551000e+00 4.650196947231348410e-02
6.561561561561561007e+00 4.664160807828854338e-02
6.571571571571571013e+00 4.678124668426359573e-02
6.581581581581581020e+00 4.692073171976012674e-02
6.591591591591591026e+00 4.706011222409060141e-02
6.601601601601601033e+00 4.719949272842108301e-02
6.611611611611611927e+00 4.733869035324338170e-02
6.621621621621621934e+00 4.747779769923452658e-02
6.631631631631631940e+00 4.761690504522565759e-02
6.641641641641641947e+00 4.775579865176055039e-02
6.651651651651651953e+00 4.789461871353629940e-02
6.661661661661661959e+00 4.803343877531204842e-02
6.671671671671671966e+00 4.817201288452517549e-02
6.681681681681681972e+00 4.831053245447121391e-02
6.691691691691691979e+00 4.844905202441725234e-02
6.701701701701701985e+00 4.858729226913661298e-02
6.711711711711711992e+00 4.872549904487584460e-02
6.721721721721721998e+00 4.886370582061508316e-02
6.731731731731732005e+00 4.900159892820371565e-02
6.741741741741742011e+00 4.913948149913612701e-02
6.751751751751752018e+00 4.927735001109379703e-02
6.761761761761762024e+00 4.941489784453237388e-02
6.771771771771772030e+00 4.955244567797095767e-02
6.781781781781782037e+00 4.968995338805168305e-02
6.791791791791792043e+00 4.982715681498507687e-02
6.801801801801802050e+00 4.996436024191847763e-02
6.811811811811812056e+00 5.010149620260528208e-02
6.821821821821822063e+00 5.023834640311677230e-02
6.831831831831832069e+00 5.037519660362826251e-02
6.841841841841842076e+00 5.051195090231676288e-02
6.851851851851852082e+00 5.064843989068897046e-02
6.861861861861862089e+00 5.078492887906117109e-02
6.871871871871872095e+00 5.092129261862819722e-02
6.881881881881882101e+00 5.105741322816163830e-02
6.891891891891892108e+00 5.119353383769508631e-02
6.901901901901902114e+00 5.132949911668601567e-02
6.911911911911912121e+00 5.146524498425922300e-02
6.921921921921922127e+00 5.160099085183243728e-02
6.931931931931932134e+00 5.173655074430673351e-02
6.941941941941942140e+00 5.187191629470425114e-02
6.951951951951952147e+00 5.200728184510176877e-02
6.961961961961962153e+00 5.214243038017466608e-02
6.971971971971972160e+00 5.227741081020906289e-02
6.981981981981982166e+00 5.241239124024345969e-02
6.991991991991992172e+00 5.254712338136100641e-02
7.002002002002002179e+00 5.268171464381412455e-02
7.012012012012012185e+00 5.281630590626724270e-02
7.022022022022022192e+00 5.295061753025000206e-02
7.032032032032032198e+00 5.308481631765701869e-02
7.042042042042042205e+00 5.321901510506402838e-02
7.052052052052052211e+00 5.335290298095433925e-02
7.062062062062062218e+00 5.348670670925499693e-02
7.072072072072072224e+00 5.362051043755564766e-02
7.082082082082082231e+00 5.375397220530126613e-02
7.092092092092092237e+00 5.388737899738016424e-02
7.102102102102102243e+00 5.402078578945906928e-02
7.112112112112112250e+00 5.415381993846539455e-02
7.122122122122122256e+00 5.428682860760351836e-02
7.132132132132132263e+00 5.441983309106489253e-02
7.142142142142142269e+00 5.455244312432323134e-02
7.152152152152152276e+00 5.468505315758157015e-02
7.162162162162162282e+00 5.481762931904519270e-02
7.172172172172172289e+00 5.494984086060092365e-02
7.182182182182182295e+00 5.508205240215666154e-02
7.192192192192192302e+00 5.521420050942975333e-02
7.202202202202202308e+00 5.534601434388430885e-02
7.212212212212212314e+00 5.547782817833887131e-02
7.222222222222222321e+00 5.560954927887957339e-02
7.232232232232232327e+00 5.574096681455698726e-02
7.242242242242242334e+00 5.587238435023440114e-02
7.252252252252252340e+00 5.600368024947573187e-02
7.262262262262262347e+00 5.613470350172985318e-02
7.272272272272272353e+00 5.626572675398398143e-02
7.282282282282282360e+00 5.639659999367626492e-02
7.292292292292292366e+00 5.652723156822322959e-02
7.302302302302302373e+00 5.665786314277019425e-02
7.312312312312312379e+00 5.678831697936594786e-02
7.322322322322322385e+00 5.691856005565891496e-02
7.332332332332332392e+00 5.704880313195187513e-02
7.342342342342342398e+00 5.717884151505691487e-02
7.352352352352352405e+00 5.730869982971845134e-02
7.362362362362362411e+00 5.743855814437997392e-02
7.372372372372372418e+00 5.756818569529260216e-02
7.382382382382382424e+00 5.769766352561958578e-02
7.392392392392392431e+00 5.782714135594657634e-02
7.402402402402402437e+00 5.795636334630629993e-02
7.412412412412412444e+00 5.808546549386198188e-02
7.422422422422422450e+00 5.821456764141765688e-02
7.432432432432432456e+00 5.834338997198343368e-02
7.442442442442442463e+00 5.847212174628974718e-02
7.452452452452452469e+00 5.860085352059605374e-02
7.462462462462462476e+00 5.872928270017296892e-02
7.472472472472472482e+00 5.885764990251615703e-02
7.482482482482482489e+00 5.898601710485934513e-02
7.492492492492492495e+00 5.911406022939201532e-02
7.502502502502502502e+00 5.924206913675396369e-02
7.512512512512512508e+00 5.937007804411591205e-02
7.522522522522522515e+00 5.949774277596518723e-02
7.532532532532532521e+00 5.962540012509151555e-02
7.542542542542542527e+00 5.975303905002105759e-02
7.552552552552552534e+00 5.988035202163729392e-02
7.562562562562562540e+00 6.000766499325352332e-02
7.572572572572572547e+00 6.013493485851069409e-02
7.582582582582582553e+00 6.026191106169672546e-02
7.592592592592592560e+00 6.038888726488275682e-02
7.602602602602602566e+00 6.051579689691188174e-02
7.612612612612612573e+00 6.064244435364406216e-02
7.622622622622622579e+00 6.076909181037623564e-02
7.632632632632632586e+00 6.089565053656770255e-02
7.642642642642642592e+00 6.102197766643809029e-02
7.652652652652652598e+00 6.114830479630847110e-02
7.662662662662662605e+00 6.127452242522940518e-02
7.672672672672672611e+00 6.140053803035026847e-02
7.682682682682682618e+00 6.152655363547113870e-02
7.692692692692692624e+00 6.165244043735385732e-02
7.702702702702702631e+00 6.177815368745560171e-02
7.712712712712712637e+00 6.190386693755734610e-02
7.722722722722722644e+00 6.202943362505678598e-02
7.732732732732732650e+00 6.215485404278631165e-02
7.742742742742742657e+00 6.228027446051583038e-02
7.752752752752752663e+00 6.240553216974636247e-02
7.762762762762762669e+00 6.253066961617330388e-02
7.772772772772772676e+00 6.265580706260023836e-02
7.782782782782782682e+00 6.278076733446137647e-02
7.792792792792792689e+00 6.290563199479776157e-02
7.802802802802802695e+00 6.303049665513416056e-02
7.812812812812812702e+00 6.315517141693385850e-02
7.822822822822822708e+00 6.327977378647374473e-02
7.832832832832832715e+00 6.340437615601363097e-02
7.842842842842842721e+00 6.352877770339739050e-02
7.852852852852852727e+00 6.365312857368105037e-02
7.862862862862862734e+00 6.377747944396471025e-02
7.872872872872872740e+00 6.390162042315740420e-02
7.882882882882882747e+00 6.402573086836549354e-02
7.892892892892892753e+00 6.414984131357359676e-02
7.902902902902902760e+00 6.427373470394096011e-02
7.912912912912912766e+00 6.439761606752296419e-02
7.922922922922922773e+00 6.452149264650003380e-02
7.932932932932932779e+00 6.464515652804039836e-02
7.942942942942942786e+00 6.476882040958074904e-02
7.952952952952952792e+00 6.489246444693692883e-02
7.962962962962962798e+00 6.501592268926313645e-02
7.972972972972972805e+00 6.513938093158935794e-02
7.982982982982982811e+00 6.526280607416530544e-02
7.992992992992992818e+00 6.538607075070052010e-02
8.003003003003001936e+00 6.550933542723572089e-02
8.013013013013011943e+00 6.563255560096169228e-02
8.023023023023021949e+00 6.575563900332481726e-02
8.033033033033031955e+00 6.587872240568794224e-02
8.043043043043041962e+00 6.600175179956858929e-02
8.053053053053051968e+00 6.612466642542397244e-02
8.063063063063061975e+00 6.624758105127935559e-02
8.073073073073071981e+00 6.637043410172198399e-02
8.083083083083081988e+00 6.649319264288092168e-02
8.093093093093091994e+00 6.661595118403984550e-02
8.103103103103102001e+00 6.673864255952888236e-02
8.113113113113112007e+00 6.686125789030421263e-02
8.123123123123122014e+00 6.698387322107955677e-02
8.133133133133132020e+00 6.710641780719922567e-02
8.143143143143142026e+00 6.722890297301468976e-02
8.153153153153152033e+00 6.735138813883018161e-02
8.163163163163162039e+00 6.747380102363716159e-02
8.173173173173172046e+00 6.759616922989197807e-02
8.183183183183182052e+00 6.771853743614678067e-02
8.193193193193192059e+00 6.784083389589386226e-02
8.203203203203202065e+00 6.796309849708337403e-02
8.213213213213213848e+00 6.808536309827289967e-02
8.223223223223223854e+00 6.820755858348429013e-02
8.233233233233233861e+00 6.832973307257714235e-02
8.243243243243243867e+00 6.845190756166999457e-02
8.253253253253253874e+00 6.857401768356864713e-02
8.263263263263263880e+00 6.869611568164046833e-02
8.273273273273273887e+00 6.881821367971227565e-02
8.283283283283283893e+00 6.894025419699875701e-02
8.293293293293293900e+00 6.906228944312151063e-02
8.303303303303303906e+00 6.918432468924427814e-02
8.313313313313313913e+00 6.930631149522691048e-02
8.323323323323323919e+00 6.942829783661454146e-02
8.333333333333333925e+00 6.955028190566854562e-02
8.343343343343343932e+00 6.967223328807725657e-02
8.353353353353353938e+00 6.979418467048595365e-02
8.363363363363363945e+00 6.991613313399298868e-02
8.373373373373373951e+00 7.003806359237539636e-02
8.383383383383383958e+00 7.015999405075779016e-02
8.393393393393393964e+00 7.028192305202056456e-02
8.403403403403403971e+00 7.040384670143273738e-02
8.413413413413413977e+00 7.052577035084491019e-02
8.423423423423423984e+00 7.064769612862187298e-02
8.433433433433433990e+00 7.076962715538166748e-02
8.443443443443443996e+00 7.089155818214147586e-02
8.453453453453454003e+00 7.101349705926095213e-02
8.463463463463464009e+00 7.113544971235599701e-02
8.473473473473474016e+00 7.125740236545101414e-02
8.483483483483484022e+00 7.137937073776726149e-02
8.493493493493494029e+00 7.150135932051078502e-02
8.503503503503504035e+00 7.162334790325430856e-02
8.513513513513514042e+00 7.174536222894277449e-02
8.523523523523524048e+00 7.186740109087563777e-02
8.533533533533534055e+00 7.198943995280850106e-02
8.543543543543544061e+00 7.211151674199732520e-02
8.553553553553554067e+00 7.223362027103326366e-02
8.563563563563564074e+00 7.235572380006921600e-02
8.573573573573574080e+00 7.247787960480372993e-02
8.583583583583584087e+00 7.260006221961665118e-02
8.593593593593594093e+00 7.272224483442957244e-02
8.603603603603604100e+00 7.284449623896636916e-02
8.613613613613614106e+00 7.296677238161600187e-02
8.623623623623624113e+00 7.308904852426560683e-02
8.633633633633634119e+00 7.321141213569257178e-02
8.643643643643644126e+00 7.333379626448706390e-02
8.653653653653654132e+00 7.345618039328156990e-02
8.663663663663664138e+00 7.357867283245969614e-02
8.673673673673674145e+00 7.370117941505140158e-02
8.683683683683684151e+00 7.382368599764312089e-02
8.693693693693694158e+00 7.394632389046644494e-02
8.703703703703704164e+00 7.406896739717870604e-02
8.713713713713714171e+00 7.419161597547840881e-02
8.723723723723724177e+00 7.431441087286022595e-02
8.733733733733734184e+00 7.443720577024205698e-02
8.743743743743744190e+00 7.456001857912401831e-02
8.753753753753754197e+00 7.468297932372923442e-02
8.763763763763764203e+00 7.480594006833445053e-02
8.773773773773774209e+00 7.492893371546006931e-02
8.783783783783784216e+00 7.505207474784833521e-02
8.793793793793794222e+00 7.517521578023660112e-02
8.803803803803804229e+00 7.529840685221279861e-02
8.813813813813814235e+00 7.542174259116889157e-02
8.823823823823824242e+00 7.554507833012498452e-02
8.833833833833834248e+00 7.566848338507206617e-02
8.843843843843844255e+00 7.579202822204021694e-02
8.853853853853854261e+00 7.591557305900835384e-02
8.863863863863864268e+00 7.603920861942163600e-02
8.873873873873874274e+00 7.616297691315124241e-02
8.883883883883884280e+00 7.628674520688082106e-02
8.893893893893894287e+00 7.641062775278098518e-02
8.903903903903904293e+00 7.653463382418085326e-02
8.913913913913914300e+00 7.665863989558073521e-02
8.923923923923924306e+00 7.678278585794802436e-02
8.933933933933934313e+00 7.690704398514505713e-02
8.943943943943944319e+00 7.703130211234208991e-02
8.953953953953954326e+00 7.715572786682914352e-02
8.963963963963964332e+00 7.728025228042811889e-02
8.973973973973974338e+00 7.740477669402709426e-02
8.983983983983984345e+00 7.752949855494502274e-02
8.993993993993994351e+00 7.765430343348568576e-02
9.004004004004004358e+00 7.777910831202636266e-02
9.014014014014014364e+00 7.790414252659899619e-02
9.024024024024024371e+00 7.802924199220703794e-02
9.034034034034034377e+00 7.815434145781510744e-02
9.044044044044044384e+00 7.827970420069625679e-02
9.054054054054054390e+00 7.840511231492458544e-02
9.064064064064064397e+00 7.853052042915294184e-02
9.074074074074074403e+00 7.865622779720095326e-02
9.084084084084084409e+00 7.878195855705699691e-02
9.094094094094094416e+00 7.890768999006161910e-02
9.104104104104104422e+00 7.903375732421728805e-02
9.114114114114114429e+00 7.915982465837294313e-02
9.124124124124124435e+00 7.928591880050202267e-02
9.134134134134134442e+00 7.941233656568287558e-02
9.144144144144144448e+00 7.953875433086372848e-02
9.154154154154154455e+00 7.966522709211217024e-02
9.164164164164164461e+00 7.979200906966125995e-02
9.174174174174174468e+00 7.991879104721033578e-02
9.184184184184184474e+00 8.004565824460639634e-02
9.194194194194194480e+00 8.017281813721975625e-02
9.204204204204204487e+00 8.029997802983310229e-02
9.214214214214214493e+00 8.042725538325126711e-02
9.224224224224224500e+00 8.055480681188066650e-02
9.234234234234234506e+00 8.068235824051007976e-02
9.244244244244244513e+00 8.081006136871222989e-02
9.254254254254254519e+00 8.093801786963197853e-02
9.264264264264264526e+00 8.106597437055175492e-02
9.274274274274274532e+00 8.119411878745151634e-02
9.284284284284284539e+00 8.132249380948490536e-02
9.294294294294294545e+00 8.145086883151828050e-02
9.304304304304304551e+00 8.157946994266294938e-02
9.314314314314314558e+00 8.170827684456506701e-02
9.324324324324324564e+00 8.183708374646719852e-02
9.334334334334334571e+00 8.196615684573177463e-02
9.344344344344344577e+00 8.209540889372494987e-02
9.354354354354354584e+00 8.222466094171813900e-02
9.364364364364364590e+00 8.235422120820604097e-02
9.374374374374374597e+00 8.248393157366351591e-02
9.384384384384384603e+00 8.261364193912097698e-02
9.394394394394394610e+00 8.274370443426623534e-02
9.404404404404404616e+00 8.287388619154137381e-02
9.414414414414414622e+00 8.300406794881649841e-02
9.424424424424424629e+00 8.313464761368169476e-02
9.434434434434434635e+00 8.326531373807805059e-02
9.444444444444444642e+00 8.339597986247439254e-02
9.454454454454454648e+00 8.352709151523927955e-02
9.464464464464464655e+00 8.365825488111840180e-02
9.474474474474474661e+00 8.378941824699752405e-02
9.484484484484484668e+00 8.392107658063313602e-02
9.494494494494494674e+00 8.405274995965650309e-02
9.504504504504504681e+00 8.418444685930136229e-02
9.514514514514514687e+00 8.431664291880235085e-02
9.524524524524524693e+00 8.444883897830335329e-02
9.534534534534534700e+00 8.458109899922118535e-02
9.544544544544544706e+00 8.471383030070403497e-02
9.554554554554554713e+00 8.484656160218689847e-02
9.564564564564564719e+00 8.497939915674786182e-02
9.574574574574574726e+00 8.511267815450966612e-02
9.584584584584584732e+00 8.524595715227145654e-02
9.594594594594594739e+00 8.537938652134000050e-02
9.604604604604604745e+00 8.551322556121257468e-02
9.614614614614614752e+00 8.564706460108516273e-02
9.624624624624624758e+00 8.578109993242670483e-02
9.634634634634634764e+00 8.591551125063448535e-02
9.644644644644644771e+00 8.604992256884225199e-02
9.654654654654654777e+00 8.618457787568788164e-02
9.664664664664664784e+00 8.631957359781868011e-02
9.674674674674674790e+00 8.645456931994946470e-02
9.684684684684684797e+00 8.658985847971376049e-02
9.694694694694694803e+00 8.672545061979879122e-02
9.704704704704704810e+00 8.686104275988382195e-02
9.714714714714714816e+00 8.699697951303085597e-02
9.724724724724724823e+00 8.713317997273106741e-02
9.734734734734734829e+00 8.726938043243129273e-02
9.744744744744744835e+00 8.740597838148421450e-02
9.754754754754754842e+00 8.754279894937901096e-02
9.764764764764764848e+00 8.767961951727379355e-02
9.774774774774774855e+00 8.781689212596294203e-02
9.784784784784784861e+00 8.795434447693858959e-02
9.794794794794794868e+00 8.809179682791423716e-02
9.804804804804804874e+00 8.822975742045910397e-02
9.814814814814814881e+00 8.836785311519324004e-02
9.824824824824824887e+00 8.850594880992739000e-02
9.834834834834834894e+00 8.864461057044813186e-02
9.844844844844844900e+00 8.878336105498750574e-02
9.854854854854854906e+00 8.892211153952686575e-02
9.864864864864864913e+00 8.906148751158068921e-02
9.874874874874874919e+00 8.920090411700871968e-02
9.884884884884884926e+00 8.934032986648307584e-02
9.894894894894894932e+00 8.948042380867445023e-02
9.904904904904904939e+00 8.962051775086582461e-02
9.914914914914914945e+00 8.976067227553677363e-02
9.924924924924924952e+00 8.990145465499591038e-02
9.934934934934934958e+00 9.004223703445503324e-02
9.944944944944944965e+00 9.018313307004137414e-02
9.954954954954954971e+00 9.032461487182173732e-02
9.964964964964964977e+00 9.046609667360208662e-02
9.974974974974974984e+00 9.060774681456773560e-02
9.984984984984984990e+00 9.074993890826914267e-02
9.994994994994994997e+00 9.089213100197054973e-02
1.000500500500500500e+01 9.103454770154457976e-02
1.001501501501501501e+01 9.117746084138601825e-02
1.002502502502502502e+01 9.132037398122745675e-02
1.003503503503503502e+01 9.146356955152630530e-02
1.004504504504504503e+01 9.160721437649052556e-02
1.005505505505505504e+01 9.175085920145475971e-02
1.006506506506506504e+01 9.189484581370215011e-02
1.007507507507507505e+01 9.203923284775036850e-02
1.008508508508508505e+01 9.218361988179858690e-02
1.009509509509509506e+01 9.232840956664008225e-02
1.010510510510510507e+01 9.247354921899347824e-02
1.011511511511511507e+01 9.261868887134688810e-02
1.012512512512512508e+01 9.276429351925404021e-02
1.013513513513513509e+01 9.291019608473914670e-02
1.014514514514514509e+01 9.305609865022423932e-02
1.015515515515515510e+01 9.320253001198573750e-02
1.016516516516516511e+01 9.334920567144218417e-02
1.017517517517517511e+01 9.349588133089863085e-02
1.018518518518518512e+01 9.364315101819370435e-02
1.019519519519519513e+01 9.379060983894037251e-02
1.020520520520520513e+01 9.393806865968702680e-02
1.021521521521521514e+01 9.408618814573835309e-02
1.022522522522522515e+01 9.423444008209684586e-02
1.023523523523523515e+01 9.438269201845533862e-02
1.024524524524524516e+01 9.453167263875714155e-02
1.025525525525525516e+01 9.468072753262890551e-02
1.026526526526526517e+01 9.482978242650068335e-02
1.027527527527527518e+01 9.497963537961913449e-02
1.028528528528528518e+01 9.512950296111481741e-02
1.029529529529529519e+01 9.527941700293468541e-02
1.030530530530530520e+01 9.543010689105292654e-02
1.031531531531531520e+01 9.558079677917118155e-02
1.032532532532532521e+01 9.573159563508520931e-02
1.033533533533533522e+01 9.588311733843844775e-02
1.034534534534534522e+01 9.603463904179168620e-02
1.035535535535535523e+01 9.618633361466974452e-02
1.036536536536536524e+01 9.633869653225561602e-02
1.037537537537537524e+01 9.649105944984150141e-02
1.038538538538538525e+01 9.664366050866751712e-02
1.039539539539539525e+01 9.679687393068242551e-02
1.040540540540540526e+01 9.695008735269736166e-02
1.041541541541541527e+01 9.710360553364000280e-02
1.042542542542542527e+01 9.725767864233400561e-02
1.043543543543543528e+01 9.741175175102799455e-02
1.044544544544544529e+01 9.756619755856685283e-02
1.045545545545545529e+01 9.772113942913691897e-02
1.046546546546546530e+01 9.787608129970698512e-02
1.047547547547547531e+01 9.803146510781043932e-02
1.048548548548548531e+01 9.818728470933066332e-02
1.049549549549549532e+01 9.834310431085088733e-02
1.050550550550550533e+01 9.849943636420371851e-02
1.051551551551551533e+01 9.865614256059004883e-02
1.052552552552552534e+01 9.881284875697635139e-02
1.053553553553553535e+01 9.897013917225316870e-02
1.054554554554554535e+01 9.912774072326092922e-02
1.055555555555555536e+01 9.928534227426867587e-02
1.056556556556556536e+01 9.944360104145155699e-02
1.057557557557557537e+01 9.960210660370431845e-02
1.058558558558558538e+01 9.976061216595707992e-02
1.059559559559559538e+01 9.991984914969392895e-02
1.060560560560560539e+01 1.000792672777409409e-01
1.061561561561561540e+01 1.002386854057879390e-01
1.062562562562562540e+01 1.003989103467894523e-01
1.063563563563563541e+01 1.005592494941909137e-01
1.064564564564564542e+01 1.007195886415923891e-01
1.065565565565565542e+01 1.008808111580651451e-01
1.066566566566566543e+01 1.010420796785032049e-01
1.067567567567567544e+01 1.012033716396406463e-01
1.068568568568568544e+01 1.013655777880539260e-01
1.069569569569569545e+01 1.015277839364672197e-01
1.070570570570570545e+01 1.016900841905205854e-01
1.071571571571571546e+01 1.018532361242615036e-01
1.072572572572572547e+01 1.020163880580024218e-01
1.073573573573573547e+01 1.021797059609946545e-01
1.074574574574574548e+01 1.023438117410075815e-01
1.075575575575575549e+01 1.025079175210204807e-01
1.076576576576576549e+01 1.026722623113167920e-01
1.077577577577577550e+01 1.028373299033352728e-01
1.078578578578578551e+01 1.030023974953537536e-01
1.079579579579579551e+01 1.031677782952214184e-01
1.080580580580580552e+01 1.033338155709834921e-01
1.081581581581581553e+01 1.034998528467455658e-01
1.082582582582582553e+01 1.036662786639377803e-01
1.083583583583583554e+01 1.038332934024171900e-01
1.084584584584584555e+01 1.040003081408965996e-01
1.085585585585585555e+01 1.041677878702579052e-01
1.086586586586586556e+01 1.043357877589108362e-01
1.087587587587587556e+01 1.045037876475637673e-01
1.088588588588588557e+01 1.046723300726556671e-01
1.089589589589589558e+01 1.048413227086809063e-01
1.090590590590590558e+01 1.050103153447061455e-01
1.091591591591591559e+01 1.051799291394502484e-01
1.092592592592592560e+01 1.053499220310614160e-01
1.093593593593593560e+01 1.055199149226725697e-01
1.094594594594594561e+01 1.056906086530098737e-01
1.095595595595595562e+01 1.058616092207190079e-01
1.096596596596596562e+01 1.060326097884281282e-01
1.097597597597597563e+01 1.062043919139925990e-01
1.098598598598598564e+01 1.063764074919034686e-01
1.099599599599599564e+01 1.065484230698143520e-01
1.100600600600600565e+01 1.067213019456188516e-01
1.101601601601601566e+01 1.068943397827288033e-01
1.102602602602602566e+01 1.070673776198387550e-01
1.103603603603603567e+01 1.072413614979716850e-01
1.104604604604604567e+01 1.074154287594809298e-01
1.105605605605605568e+01 1.075894960209902024e-01
1.106606606606606569e+01 1.077645930523215279e-01
1.107607607607607569e+01 1.079396968209491159e-01
1.108608608608608570e+01 1.081148715481667494e-01
1.109609609609609571e+01 1.082910188254712774e-01
1.110610610610610571e+01 1.084671661027758194e-01
1.111611611611611572e+01 1.086434630664124268e-01
1.112612612612612573e+01 1.088206607741175336e-01
1.113613613613613573e+01 1.089978584818226404e-01
1.114614614614614574e+01 1.091752856179027675e-01
1.115615615615615575e+01 1.093535405992254878e-01
1.116616616616616575e+01 1.095317955805482218e-01
1.117617617617617576e+01 1.097103607294315220e-01
1.118618618618618576e+01 1.098896797504131662e-01
1.119619619619619577e+01 1.100689987713947826e-01
1.120620620620620578e+01 1.102487096795038424e-01
1.121621621621621578e+01 1.104290994303418483e-01
1.122622622622622579e+01 1.106094891811798403e-01
1.123623623623623580e+01 1.107903535027294217e-01
1.124624624624624580e+01 1.109718205991101908e-01
1.125625625625625581e+01 1.111532876954909599e-01
1.126626626626626582e+01 1.113353129942175196e-01
1.127627627627627582e+01 1.115178639786483794e-01
1.128628628628628583e+01 1.117004149630792392e-01
1.129629629629629584e+01 1.118836087139691710e-01
1.130630630630630584e+01 1.120672500571092411e-01
1.131631631631631585e+01 1.122508914002493252e-01
1.132632632632632586e+01 1.124352609912650791e-01
1.133633633633633586e+01 1.126199990932540557e-01
1.134634634634634587e+01 1.128047371952430461e-01
1.135635635635635587e+01 1.129902899290457091e-01
1.136636636636636588e+01 1.131761311208297621e-01
1.137637637637637589e+01 1.133619723126138290e-01
1.138638638638638589e+01 1.135487154082814032e-01
1.139639639639639590e+01 1.137356659529357161e-01
1.140640640640640591e+01 1.139226164975900291e-01
1.141641641641641769e+01 1.141105570923300339e-01
1.142642642642642770e+01 1.142986231863766383e-01
1.143643643643643770e+01 1.144866892804232428e-01
1.144644644644644771e+01 1.146758344312786698e-01
1.145645645645645772e+01 1.148650222059997422e-01
1.146646646646646772e+01 1.150542511435236892e-01
1.147647647647647773e+01 1.152445666662690327e-01
1.148648648648648773e+01 1.154348821890143623e-01
1.149649649649649774e+01 1.156253235583141331e-01
1.150650650650650775e+01 1.158167728338022062e-01
1.151651651651651775e+01 1.160082221092902932e-01
1.152652652652652776e+01 1.161998827984094124e-01
1.153653653653653777e+01 1.163924717700218353e-01
1.154654654654654777e+01 1.165850607416342305e-01
1.155655655655655778e+01 1.167779475639052073e-01
1.156656656656656779e+01 1.169716821149736630e-01
1.157657657657657779e+01 1.171654166660421326e-01
1.158658658658658780e+01 1.173595363617541826e-01
1.159659659659659781e+01 1.175544223168393798e-01
1.160660660660660781e+01 1.177493082719245771e-01
1.161661661661661782e+01 1.179446675099802277e-01
1.162662662662662783e+01 1.181407106361423154e-01
1.163663663663663783e+01 1.183367537623044030e-01
1.164664664664664784e+01 1.185333591418641364e-01
1.165665665665665784e+01 1.187305651499241388e-01
1.166666666666666785e+01 1.189277711579841412e-01
1.167667667667667786e+01 1.191256292100983522e-01
1.168668668668668786e+01 1.193240037558899319e-01
1.169669669669669787e+01 1.195223783016814978e-01
1.170670670670670788e+01 1.197214954909093243e-01
1.171671671671671788e+01 1.199210441765210799e-01
1.172672672672672789e+01 1.201205928621328356e-01
1.173673673673673790e+01 1.203209755881468335e-01
1.174674674674674790e+01 1.205217039631535508e-01
1.175675675675675791e+01 1.207224323381602682e-01
1.176676676676676792e+01 1.209240869373367083e-01
1.177677677677677792e+01 1.211260005000206197e-01
1.178678678678678793e+01 1.213279140627045172e-01
1.179679679679679793e+01 1.215308468096982925e-01
1.180680680680680794e+01 1.217339510082582205e-01
1.181681681681681795e+01 1.219370552068181485e-01
1.182682682682682795e+01 1.221412723161223457e-01
1.183683683683683796e+01 1.223455725498722446e-01
1.184684684684684797e+01 1.225498787905561632e-01
1.185685685685685797e+01 1.227553804111108926e-01
1.186686686686686798e+01 1.229608820316656081e-01
1.187687687687687799e+01 1.231664795842259824e-01
1.188688688688688799e+01 1.233731878966756595e-01
1.189689689689689800e+01 1.235798962091253228e-01
1.190690690690690801e+01 1.237867911621247097e-01
1.191691691691691801e+01 1.239947114261959332e-01
1.192692692692692802e+01 1.242026316902671429e-01
1.193693693693693803e+01 1.244108300770283004e-01
1.194694694694694803e+01 1.246199675082327318e-01
1.195695695695695804e+01 1.248291049394371632e-01
1.196696696696696804e+01 1.250386127395299030e-01
1.197697697697697805e+01 1.252489725102997609e-01
1.198698698698698806e+01 1.254593322810695910e-01
1.199699699699699806e+01 1.256701554217797279e-01
1.200700700700700807e+01 1.258817426625900571e-01
1.201701701701701808e+01 1.260933299034003863e-01
1.202702702702702808e+01 1.263054742611799397e-01
1.203703703703703809e+01 1.265182940616567109e-01
1.204704704704704810e+01 1.267311138621334543e-01
1.205705705705705810e+01 1.269445852640322392e-01
1.206706706706706811e+01 1.271586426740474451e-01
1.207707707707707812e+01 1.273727000840627066e-01
1.208708708708708812e+01 1.275875043091408700e-01
1.209709709709709813e+01 1.278028043398931057e-01
1.210710710710710813e+01 1.280181043706453137e-01
1.211711711711711814e+01 1.282342471513660820e-01
1.212712712712712815e+01 1.284507947764463032e-01
1.213713713713713815e+01 1.286673424015265244e-01
1.214714714714714816e+01 1.288848294251297988e-01
1.215715715715715817e+01 1.291026295815740910e-01
1.216716716716716817e+01 1.293204297380183831e-01
1.217717717717717818e+01 1.295392666478739629e-01
1.218718718718718819e+01 1.297583242372003787e-01
1.219719719719719819e+01 1.299773818265267944e-01
1.220720720720720820e+01 1.301975742234676714e-01
1.221721721721721821e+01 1.304178941126989399e-01
1.222722722722722821e+01 1.306382140019301807e-01
1.223723723723723822e+01 1.308597674455652948e-01
1.224724724724724823e+01 1.310813544682365994e-01
1.225725725725725823e+01 1.313030025437629256e-01
1.226726726726726824e+01 1.315258615009144150e-01
1.227727727727727824e+01 1.317487204580659321e-01
1.228728728728728825e+01 1.319717358114578243e-01
1.229729729729729826e+01 1.321958714726124973e-01
1.230730730730730826e+01 1.324200071337672258e-01
1.231731731731731827e+01 1.326443952391871961e-01
1.232732732732732828e+01 1.328698123433130762e-01
1.233733733733733828e+01 1.330952294474389286e-01
1.234734734734734829e+01 1.333209957419227432e-01
1.235735735735735830e+01 1.335476989983800100e-01
1.236736736736736830e+01 1.337744022548372769e-01
1.237737737737737831e+01 1.340015521395178100e-01
1.238738738738738832e+01 1.342295462289901653e-01
1.239739739739739832e+01 1.344575403184625761e-01
1.240740740740740833e+01 1.346860791597722651e-01
1.241741741741741833e+01 1.349153687351834774e-01
1.242742742742742834e+01 1.351446583105946619e-01
1.243743743743743835e+01 1.353745914414474505e-01
1.244744744744744835e+01 1.356051811288618292e-01
1.245745745745745836e+01 1.358357708162762356e-01
1.246746746746746837e+01 1.360671035372276738e-01
1.247747747747747837e+01 1.362989979367352500e-01
1.248748748748748838e+01 1.365308923362428262e-01
1.249749749749749839e+01 1.367636299166287706e-01
1.250750750750750839e+01 1.369968336032145184e-01
1.251751751751751840e+01 1.372300372898002940e-01
1.252752752752752841e+01 1.374641849688542083e-01
1.253753753753753841e+01 1.376987024932522230e-01
1.254754754754754842e+01 1.379332200176502377e-01
1.255755755755755843e+01 1.381687830055992605e-01
1.256756756756756843e+01 1.384046188951309209e-01
1.257757757757757844e+01 1.386404547846625812e-01
1.258758758758758844e+01 1.388774382638016669e-01
1.259759759759759845e+01 1.391145970231977835e-01
1.260760760760760846e+01 1.393517557825939002e-01
1.261761761761761846e+01 1.395901649083389762e-01
1.262762762762762847e+01 1.398286510205471178e-01
1.263763763763763848e+01 1.400671591076989020e-01
1.264764764764764848e+01 1.403069770346742628e-01
1.265765765765765849e+01 1.405467949616495960e-01
1.266766766766766850e+01 1.407867344879669969e-01
1.267767767767767850e+01 1.410278886714482760e-01
1.268768768768768851e+01 1.412690428549295552e-01
1.269769769769769852e+01 1.415104189207502250e-01
1.270770770770770852e+01 1.417529137830191577e-01
1.271771771771771853e+01 1.419954086452881181e-01
1.272772772772772854e+01 1.422382263273227476e-01
1.273773773773773854e+01 1.424820662719488151e-01
1.274774774774774855e+01 1.427259062165748549e-01
1.275775775775775855e+01 1.429701705688689317e-01
1.276776776776776856e+01 1.432153599814378064e-01
1.277777777777777857e+01 1.434605493940066812e-01
1.278778778778778857e+01 1.437062654488800439e-01
1.279779779779779858e+01 1.439528086977072130e-01
1.280780780780780859e+01 1.441993519465343820e-01
1.281781781781781859e+01 1.444465247154999854e-01
1.282782782782782860e+01 1.446944261523281094e-01
1.283783783783783861e+01 1.449423275891562612e-01
1.284784784784784861e+01 1.451909620638176246e-01
1.285785785785785862e+01 1.454402260244993250e-01
1.286786786786786863e+01 1.456894899851810532e-01
1.287787787787787863e+01 1.459395911381084487e-01
1.288788788788788864e+01 1.461902219432729966e-01
1.289789789789789864e+01 1.464408527484375167e-01
1.290790790790790865e+01 1.466924255340235628e-01
1.291791791791791866e+01 1.469444274897288849e-01
1.292792792792792866e+01 1.471964294454342070e-01
1.293793793793793867e+01 1.474494788007278123e-01
1.294794794794794868e+01 1.477028561990967326e-01
1.295795795795795868e+01 1.479562335974656251e-01
1.296796796796796869e+01 1.482107644429859206e-01
1.297797797797797870e+01 1.484655215628278291e-01
1.298798798798798870e+01 1.487202786826697376e-01
1.299799799799799871e+01 1.489762959231986372e-01
1.300800800800800872e+01 1.492324370306155057e-01
1.301801801801801872e+01 1.494885781380323742e-01
1.302802802802802873e+01 1.497460866633869847e-01
1.303803803803803874e+01 1.500036160123650597e-01
1.304804804804804874e+01 1.502612282141415623e-01
1.305805805805805875e+01 1.505201500471275988e-01
1.306806806806806875e+01 1.507790718801136631e-01
1.307807807807807876e+01 1.510381808729736319e-01
1.308808808808808877e+01 1.512984994214366385e-01
1.309809809809809877e+01 1.515588179698996174e-01
1.310810810810810878e+01 1.518194286136261006e-01
1.311811811811811879e+01 1.520811480986045128e-01
1.312812812812812879e+01 1.523428675835829249e-01
1.313813813813813880e+01 1.526049847253478919e-01
1.314814814814814881e+01 1.528681093579818684e-01
1.315815815815815881e+01 1.531312339906158171e-01
1.316816816816816882e+01 1.533948624656658044e-01
1.317817817817817883e+01 1.536593964477151741e-01
1.318818818818818883e+01 1.539239304297645439e-01
1.319819819819819884e+01 1.541890750620868444e-01
1.320820820820820884e+01 1.544550225864346760e-01
1.321821821821821885e+01 1.547209701107825075e-01
1.322822822822822886e+01 1.549876357137516814e-01
1.323823823823823886e+01 1.552550009648938356e-01
1.324824824824824887e+01 1.555223662160360454e-01
1.325825825825825888e+01 1.557905575930409459e-01
1.326826826826826888e+01 1.560593447475613627e-01
1.327827827827827889e+01 1.563281319020817794e-01
1.328828828828828890e+01 1.565978538471331782e-01
1.329829829829829890e+01 1.568680670741646743e-01
1.330830830830830891e+01 1.571382803011961427e-01
1.331831831831831892e+01 1.574095375995151480e-01
1.332832832832832892e+01 1.576811810611871145e-01
1.333833833833833893e+01 1.579528245228590810e-01
1.334834834834834894e+01 1.582256219514470430e-01
1.335835835835835894e+01 1.584986998033192096e-01
1.336836836836836895e+01 1.587717776551913207e-01
1.337837837837837895e+01 1.590461199833803352e-01
1.338838838838838896e+01 1.593206363748621290e-01
1.339839839839839897e+01 1.595951527663438951e-01
1.340840840840840897e+01 1.598710447563289616e-01
1.341841841841841898e+01 1.601470038310863764e-01
1.342842842842842899e+01 1.604230034168483421e-01
1.343843843843843899e+01 1.607004093131971512e-01
1.344844844844844900e+01 1.609778152095459880e-01
1.345845845845845901e+01 1.612553698287758075e-01
1.346846846846846901e+01 1.615342266800611770e-01
1.347847847847847902e+01 1.618130835313465743e-01
1.348848848848848903e+01 1.620921979324429218e-01
1.349849849849849903e+01 1.623725098674060896e-01
1.350850850850850904e+01 1.626528218023692574e-01
1.351851851851851904e+01 1.629335007281870196e-01
1.352852852852852905e+01 1.632152718713194839e-01
1.353853853853853906e+01 1.634970430144519482e-01
1.354854854854854906e+01 1.637792912027574987e-01
1.355855855855855907e+01 1.640625256746417182e-01
1.356856856856856908e+01 1.643457601465259377e-01
1.357857857857857908e+01 1.646295823304344264e-01
1.358858858858858909e+01 1.649142842480721405e-01
1.359859859859859910e+01 1.651989861657098824e-01
1.360860860860860910e+01 1.654843870741056489e-01
1.361861861861861911e+01 1.657705605512340141e-01
1.362862862862862912e+01 1.660567340283623516e-01
1.363863863863863912e+01 1.663437183863020752e-01
1.364864864864864913e+01 1.666313675336967837e-01
1.365865865865865914e+01 1.669190166810914921e-01
1.366866866866866914e+01 1.672075892101901884e-01
1.367867867867867915e+01 1.674967181359567070e-01
1.368868868868868915e+01 1.677858470617231978e-01
1.369869869869869916e+01 1.680760124805239231e-01
1.370870870870870917e+01 1.683666252903766591e-01
1.371871871871871917e+01 1.686572381002293675e-01
1.372872872872872918e+01 1.689490011245562417e-01
1.373873873873873919e+01 1.692411019220857182e-01
1.374874874874874919e+01 1.695332027196151947e-01
1.375875875875875920e+01 1.698265680629101049e-01
1.376876876876876921e+01 1.701201609498383394e-01
1.377877877877877921e+01 1.704137538367665461e-01
1.378878878878878922e+01 1.707087262104101666e-01
1.379879879879879923e+01 1.710038152868345041e-01
1.380880880880880923e+01 1.712989043632588138e-01
1.381881881881881924e+01 1.715954884768751965e-01
1.382882882882882924e+01 1.718920778415003181e-01
1.383883883883883925e+01 1.721887740175125359e-01
1.384884884884884926e+01 1.724868677678716711e-01
1.385885885885885926e+01 1.727849615182308063e-01
1.386886886886886927e+01 1.730832747527654147e-01
1.387887887887887928e+01 1.733828769854299789e-01
1.388888888888888928e+01 1.736824792180945709e-01
1.389889889889889929e+01 1.739824142179441924e-01
1.390890890890890930e+01 1.742835290287225170e-01
1.391891891891891930e+01 1.745846438395008415e-01
1.392892892892892931e+01 1.748862053105797731e-01
1.393893893893893932e+01 1.751888367947047886e-01
1.394894894894894932e+01 1.754914682788297486e-01
1.395895895895895933e+01 1.757946609264137983e-01
1.396896896896896934e+01 1.760988131787204758e-01
1.397897897897897934e+01 1.764029654310271256e-01
1.398898898898898935e+01 1.767077939599789593e-01
1.399899899899899935e+01 1.770134710750707052e-01
1.400900900900900936e+01 1.773191481901624234e-01
1.401901901901901937e+01 1.776256173051422582e-01
1.402902902902902937e+01 1.779328233775469281e-01
1.403903903903903938e+01 1.782400294499516258e-01
1.404904904904904939e+01 1.785481438556137668e-01
1.405905905905905939e+01 1.788568829799297988e-01
1.406906906906906940e+01 1.791656221042458585e-01
1.407907907907907941e+01 1.794753865054215802e-01
1.408908908908908941e+01 1.797856627764537751e-01
1.409909909909909942e+01 1.800959390474860256e-01
1.410910910910910943e+01 1.804073581493521317e-01
1.411911911911911943e+01 1.807191756622372192e-01
1.412912912912912944e+01 1.810309931751223067e-01
1.413913913913913944e+01 1.813440716833568389e-01
1.414914914914914945e+01 1.816574345336799956e-01
1.415915915915915946e+01 1.819707973840031523e-01
1.416916916916916946e+01 1.822855400049271102e-01
1.417917917917917947e+01 1.826004522888278192e-01
1.418918918918918948e+01 1.829153645727285005e-01
1.419919919919919948e+01 1.832317760134348772e-01
1.420920920920920949e+01 1.835482418277041561e-01
1.421921921921921950e+01 1.838647691682754048e-01
1.422922922922922950e+01 1.841827926104436242e-01
1.423923923923923951e+01 1.845008160526118435e-01
1.424924924924924952e+01 1.848190175315721495e-01
1.425925925925925952e+01 1.851386026999868317e-01
1.426926926926926953e+01 1.854581878684015417e-01
1.427927927927927954e+01 1.857780681949195156e-01
1.428928928928928954e+01 1.860992191888156122e-01
1.429929929929929955e+01 1.864203701827117088e-01
1.430930930930930955e+01 1.867419340670571914e-01
1.431931931931931956e+01 1.870646549866164521e-01
1.432932932932932957e+01 1.873873759061757127e-01
1.433933933933933957e+01 1.877106280597950483e-01
1.434934934934934958e+01 1.880349230061989785e-01
1.435935935935935959e+01 1.883592179526029364e-01
1.436936936936936959e+01 1.886841630881830323e-01
1.437937937937937960e+01 1.890100361636552762e-01
1.438938938938938961e+01 1.893359092391275478e-01
1.439939939939939961e+01 1.896625520706475831e-01
1.440940940940940962e+01 1.899900073784893950e-01
1.441941941941941963e+01 1.903174626863312346e-01
1.442942942942942963e+01 1.906458079291034335e-01
1.443943943943943964e+01 1.909748495737196572e-01
1.444944944944944965e+01 1.913038912183358531e-01
1.445945945945945965e+01 1.916339435890347942e-01
1.446946946946946966e+01 1.919645756759527921e-01
1.447947947947947966e+01 1.922952077628707346e-01
1.448948948948948967e+01 1.926269719795515034e-01
1.449949949949949968e+01 1.929591986154311489e-01
1.450950950950950968e+01 1.932914252513107944e-01
1.451951951951951969e+01 1.936249060334163663e-01
1.452952952952952970e+01 1.939587313260531243e-01
1.453953953953953970e+01 1.942925566186898823e-01
1.454954954954954971e+01 1.946277586870484300e-01
1.455955955955955972e+01 1.949631867453683054e-01
1.456956956956956972e+01 1.952986148036881531e-01
1.457957957957957973e+01 1.956355428804988639e-01
1.458958958958958974e+01 1.959725778145453290e-01
1.459959959959959974e+01 1.963096256364867676e-01
1.460960960960960975e+01 1.966482715574018048e-01
1.461961961961961975e+01 1.969869174783168142e-01
1.462962962962962976e+01 1.973256966449060401e-01
1.463963963963963977e+01 1.976659576649022754e-01
1.464964964964964977e+01 1.980062186848984829e-01
1.465965965965965978e+01 1.983467339212305891e-01
1.466966966966966979e+01 1.986886141535570693e-01
1.467967967967967979e+01 1.990304943858835496e-01
1.468968968968968980e+01 1.993727504183122057e-01
1.469969969969969981e+01 1.997162539772138201e-01
1.470970970970970981e+01 2.000597575361154623e-01
1.471971971971971982e+01 2.004037590921978751e-01
1.472972972972972983e+01 2.007488900928667830e-01
1.473973973973973983e+01 2.010940210935356909e-01
1.474974974974974984e+01 2.014397729019674621e-01
1.475975975975975985e+01 2.017865354604888584e-01
1.476976976976976985e+01 2.021332980190102824e-01
1.477977977977977986e+01 2.024808048095518009e-01
1.478978978978978986e+01 2.028292030428427151e-01
1.479979979979979987e+01 2.031776012761335737e-01
1.480980980980980988e+01 2.035268677795271097e-01
1.481981981981981988e+01 2.038769058052687377e-01
1.482982982982982989e+01 2.042269438310103657e-01
1.483983983983983990e+01 2.045779747788888103e-01
1.484984984984984990e+01 2.049296567154529902e-01
1.485985985985985991e+01 2.052813386520171701e-01
1.486986986986986992e+01 2.056341387768041706e-01
1.487987987987987992e+01 2.059874687431735574e-01
1.488988988988988993e+01 2.063407987095429441e-01
1.489989989989989994e+01 2.066953727443448519e-01
1.490990990990990994e+01 2.070503548600269861e-01
1.491991991991991995e+01 2.074053369757091481e-01
1.492992992992992995e+01 2.077616896541987224e-01
1.493993993993993996e+01 2.081183280391345758e-01
1.494994994994994997e+01 2.084749664240704292e-01
1.495995995995995997e+01 2.088331024803629365e-01
1.496996996996996998e+01 2.091914012548294621e-01
1.497997997997997999e+01 2.095497000292959877e-01
1.498998998998998999e+01 2.099096241978174460e-01
1.500000000000000000e+01 2.102695874823248545e-01
