5.000000000000000000e+00 1.702085819318836790e-02
5.010010010010010006e+00 1.717741467902377320e-02
5.020020020020020013e+00 1.733397116485917849e-02
5.030030030030030019e+00 1.749052765069458379e-02
5.040040040040040026e+00 1.764708413652998908e-02
5.050050050050050032e+00 1.780364062236539438e-02
5.060060060060060039e+00 1.796019710820079621e-02
5.070070070070070045e+00 1.811675359403620497e-02
5.080080080080080052e+00 1.827331007987161027e-02
5.090090090090090058e+00 1.842986656570701209e-02
5.100100100100100065e+00 1.858642305154242086e-02
5.110110110110110071e+00 1.874297953737782615e-02
5.120120120120120077e+00 1.890019334661106540e-02
5.130130130130130084e+00 1.905810821929878815e-02
5.140140140140140090e+00 1.921602309198651090e-02
5.150150150150150097e+00 1.937440398765928259e-02
5.160160160160160103e+00 1.953361552975448751e-02
5.170170170170170110e+00 1.969282707184969242e-02
5.180180180180180116e+00 1.985232870107601910e-02
5.190190190190190123e+00 2.001277518200103231e-02
5.200200200200200129e+00 2.017322166292604205e-02
5.210210210210210136e+00 2.033379767378844585e-02
5.220220220220220142e+00 2.049541743313187253e-02
5.230230230230230148e+00 2.065703719247529921e-02
5.240240240240240155e+00 2.081865695181872589e-02
5.250250250250250161e+00 2.098137280398255575e-02
5.260260260260260168e+00 2.114410433208590082e-02
5.270270270270270174e+00 2.130683586018924935e-02
5.280280280280280181e+00 2.147047227837407118e-02
5.290290290290290187e+00 2.163425429415035892e-02
5.300300300300300194e+00 2.179803630992665359e-02
5.310310310310310200e+00 2.196254749574200887e-02
5.320320320320320207e+00 2.212731902168123613e-02
5.330330330330330213e+00 2.229209054762045991e-02
5.340340340340340219e+00 2.245743093705564186e-02
5.350350350350350226e+00 2.262313137138147190e-02
5.360360360360360232e+00 2.278883180570729847e-02
5.370370370370370239e+00 2.295495610395106162e-02
5.380380380380380245e+00 2.312152528990208539e-02
5.390390390390390252e+00 2.328809447585310916e-02
5.400400400400400258e+00 2.345495769102146771e-02
5.410410410410410265e+00 2.362233598323923087e-02
5.420420420420420271e+00 2.378971427545699749e-02
5.430430430430430278e+00 2.395727175122636457e-02
5.440440440440440284e+00 2.412540007923985944e-02
5.450450450450450290e+00 2.429352840725334736e-02
5.460460460460460297e+00 2.446173585439735676e-02
5.470470470470470303e+00 2.463055578320208841e-02
5.480480480480480310e+00 2.479937571200682006e-02
5.490490490490490316e+00 2.496819564081154824e-02
5.500500500500500323e+00 2.513764302657211375e-02
5.510510510510510329e+00 2.530709681430788616e-02
5.520520520520520336e+00 2.547655060204365510e-02
5.530530530530530342e+00 2.564650360875358678e-02
5.540540540540540349e+00 2.581653426149302030e-02
5.550550550550550355e+00 2.598656491423244688e-02
5.560560560560560361e+00 2.615698133206038195e-02
5.570570570570570368e+00 2.632753265572505136e-02
5.580580580580580374e+00 2.649808397938972077e-02
5.590590590590590381e+00 2.666892212985489535e-02
5.600600600600600387e+00 2.683993877928287849e-02
5.610610610610610394e+00 2.701095542871086164e-02
5.620620620620620400e+00 2.718217418792776355e-02
5.630630630630630407e+00 2.735360171312098757e-02
5.640640640640640413e+00 2.752502923831420464e-02
5.650650650650650419e+00 2.769658805918488384e-02
5.660660660660660426e+00 2.786837294876966242e-02
5.670670670670670432e+00 2.804015783835443754e-02
5.680680680680680439e+00 2.821201677171808475e-02
5.690690690690690445e+00 2.838410649365720462e-02
5.700700700700700452e+00 2.855619621559632101e-02
5.710710710710710458e+00 2.872831593034627304e-02
5.720720720720720465e+00 2.890065896994443301e-02
5.730730730730730471e+00 2.907300200954258604e-02
5.740740740740740478e+00 2.924534504914074601e-02
5.750750750750750484e+00 2.941788970696997477e-02
5.760760760760760490e+00 2.959043560221867250e-02
5.770770770770770497e+00 2.976298149746736676e-02
5.780780780780780503e+00 2.993566082741293266e-02
5.790790790790790510e+00 3.010836020172404787e-02
5.800800800800800516e+00 3.028105957603516654e-02
5.810810810810810523e+00 3.045383732728632400e-02
5.820820820820820529e+00 3.062664191966703656e-02
5.830830830830830536e+00 3.079944651204775258e-02
5.840840840840840542e+00 3.097228714988127865e-02
5.850850850850850549e+00 3.114514984260502439e-02
5.860860860860860555e+00 3.131801253532876667e-02
5.870870870870870561e+00 3.149088125378688569e-02
5.880880880880880568e+00 3.166375609761846316e-02
5.890890890890890574e+00 3.183663094145004063e-02
5.900900900900900581e+00 3.200949367511713578e-02
5.910910910910910587e+00 3.218233591215150652e-02
5.920920920920920594e+00 3.235517814918587726e-02
5.930930930930930600e+00 3.252800158407957720e-02
5.940940940940940607e+00 3.270076766825582432e-02
5.950950950950950613e+00 3.287353375243207837e-02
5.960960960960960620e+00 3.304628533602452928e-02
5.970970970970970626e+00 3.321893295137887808e-02
5.980980980980980632e+00 3.339158056673323383e-02
5.990990990990990639e+00 3.356422818208757569e-02
6.001001001001000645e+00 3.373671659384048366e-02
6.011011011011010652e+00 3.390920467056226378e-02
6.021021021021020658e+00 3.408169274728404391e-02
6.031031031031030665e+00 3.425400671314393630e-02
6.041041041041040671e+00 3.442629544150082460e-02
6.051051051051050678e+00 3.459858416985771984e-02
6.061061061061060684e+00 3.477069474527105103e-02
6.071071071071070691e+00 3.494274558747016007e-02
6.081081081081080697e+00 3.511479642966926912e-02
6.091091091091090703e+00 3.528667547311186564e-02
6.101101101101100710e+00 3.545845117316408918e-02
6.111111111111110716e+00 3.563022687321631965e-02
6.121121121121120723e+00 3.580184705018097518e-02
6.131131131131130729e+00 3.597331164183638352e-02
6.141141141141140736e+00 3.614477623349178492e-02
6.151151151151150742e+00 3.631611101977341716e-02
6.161161161161160749e+00 3.648722983259616859e-02
6.171171171171170755e+00 3.665834864541891308e-02
6.181181181181180762e+00 3.682937232971449787e-02
6.191191191191190768e+00 3.700011199336562806e-02
6.201201201201200774e+00 3.717085165701675825e-02
6.211211211211210781e+00 3.734153934285742993e-02
6.221221221221220787e+00 3.751186778965373558e-02
6.231231231231230794e+00 3.768219623645004818e-02
6.241241241241240800e+00 3.785252384348249816e-02
6.251251251251250807e+00 3.802241030929998100e-02
6.261261261261260813e+00 3.819229677511747079e-02
6.271271271271270820e+00 3.836218324093495363e-02
6.281281281281280826e+00 3.853165606334162802e-02
6.291291291291290833e+00 3.870107108693116027e-02
6.301301301301300839e+00 3.887048611052068559e-02
6.311311311311310845e+00 3.903952498315724218e-02
6.321321321321320852e+00 3.920844040394032975e-02
6.331331331331330858e+00 3.937735582472340345e-02
6.341341341341340865e+00 3.954594041403833998e-02
6.351351351351350871e+00 3.971432936844944417e-02
6.361361361361360878e+00 3.988271832286056223e-02
6.371371371371370884e+00 4.005082910533915713e-02
6.381381381381380891e+00 4.021866602178140321e-02
6.391391391391390897e+00 4.038650293822365622e-02
6.401401401401400904e+00 4.055412119735429116e-02
6.411411411411410910e+00 4.072138178983339407e-02
6.421421421421420916e+00 4.088864238231250392e-02
6.431431431431430923e+00 4.105575020507058748e-02
6.441441441441440929e+00 4.122241146557237279e-02
6.451451451451450936e+00 4.138907272607415810e-02
6.461461461461460942e+00 4.155565299894008191e-02
6.471471471471470949e+00 4.172169318861475296e-02
6.481481481481480955e+00 4.188773337828942400e-02
6.491491491491490962e+00 4.205376978281638589e-02
6.501501501501500968e+00 4.221916842203240344e-02
6.511511511511510975e+00 4.238456706124841405e-02
6.521521521521520981e+00 4.254996570046442467e-02
6.531531531531530987e+00 4.271478192652537753e-02
6.541541541541540994e+00 4.287951978385456248e-02
6.551551551551551000e+00 4.304425764118374048e-02
6.561561561561561007e+00 4.320848173209941578e-02
6.571571571571571013e+00 4.337254081229357378e-02
6.581581581581581020e+00 4.353659989248772483e-02
6.591591591591591026e+00 4.370021910738314946e-02
6.601601601601601033e+00 4.386358263840157284e-02
6.611611611611611927e+00 4.402694616942001704e-02
6.621621621621621934e+00 4.418994852671812718e-02
6.631631631631631940e+00 4.435260094586354618e-02
6.641641641641641947e+00 4.451525336500895130e-02
6.651651651651651953e+00 4.467762763515095714e-02
6.661661661661661959e+00 4.483955457437095032e-02
6.671671671671671966e+00 4.500148151359094351e-02
6.681681681681681972e+00 4.516321721145575424e-02
6.691691691691691979e+00 4.532440548186471296e-02
6.701701701701701985e+00 4.548559375227366475e-02
6.711711711711711992e+00 4.564668112931041105e-02
6.721721721721721998e+00 4.580711870498565402e-02
6.731731731731732005e+00 4.596755628066088312e-02
6.741741741741742011e+00 4.612798631674786681e-02
6.751751751751752018e+00 4.628766231785264029e-02
6.761761761761762024e+00 4.644733831895741377e-02
6.771771771771772030e+00 4.660701432006218725e-02
6.781781781781782037e+00 4.676600738928565065e-02
6.791791791791792043e+00 4.692491206457011232e-02
6.801801801801802050e+00 4.708381673985457400e-02
6.811811811811812056e+00 4.724212793858705017e-02
6.821821821821822063e+00 4.740025264731613508e-02
6.831831831831832069e+00 4.755837735604521999e-02
6.841841841841842076e+00 4.771600088999156802e-02
6.851851851851852082e+00 4.787333808334864882e-02
6.861861861861862089e+00 4.803067527670573655e-02
6.871871871871872095e+00 4.818760602589338554e-02
6.881881881881882101e+00 4.834414922790561397e-02
6.891891891891892108e+00 4.850069242991782853e-02
6.901901901901902114e+00 4.865692593895358520e-02
6.911911911911912121e+00 4.881266972698421192e-02
6.921921921921922127e+00 4.896841351501484557e-02
6.931931931931932134e+00 4.912394598318964994e-02
6.941941941941942140e+00 4.927888596804102378e-02
6.951951951951952147e+00 4.943382595289239068e-02
6.961961961961962153e+00 4.958865422414492075e-02
6.971971971971972160e+00 4.974278702981386330e-02
6.981981981981982166e+00 4.989691983548281279e-02
6.991991991991992172e+00 5.005104138823242288e-02
7.002002002002002179e+00 5.020436463135924399e-02
7.012012012012012185e+00 5.035768787448606509e-02
7.022022022022022192e+00 5.051101111761288620e-02
7.032032032032032198e+00 5.066361308039499245e-02
7.042042042042042205e+00 5.081612534944410925e-02
7.052052052052052211e+00 5.096863761849322605e-02
7.062062062062062218e+00 5.112052922103475089e-02
7.072072072072072224e+00 5.127223005524586541e-02
7.082082082082082231e+00 5.142393088945698687e-02
7.092092092092092237e+00 5.157511238099908579e-02
7.102102102102102243e+00 5.172600224914365025e-02
7.112112112112112250e+00 5.187689211728822164e-02
7.122122122122122256e+00 5.202736431838226455e-02
7.132132132132132263e+00 5.217744459736125412e-02
7.142142142142142269e+00 5.232752487634022981e-02
7.152152152152152276e+00 5.247728916805432381e-02
7.162162162162162282e+00 5.262656212136929135e-02
7.172172172172172289e+00 5.277583507468425889e-02
7.182182182182182295e+00 5.292489338777062180e-02
7.192192192192192302e+00 5.307336214390086238e-02
7.202202202202202308e+00 5.322183090003108907e-02
7.212212212212212314e+00 5.337018570406226042e-02
7.222222222222222321e+00 5.351785423477764536e-02
7.232232232232232327e+00 5.366552276549303030e-02
7.242242242242242334e+00 5.381317705797425410e-02
7.252252252252252340e+00 5.396005015661343301e-02
7.262262262262262347e+00 5.410692325525260499e-02
7.272272272272272353e+00 5.425379635389177696e-02
7.282282282282282360e+00 5.439996381045932028e-02
7.292292292292292366e+00 5.454604707020031806e-02
7.302302302302302373e+00 5.469213032994131585e-02
7.312312312312312379e+00 5.483761118145166757e-02
7.322322322322322385e+00 5.498291097360177154e-02
7.332332332332332392e+00 5.512821076575187551e-02
7.342342342342342398e+00 5.527301028452144549e-02
7.352352352352352405e+00 5.541753373685073814e-02
7.362362362362362411e+00 5.556205718918003078e-02
7.372372372372372418e+00 5.570618111022005575e-02
7.382382382382382424e+00 5.584993608536284460e-02
7.392392392392392431e+00 5.599369106050562650e-02
7.402402402402402437e+00 5.613714557071528694e-02
7.412412412412412444e+00 5.628014064466149019e-02
7.422422422422422450e+00 5.642313571860770732e-02
7.432432432432432456e+00 5.656592744600696249e-02
7.442442442442442463e+00 5.670817188670490561e-02
7.452452452452452469e+00 5.685041632740285567e-02
7.462462462462462476e+00 5.699255233041027741e-02
7.472472472472472482e+00 5.713405607650079432e-02
7.482482482482482489e+00 5.727555982259131123e-02
7.492492492492492495e+00 5.741704757935188475e-02
7.502502502502502502e+00 5.755782121905226451e-02
7.512512512512512508e+00 5.769859485875265120e-02
7.522522522522522515e+00 5.783936849845303096e-02
7.532532532532532521e+00 5.797949700667649059e-02
7.542542542542542527e+00 5.811955175683271302e-02
7.552552552552552534e+00 5.825960650698894933e-02
7.562562562562562540e+00 5.839911476673545487e-02
7.572572572572572547e+00 5.853846245205829996e-02
7.582582582582582553e+00 5.867781013738114504e-02
7.592592592592592560e+00 5.881670740981451151e-02
7.602602602602602566e+00 5.895536044231582118e-02
7.612612612612612573e+00 5.909401347481714473e-02
7.622622622622622579e+00 5.923230937838417504e-02
7.632632632632632586e+00 5.937028073702736025e-02
7.642642642642642592e+00 5.950825209567053853e-02
7.652652652652652598e+00 5.964595659597646260e-02
7.662662662662662605e+00 5.978325980655441879e-02
7.672672672672672611e+00 5.992056301713236804e-02
7.682682682682682618e+00 6.005768641690562709e-02
7.692692692692692624e+00 6.019433553215913085e-02
7.702702702702702631e+00 6.033098464741263461e-02
7.712712712712712637e+00 6.046753757656214007e-02
7.722722722722722644e+00 6.060354715654967667e-02
7.732732732732732650e+00 6.073955673653721327e-02
7.742742742742742657e+00 6.087555014230476569e-02
7.752752752752752663e+00 6.101093523503426513e-02
7.762762762762762669e+00 6.114632032776377152e-02
7.772772772772772676e+00 6.128170542049327790e-02
7.782782782782782682e+00 6.141654158730698587e-02
7.792792792792792689e+00 6.155131770963954974e-02
7.802802802802802695e+00 6.168609383197212748e-02
7.812812812812812702e+00 6.182040924988669445e-02
7.822822822822822708e+00 6.195459236872073033e-02
7.832832832832832715e+00 6.208877548755477316e-02
7.842842842842842721e+00 6.222258242922804050e-02
7.852852852852852727e+00 6.235618894297199205e-02
7.862862862862862734e+00 6.248979545671593666e-02
7.872872872872872740e+00 6.262310645552218724e-02
7.882882882882882747e+00 6.275615317586265285e-02
7.892892892892892753e+00 6.288919989620311846e-02
7.902902902902902760e+00 6.302202773720258500e-02
7.912912912912912766e+00 6.315453187117468781e-02
7.922922922922922773e+00 6.328703600514679062e-02
7.932932932932932779e+00 6.341939371617076604e-02
7.942942942942942786e+00 6.355137284853605573e-02
7.952952952952952792e+00 6.368335198090134541e-02
7.962962962962962798e+00 6.381525282375410946e-02
7.972972972972972805e+00 6.394672489969106810e-02
7.982982982982982811e+00 6.407819697562802674e-02
7.992992992992992818e+00 6.420965443740700440e-02
8.003003003003001936e+00 6.434063774551841697e-02
8.013013013013011943e+00 6.447162105362984341e-02
8.023023023023021949e+00 6.460260436174128373e-02
8.033033033033031955e+00 6.473316199380568792e-02
8.043043043043041962e+00 6.486367514944638146e-02
8.053053053053051968e+00 6.499418830508704725e-02
8.063063063063061975e+00 6.512434909778784531e-02
8.073073073073071981e+00 6.525441102671590554e-02
8.083083083083081988e+00 6.538447295564396577e-02
8.093093093093091994e+00 6.551425131545679514e-02
8.103103103103102001e+00 6.564388123781077222e-02
8.113113113113112007e+00 6.577351116016473542e-02
8.123123123123122014e+00 6.590292166964613341e-02
8.133133133133132020e+00 6.603213908424947209e-02
8.143143143143142026e+00 6.616135649885278303e-02
8.153153153153152033e+00 6.629041390889528484e-02
8.163163163163162039e+00 6.641923857789024110e-02
8.173173173173172046e+00 6.654806324688521124e-02
8.183183183183182052e+00 6.667678246909662654e-02
8.193193193193192059e+00 6.680523440290754567e-02
8.203203203203202065e+00 6.693368633671847867e-02
8.213213213213213848e+00 6.706208243592584606e-02
8.223223223223223854e+00 6.719018187855264890e-02
8.233233233233233861e+00 6.731828132117945174e-02
8.243243243243243867e+00 6.744636950805754649e-02
8.253253253253253874e+00 6.757413692269891026e-02
8.263263263263263880e+00 6.770190433734024626e-02
8.273273273273273887e+00 6.782967175198161003e-02
8.283283283283283893e+00 6.795715601617073609e-02
8.293293293293293900e+00 6.808461207117691427e-02
8.303303303303303906e+00 6.821206812618307858e-02
8.313313313313313913e+00 6.833929616785486272e-02
8.323323323323323919e+00 6.846646172300832611e-02
8.333333333333333925e+00 6.859362727816178951e-02
8.343343343343343932e+00 6.872061488059071077e-02
8.353353353353353938e+00 6.884751097371427653e-02
8.363363363363363945e+00 6.897440706683782841e-02
8.373373373373373951e+00 6.910117011783785401e-02
8.383383383383383958e+00 6.922781795172733288e-02
8.393393393393393964e+00 6.935446578561683950e-02
8.403403403403403971e+00 6.948102027111477397e-02
8.413413413413413977e+00 6.960744120079533082e-02
8.423423423423423984e+00 6.973386213047591542e-02
8.433433433433433990e+00 6.986022412820597216e-02
8.443443443443443996e+00 6.998643964850870258e-02
8.453453453453454003e+00 7.011265516881144688e-02
8.463463463463464009e+00 7.023884084213040391e-02
8.473473473473474016e+00 7.036487257558717012e-02
8.483483483483484022e+00 7.049090430904393634e-02
8.493493493493494029e+00 7.061692990086620991e-02
8.503503503503504035e+00 7.074279958591946083e-02
8.513513513513514042e+00 7.086866927097271174e-02
8.523523523523524048e+00 7.099453895602596265e-02
8.533533533533534055e+00 7.112028057734910702e-02
8.543543543543544061e+00 7.124601005687344890e-02
8.553553553553554067e+00 7.137173953639777690e-02
8.563563563563564074e+00 7.149737571319854379e-02
8.573573573573574080e+00 7.162298692333059213e-02
8.583583583583584087e+00 7.174859813346262660e-02
8.593593593593594093e+00 7.187414539452403883e-02
8.603603603603604100e+00 7.199966035379720686e-02
8.613613613613614106e+00 7.212517531307034713e-02
8.623623623623624113e+00 7.225065023309314161e-02
8.633633633633634119e+00 7.237609103187293835e-02
8.643643643643644126e+00 7.250153183065270734e-02
8.653653653653654132e+00 7.262695102507517320e-02
8.663663663663664138e+00 7.275233981529131977e-02
8.673673673673674145e+00 7.287772860550748022e-02
8.683683683683684151e+00 7.300310872543608331e-02
8.693693693693694158e+00 7.312846771060740880e-02
8.703703703703704164e+00 7.325382669577870653e-02
8.713713713713714171e+00 7.337918442302851507e-02
8.723723723723724177e+00 7.350453584857528921e-02
8.733733733733734184e+00 7.362988727412207723e-02
8.743743743743744190e+00 7.375523931636539243e-02
8.753753753753754197e+00 7.388060546020637498e-02
8.763763763763764203e+00 7.400597160404735753e-02
8.773773773773774209e+00 7.413133774788834007e-02
8.783783783783784216e+00 7.425673785349780343e-02
8.793793793793794222e+00 7.438214101692508518e-02
8.803803803803804229e+00 7.450754418035236692e-02
8.813813813813814235e+00 7.463299439081982900e-02
8.823823823823824242e+00 7.475845688964902203e-02
8.833833833833834248e+00 7.488391938847821505e-02
8.843843843843844255e+00 7.500943646695315548e-02
8.853853853853854261e+00 7.513498062294234059e-02
8.863863863863864268e+00 7.526052477893152570e-02
8.873873873873874274e+00 7.538612548776316147e-02
8.883883883883884280e+00 7.551177362029667939e-02
8.893893893893894287e+00 7.563742175283016955e-02
8.903903903903904293e+00 7.576312284950163789e-02
8.913913913913914300e+00 7.588889726753339504e-02
8.923923923923924306e+00 7.601467168556515219e-02
8.933933933933934313e+00 7.614048991872410244e-02
8.943943943943944319e+00 7.626641291297558967e-02
8.953953953953954326e+00 7.639233590722709077e-02
8.963963963963964332e+00 7.651828801281157499e-02
8.973973973973974338e+00 7.664438184821920075e-02
8.983983983983984345e+00 7.677047568362681262e-02
8.993993993993994351e+00 7.689657838108507337e-02
9.004004004004004358e+00 7.702286528949187083e-02
9.014014014014014364e+00 7.714915219789866829e-02
9.024024024024024371e+00 7.727543910630546575e-02
9.034034034034034377e+00 7.740192435958859196e-02
9.044044044044044384e+00 7.752842653267556783e-02
9.054054054054054390e+00 7.765492870576255757e-02
9.064064064064064397e+00 7.778162007037189851e-02
9.074074074074074403e+00 7.790835965282312536e-02
9.084084084084084409e+00 7.803509923527433834e-02
9.094094094094094416e+00 7.816201330582525642e-02
9.104104104104104422e+00 7.828901238872218449e-02
9.114114114114114429e+00 7.841601147161912644e-02
9.124124124124124435e+00 7.854316480564833836e-02
9.134134134134134442e+00 7.867044542008805319e-02
9.144144144144144448e+00 7.879772603452776802e-02
9.154154154154154455e+00 7.892513514938234720e-02
9.164164164164164461e+00 7.905271926031437468e-02
9.174174174174174468e+00 7.918030337124641604e-02
9.184184184184184474e+00 7.930798474105368867e-02
9.194194194194194480e+00 7.943589424133080945e-02
9.204204204204204487e+00 7.956380374160794411e-02
9.214214214214214493e+00 7.969177379432547392e-02
9.224224224224224500e+00 7.982003049896276015e-02
9.234234234234234506e+00 7.994828720360004637e-02
9.244244244244244513e+00 8.007656231814375136e-02
9.254254254254254519e+00 8.020518795878155138e-02
9.264264264264264526e+00 8.033381359941935140e-02
9.274274274274274532e+00 8.046243924005715142e-02
9.284284284284284539e+00 8.059142632243425364e-02
9.294294294294294545e+00 8.072044254199932378e-02
9.304304304304304551e+00 8.084945876156438005e-02
9.314314314314314558e+00 8.097880505444107757e-02
9.324324324324324564e+00 8.110823340200166987e-02
9.334334334334334571e+00 8.123766174956227604e-02
9.344344344344344577e+00 8.136738336945056882e-02
9.354354354354354584e+00 8.149724529526024275e-02
9.364364364364364590e+00 8.162710722106994443e-02
9.374374374374374597e+00 8.175722021994039079e-02
9.384384384384384603e+00 8.188753707066538656e-02
9.394394394394394610e+00 8.201785392139038233e-02
9.404404404404404616e+00 8.214837428435296796e-02
9.414414414414414622e+00 8.227916729847896404e-02
9.424424424424424629e+00 8.240996031260496013e-02
9.434434434434434635e+00 8.254090395565602534e-02
9.444444444444444642e+00 8.267219425906913166e-02
9.454454454454454648e+00 8.280348456248222411e-02
9.464464464464464655e+00 8.293486733031642244e-02
9.474474474474474661e+00 8.306667593205400990e-02
9.484484484484484668e+00 8.319848453379162512e-02
9.494494494494494674e+00 8.333032219767773363e-02
9.504504504504504681e+00 8.346266998584432606e-02
9.514514514514514687e+00 8.359501777401093237e-02
9.524524524524524693e+00 8.372736556217751092e-02
9.534534534534534700e+00 8.386023376757420489e-02
9.544544544544544706e+00 8.399314150541813129e-02
9.554554554554554713e+00 8.412604924326205769e-02
9.564564564564564719e+00 8.425942429341073958e-02
9.574574574574574726e+00 8.439291261555677270e-02
9.584584584584584732e+00 8.452640093770280583e-02
9.594594594594594739e+00 8.466029823923151842e-02
9.604604604604604745e+00 8.479438764806579432e-02
9.614614614614614752e+00 8.492847705690005633e-02
9.624624624624624758e+00 8.506291193166157227e-02
9.634634634634634764e+00 8.519762279386382253e-02
9.644644644644644771e+00 8.533233365606605891e-02
9.654654654654654777e+00 8.546732133945914023e-02
9.664664664664664784e+00 8.560267388267860100e-02
9.674674674674674790e+00 8.573802642589806178e-02
9.684684684684684797e+00 8.587358206524138560e-02
9.694694694694694803e+00 8.600959637491199794e-02
9.704704704704704810e+00 8.614561068458261028e-02
9.714714714714714816e+00 8.628174933754079179e-02
9.724724724724724823e+00 8.641844535383176595e-02
9.734734734734734829e+00 8.655514137012274012e-02
9.744744744744744835e+00 8.669187800318305104e-02
9.754754754754754842e+00 8.682927551808107547e-02
9.764764764764764848e+00 8.696667303297909990e-02
9.774774774774774855e+00 8.710407054787713821e-02
9.784784784784784861e+00 8.724214117449738404e-02
9.794794794794794868e+00 8.738025982901637123e-02
9.804804804804804874e+00 8.751837848353537230e-02
9.814814814814814881e+00 8.765709623123128791e-02
9.824824824824824887e+00 8.779595551274609055e-02
9.834834834834834894e+00 8.793481479426089320e-02
9.844844844844844900e+00 8.807419419115808390e-02
9.854854854854854906e+00 8.821381343085872573e-02
9.864864864864864913e+00 8.835343267055938143e-02
9.874874874874874919e+00 8.849348814557347898e-02
9.884884884884884926e+00 8.863388651603580637e-02
9.894894894894894932e+00 8.877428488649813376e-02
9.904904904904904939e+00 8.891503076816484330e-02
9.914914914914914945e+00 8.905622728103503027e-02
9.924924924924924952e+00 8.919742379390524500e-02
9.934934934934934958e+00 8.933887430925195605e-02
9.944944944944944965e+00 8.948088781304051886e-02
9.954954954954954971e+00 8.962290131682908167e-02
9.964964964964964977e+00 8.976507059028744628e-02
9.974974974974974984e+00 8.990791976827026966e-02
9.984984984984984990e+00 9.005076894625307915e-02
9.994994994994994997e+00 9.019367099861178017e-02
1.000500500500500500e+01 9.033737436683478284e-02
1.001501501501501501e+01 9.048107773505779938e-02
1.002502502502502502e+01 9.062478110328082981e-02
1.003503503503503502e+01 9.076930238783867400e-02
1.004504504504504503e+01 9.091387829322278291e-02
1.005505505505505504e+01 9.105845419860690571e-02
1.006506506506506504e+01 9.120375416471854235e-02
1.007507507507507505e+01 9.134922078326233874e-02
1.008508508508508505e+01 9.149468740180614901e-02
1.009509509509509506e+01 9.164077958081130737e-02
1.010510510510510507e+01 9.178715491588815278e-02
1.011511511511511507e+01 9.193353025096501208e-02
1.012512512512512508e+01 9.208042806514535328e-02
1.013513513513513509e+01 9.222772994589253925e-02
1.014514514514514509e+01 9.237503182663969747e-02
1.015515515515515510e+01 9.252274858844926342e-02
1.016516516516516511e+01 9.267099466824602061e-02
1.017517517517517511e+01 9.281924074804277780e-02
1.018518518518518512e+01 9.296778965937126105e-02
1.019519519519519513e+01 9.311699741440367106e-02
1.020520520520520513e+01 9.326620516943606720e-02
1.021521521521521514e+01 9.341559932090423568e-02
1.022522522522522515e+01 9.356578604881352068e-02
1.023523523523523515e+01 9.371597277672280568e-02
1.024524524524524516e+01 9.386622514700945774e-02
1.025525525525525516e+01 9.401740796562239877e-02
1.026526526526526517e+01 9.416859078423533980e-02
1.027527527527527518e+01 9.431977360284826695e-02
1.028528528528528518e+01 9.447191008557313807e-02
1.029529529529529519e+01 9.462410593171097228e-02
1.030530530530530520e+01 9.477630177784879262e-02
1.031531531531531520e+01 9.492933885308764419e-02
1.032532532532532521e+01 9.508256448145223361e-02
1.033533533533533522e+01 9.523579010981680915e-02
1.034534534534534522e+01 9.538974023353179177e-02
1.035535535535535523e+01 9.554401221566644065e-02
1.036536536536536524e+01 9.569828419780110340e-02
1.037537537537537524e+01 9.585315971065630491e-02
1.038538538538538525e+01 9.600849443397875549e-02
1.039539539539539525e+01 9.616382915730120606e-02
1.040540540540540526e+01 9.631964228420863972e-02
1.041541541541541527e+01 9.647605595111471977e-02
1.042542542542542527e+01 9.663246961802081370e-02
1.043543543543543528e+01 9.678923246771226063e-02
1.044544544544544529e+01 9.694674109474801793e-02
1.045545545545545529e+01 9.710424972178377523e-02
1.046546546546546530e+01 9.726197428640806497e-02
1.047547547547547531e+01 9.742059370350834857e-02
1.048548548548548531e+01 9.757921312060864605e-02
1.049549549549549532e+01 9.773791127535408352e-02
1.050550550550550533e+01 9.789765712514587881e-02
1.051551551551551533e+01 9.805740297493767410e-02
1.052552552552552534e+01 9.821714882472946939e-02
1.053553553553553535e+01 9.837797421484766047e-02
1.054554554554554535e+01 9.853886195201663756e-02
1.055555555555555536e+01 9.869974968918561464e-02
1.056556556556556536e+01 9.886158733370288554e-02
1.057557557557557537e+01 9.902363222442076007e-02
1.058558558558558538e+01 9.918567711513863461e-02
1.059559559559559538e+01 9.934853834731199873e-02
1.060560560560560539e+01 9.951175546872415012e-02
1.061561561561561540e+01 9.967497259013628763e-02
1.062562562562562540e+01 9.983886862453759947e-02
1.063563563563563541e+01 1.000032728643081292e-01
1.064564564564564542e+01 1.001676771040786729e-01
1.065565565565565542e+01 1.003326190363918458e-01
1.066566566566566543e+01 1.004982250923059650e-01
1.067567567567567544e+01 1.006638311482200981e-01
1.068568568568568544e+01 1.008298299550591109e-01
1.069569569569569545e+01 1.009966523346799705e-01
1.070570570570570545e+01 1.011634747143008023e-01
1.071571571571571546e+01 1.013305412530482313e-01
1.072572572572572547e+01 1.014985942734281249e-01
1.073573573573573547e+01 1.016666472938079907e-01
1.074574574574574548e+01 1.018347923024739005e-01
1.075575575575575549e+01 1.020040900899177039e-01
1.076576576576576549e+01 1.021733878773615073e-01
1.077577577577577550e+01 1.023426856648053246e-01
1.078578578578578551e+01 1.025131784643418809e-01
1.079579579579579551e+01 1.026837349542217143e-01
1.080580580580580552e+01 1.028542914441015338e-01
1.081581581581581553e+01 1.030258975752971623e-01
1.082582582582582553e+01 1.031977265119169429e-01
1.083583583583583554e+01 1.033695554485367235e-01
1.084584584584584555e+01 1.035422850994791311e-01
1.085585585585585555e+01 1.037154000359884615e-01
1.086586586586586556e+01 1.038885149724977780e-01
1.087587587587587556e+01 1.040623782114940693e-01
1.088588588588588557e+01 1.042367925098491438e-01
1.089589589589589558e+01 1.044112068082042044e-01
1.090590590590590558e+01 1.045862135837824780e-01
1.091591591591591559e+01 1.047619404147542566e-01
1.092592592592592560e+01 1.049376672457260490e-01
1.093593593593593560e+01 1.051138273866543404e-01
1.094594594594594561e+01 1.052908797298821864e-01
1.095595595595595562e+01 1.054679320731100323e-01
1.096596596596596562e+01 1.056452552884323964e-01
1.097597597597597563e+01 1.058236459325224560e-01
1.098598598598598564e+01 1.060020365766125433e-01
1.099599599599599564e+01 1.061805324557017760e-01
1.100600600600600565e+01 1.063602739983690315e-01
1.101601601601601566e+01 1.065400155410363009e-01
1.102602602602602566e+01 1.067197570837035703e-01
1.103603603603603567e+01 1.069007984019165886e-01
1.104604604604604567e+01 1.070819032501699186e-01
1.105605605605605568e+01 1.072630080984232487e-01
1.106606606606606569e+01 1.074452531169584474e-01
1.107607607607607569e+01 1.076277334873276953e-01
1.108608608608608570e+01 1.078102138576969293e-01
1.109609609609609571e+01 1.079936716171838867e-01
1.110610610610610571e+01 1.081775395359882569e-01
1.111611611611611572e+01 1.083614074547926270e-01
1.112612612612612573e+01 1.085460868768728243e-01
1.113613613613613573e+01 1.087313541805294409e-01
1.114614614614614574e+01 1.089166214841860436e-01
1.115615615615615575e+01 1.091025313716861705e-01
1.116616616616616575e+01 1.092892097070589097e-01
1.117617617617617576e+01 1.094758880424316488e-01
1.118618618618618576e+01 1.096630370795513981e-01
1.119619619619619577e+01 1.098511379043379255e-01
1.120620620620620578e+01 1.100392387291244667e-01
1.121621621621621578e+01 1.102276354816389137e-01
1.122622622622622579e+01 1.104171700647971766e-01
1.123623623623623580e+01 1.106067046479554256e-01
1.124624624624624580e+01 1.107963575634321046e-01
1.125625625625625581e+01 1.109873369856432535e-01
1.126626626626626582e+01 1.111783164078543884e-01
1.127627627627627582e+01 1.113692958300655095e-01
1.128628628628628583e+01 1.115616689700534986e-01
1.129629629629629584e+01 1.117541041242229166e-01
1.130630630630630584e+01 1.119465392783923069e-01
1.131631631631631585e+01 1.121401958284593131e-01
1.132632632632632586e+01 1.123340974202534093e-01
1.133633633633633586e+01 1.125279990120474916e-01
1.134634634634634587e+01 1.127229468799149648e-01
1.135635635635635587e+01 1.129183254283343540e-01
1.136636636636636588e+01 1.131137039767537572e-01
1.137637637637637589e+01 1.133099509535522159e-01
1.138638638638638589e+01 1.135068167915401355e-01
1.139639639639639590e+01 1.137036826295280689e-01
1.140640640640640591e+01 1.139012363901185237e-01
1.141641641641641769e+01 1.140995996652038463e-01
1.142642642642642770e+01 1.142979629402891412e-01
1.143643643643643770e+01 1.144968310435973829e-01
1.144644644644644771e+01 1.146967017185720056e-01
1.145645645645645772e+01 1.148965723935466282e-01
1.146646646646646772e+01 1.150967622829104919e-01
1.147647647647647773e+01 1.152981501365410860e-01
1.148648648648648773e+01 1.154995379901716662e-01
1.149649649649649774e+01 1.157010569937010486e-01
1.150650650650650775e+01 1.159039716214733257e-01
1.151651651651651775e+01 1.161068862492455889e-01
1.152652652652652776e+01 1.163098008770178798e-01
1.153653653653653777e+01 1.165141923950915592e-01
1.154654654654654777e+01 1.167186432099882459e-01
1.155655655655655778e+01 1.169230940248849326e-01
1.156656656656656779e+01 1.171288382004523621e-01
1.157657657657657779e+01 1.173348344337631355e-01
1.158658658658658780e+01 1.175408306670738950e-01
1.159659659659659781e+01 1.177479343039953136e-01
1.160660660660660781e+01 1.179554850061587667e-01
1.161661661661661782e+01 1.181630357083222199e-01
1.162662662662662783e+01 1.183715054976686304e-01
1.163663663663663783e+01 1.185806195391465451e-01
1.164664664664664784e+01 1.187897335806244459e-01
1.165665665665665784e+01 1.189995761011306413e-01
1.166666666666666785e+01 1.192102621733126533e-01
1.167667667667667786e+01 1.194209482454946514e-01
1.168668668668668786e+01 1.196321699640238989e-01
1.169669669669669787e+01 1.198444365801634853e-01
1.170670670670670788e+01 1.200567031963030995e-01
1.171671671671671788e+01 1.202693104683235509e-01
1.172672672672672789e+01 1.204831659645045211e-01
1.173673673673673790e+01 1.206970214606854913e-01
1.174674674674674790e+01 1.209110205307581259e-01
1.175675675675675791e+01 1.211264730668910189e-01
1.176676676676676792e+01 1.213419256030238980e-01
1.177677677677677792e+01 1.215573781391567909e-01
1.178678678678678793e+01 1.217743801661498454e-01
1.179679679679679793e+01 1.219914377269980393e-01
1.180680680680680794e+01 1.222084952878462333e-01
1.181681681681681795e+01 1.224269090819715827e-01
1.182682682682682795e+01 1.226455794782070480e-01
1.183683683683683796e+01 1.228642498744424993e-01
1.184684684684684797e+01 1.230840811775729265e-01
1.185685685685685797e+01 1.233043720468610938e-01
1.186686686686686798e+01 1.235246629161492610e-01
1.187687687687687799e+01 1.237459173624276682e-01
1.188688688688688799e+01 1.239678361705403575e-01
1.189689689689689800e+01 1.241897549786530608e-01
1.190690690690690801e+01 1.244124380950646785e-01
1.191691691691691801e+01 1.246359921370218532e-01
1.192692692692692802e+01 1.248595461789790279e-01
1.193693693693693803e+01 1.250836633859343239e-01
1.194694694694694803e+01 1.253088597871743481e-01
1.195695695695695804e+01 1.255340561884144002e-01
1.196696696696696804e+01 1.257596128003423408e-01
1.197697697697697805e+01 1.259864585179188146e-01
1.198698698698698806e+01 1.262133042354952883e-01
1.199699699699699806e+01 1.264403054614467448e-01
1.200700700700700807e+01 1.266688072852533709e-01
1.201701701701701808e+01 1.268973091090599692e-01
1.202702702702702808e+01 1.271258109328665675e-01
1.203703703703703809e+01 1.273559246073444340e-01
1.204704704704704810e+01 1.275860891613669335e-01
1.205705705705705810e+01 1.278162537153894052e-01
1.206706706706706811e+01 1.280478285676814876e-01
1.207707707707707812e+01 1.282796623112762158e-01
1.208708708708708812e+01 1.285114960548709717e-01
1.209709709709709813e+01 1.287445368182945915e-01
1.210710710710710813e+01 1.289780460474930501e-01
1.211711711711711814e+01 1.292115552766914810e-01
1.212712712712712815e+01 1.294460665830343138e-01
1.213713713713713815e+01 1.296812574318743361e-01
1.214714714714714816e+01 1.299164482807143584e-01
1.215715715715715817e+01 1.301524346609143346e-01
1.216716716716716817e+01 1.303893131027963059e-01
1.217717717717717818e+01 1.306261915446782773e-01
1.218718718718718819e+01 1.308636574295136135e-01
1.219719719719719819e+01 1.311022292785831989e-01
1.220720720720720820e+01 1.313408011276527565e-01
1.221721721721721821e+01 1.315797508484413125e-01
1.222722722722722821e+01 1.318200217609954705e-01
1.223723723723723822e+01 1.320602926735496563e-01
1.224724724724724823e+01 1.323007304628573133e-01
1.225725725725725823e+01 1.325427059387769557e-01
1.226726726726726824e+01 1.327846814146965981e-01
1.227727727727727824e+01 1.330266568906162683e-01
1.228728728728728825e+01 1.332702967912615111e-01
1.229729729729729826e+01 1.335139821754671718e-01
1.230730730730730826e+01 1.337576675596728049e-01
1.231731731731731827e+01 1.340028088920361127e-01
1.232732732732732828e+01 1.342482093759680140e-01
1.233733733733733828e+01 1.344936098598999430e-01
1.234734734734734829e+01 1.347402564126613522e-01
1.235735735735735830e+01 1.349873770357836178e-01
1.236736736736736830e+01 1.352344976589059389e-01
1.237737737737737831e+01 1.354826531264486100e-01
1.238738738738738832e+01 1.357314987777762660e-01
1.239739739739739832e+01 1.359803444291039221e-01
1.240740740740740833e+01 1.362300124122916289e-01
1.241741741741741833e+01 1.364805878319408361e-01
1.242742742742742834e+01 1.367311632515899877e-01
1.243743743743743835e+01 1.369823472585532942e-01
1.244744744744744835e+01 1.372346570393141452e-01
1.245745745745745836e+01 1.374869668200749961e-01
1.246746746746746837e+01 1.377396702670057871e-01
1.247747747747747837e+01 1.379937188559375583e-01
1.248748748748748838e+01 1.382477674448693572e-01
1.249749749749749839e+01 1.385019936568239463e-01
1.250750750750750839e+01 1.387577853568723041e-01
1.251751751751751840e+01 1.390135770569206619e-01
1.252752752752752841e+01 1.392693687569690475e-01
1.253753753753753841e+01 1.395268682402665827e-01
1.254754754754754842e+01 1.397844072119019676e-01
1.255755755755755843e+01 1.400419461835373802e-01
1.256756756756756843e+01 1.403009788314732442e-01
1.257757757757757844e+01 1.405602690943508759e-01
1.258758758758758844e+01 1.408195593572284798e-01
1.259759759759759845e+01 1.410801280872182040e-01
1.260760760760760846e+01 1.413411735218587373e-01
1.261761761761761846e+01 1.416022189564992706e-01
1.262762762762762847e+01 1.418643265998177083e-01
1.263763763763763848e+01 1.421271309493082335e-01
1.264764764764764848e+01 1.423899352987987588e-01
1.265765765765765849e+01 1.426535846014438669e-01
1.266766766766766850e+01 1.429181514731592273e-01
1.267767767767767850e+01 1.431827183448746155e-01
1.268768768768768851e+01 1.434479119684383408e-01
1.269769769769769852e+01 1.437142448357816293e-01
1.270770770770770852e+01 1.439805777031248901e-01
1.271771771771771853e+01 1.442473182256714948e-01
1.272772772772772854e+01 1.445154204298347567e-01
1.273773773773773854e+01 1.447835226339980186e-01
1.274774774774774855e+01 1.450518125509498990e-01
1.275775775775775855e+01 1.453216873026921263e-01
1.276776776776776856e+01 1.455915620544343536e-01
1.277777777777777857e+01 1.458614368061765809e-01
1.278778778778778857e+01 1.461330541609094646e-01
1.279779779779779858e+01 1.464047045423548521e-01
1.280780780780780859e+01 1.466763549238002395e-01
1.281781781781781859e+01 1.469495293747386799e-01
1.282782782782782860e+01 1.472229583411917286e-01
1.283783783783783861e+01 1.474963873076447773e-01
1.284784784784784861e+01 1.477711209826820249e-01
1.285785785785785862e+01 1.480463313644603818e-01
1.286786786786786863e+01 1.483215417462387109e-01
1.287787787787787863e+01 1.485978366960888364e-01
1.288788788788788864e+01 1.488748312003738417e-01
1.289789789789789864e+01 1.491518257046588747e-01
1.290790790790790865e+01 1.494296839037934366e-01
1.291791791791791866e+01 1.497084651164971303e-01
1.292792792792792866e+01 1.499872463292008240e-01
1.293793793793793867e+01 1.502666696767921695e-01
1.294794794794794868e+01 1.505472400644406461e-01
1.295795795795795868e+01 1.508278104520890672e-01
1.296796796796796869e+01 1.511088007729594063e-01
1.297797797797797870e+01 1.513911626845918790e-01
1.298798798798798870e+01 1.516735245962243517e-01
1.299799799799799871e+01 1.519560836418007432e-01
1.300800800800800872e+01 1.522402393108848728e-01
1.301801801801801872e+01 1.525243949799690024e-01
1.302802802802802873e+01 1.528085506490531598e-01
1.303803803803803874e+01 1.530944759756059370e-01
1.304804804804804874e+01 1.533804275219669555e-01
1.305805805805805875e+01 1.536663790683280018e-01
1.306806806806806875e+01 1.539538784142335803e-01
1.307807807807807876e+01 1.542416278459989021e-01
1.308808808808808877e+01 1.545293772777641961e-01
1.309809809809809877e+01 1.548184520703143330e-01
1.310810810810810878e+01 1.551080012858722101e-01
1.311811811811811879e+01 1.553975505014300595e-01
1.312812812812812879e+01 1.556882021003713756e-01
1.313813813813813880e+01 1.559795528903424600e-01
1.314814814814814881e+01 1.562709036803135443e-01
1.315815815815815881e+01 1.565631333788440882e-01
1.316816816816816882e+01 1.568562874280673425e-01
1.317817817817817883e+01 1.571494414772905690e-01
1.318818818818818883e+01 1.574432505030610996e-01
1.319819819819819884e+01 1.577382093925909778e-01
1.320820820820820884e+01 1.580331682821208561e-01
1.321821821821821885e+01 1.583285577982404546e-01
1.322822822822822886e+01 1.586253230073580434e-01
1.323823823823823886e+01 1.589220882164756599e-01
1.324824824824824887e+01 1.592190593225226158e-01
1.325825825825825888e+01 1.595176322307568784e-01
1.326826826826826888e+01 1.598162051389911409e-01
1.327827827827827889e+01 1.601147780472253757e-01
1.328828828828828890e+01 1.604151407611886238e-01
1.329829829829829890e+01 1.607155226503496903e-01
1.330830830830830891e+01 1.610159045395107569e-01
1.331831831831831892e+01 1.613178520421643392e-01
1.332832832832832892e+01 1.616200440983880937e-01
1.333833833833833893e+01 1.619222361546118205e-01
1.334834834834834894e+01 1.622257692674271834e-01
1.335835835835835894e+01 1.625297725832289819e-01
1.336836836836836895e+01 1.628337758990307804e-01
1.337837837837837895e+01 1.631388953860975211e-01
1.338838838838838896e+01 1.634447109624366790e-01
1.339839839839839897e+01 1.637505265387757813e-01
1.340840840840840897e+01 1.640572331078425372e-01
1.341841841841841898e+01 1.643648618561955044e-01
1.342842842842842899e+01 1.646724906045484715e-01
1.343843843843843899e+01 1.649807849080668631e-01
1.344844844844844900e+01 1.652902276525098080e-01
1.345845845845845901e+01 1.655996703969527528e-01
1.346846846846846901e+01 1.659095530331248791e-01
1.347847847847847902e+01 1.662208105124241275e-01
1.348848848848848903e+01 1.665320679917234314e-01
1.349849849849849903e+01 1.668435395055521686e-01
1.350850850850850904e+01 1.671566123752625810e-01
1.351851851851851904e+01 1.674696852449729934e-01
1.352852852852852905e+01 1.677827581146834057e-01
1.353853853853853906e+01 1.680976349638860501e-01
1.354854854854854906e+01 1.684125237984567813e-01
1.355855855855855907e+01 1.687274126330275126e-01
1.356856856856856908e+01 1.690438797899669610e-01
1.357857857857857908e+01 1.693605850848538541e-01
1.358858858858858909e+01 1.696772903797407750e-01
1.359859859859859910e+01 1.699953481592791082e-01
1.360860860860860910e+01 1.703138703330637216e-01
1.361861861861861911e+01 1.706323925068483072e-01
1.362862862862862912e+01 1.709520411770028281e-01
1.363863863863863912e+01 1.712723805735168470e-01
1.364864864864864913e+01 1.715927199700308659e-01
1.365865865865865914e+01 1.719139597530432162e-01
1.366866866866866914e+01 1.722361166434981661e-01
1.367867867867867915e+01 1.725582735339531437e-01
1.368868868868868915e+01 1.728811046073602808e-01
1.369869869869869916e+01 1.732050791924827360e-01
1.370870870870870917e+01 1.735290537776052466e-01
1.371871871871871917e+01 1.738534762753121965e-01
1.372872872872872918e+01 1.741792686874820695e-01
1.373873873873873919e+01 1.745050610996519980e-01
1.374874874874874919e+01 1.748310751130058016e-01
1.375875875875875920e+01 1.751586854183990460e-01
1.376876876876876921e+01 1.754862957237922627e-01
1.377877877877877921e+01 1.758139060291855349e-01
1.378878878878878922e+01 1.761433295033922597e-01
1.379879879879879923e+01 1.764727577041268480e-01
1.380880880880880923e+01 1.768021859048614641e-01
1.381881881881881924e+01 1.771332008942476388e-01
1.382882882882882924e+01 1.774644469305321770e-01
1.383883883883883925e+01 1.777956929668167430e-01
1.384884884884884926e+01 1.781282993817552840e-01
1.385885885885885926e+01 1.784613631340392637e-01
1.386886886886886927e+01 1.787944268863232433e-01
1.387887887887887928e+01 1.791286246010913297e-01
1.388888888888888928e+01 1.794635058922182391e-01
1.389889889889889929e+01 1.797983871833451486e-01
1.390890890890890930e+01 1.801341760372048573e-01
1.391891891891891930e+01 1.804708746345647929e-01
1.392892892892892931e+01 1.808075732319247841e-01
1.393893893893893932e+01 1.811449530302045585e-01
1.394894894894894932e+01 1.814834686478895287e-01
1.395895895895895933e+01 1.818219842655744711e-01
1.396896896896896934e+01 1.821609547807508389e-01
1.397897897897897934e+01 1.825012870817082355e-01
1.398898898898898935e+01 1.828416193826656044e-01
1.399899899899899935e+01 1.831821803554441741e-01
1.400900900900900936e+01 1.835243289536309663e-01
1.401901901901901937e+01 1.838664775518177585e-01
1.402902902902902937e+01 1.842086286922146321e-01
1.403903903903903938e+01 1.845525931547508658e-01
1.404904904904904939e+01 1.848965576172870717e-01
1.405905905905905939e+01 1.852405220798233054e-01
1.406906906906906940e+01 1.855860784550301401e-01
1.407907907907907941e+01 1.859318583043501061e-01
1.408908908908908941e+01 1.862776381536700721e-01
1.409909909909909942e+01 1.866247835086816409e-01
1.410910910910910943e+01 1.869723782246837385e-01
1.411911911911911943e+01 1.873199729406858360e-01
1.412912912912912944e+01 1.876687068595462859e-01
1.413913913913913944e+01 1.880181158817410270e-01
1.414914914914914945e+01 1.883675249039357402e-01
1.415915915915915946e+01 1.887178469464653174e-01
1.416916916916916946e+01 1.890690696761190004e-01
1.417917917917917947e+01 1.894202924057726833e-01
1.418918918918918948e+01 1.897722021086431510e-01
1.419919919919919948e+01 1.901252379109196478e-01
1.420920920920920949e+01 1.904782737131961168e-01
1.421921921921921950e+01 1.908317705910046735e-01
1.422922922922922950e+01 1.911866187971020814e-01
1.423923923923923951e+01 1.915414670031995448e-01
1.424924924924924952e+01 1.918965505495408841e-01
1.425925925925925952e+01 1.922532104588249025e-01
1.426926926926926953e+01 1.926098703681089208e-01
1.427927927927927954e+01 1.929665400566462907e-01
1.428928928928928954e+01 1.933250109387778248e-01
1.429929929929929955e+01 1.936834818209093312e-01
1.430930930930930955e+01 1.940419527030408930e-01
1.431931931931931956e+01 1.944020182035008648e-01
1.432932932932932957e+01 1.947622993005584946e-01
1.433933933933933957e+01 1.951225803976161799e-01
1.434934934934934958e+01 1.954842301486902634e-01
1.435935935935935959e+01 1.958463206772873832e-01
1.436936936936936959e+01 1.962084112058845031e-01
1.437937937937937960e+01 1.965716446044915022e-01
1.438938938938938961e+01 1.969355437578866053e-01
1.439939939939939961e+01 1.972994429112817083e-01
1.440940940940940962e+01 1.976642593407755555e-01
1.441941941941941963e+01 1.980299662909754399e-01
1.442942942942942963e+01 1.983956732411753521e-01
1.443943943943943964e+01 1.987620720723987378e-01
1.444944944944944965e+01 1.991295859722553296e-01
1.445945945945945965e+01 1.994970998721118660e-01
1.446946946946946966e+01 1.998650804644466761e-01
1.447947947947947966e+01 2.002344004497452756e-01
1.448948948948948967e+01 2.006037204350438752e-01
1.449949949949949968e+01 2.009732821374581591e-01
1.450950950950950968e+01 2.013444073289981373e-01
1.451951951951951969e+01 2.017155325205380878e-01
1.452952952952952970e+01 2.020866746726308061e-01
1.453953953953953970e+01 2.024596041782967537e-01
1.454954954954954971e+01 2.028325336839627013e-01
1.455955955955955972e+01 2.032054631896286490e-01
1.456956956956956972e+01 2.035799885338292203e-01
1.457957957957957973e+01 2.039547214506542139e-01
1.458958958958958974e+01 2.043294543674792074e-01
1.459959959959959974e+01 2.047055579048425722e-01
1.460960960960960975e+01 2.050820933210605324e-01
1.461961961961961975e+01 2.054586287372784370e-01
1.462962962962962976e+01 2.058363097787723195e-01
1.463963963963963977e+01 2.062146467758613766e-01
1.464964964964964977e+01 2.065929837729504059e-01
1.465965965965965978e+01 2.069722416263494180e-01
1.466966966966966979e+01 2.073523792810645083e-01
1.467967967967967979e+01 2.077325169357795709e-01
1.468968968968968980e+01 2.081133509066813159e-01
1.469969969969969981e+01 2.084952882930755369e-01
1.470970970970970981e+01 2.088772256794697579e-01
1.471971971971971982e+01 2.092596350723066601e-01
1.472972972972972983e+01 2.096433712637416347e-01
1.473973973973973983e+01 2.100271074551766093e-01
1.474974974974974984e+01 2.104110915742234966e-01
1.475975975975975985e+01 2.107966256453680520e-01
1.476976976976976985e+01 2.111821597165125797e-01
1.477977977977977986e+01 2.115677178668899650e-01
1.478978978978978986e+01 2.119550488957066547e-01
1.479979979979979987e+01 2.123423799245233723e-01
1.480980980980980988e+01 2.127297109533401176e-01
1.481981981981981988e+01 2.131186384829145408e-01
1.482982982982982989e+01 2.135077655526331497e-01
1.483983983983983990e+01 2.138968926223518141e-01
1.484984984984984990e+01 2.142873918904821540e-01
1.485985985985985991e+01 2.146783140915609900e-01
1.486986986986986992e+01 2.150692362926397982e-01
1.487987987987987992e+01 2.154613066221318929e-01
1.488988988988988993e+01 2.158540230542050908e-01
1.489989989989989994e+01 2.162467394862782888e-01
1.490990990990990994e+01 2.166403802066830253e-01
1.491991991991991995e+01 2.170348899804937504e-01
1.492992992992992995e+01 2.174293997543044754e-01
1.493993993993993996e+01 2.178246102028832121e-01
1.494994994994994997e+01 2.182209124422042346e-01
1.495995995995995997e+01 2.186172146815253126e-01
1.496996996996996998e+01 2.190139942042097498e-01
1.497997997997997999e+01 2.194120880477477553e-01
1.498998998998998999e+01 2.198101818912857608e-01
1.500000000000000000e+01 2.202085298436319838e-01
