5.000000000000000000e+00 8.155032663023961681e-03
5.010010010010010006e+00 8.234679060927448807e-03
5.020020020020020013e+00 8.314325458830935933e-03
5.030030030030030019e+00 8.393971856734423059e-03
5.040040040040040026e+00 8.473618254637910185e-03
5.050050050050050032e+00 8.553264652541397312e-03
5.060060060060060039e+00 8.632911050444884438e-03
5.070070070070070045e+00 8.712557448348371564e-03
5.080080080080080052e+00 8.792203846251858690e-03
5.090090090090090058e+00 8.871850244155345816e-03
5.100100100100100065e+00 8.951496642058832942e-03
5.110110110110110071e+00 9.031143039962320068e-03
5.120120120120120077e+00 9.110789437865808929e-03
5.130130130130130084e+00 9.190435835769294320e-03
5.140140140140140090e+00 9.270082233672781447e-03
5.150150150150150097e+00 9.349728631576268573e-03
5.160160160160160103e+00 9.430059937681986929e-03
5.170170170170170110e+00 9.510497770993643629e-03
5.180180180180180116e+00 9.590935604305303799e-03
5.190190190190190123e+00 9.671925534470186478e-03
5.200200200200200129e+00 9.753131449102414932e-03
5.210210210210210136e+00 9.834337363734646856e-03
5.220220220220220142e+00 9.915969523918823428e-03
5.230230230230230148e+00 9.997920362619471327e-03
5.240240240240240155e+00 1.007987120132012096e-02
5.250250250250250161e+00 1.016212932533226004e-02
5.260260260260260168e+00 1.024480216899411635e-02
5.270270270270270174e+00 1.032747501265597612e-02
5.280280280280280181e+00 1.041034297883109902e-02
5.290290290290290187e+00 1.049371518633977762e-02
5.300300300300300194e+00 1.057708739384845796e-02
5.310310310310310200e+00 1.066054924133153295e-02
5.320320320320320207e+00 1.074459848792174745e-02
5.330330330330330213e+00 1.082864773451196368e-02
5.340340340340340219e+00 1.091269698110217817e-02
5.350350350350350226e+00 1.099739199323899325e-02
5.360360360360360232e+00 1.108209630733438325e-02
5.370370370370370239e+00 1.116680062142977325e-02
5.380380380380380245e+00 1.125203655565090548e-02
5.390390390390390252e+00 1.133737435416686673e-02
5.400400400400400258e+00 1.142271215268282625e-02
5.410410410410410265e+00 1.150847404650886044e-02
5.420420420420420271e+00 1.159442416860275230e-02
5.430430430430430278e+00 1.168037429069664242e-02
5.440440440440440284e+00 1.176664743576159855e-02
5.450450450450450290e+00 1.185318917501860733e-02
5.460460460460460297e+00 1.193973091427561958e-02
5.470470470470470303e+00 1.202650086901127166e-02
5.480480480480480310e+00 1.211361400405857290e-02
5.490490490490490316e+00 1.220072713910587588e-02
5.500500500500500323e+00 1.228797974100551312e-02
5.510510510510510329e+00 1.237564456455098050e-02
5.520520520520520336e+00 1.246330938809644788e-02
5.530530530530530342e+00 1.255103076555797760e-02
5.540540540540540349e+00 1.263922811185355828e-02
5.550550550550550355e+00 1.272742545814914070e-02
5.560560560560560361e+00 1.281562280444472138e-02
5.570570570570570368e+00 1.290431331263066674e-02
5.580580580580580374e+00 1.299302458336388903e-02
5.590590590590590381e+00 1.308173585409711480e-02
5.600600600600600387e+00 1.317085030607255576e-02
5.610610610610610394e+00 1.326005749469288258e-02
5.620620620620620400e+00 1.334926468331321288e-02
5.630630630630630407e+00 1.343879076157305195e-02
5.640640640640640413e+00 1.352847647606299740e-02
5.650650650650650419e+00 1.361816219055294284e-02
5.660660660660660426e+00 1.370808793288807829e-02
5.670670670670670432e+00 1.379823541699170403e-02
5.680680680680680439e+00 1.388838290109532803e-02
5.690690690690690445e+00 1.397869670880285721e-02
5.700700700700700452e+00 1.406928986172723342e-02
5.710710710710710458e+00 1.415988301465160616e-02
5.720720720720720465e+00 1.425057366034138823e-02
5.730730730730730471e+00 1.434159705494893362e-02
5.740740740740740478e+00 1.443262044955647902e-02
5.750750750750750484e+00 1.452367708455637105e-02
5.760760760760760490e+00 1.461511598406824847e-02
5.770770770770770497e+00 1.470655488358012589e-02
5.780780780780780503e+00 1.479799378309200331e-02
5.790790790790790510e+00 1.488980741817558934e-02
5.800800800800800516e+00 1.498164779140902930e-02
5.810810810810810523e+00 1.507348816464247100e-02
5.820820820820820529e+00 1.516563394368275995e-02
5.830830830830830536e+00 1.525786247884661391e-02
5.840840840840840542e+00 1.535009101401046787e-02
5.850850850850850549e+00 1.544255999671386055e-02
5.860860860860860555e+00 1.553516411378889558e-02
5.870870870870870561e+00 1.562776823086393235e-02
5.880880880880880568e+00 1.572055189230174219e-02
5.890890890890890574e+00 1.581351975403394450e-02
5.900900900900900581e+00 1.590648761576614681e-02
5.910910910910910587e+00 1.599957785045044711e-02
5.920920920920920594e+00 1.609289837198696685e-02
5.930930930930930600e+00 1.618621889352348311e-02
5.940940940940940607e+00 1.627960801912677752e-02
5.950950950950950613e+00 1.637327087632584402e-02
5.960960960960960620e+00 1.646693373352491746e-02
5.970970970970970626e+00 1.656061449424753307e-02
5.980980980980980632e+00 1.665461013069471224e-02
5.990990990990990639e+00 1.674860576714188795e-02
6.001001001001000645e+00 1.684260140358906713e-02
6.011011011011010652e+00 1.693689096949527184e-02
6.021021021021020658e+00 1.703121060225971928e-02
6.031031031031030665e+00 1.712553023502416671e-02
6.041041041041040671e+00 1.722009021084829408e-02
6.051051051051050678e+00 1.731472583501384582e-02
6.061061061061060684e+00 1.740936145917939409e-02
6.071071071071070691e+00 1.750418666679931859e-02
6.081081081081080697e+00 1.759913105880586345e-02
6.091091091091090703e+00 1.769407545081241179e-02
6.101101101101100710e+00 1.778916115084439378e-02
6.111111111111110716e+00 1.788440787067600152e-02
6.121121121121120723e+00 1.797965459050760578e-02
6.131131131131130729e+00 1.807499648285324292e-02
6.141141141141140736e+00 1.817053987511013657e-02
6.151151151151150742e+00 1.826608326736702675e-02
6.161161161161160749e+00 1.836167749146874750e-02
6.171171171171170755e+00 1.845751268536073575e-02
6.181181181181180762e+00 1.855334787925272400e-02
6.191191191191190768e+00 1.864919101406236138e-02
6.201201201201200774e+00 1.874531392236193639e-02
6.211211211211210781e+00 1.884143683066151487e-02
6.221221221221220787e+00 1.893755973896109682e-02
6.231231231231230794e+00 1.903393321131992971e-02
6.241241241241240800e+00 1.913034052831332973e-02
6.251251251251250807e+00 1.922674784530672976e-02
6.261261261261260813e+00 1.932336217606040601e-02
6.271271271271270820e+00 1.942005137453566704e-02
6.281281281281280826e+00 1.951674057301092807e-02
6.291291291291290833e+00 1.961359443121564461e-02
6.301301301301300839e+00 1.971056375852631853e-02
6.311311311311310845e+00 1.980753308583699246e-02
6.321321321321320852e+00 1.990462557233329058e-02
6.331331331331330858e+00 2.000187404557693394e-02
6.341341341341340865e+00 2.009912251882057729e-02
6.351351351351350871e+00 2.019645316398992543e-02
6.361361361361360878e+00 2.029398056434051148e-02
6.371371371371370884e+00 2.039150796469109753e-02
6.381381381381380891e+00 2.048907672599226820e-02
6.391391391391390897e+00 2.058688359222519623e-02
6.401401401401400904e+00 2.068469045845812079e-02
6.411411411411410910e+00 2.078249771774806631e-02
6.421421421421420916e+00 2.088058533899679256e-02
6.431431431431430923e+00 2.097867296024551534e-02
6.441441441441440929e+00 2.107676058149423812e-02
6.451451451451450936e+00 2.117508992867230683e-02
6.461461461461460942e+00 2.127346033645512169e-02
6.471471471471470949e+00 2.137183074423794349e-02
6.481481481481480955e+00 2.147040337978594129e-02
6.491491491491490962e+00 2.156905933934111577e-02
6.501501501501500968e+00 2.166771529889628678e-02
6.511511511511510975e+00 2.176653358410843980e-02
6.521521521521520981e+00 2.186547858507562059e-02
6.531531531531530987e+00 2.196442358604280137e-02
6.541541541541540994e+00 2.206349028390013067e-02
6.551551551551551000e+00 2.216272853038574880e-02
6.561561561561561007e+00 2.226196677687136694e-02
6.571571571571571013e+00 2.236128504777728024e-02
6.581581581581581020e+00 2.246082144784074253e-02
6.591591591591591026e+00 2.256035784790421175e-02
6.601601601601601033e+00 2.265993124526989588e-02
6.611611611611611927e+00 2.275977139986722075e-02
6.621621621621621934e+00 2.285961155446452828e-02
6.631631631631631940e+00 2.295945170906184274e-02
6.641641641641641947e+00 2.305959421156945563e-02
6.651651651651651953e+00 2.315974440299029338e-02
6.661661661661661959e+00 2.325989459441113114e-02
6.671671671671671966e+00 2.336030744243060980e-02
6.681681681681681972e+00 2.346077462226401136e-02
6.691691691691691979e+00 2.356124180209740598e-02
6.701701701701701985e+00 2.366193035696894167e-02
6.711711711711711992e+00 2.376272213363245581e-02
6.721721721721721998e+00 2.386351391029596647e-02
6.731731731731732005e+00 2.396448389442263141e-02
6.741741741741742011e+00 2.406560852028889405e-02
6.751751751751752018e+00 2.416673314615515322e-02
6.761761761761762024e+00 2.426799063753483712e-02
6.771771771771772030e+00 2.436945699568870624e-02
6.781781781781782037e+00 2.447092335384257189e-02
6.791791791791792043e+00 2.457247478050914730e-02
6.801801801801802050e+00 2.467429237116800303e-02
6.811811811811812056e+00 2.477610996182685529e-02
6.821821821821822063e+00 2.487796209620444371e-02
6.831831831831832069e+00 2.498014102283330901e-02
6.841841841841842076e+00 2.508231994946217083e-02
6.851851851851852082e+00 2.518449887609103613e-02
6.861861861861862089e+00 2.528703085778871359e-02
6.871871871871872095e+00 2.538958181294108732e-02
6.881881881881882101e+00 2.549213276809346451e-02
6.891891891891892108e+00 2.559499127976524666e-02
6.901901901901902114e+00 2.569792553067959395e-02
6.911911911911912121e+00 2.580085978159394125e-02
6.921921921921922127e+00 2.590405315421552210e-02
6.931931931931932134e+00 2.600738252819671109e-02
6.941941941941942140e+00 2.611071190217790008e-02
6.951951951951952147e+00 2.621424877293532241e-02
6.961961961961962153e+00 2.631798564254932485e-02
6.971971971971972160e+00 2.642172251216333076e-02
6.981981981981982166e+00 2.652561181827159387e-02
6.991991991991992172e+00 2.662976908638051143e-02
7.002002002002002179e+00 2.673392635448942900e-02
7.012012012012012185e+00 2.683817732697432040e-02
7.022022022022022192e+00 2.694276841163868036e-02
7.032032032032032198e+00 2.704735949630303685e-02
7.042042042042042205e+00 2.715198165374927905e-02
7.052052052052052211e+00 2.725702047302288114e-02
7.062062062062062218e+00 2.736205929229648323e-02
7.072072072072072224e+00 2.746709811157008532e-02
7.082082082082082231e+00 2.757256339120714786e-02
7.092092092092092237e+00 2.767806434784903999e-02
7.102102102102102243e+00 2.778356530449093559e-02
7.112112112112112250e+00 2.788943651589556941e-02
7.122122122122122256e+00 2.799541448202309130e-02
7.132132132132132263e+00 2.810139244815060972e-02
7.142142142142142269e+00 2.820768038875802811e-02
7.152152152152152276e+00 2.831415069046352984e-02
7.162162162162162282e+00 2.842062099216903157e-02
7.172172172172172289e+00 2.852733670629406179e-02
7.182182182182182295e+00 2.863431510824703333e-02
7.192192192192192302e+00 2.874129351020000486e-02
7.202202202202202308e+00 2.884844828267076403e-02
7.212212212212212314e+00 2.895595097272654975e-02
7.222222222222222321e+00 2.906345366278233894e-02
7.232232232232232327e+00 2.917105901257937076e-02
7.242242242242242334e+00 2.927910258641411648e-02
7.252252252252252340e+00 2.938714616024885873e-02
7.262262262262262347e+00 2.949521383415211473e-02
7.272272272272272353e+00 2.960381527994317141e-02
7.282282282282282360e+00 2.971241672573422810e-02
7.292292292292292366e+00 2.982101817152528478e-02
7.302302302302302373e+00 2.993013537515016795e-02
7.312312312312312379e+00 3.003931205832001752e-02
7.322322322322322385e+00 3.014848874148986710e-02
7.332332332332332392e+00 3.025811014831290141e-02
7.342342342342342398e+00 3.036787979635366744e-02
7.352352352352352405e+00 3.047764944439443346e-02
7.362362362362362411e+00 3.058778779358158756e-02
7.372372372372372418e+00 3.069816848097666265e-02
7.382382382382382424e+00 3.080854916837173080e-02
7.392392392392392431e+00 3.091921738663691577e-02
7.402402402402402437e+00 3.103022751989474581e-02
7.412412412412412444e+00 3.114123765315257933e-02
7.422422422422422450e+00 3.125244884860701317e-02
7.432432432432432456e+00 3.136410715142191885e-02
7.442442442442442463e+00 3.147576545423683148e-02
7.452452452452452469e+00 3.158753291027453780e-02
7.462462462462462476e+00 3.169985840882785788e-02
7.472472472472472482e+00 3.181218390738118490e-02
7.482482482482482489e+00 3.192452107660214561e-02
7.492492492492492495e+00 3.203753308501672975e-02
7.502502502502502502e+00 3.215054509343131389e-02
7.512512512512512508e+00 3.226355710184590497e-02
7.522522522522522515e+00 3.237718369756389936e-02
7.532532532532532521e+00 3.249090180352376400e-02
7.542542542542542527e+00 3.260461990948362171e-02
7.552552552552552534e+00 3.271886345413508451e-02
7.562562562562562540e+00 3.283330750468129583e-02
7.572572572572572547e+00 3.294775155522750715e-02
7.582582582582582553e+00 3.306262621831107529e-02
7.592592592592592560e+00 3.317781630582428837e-02
7.602602602602602566e+00 3.329300639333750145e-02
7.612612612612612573e+00 3.340852647583957696e-02
7.622622622622622579e+00 3.352448292421870285e-02
7.632632632632632586e+00 3.364043937259782874e-02
7.642642642642642592e+00 3.375661930133423000e-02
7.652652652652652598e+00 3.387336265237982785e-02
7.662662662662662605e+00 3.399010600342543265e-02
7.672672672672672611e+00 3.410696032543883427e-02
7.682682682682682618e+00 3.422451132544948593e-02
7.692692692692692624e+00 3.434206232546015147e-02
7.702702702702702631e+00 3.445961332547081007e-02
7.712712712712712637e+00 3.457798528906293883e-02
7.722722722722722644e+00 3.469636487565159327e-02
7.732732732732732650e+00 3.481474446224024771e-02
7.742742742742742657e+00 3.493384136772031967e-02
7.752752752752752663e+00 3.505307065685742823e-02
7.762762762762762669e+00 3.517229994599455067e-02
7.772772772772772676e+00 3.529213683367606741e-02
7.782782782782782682e+00 3.541223710696513038e-02
7.792792792792792689e+00 3.553233738025419336e-02
7.802802802802802695e+00 3.565292937635815285e-02
7.812812812812812702e+00 3.577392206854901335e-02
7.822822822822822708e+00 3.589491476073987386e-02
7.832832832832832715e+00 3.601627707232821912e-02
7.842842842842842721e+00 3.613818375907269786e-02
7.852852852852852727e+00 3.626009044581716967e-02
7.862862862862862734e+00 3.638223835579196958e-02
7.872872872872872740e+00 3.650508074164555278e-02
7.882882882882882747e+00 3.662792312749914292e-02
7.892892892892892753e+00 3.675087198966788676e-02
7.902902902902902760e+00 3.687467189634121428e-02
7.912912912912912766e+00 3.699847180301453486e-02
7.922922922922922773e+00 3.712227170968786932e-02
7.932932932932932779e+00 3.724701639208440745e-02
7.942942942942942786e+00 3.737179574694684397e-02
7.952952952952952792e+00 3.749657510180928049e-02
7.962962962962962798e+00 3.762217365911148248e-02
7.972972972972972805e+00 3.774795448394919345e-02
7.982982982982982811e+00 3.787373530878689748e-02
7.992992992992992818e+00 3.800020336200896076e-02
8.003003003003001936e+00 3.812700776203933190e-02
8.013013013013011943e+00 3.825381216206970303e-02
8.023023023023021949e+00 3.838116537333374073e-02
8.033033033033031955e+00 3.850901552647702231e-02
8.043043043043041962e+00 3.863686567962030388e-02
8.053053053053051968e+00 3.876511974781667036e-02
8.063063063063061975e+00 3.889403789422564428e-02
8.073073073073071981e+00 3.902295604063461820e-02
8.083083083083081988e+00 3.915212669715124189e-02
8.093093093093091994e+00 3.928213512899911275e-02
8.103103103103102001e+00 3.941214356084699055e-02
8.113113113113112007e+00 3.954224656536752674e-02
8.123123123123122014e+00 3.967336761689380792e-02
8.133133133133132020e+00 3.980448866842010297e-02
8.143143143143142026e+00 3.993560971994639108e-02
8.153153153153152033e+00 4.006779584260492660e-02
8.163163163163162039e+00 4.020005188041876620e-02
8.173173173173172046e+00 4.033230791823261274e-02
8.183183183183182052e+00 4.046548036622534678e-02
8.193193193193192059e+00 4.059889377986500986e-02
8.203203203203202065e+00 4.073230719350467988e-02
8.213213213213213848e+00 4.086648180062461833e-02
8.223223223223223854e+00 4.100107499337191791e-02
8.233233233233233861e+00 4.113566818611922443e-02
8.243243243243243867e+00 4.127086078940471470e-02
8.253253253253253874e+00 4.140665616935255283e-02
8.263263263263263880e+00 4.154245154930040484e-02
8.273273273273273887e+00 4.167867798542919389e-02
8.283283283283283893e+00 4.181569795680020046e-02
8.293293293293293900e+00 4.195271792817120010e-02
8.303303303303303906e+00 4.208999402992073813e-02
8.313313313313313913e+00 4.222826098463419026e-02
8.323323323323323919e+00 4.236652793934762851e-02
8.333333333333333925e+00 4.250486953212164604e-02
8.343343343343343932e+00 4.264440584160655856e-02
8.353353353353353938e+00 4.278394215109147108e-02
8.363363363363363945e+00 4.292347846057638361e-02
8.373373373373373951e+00 4.306419305676351117e-02
8.383383383383383958e+00 4.320502106401449827e-02
8.393393393393393964e+00 4.334584907126548536e-02
8.403403403403403971e+00 4.348768308045482950e-02
8.413413413413413977e+00 4.362982509232749689e-02
8.423423423423423984e+00 4.377196710420017123e-02
8.433433433433433990e+00 4.391493626588432314e-02
8.443443443443443996e+00 4.405841454562690884e-02
8.453453453453454003e+00 4.420189282536950148e-02
8.463463463463464009e+00 4.434601285119401520e-02
8.473473473473474016e+00 4.449084961121160808e-02
8.483483483483484022e+00 4.463568637122920790e-02
8.493493493493494029e+00 4.478097294207425416e-02
8.503503503503504035e+00 4.492719033692133684e-02
8.513513513513514042e+00 4.507340773176843340e-02
8.523523523523524048e+00 4.521987649489084271e-02
8.533533533533534055e+00 4.536749661448863380e-02
8.543543543543544061e+00 4.551511673408641795e-02
8.553553553553554067e+00 4.566278330032152305e-02
8.563563563563564074e+00 4.581182816339537250e-02
8.573573573573574080e+00 4.596087302646921502e-02
8.583583583583584087e+00 4.610991788954306447e-02
8.593593593593594093e+00 4.626024451522490338e-02
8.603603603603604100e+00 4.641073606295787607e-02
8.613613613613614106e+00 4.656122761069084875e-02
8.623623623623624113e+00 4.671280499850030687e-02
8.633633633633634119e+00 4.686476508839786115e-02
8.643643643643644126e+00 4.701672517829540848e-02
8.653653653653654132e+00 4.716956872399902245e-02
8.663663663663664138e+00 4.732301912396077309e-02
8.673673673673674145e+00 4.747646952392253067e-02
8.683683683683684151e+00 4.763059457053454848e-02
8.693693693693694158e+00 4.778555695312801388e-02
8.703703703703704164e+00 4.794051933572147234e-02
8.713713713713714171e+00 4.809594117119461720e-02
8.723723723723724177e+00 4.825243710812612136e-02
8.733733733733734184e+00 4.840893304505763245e-02
8.743743743743744190e+00 4.856566690002568631e-02
8.753753753753754197e+00 4.872371785680388451e-02
8.763763763763764203e+00 4.888176881358208964e-02
8.773773773773774209e+00 4.903982985915395637e-02
8.783783783783784216e+00 4.919945718994069711e-02
8.793793793793794222e+00 4.935908452072743785e-02
8.803803803803804229e+00 4.951871185151417165e-02
8.813813813813814235e+00 4.967971280897549857e-02
8.823823823823824242e+00 4.984093775161916456e-02
8.833833833833834248e+00 5.000216269426282362e-02
8.843843843843844255e+00 5.016454211414602543e-02
8.853853853853854261e+00 5.032738578539250329e-02
8.863863863863864268e+00 5.049022945663899503e-02
8.873873873873874274e+00 5.065400219302754192e-02
8.883883883883884280e+00 5.081848558390349851e-02
8.893893893893894287e+00 5.098296897477946205e-02
8.903903903903904293e+00 5.114814980946023881e-02
8.913913913913914300e+00 5.131429378082384002e-02
8.923923923923924306e+00 5.148043775218744122e-02
8.933933933933934313e+00 5.164704139285493378e-02
8.943943943943944319e+00 5.181486667110909300e-02
8.953953953953954326e+00 5.198269194936325222e-02
8.963963963963964332e+00 5.215073302786645687e-02
8.973973973973974338e+00 5.232026020082919393e-02
8.983983983983984345e+00 5.248978737379191711e-02
8.993993993993994351e+00 5.265931454675464723e-02
9.004004004004004358e+00 5.283052995735060958e-02
9.014014014014014364e+00 5.300177947027787800e-02
9.024024024024024371e+00 5.317302898320514642e-02
9.034034034034034377e+00 5.334573115985997982e-02
9.044044044044044384e+00 5.351872331161590390e-02
9.054054054054054390e+00 5.369171546337183493e-02
9.064064064064064397e+00 5.386591865021824604e-02
9.074074074074074403e+00 5.404067358958768857e-02
9.084084084084084409e+00 5.421542852895713110e-02
9.094094094094094416e+00 5.439114688413494714e-02
9.104104104104104422e+00 5.456768460627340472e-02
9.114114114114114429e+00 5.474422232841185537e-02
9.124124124124124435e+00 5.492146992265215660e-02
9.134134134134134442e+00 5.509981026566882628e-02
9.144144144144144448e+00 5.527815060868548902e-02
9.154154154154154455e+00 5.545694142392881831e-02
9.164164164164164461e+00 5.563710406559702060e-02
9.174174174174174468e+00 5.581726670726522982e-02
9.184184184184184474e+00 5.599761463531346961e-02
9.194194194194194480e+00 5.617961908990450753e-02
9.204204204204204487e+00 5.636162354449554546e-02
9.214214214214214493e+00 5.654362799908659032e-02
9.224224224224224500e+00 5.672740800093244162e-02
9.234234234234234506e+00 5.691127361616793445e-02
9.244244244244244513e+00 5.709513923140343422e-02
9.254254254254254519e+00 5.728052303225282527e-02
9.264264264264264526e+00 5.746626898637104131e-02
9.274274274274274532e+00 5.765201494048925041e-02
9.284284284284284539e+00 5.783901598166003855e-02
9.294294294294294545e+00 5.802666128059148082e-02
9.304304304304304551e+00 5.821430657952290921e-02
9.314314314314314558e+00 5.840293820440802669e-02
9.324324324324324564e+00 5.859250167905646206e-02
9.334334334334334571e+00 5.878206515370489049e-02
9.344344344344344577e+00 5.897234060668467975e-02
9.354354354354354584e+00 5.916384091030849751e-02
9.364364364364364590e+00 5.935534121393231527e-02
9.374374374374374597e+00 5.954727363931289902e-02
9.384384384384384603e+00 5.974072924500351683e-02
9.394394394394394610e+00 5.993418485069412771e-02
9.404404404404404616e+00 6.012778729167132796e-02
9.414414414414414622e+00 6.032321648992355206e-02
9.424424424424424629e+00 6.051864568817578310e-02
9.434434434434434635e+00 6.071407488642800721e-02
9.444444444444444642e+00 6.091135198219506386e-02
9.454454454454454648e+00 6.110877287856630868e-02
9.464464464464464655e+00 6.130619377493756739e-02
9.474474474474474661e+00 6.150518458370505398e-02
9.484484484484484668e+00 6.170461509655894572e-02
9.494494494494494674e+00 6.190404560941283746e-02
9.504504504504504681e+00 6.210476267570630426e-02
9.514514514514514687e+00 6.230622053403697680e-02
9.524524524524524693e+00 6.250767839236766321e-02
9.534534534534534700e+00 6.271013415360381094e-02
9.544544544544544706e+00 6.291363689493748024e-02
9.554554554554554713e+00 6.311713963627114954e-02
9.564564564564564719e+00 6.332134642191498963e-02
9.574574574574574726e+00 6.352691139028487921e-02
9.584584584584584732e+00 6.373247635865475491e-02
9.594594594594594739e+00 6.393844638939573388e-02
9.604604604604604745e+00 6.414609073338718714e-02
9.614614614614614752e+00 6.435373507737864041e-02
9.624624624624624758e+00 6.456148046432527710e-02
9.634634634634634764e+00 6.477122113518758717e-02
9.644644644644644771e+00 6.498096180604986949e-02
9.654654654654654777e+00 6.519070247691215181e-02
9.664664664664664784e+00 6.540234829976419861e-02
9.674674674674674790e+00 6.561420204958584579e-02
9.684684684684684797e+00 6.582605579940749296e-02
9.694694694694694803e+00 6.603951741997184099e-02
9.704704704704704810e+00 6.625350079991626506e-02
9.714714714714714816e+00 6.646748417986070301e-02
9.724724724724724823e+00 6.668277317321849584e-02
9.734734734734734829e+00 6.689890253181735025e-02
9.744744744744744835e+00 6.711503189041621853e-02
9.754754754754754842e+00 6.733215971737110950e-02
9.764764764764764848e+00 6.755045119887170824e-02
9.774774774774774855e+00 6.776874268037232085e-02
9.784784784784784861e+00 6.798772068678352043e-02
9.794794794794794868e+00 6.820819022954871524e-02
9.804804804804804874e+00 6.842865977231391006e-02
9.814814814814814881e+00 6.864949918844252819e-02
9.824824824824824887e+00 6.887216252339890821e-02
9.834834834834834894e+00 6.909482585835528823e-02
9.844844844844844900e+00 6.931753779822355521e-02
9.854854854854854906e+00 6.954241044735717803e-02
9.864864864864864913e+00 6.976728309649078696e-02
9.874874874874874919e+00 6.999215574562439590e-02
9.884884884884884926e+00 7.021897583215008787e-02
9.894894894894894932e+00 7.044607310704571745e-02
9.904904904904904939e+00 7.067317038194134704e-02
9.914914914914914945e+00 7.090189996880109924e-02
9.924924924924924952e+00 7.113123696922377115e-02
9.934934934934934958e+00 7.136057396964644306e-02
9.944944944944944965e+00 7.159122360523004214e-02
9.954954954954954971e+00 7.182281521774634692e-02
9.964964964964964977e+00 7.205440683026265170e-02
9.974974974974974984e+00 7.228698694294190263e-02
9.984984984984984990e+00 7.252084783957879477e-02
9.994994994994994997e+00 7.275470873621571466e-02
1.000500500500500500e+01 7.298922963380005680e-02
1.001501501501501501e+01 7.322537427073951000e-02
1.002502502502502502e+01 7.346151890767896320e-02
1.003503503503503502e+01 7.369799077688046762e-02
1.004504504504504503e+01 7.393643339318815844e-02
1.005505505505505504e+01 7.417487600949582149e-02
1.006506506506506504e+01 7.441331862580351231e-02
1.007507507507507505e+01 7.465406353178892507e-02
1.008508508508508505e+01 7.489481814817466887e-02
1.009509509509509506e+01 7.513557276456039880e-02
1.010510510510510507e+01 7.537830245134494178e-02
1.011511511511511507e+01 7.562138286895393746e-02
1.012512512512512508e+01 7.586446328656291926e-02
1.013513513513513509e+01 7.610918735370102162e-02
1.014514514514514509e+01 7.635460715293415634e-02
1.015515515515515510e+01 7.660002695216726332e-02
1.016516516516516511e+01 7.684675487491164636e-02
1.017517517517517511e+01 7.709452741427291755e-02
1.018518518518518512e+01 7.734229995363418875e-02
1.019519519519519513e+01 7.759104108246990539e-02
1.020520520520520513e+01 7.784117949744047416e-02
1.021521521521521514e+01 7.809131791241102905e-02
1.022522522522522515e+01 7.834208147259630328e-02
1.023523523523523515e+01 7.859459867453308379e-02
1.024524524524524516e+01 7.884711587646986430e-02
1.025525525525525516e+01 7.909991096758341167e-02
1.026526526526526517e+01 7.935481964264198829e-02
1.027527527527527518e+01 7.960972831770056490e-02
1.028528528528528518e+01 7.986463699275912764e-02
1.029529529529529519e+01 8.012187652127514270e-02
1.030530530530530520e+01 8.037918912935498872e-02
1.031531531531531520e+01 8.063650173743483474e-02
1.032532532532532521e+01 8.089580284982961222e-02
1.033533533533533522e+01 8.115553162354119388e-02
1.034534534534534522e+01 8.141526039725276165e-02
1.035535535535535523e+01 8.167663158511276333e-02
1.036536536536536524e+01 8.193878852876580743e-02
1.037537537537537524e+01 8.220094547241886540e-02
1.038538538538538525e+01 8.246439509891094477e-02
1.039539539539539525e+01 8.272899198752250993e-02
1.040540540540540526e+01 8.299358887613407509e-02
1.041541541541541527e+01 8.325912517560277171e-02
1.042542542542542527e+01 8.352617355392502607e-02
1.043543543543543528e+01 8.379322193224728044e-02
1.044544544544544529e+01 8.406085300981708253e-02
1.045545545545545529e+01 8.433036419138337236e-02
1.046546546546546530e+01 8.459987537294968996e-02
1.047547547547547531e+01 8.486960920413208487e-02
1.048548548548548531e+01 8.514159427032184924e-02
1.049549549549549532e+01 8.541357933651161360e-02
1.050550550550550533e+01 8.568556440270137797e-02
1.051551551551551533e+01 8.595989356593843056e-02
1.052552552552552534e+01 8.623436336505940769e-02
1.053553553553553535e+01 8.650883316418038482e-02
1.054554554554554535e+01 8.678529125600348282e-02
1.055555555555555536e+01 8.706225640239118047e-02
1.056556556556556536e+01 8.733922154877887811e-02
1.057557557557557537e+01 8.761781591869741148e-02
1.058558558558558538e+01 8.789728679183199389e-02
1.059559559559559538e+01 8.817675766496657630e-02
1.060560560560560539e+01 8.845749553048730396e-02
1.061561561561561540e+01 8.873948227412657708e-02
1.062562562562562540e+01 8.902146901776582244e-02
1.063563563563563541e+01 8.930435746404040420e-02
1.064564564564564542e+01 8.958886998536966240e-02
1.065565565565565542e+01 8.987338250669890671e-02
1.066566566566566543e+01 9.015842848617558469e-02
1.067567567567567544e+01 9.044547645497365285e-02
1.068568568568568544e+01 9.073252442377169324e-02
1.069569569569569545e+01 9.101973475585145579e-02
1.070570570570570545e+01 9.130932760367294065e-02
1.071571571571571546e+01 9.159892045149442552e-02
1.072572572572572547e+01 9.188851329931591039e-02
1.073573573573573547e+01 9.218044874156476609e-02
1.074574574574574548e+01 9.247259566093812833e-02
1.075575575575575549e+01 9.276474258031149056e-02
1.076576576576576549e+01 9.305886456618674141e-02
1.077577577577577550e+01 9.335357450982938177e-02
1.078578578578578551e+01 9.364828445347200825e-02
1.079579579579579551e+01 9.394459916063170601e-02
1.080580580580580552e+01 9.424188084067991467e-02
1.081581581581581553e+01 9.453916252072812332e-02
1.082582582582582553e+01 9.483767599169766471e-02
1.083583583583583554e+01 9.513753787895437575e-02
1.084584584584584555e+01 9.543739976621108678e-02
1.085585585585585555e+01 9.573811790807702782e-02
1.086586586586586556e+01 9.604056823127457565e-02
1.087587587587587556e+01 9.634301855447213736e-02
1.088588588588588557e+01 9.664594713858057351e-02
1.089589589589589558e+01 9.695099388366122672e-02
1.090590590590590558e+01 9.725604062874189382e-02
1.091591591591591559e+01 9.756118529040144760e-02
1.092592592592592560e+01 9.786883619981409654e-02
1.093593593593593560e+01 9.817648710922675936e-02
1.094594594594594561e+01 9.848413801863940831e-02
1.095595595595595562e+01 9.879411591943004778e-02
1.096596596596596562e+01 9.910437849144423939e-02
1.097597597597597563e+01 9.941464106345844487e-02
1.098598598598598564e+01 9.972685315656010241e-02
1.099599599599599564e+01 1.000397346445972280e-01
1.100600600600600565e+01 1.003526161326343397e-01
1.101601601601601566e+01 1.006670673980059882e-01
1.102602602602602566e+01 1.009825748099884568e-01
1.103603603603603567e+01 1.012980822219709115e-01
1.104604604604604567e+01 1.016147775017574584e-01
1.105605605605605568e+01 1.019329175994758974e-01
1.106606606606606569e+01 1.022510576971943502e-01
1.107607607607607569e+01 1.025700016954704391e-01
1.108608608608608570e+01 1.028907809939690748e-01
1.109609609609609571e+01 1.032115602924677245e-01
1.110610610610610571e+01 1.035327575749865892e-01
1.111611611611611572e+01 1.038561823419676677e-01
1.112612612612612573e+01 1.041796071089487602e-01
1.113613613613613573e+01 1.045030621028960743e-01
1.114614614614614574e+01 1.048291383581435587e-01
1.115615615615615575e+01 1.051552146133910570e-01
1.116616616616616575e+01 1.054812908686385275e-01
1.117617617617617576e+01 1.058096651219666423e-01
1.118618618618618576e+01 1.061383986367893245e-01
1.119619619619619577e+01 1.064671321516120067e-01
1.120620620620620578e+01 1.067977780763755546e-01
1.121621621621621578e+01 1.071291743730708040e-01
1.122622622622622579e+01 1.074605706697660396e-01
1.123623623623623580e+01 1.077934920264948526e-01
1.124624624624624580e+01 1.081275563778324178e-01
1.125625625625625581e+01 1.084616207291700107e-01
1.126626626626626582e+01 1.087968211383982947e-01
1.127627627627627582e+01 1.091335585671258240e-01
1.128628628628628583e+01 1.094702959958533256e-01
1.129629629629629584e+01 1.098077789379212632e-01
1.130630630630630584e+01 1.101471942162910861e-01
1.131631631631631585e+01 1.104866094946609090e-01
1.132632632632632586e+01 1.108263783095217170e-01
1.133633633633633586e+01 1.111684759588396770e-01
1.134634634634634587e+01 1.115105736081576232e-01
1.135635635635635587e+01 1.118526712574755833e-01
1.136636636636636588e+01 1.121974157853879162e-01
1.137637637637637589e+01 1.125422000755852692e-01
1.138638638638638589e+01 1.128869843657826222e-01
1.139639639639639590e+01 1.132340250426432104e-01
1.140640640640640591e+01 1.135814999918713653e-01
1.141641641641641769e+01 1.139289749410996033e-01
1.142642642642642770e+01 1.142783144324422961e-01
1.143643643643643770e+01 1.146284838066914530e-01
1.144644644644644771e+01 1.149786531809406237e-01
1.145645645645645772e+01 1.153302940108437841e-01
1.146646646646646772e+01 1.156831613235858175e-01
1.147647647647647773e+01 1.160360286363278648e-01
1.148648648648648773e+01 1.163899731872766324e-01
1.149649649649649774e+01 1.167455416991328154e-01
1.150650650650650775e+01 1.171011102109889984e-01
1.151651651651651775e+01 1.174573607237440753e-01
1.152652652652652776e+01 1.178156334421778667e-01
1.153653653653653777e+01 1.181739061606116720e-01
1.154654654654654777e+01 1.185324647340851023e-01
1.155655655655655778e+01 1.188934444131213575e-01
1.156656656656656779e+01 1.192544240921576126e-01
1.157657657657657779e+01 1.196154037711938678e-01
1.158658658658658780e+01 1.199789818232655375e-01
1.159659659659659781e+01 1.203426709632354902e-01
1.160660660660660781e+01 1.207063601032054428e-01
1.161661661661661782e+01 1.210722522342216056e-01
1.162662662662662783e+01 1.214386530815354942e-01
1.163663663663663783e+01 1.218050539288493828e-01
1.164664664664664784e+01 1.221732615573786346e-01
1.165665665665665784e+01 1.225423761043250709e-01
1.166666666666666785e+01 1.229114906512715072e-01
1.167667667667667786e+01 1.232820150534342518e-01
1.168668668668668786e+01 1.236538450380084142e-01
1.169669669669669787e+01 1.240256750225825627e-01
1.170670670670670788e+01 1.243985173319903659e-01
1.171671671671671788e+01 1.247730642377498644e-01
1.172672672672672789e+01 1.251476111435093630e-01
1.173673673673673790e+01 1.255227723512119808e-01
1.174674674674674790e+01 1.259000374071623796e-01
1.175675675675675791e+01 1.262773024631127228e-01
1.176676676676676792e+01 1.266547834175530962e-01
1.177677677677677792e+01 1.270347675980624813e-01
1.178678678678678793e+01 1.274147517785718664e-01
1.179679679679679793e+01 1.277947359590812515e-01
1.180680680680680794e+01 1.281772572102929109e-01
1.181681681681681795e+01 1.285599612350371290e-01
1.182682682682682795e+01 1.289426652597813472e-01
1.183683683683683796e+01 1.293275079916132164e-01
1.184684684684684797e+01 1.297129323255506173e-01
1.185685685685685797e+01 1.300983566594879626e-01
1.186686686686686798e+01 1.304855210376595909e-01
1.187687687687687799e+01 1.308736658910376327e-01
1.188688688688688799e+01 1.312618107444156745e-01
1.189689689689689800e+01 1.316512967919760690e-01
1.190690690690690801e+01 1.320421621203689555e-01
1.191691691691691801e+01 1.324330274487618697e-01
1.192692692692692802e+01 1.328248350461159188e-01
1.193693693693693803e+01 1.332184205504936825e-01
1.194694694694694803e+01 1.336120060548714461e-01
1.195695695695695804e+01 1.340061349398152246e-01
1.196696696696696804e+01 1.344024400666456731e-01
1.197697697697697805e+01 1.347987451934760661e-01
1.198698698698698806e+01 1.351951949612406889e-01
1.199699699699699806e+01 1.355942189026236588e-01
1.200700700700700807e+01 1.359932428440066565e-01
1.201701701701701808e+01 1.363922667853896820e-01
1.202702702702702808e+01 1.367937546411455985e-01
1.203703703703703809e+01 1.371954963349805434e-01
1.204704704704704810e+01 1.375972380288154884e-01
1.205705705705705810e+01 1.380010442142773353e-01
1.206706706706706811e+01 1.384055023444634713e-01
1.207707707707707812e+01 1.388099604746496352e-01
1.208708708708708812e+01 1.392160839039379983e-01
1.209709709709709813e+01 1.396232569006097268e-01
1.210710710710710813e+01 1.400304298972814276e-01
1.211711711711711814e+01 1.404388693424829804e-01
1.212712712712712815e+01 1.408487553822778127e-01
1.213713713713713815e+01 1.412586414220726172e-01
1.214714714714714816e+01 1.416693955133622174e-01
1.215715715715715817e+01 1.420819925197241984e-01
1.216716716716716817e+01 1.424945895260861239e-01
1.217717717717717818e+01 1.429076567518582919e-01
1.218718718718718819e+01 1.433229623953758414e-01
1.219719719719719819e+01 1.437382680388933354e-01
1.220720720720720820e+01 1.441536467459028914e-01
1.221721721721721821e+01 1.445716584446813113e-01
1.222722722722722821e+01 1.449896701434597313e-01
1.223723723723723822e+01 1.454076818422381512e-01
1.224724724724724823e+01 1.458280734570416570e-01
1.225725725725725823e+01 1.462487883771116381e-01
1.226726726726726824e+01 1.466695032971815915e-01
1.227727727727727824e+01 1.470921995768218193e-01
1.228728728728728825e+01 1.475156146325830586e-01
1.229729729729729826e+01 1.479390296883442979e-01
1.230730730730730826e+01 1.483640283044424246e-01
1.231731731731731827e+01 1.487901401591424366e-01
1.232732732732732828e+01 1.492162520138424486e-01
1.233733733733733828e+01 1.496435504975515973e-01
1.234734734734734829e+01 1.500723555638020790e-01
1.235735735735735830e+01 1.505011606300525606e-01
1.236736736736736830e+01 1.509307563722815382e-01
1.237737737737737831e+01 1.513622508126086508e-01
1.238738738738738832e+01 1.517937452529357634e-01
1.239739739739739832e+01 1.522256355045823462e-01
1.240740740740740833e+01 1.526598152320158552e-01
1.241741741741741833e+01 1.530939949594493643e-01
1.242742742742742834e+01 1.535281768316438811e-01
1.243743743743743835e+01 1.539650375103401858e-01
1.244744744744744835e+01 1.544018981890365461e-01
1.245745745745745836e+01 1.548387588677328786e-01
1.246746746746746837e+01 1.552779056992979467e-01
1.247747747747747837e+01 1.557174427452018284e-01
1.248748748748748838e+01 1.561569797911057655e-01
1.249749749749749839e+01 1.565984072156270945e-01
1.250750750750750839e+01 1.570406157971689920e-01
1.251751751751751840e+01 1.574828243787108617e-01
1.252752752752752841e+01 1.579265288427914582e-01
1.253753753753753841e+01 1.583714038816216307e-01
1.254754754754754842e+01 1.588162789204517755e-01
1.255755755755755843e+01 1.592622567327680594e-01
1.256756756756756843e+01 1.597097929045280529e-01
1.257757757757757844e+01 1.601573290762880464e-01
1.258758758758758844e+01 1.606055764079187820e-01
1.259759759759759845e+01 1.610557681430496157e-01
1.260760760760760846e+01 1.615059598781804495e-01
1.261761761761761846e+01 1.619564727629453638e-01
1.262762762762762847e+01 1.624093142475323548e-01
1.263763763763763848e+01 1.628621557321193736e-01
1.264764764764764848e+01 1.633149972167063646e-01
1.265765765765765849e+01 1.637704152435823235e-01
1.266766766766766850e+01 1.642259004202367978e-01
1.267767767767767850e+01 1.646813855968912721e-01
1.268768768768768851e+01 1.651390545342249772e-01
1.269769769769769852e+01 1.655971771030040618e-01
1.270770770770770852e+01 1.660552996717831742e-01
1.271771771771771853e+01 1.665152149021489891e-01
1.272772772772772854e+01 1.669759683215102652e-01
1.273773773773773854e+01 1.674367217408715136e-01
1.274774774774774855e+01 1.678988785120311689e-01
1.275775775775775855e+01 1.683622559998262658e-01
1.276776776776776856e+01 1.688256334876213349e-01
1.277777777777777857e+01 1.692900269129484769e-01
1.278778778778778857e+01 1.697560214474515827e-01
1.279779779779779858e+01 1.702220159819546608e-01
1.280780780780780859e+01 1.706886410408693100e-01
1.281781781781781859e+01 1.711572453618440126e-01
1.282782782782782860e+01 1.716258496828187152e-01
1.283783783783783861e+01 1.720947012212319382e-01
1.284784784784784861e+01 1.725659078310332328e-01
1.285785785785785862e+01 1.730371144408345274e-01
1.286786786786786863e+01 1.735083210506358498e-01
1.287787787787787863e+01 1.739819883363162845e-01
1.288788788788788864e+01 1.744557895010301896e-01
1.289789789789789864e+01 1.749295906657441224e-01
1.290790790790790865e+01 1.754054657550364327e-01
1.291791791791791866e+01 1.758818535056550225e-01
1.292792792792792866e+01 1.763582412562736401e-01
1.293793793793793867e+01 1.768363183634432401e-01
1.294794794794794868e+01 1.773152844970761755e-01
1.295795795795795868e+01 1.777942506307090831e-01
1.296796796796796869e+01 1.782745238396348797e-01
1.297797797797797870e+01 1.787560599207566880e-01
1.298798798798798870e+01 1.792375960018784964e-01
1.299799799799799871e+01 1.797200592665817998e-01
1.300800800800800872e+01 1.802041566283154317e-01
1.301801801801801872e+01 1.806882539900490359e-01
1.302802802802802873e+01 1.811729011352320728e-01
1.303803803803803874e+01 1.816595508806677639e-01
1.304804804804804874e+01 1.821462006261034272e-01
1.305805805805805875e+01 1.826330253476972365e-01
1.306806806806806875e+01 1.831222183512457857e-01
1.307807807807807876e+01 1.836114113547943349e-01
1.308808808808808877e+01 1.841006043583429119e-01
1.309809809809809877e+01 1.845921341292983131e-01
1.310810810810810878e+01 1.850838610380809435e-01
1.311811811811811879e+01 1.855755879468635738e-01
1.312812812812812879e+01 1.860692727232712840e-01
1.313813813813813880e+01 1.865635239585432259e-01
1.314814814814814881e+01 1.870577751938151401e-01
1.315815815815815881e+01 1.875536080642659365e-01
1.316816816816816882e+01 1.880503738228746502e-01
1.317817817817817883e+01 1.885471395814833362e-01
1.318818818818818883e+01 1.890451135095749524e-01
1.319819819819819884e+01 1.895443837654533226e-01
1.320820820820820884e+01 1.900436540213317205e-01
1.321821821821821885e+01 1.905437618462975380e-01
1.322822822822822886e+01 1.910455263519896252e-01
1.323823823823823886e+01 1.915472908576817401e-01
1.324824824824824887e+01 1.920495252950284448e-01
1.325825825825825888e+01 1.925537735832502095e-01
1.326826826826826888e+01 1.930580218714719742e-01
1.327827827827827889e+01 1.935623755136264279e-01
1.328828828828828890e+01 1.940690968988585396e-01
1.329829829829829890e+01 1.945758182840906514e-01
1.330830830830830891e+01 1.950825396693227909e-01
1.331831831831831892e+01 1.955914671811696814e-01
1.332832832832832892e+01 1.961006507612843563e-01
1.333833833833833893e+01 1.966098343413990313e-01
1.334834834834834894e+01 1.971208547592202265e-01
1.335835835835835894e+01 1.976324894171391788e-01
1.336836836836836895e+01 1.981441240750581312e-01
1.337837837837837895e+01 1.986572294127502691e-01
1.338838838838838896e+01 1.991713038181363860e-01
1.339839839839839897e+01 1.996853782235224750e-01
1.340840840840840897e+01 2.002005603763001296e-01
1.341841841841841898e+01 2.007170629872792600e-01
1.342842842842842899e+01 2.012335655982584182e-01
1.343843843843843899e+01 2.017508163433763269e-01
1.344844844844844900e+01 2.022697354082920174e-01
1.345845845845845901e+01 2.027886544732076801e-01
1.346846846846846901e+01 2.033079654706912986e-01
1.347847847847847902e+01 2.038292890298888937e-01
1.348848848848848903e+01 2.043506125890864611e-01
1.349849849849849903e+01 2.048719753824705392e-01
1.350850850850850904e+01 2.053956912701132009e-01
1.351851851851851904e+01 2.059194071577559182e-01
1.352852852852852905e+01 2.064431230453985799e-01
1.353853853853853906e+01 2.069689090207456061e-01
1.354854854854854906e+01 2.074950048666595603e-01
1.355855855855855907e+01 2.080211007125734868e-01
1.356856856856856908e+01 2.085489086517787749e-01
1.357857857857857908e+01 2.090773718833278949e-01
1.358858858858858909e+01 2.096058351148769872e-01
1.359859859859859910e+01 2.101356560159597375e-01
1.360860860860860910e+01 2.106664738599501041e-01
1.361861861861861911e+01 2.111972917039404707e-01
1.362862862862862912e+01 2.117291164533985637e-01
1.363863863863863912e+01 2.122622759380115298e-01
1.364864864864864913e+01 2.127954354226244960e-01
1.365865865865865914e+01 2.133292547962418184e-01
1.366866866866866914e+01 2.138647427529943579e-01
1.367867867867867915e+01 2.144002307097468973e-01
1.368868868868868915e+01 2.149360353734081353e-01
1.369869869869869916e+01 2.154738384391424177e-01
1.370870870870870917e+01 2.160116415048767002e-01
1.371871871871871917e+01 2.165494445706109827e-01
1.372872872872872918e+01 2.170895266342884877e-01
1.373873873873873919e+01 2.176296312531869614e-01
1.374874874874874919e+01 2.181697358720854352e-01
1.375875875875875920e+01 2.187117704847418853e-01
1.376876876876876921e+01 2.192541629103710032e-01
1.377877877877877921e+01 2.197965553360001212e-01
1.378878878878878922e+01 2.203405326502381190e-01
1.379879879879879923e+01 2.208851989476160183e-01
1.380880880880880923e+01 2.214298652449939175e-01
1.381881881881881924e+01 2.219757753089447727e-01
1.382882882882882924e+01 2.225227013566369039e-01
1.383883883883883925e+01 2.230696274043290350e-01
1.384884884884884926e+01 2.236174601625288139e-01
1.385885885885885926e+01 2.241666316547669124e-01
1.386886886886886927e+01 2.247158031470049833e-01
1.387887887887887928e+01 2.252655484412776909e-01
1.388888888888888928e+01 2.258169508901045064e-01
1.389889889889889929e+01 2.263683533389313218e-01
1.390890890890890930e+01 2.269200009092784964e-01
1.391891891891891930e+01 2.274736196467162519e-01
1.392892892892892931e+01 2.280272383841539796e-01
1.393893893893893932e+01 2.285808571215917351e-01
1.394894894894894932e+01 2.291365980498927257e-01
1.395895895895895933e+01 2.296924182301346706e-01
1.396896896896896934e+01 2.302482384103766433e-01
1.397897897897897934e+01 2.308058457714578515e-01
1.398898898898898935e+01 2.313638523730837115e-01
1.399899899899899935e+01 2.319218589747096271e-01
1.400900900900900936e+01 2.324813220351301946e-01
1.401901901901901937e+01 2.330414998633432710e-01
1.402902902902902937e+01 2.336016776915563198e-01
1.403903903903903938e+01 2.341629856219343275e-01
1.404904904904904939e+01 2.347253193108206903e-01
1.405905905905905939e+01 2.352876529997070532e-01
1.406906906906906940e+01 2.358507948756619899e-01
1.407907907907907941e+01 2.364152688904714861e-01
1.408908908908908941e+01 2.369797429052810100e-01
1.409909909909909942e+01 2.375447077083817915e-01
1.410910910910910943e+01 2.381113063478289549e-01
1.411911911911911943e+01 2.386779049872761183e-01
1.412912912912912944e+01 2.392446816059946302e-01
1.413913913913913944e+01 2.398133890045807126e-01
1.414914914914914945e+01 2.403820964031667951e-01
1.415915915915915946e+01 2.409508038017528497e-01
1.416916916916916946e+01 2.415214737641903919e-01
1.417917917917917947e+01 2.420922738945438246e-01
1.418918918918918948e+01 2.426630740248972851e-01
1.419919919919919948e+01 2.432355171175626940e-01
1.420920920920920949e+01 2.438083937927998379e-01
1.421921921921921950e+01 2.443812704680369818e-01
1.422922922922922950e+01 2.449554751487526272e-01
1.423923923923923951e+01 2.455304120248561484e-01
1.424924924924924952e+01 2.461053489009596695e-01
1.425925925925925952e+01 2.466813035407151855e-01
1.426926926926926953e+01 2.472582841189310543e-01
1.427927927927927954e+01 2.478352646971469508e-01
1.428928928928928954e+01 2.484129575810963830e-01
1.429929929929929955e+01 2.489919652103469161e-01
1.430930930930930955e+01 2.495709728395974492e-01
1.431931931931931956e+01 2.501503921680611198e-01
1.432932932932932957e+01 2.507314100473759244e-01
1.433933933933933957e+01 2.513124279266907291e-01
1.434934934934934958e+01 2.518935618161614043e-01
1.435935935935935959e+01 2.524765729971241157e-01
1.436936936936936959e+01 2.530595841780868271e-01
1.437937937937937960e+01 2.536425953590495386e-01
1.438938938938938961e+01 2.542274080514512757e-01
1.439939939939939961e+01 2.548123954406620872e-01
1.440940940940940962e+01 2.553973828298728987e-01
1.441941941941941963e+01 2.559838688329245660e-01
1.442942942942942963e+01 2.565708151944764981e-01
1.443943943943943964e+01 2.571577615560283747e-01
1.444944944944944965e+01 2.577459086008060396e-01
1.445945945945945965e+01 2.583347965587773354e-01
1.446946946946946966e+01 2.589236845167486312e-01
1.447947947947947966e+01 2.595134802570737698e-01
1.448948948948948967e+01 2.601042922980332239e-01
1.449949949949949968e+01 2.606951043389927336e-01
1.450950950950950968e+01 2.612865363524728979e-01
1.451951951951951969e+01 2.618792548279980648e-01
1.452952952952952970e+01 2.624719733035232316e-01
1.453953953953953970e+01 2.630650290925961587e-01
1.454954954954954971e+01 2.636596362218044387e-01
1.455955955955955972e+01 2.642542433510126076e-01
1.456956956956956972e+01 2.648489103439931602e-01
1.457957957957957973e+01 2.654453882160860978e-01
1.458958958958958974e+01 2.660418660881789799e-01
1.459959959959959974e+01 2.666383439602719174e-01
1.460960960960960975e+01 2.672364622171272686e-01
1.461961961961961975e+01 2.678347927939438988e-01
1.462962962962962976e+01 2.684331233707605846e-01
1.463963963963963977e+01 2.690328093070347704e-01
1.464964964964964977e+01 2.696329744256183991e-01
1.465965965965965978e+01 2.702331395442020834e-01
1.466966966966966979e+01 2.708343802499382225e-01
1.467967967967967979e+01 2.714363616251117550e-01
1.468968968968968980e+01 2.720383430002852876e-01
1.469969969969969981e+01 2.726411254982112897e-01
1.470970970970970981e+01 2.732449047251630514e-01
1.471971971971971982e+01 2.738486839521149241e-01
1.472972972972972983e+01 2.744529951987147998e-01
1.473973973973973983e+01 2.750585537555934046e-01
1.474974974974974984e+01 2.756641123124719539e-01
1.475975975975975985e+01 2.762699391990611764e-01
1.476976976976976985e+01 2.768772584495793332e-01
1.477977977977977986e+01 2.774845777000975455e-01
1.478978978978978986e+01 2.780919070538998006e-01
1.479979979979979987e+01 2.787009682499450580e-01
1.480980980980980988e+01 2.793100294459904265e-01
1.481981981981981988e+01 2.799190906420357394e-01
1.482982982982982989e+01 2.805296323154702898e-01
1.483983983983983990e+01 2.811404165997246629e-01
1.484984984984984990e+01 2.817512008839790361e-01
1.485985985985985991e+01 2.823631995272173900e-01
1.486986986986986992e+01 2.829756879357827604e-01
1.487987987987987992e+01 2.835881763443480752e-01
1.488988988988988993e+01 2.842016184948729096e-01
1.489989989989989994e+01 2.848157919599037524e-01
1.490990990990990994e+01 2.854299654249345952e-01
1.491991991991991995e+01 2.860448375631031714e-01
1.492992992992992995e+01 2.866606769154438905e-01
1.493993993993993996e+01 2.872765162677846651e-01
1.494994994994994997e+01 2.878928048179216770e-01
1.495995995995995997e+01 2.885102907897504898e-01
1.496996996996996998e+01 2.891277767615793026e-01
1.497997997997997999e+01 2.897454680930707793e-01
1.498998998998998999e+01 2.903645813205469883e-01
1.500000000000000000e+01 2.909836945480231418e-01
