5.000000000000000000e+00 1.705743623715814949e-02
5.010010010010010006e+00 1.708056939024277243e-02
5.020020020020020013e+00 1.710421833044023510e-02
5.030030030030030019e+00 1.712853665611870427e-02
5.040040040040040026e+00 1.715285498179717344e-02
5.050050050050050032e+00 1.717760406270194343e-02
5.060060060060060039e+00 1.720308064389614033e-02
5.070070070070070045e+00 1.722855722509033377e-02
5.080080080080080052e+00 1.725438308820032365e-02
5.090090090090090058e+00 1.728099149673021154e-02
5.100100100100100065e+00 1.730759990526009595e-02
5.110110110110110071e+00 1.733447959673010269e-02
5.120120120120120077e+00 1.736219392837504150e-02
5.130130130130130084e+00 1.738990826001998030e-02
5.140140140140140090e+00 1.741781925667282641e-02
5.150150150150150097e+00 1.744661416528426809e-02
5.160160160160160103e+00 1.747540907389571324e-02
5.170170170170170110e+00 1.750432930857748551e-02
5.180180180180180116e+00 1.753418003917992657e-02
5.190190190190190123e+00 1.756403076978237110e-02
5.200200200200200129e+00 1.759393865602293730e-02
5.210210210210210136e+00 1.762482107684423122e-02
5.220220220220220142e+00 1.765570349766552860e-02
5.230230230230230148e+00 1.768658591848682252e-02
5.240240240240240155e+00 1.771846858698462521e-02
5.250250250250250161e+00 1.775035922036161465e-02
5.260260260260260168e+00 1.778224985373861103e-02
5.270270270270270174e+00 1.781505574403478495e-02
5.280280280280280181e+00 1.784793179614474826e-02
5.290290290290290187e+00 1.788080784825470809e-02
5.300300300300300194e+00 1.791451766876545407e-02
5.310310310310310200e+00 1.794835705813801335e-02
5.320320320320320207e+00 1.798219644751057611e-02
5.330330330330330213e+00 1.801679150559008444e-02
5.340340340340340219e+00 1.805157289035898976e-02
5.350350350350350226e+00 1.808635427512788815e-02
5.360360360360360232e+00 1.812181649646171441e-02
5.370370370370370239e+00 1.815751930031969663e-02
5.380380380380380245e+00 1.819322210417767885e-02
5.390390390390390252e+00 1.822953405126766582e-02
5.400400400400400258e+00 1.826613848809190491e-02
5.410410410410410265e+00 1.830274292491614746e-02
5.420420420420420271e+00 1.833988781463934820e-02
5.430430430430430278e+00 1.837737491175913535e-02
5.440440440440440284e+00 1.841486200887892249e-02
5.450450450450450290e+00 1.845282372910483568e-02
5.460460460460460297e+00 1.849117534918660530e-02
5.470470470470470303e+00 1.852952696926837492e-02
5.480480480480480310e+00 1.856829009452113169e-02
5.490490490490490316e+00 1.860748895605027209e-02
5.500500500500500323e+00 1.864668781757940902e-02
5.510510510510510329e+00 1.868623762373349331e-02
5.520520520520520336e+00 1.872626732007548478e-02
5.530530530530530342e+00 1.876629701641747625e-02
5.540540540540540349e+00 1.880661949441762501e-02
5.550550550550550355e+00 1.884746451144510282e-02
5.560560560560560361e+00 1.888830952847258063e-02
5.570570570570570368e+00 1.892939139707034910e-02
5.580580580580580374e+00 1.897103712934559636e-02
5.590590590590590381e+00 1.901268286162085056e-02
5.600600600600600387e+00 1.905451157912230534e-02
5.610610610610610394e+00 1.909694434462855250e-02
5.620620620620620400e+00 1.913937711013479273e-02
5.630630630630630407e+00 1.918194088515561349e-02
5.640640640640640413e+00 1.922514793857305407e-02
5.650650650650650419e+00 1.926835499199049812e-02
5.660660660660660426e+00 1.931164279321635757e-02
5.670670670670670432e+00 1.935561233774251919e-02
5.680680680680680439e+00 1.939958188226868080e-02
5.690690690690690445e+00 1.944358344722075735e-02
5.700700700700700452e+00 1.948830464493726822e-02
5.710710710710710458e+00 1.953302584265378603e-02
5.720720720720720465e+00 1.957774704037030383e-02
5.730730730730730471e+00 1.962319466625163031e-02
5.740740740740740478e+00 1.966865764704259570e-02
5.750750750750750484e+00 1.971412062783356109e-02
5.760760760760760490e+00 1.976025493425117088e-02
5.770770770770770497e+00 1.980645080328082355e-02
5.780780780780780503e+00 1.985264667231047969e-02
5.790790790790790510e+00 1.989946072729281007e-02
5.800800800800800516e+00 1.994638157105294018e-02
5.810810810810810523e+00 1.999330241481307030e-02
5.820820820820820529e+00 2.004079008501690254e-02
5.830830830830830536e+00 2.008842897595679994e-02
5.840840840840840542e+00 2.013606786689669040e-02
5.850850850850850549e+00 2.018422382004657692e-02
5.860860860860860555e+00 2.023257481980067496e-02
5.870870870870870561e+00 2.028092581955477300e-02
5.880880880880880568e+00 2.032974552593556569e-02
5.890890890890890574e+00 2.037880368716626922e-02
5.900900900900900581e+00 2.042786184839697622e-02
5.910910910910910587e+00 2.047734158141149494e-02
5.920920920920920594e+00 2.052710294828660395e-02
5.930930930930930600e+00 2.057686431516170950e-02
5.940940940940940607e+00 2.062700115096675890e-02
5.950950950950950613e+00 2.067746275829308172e-02
5.960960960960960620e+00 2.072792436561940108e-02
5.970970970970970626e+00 2.077871618185426345e-02
5.980980980980980632e+00 2.082987605289075492e-02
5.990990990990990639e+00 2.088103592392724639e-02
6.001001001001000645e+00 2.093248139754999917e-02
6.011011011011010652e+00 2.098433854052561207e-02
6.021021021021020658e+00 2.103619568350122843e-02
6.031031031031030665e+00 2.108829428774902648e-02
6.041041041041040671e+00 2.114084869111212614e-02
6.051051051051050678e+00 2.119340309447522580e-02
6.061061061061060684e+00 2.124615509496558322e-02
6.071071071071070691e+00 2.129940772139320496e-02
6.081081081081080697e+00 2.135266034782082323e-02
6.091091091091090703e+00 2.140606679781182839e-02
6.101101101101100710e+00 2.146001957700862176e-02
6.111111111111110716e+00 2.151397235620540818e-02
6.121121121121120723e+00 2.156803509103355498e-02
6.131131131131130729e+00 2.162269091135155322e-02
6.141141141141140736e+00 2.167734673166955145e-02
6.151151151151150742e+00 2.173206836238461559e-02
6.161161161161160749e+00 2.178743106129621063e-02
6.171171171171170755e+00 2.184279376020780913e-02
6.181181181181180762e+00 2.189817766642487146e-02
6.191191191191190768e+00 2.195425201988227340e-02
6.201201201201200774e+00 2.201032637333967881e-02
6.211211211211210781e+00 2.206640072679708423e-02
6.221221221221220787e+00 2.212316840604494628e-02
6.231231231231230794e+00 2.217996011676097098e-02
6.241241241241240800e+00 2.223675182747699569e-02
6.251251251251250807e+00 2.229419743148203237e-02
6.261261261261260813e+00 2.235171311616728981e-02
6.271271271271270820e+00 2.240922880085254379e-02
6.281281281281280826e+00 2.246735886475110383e-02
6.291291291291290833e+00 2.252560604034397132e-02
6.301301301301300839e+00 2.258385321593684228e-02
6.311311311311310845e+00 2.264267499269253039e-02
6.321321321321320852e+00 2.270166206161892963e-02
6.331331331331330858e+00 2.276064913054533234e-02
6.341341341341340865e+00 2.282017057927573575e-02
6.351351351351350871e+00 2.287990681377623584e-02
6.361361361361360878e+00 2.293964304827673592e-02
6.371371371371370884e+00 2.299987282196748126e-02
6.381381381381380891e+00 2.306036834752988804e-02
6.391391391391390897e+00 2.312086387309230176e-02
6.401401401401400904e+00 2.318181130572234683e-02
6.411411411411410910e+00 2.324307708365843522e-02
6.421421421421420916e+00 2.330434286159452015e-02
6.431431431431430923e+00 2.336601795469691809e-02
6.441441441441440929e+00 2.342806576390222412e-02
6.451451451451450936e+00 2.349011357310753015e-02
6.461461461461460942e+00 2.355252698178987580e-02
6.471471471471470949e+00 2.361536939972597171e-02
6.481481481481480955e+00 2.367821181766206762e-02
6.491491491491490962e+00 2.374137483611114818e-02
6.501501501501500968e+00 2.380502521904972676e-02
6.511511511511510975e+00 2.386867560198830188e-02
6.521521521521520981e+00 2.393260014848346343e-02
6.531531531531530987e+00 2.399707261105197068e-02
6.541541541541540994e+00 2.406154507362047792e-02
6.551551551551551000e+00 2.412624367508029583e-02
6.561561561561561007e+00 2.419155306914885090e-02
6.571571571571571013e+00 2.425686246321741291e-02
6.581581581581581020e+00 2.432234823930435469e-02
6.591591591591591026e+00 2.438851013225348807e-02
6.601601601601601033e+00 2.445467202520261452e-02
6.611611611611611927e+00 2.452095867201019297e-02
6.621621621621621934e+00 2.458798932441921825e-02
6.631631631631631940e+00 2.465501997682825047e-02
6.641641641641641947e+00 2.472212175017530003e-02
6.651651651651651953e+00 2.479003809297067318e-02
6.661661661661661959e+00 2.485795443576604632e-02
6.671671671671671966e+00 2.492588613412264828e-02
6.681681681681681972e+00 2.499470574522556429e-02
6.691691691691691979e+00 2.506352535632848030e-02
6.701701701701701985e+00 2.513234496743139632e-02
6.711711711711711992e+00 2.520204338391010546e-02
6.721721721721721998e+00 2.527178446442246776e-02
6.731731731731732005e+00 2.534152554493483353e-02
6.741741741741742011e+00 2.541210384136984371e-02
6.751751751751752018e+00 2.548278519133711367e-02
6.761761761761762024e+00 2.555346654130438017e-02
6.771771771771772030e+00 2.562494161267696302e-02
6.781781781781782037e+00 2.569658260646640394e-02
6.791791791791792043e+00 2.576822360025584485e-02
6.801801801801802050e+00 2.584061278773426562e-02
6.811811811811812056e+00 2.591323334906622811e-02
6.821821821821822063e+00 2.598585391039819059e-02
6.831831831831832069e+00 2.605917498247433545e-02
6.841841841841842076e+00 2.613279555914417226e-02
6.851851851851852082e+00 2.620641613581401255e-02
6.861861861861862089e+00 2.628068726925205170e-02
6.871871871871872095e+00 2.635532880757946242e-02
6.881881881881882101e+00 2.642997034590686620e-02
6.891891891891892108e+00 2.650521010652643131e-02
6.901901901901902114e+00 2.658089402556852027e-02
6.911911911911912121e+00 2.665657794461060923e-02
6.921921921921922127e+00 2.673280526792668269e-02
6.931931931931932134e+00 2.680955343349048295e-02
6.941941941941942140e+00 2.688630159905428321e-02
6.951951951951952147e+00 2.696353577079574002e-02
6.961961961961962153e+00 2.704137046928522387e-02
6.971971971971972160e+00 2.711920516777470425e-02
6.981981981981982166e+00 2.719746580430292687e-02
6.991991991991992172e+00 2.727640971643495796e-02
7.002002002002002179e+00 2.735535362856698904e-02
7.012012012012012185e+00 2.743466065721562527e-02
7.022022022022022192e+00 2.751473683163829440e-02
7.032032032032032198e+00 2.759481300606096699e-02
7.042042042042042205e+00 2.767518664541756407e-02
7.052052052052052211e+00 2.775641847226418407e-02
7.062062062062062218e+00 2.783765029911080408e-02
7.072072072072072224e+00 2.791911103926056348e-02
7.082082082082082231e+00 2.800152222367101665e-02
7.092092092092092237e+00 2.808393340808147329e-02
7.102102102102102243e+00 2.816650199083291575e-02
7.112112112112112250e+00 2.825011652647418589e-02
7.122122122122122256e+00 2.833373106211545603e-02
7.132132132132132263e+00 2.841742846122751950e-02
7.142142142142142269e+00 2.850227060384345062e-02
7.152152152152152276e+00 2.858711274645938175e-02
7.162162162162162282e+00 2.867196014788861089e-02
7.172172172172172289e+00 2.875805438890896917e-02
7.182182182182182295e+00 2.884414862992932399e-02
7.192192192192192302e+00 2.893024287094968228e-02
7.202202202202202308e+00 2.901753845235339330e-02
7.212212212212212314e+00 2.910490949259083096e-02
7.222222222222222321e+00 2.919228053282827209e-02
7.232232232232232327e+00 2.928079393026435454e-02
7.242242242242242334e+00 2.936946665372722892e-02
7.252252252252252340e+00 2.945813937719010331e-02
7.262262262262262347e+00 2.954789245232006256e-02
7.272272272272272353e+00 2.963789190016840117e-02
7.282282282282282360e+00 2.972789134801673977e-02
7.292292292292292366e+00 2.981890607037838287e-02
7.302302302302302373e+00 2.991025741504869592e-02
7.312312312312312379e+00 3.000160875971901245e-02
7.322322322322322385e+00 3.009390718753667676e-02
7.332332332332332392e+00 3.018663570706137111e-02
7.342342342342342398e+00 3.027936422658606200e-02
7.352352352352352405e+00 3.037296848772886790e-02
7.362362362362362411e+00 3.046709954027423950e-02
7.372372372372372418e+00 3.056123059281961110e-02
7.382382382382382424e+00 3.065616286592220963e-02
7.392392392392392431e+00 3.075172186456849935e-02
7.402402402402402437e+00 3.084728086321479254e-02
7.412412412412412444e+00 3.094356335897485016e-02
7.422422422422422450e+00 3.104057574676089698e-02
7.432432432432432456e+00 3.113758813454695074e-02
7.442442442442442463e+00 3.123524307721282922e-02
7.452452452452452469e+00 3.133373430246685909e-02
7.462462462462462476e+00 3.143222552772087508e-02
7.472472472472472482e+00 3.153127513678243010e-02
7.482482482482482489e+00 3.163127062875933926e-02
7.492492492492492495e+00 3.173126612073624148e-02
7.502502502502502502e+00 3.183173259283131329e-02
7.512512512512512508e+00 3.193325773767656528e-02
7.522522522522522515e+00 3.203478288252182421e-02
7.532532532532532521e+00 3.213668837357042812e-02
7.542542542542542527e+00 3.223976849062890060e-02
7.552552552552552534e+00 3.234284860768736614e-02
7.562562562562562540e+00 3.244621521526497993e-02
7.572572572572572547e+00 3.255087553375275722e-02
7.582582582582582553e+00 3.265553585224054839e-02
7.592592592592592560e+00 3.276038559820138724e-02
7.602602602602602566e+00 3.286665123425740187e-02
7.612612612612612573e+00 3.297291687031343038e-02
7.622622622622622579e+00 3.307927168367428422e-02
7.632632632632632586e+00 3.318716761780771130e-02
7.642642642642642592e+00 3.329506355194113837e-02
7.652652652652652598e+00 3.340295948607456544e-02
7.662662662662662605e+00 3.351249630698412141e-02
7.672672672672672611e+00 3.362204736193268040e-02
7.682682682682682618e+00 3.373159841688124633e-02
7.692692692692692624e+00 3.384270846085828816e-02
7.702702702702702631e+00 3.395393927987158667e-02
7.712712712712712637e+00 3.406517009888489211e-02
7.722722722722722644e+00 3.417787471572086150e-02
7.732732732732732650e+00 3.429080974128211751e-02
7.742742742742742657e+00 3.440374476684338739e-02
7.752752752752752663e+00 3.451806512699556739e-02
7.762762762762762669e+00 3.463272857999404042e-02
7.772772772772772676e+00 3.474739203299251344e-02
7.782782782782782682e+00 3.486334911237135015e-02
7.792792792792792689e+00 3.497976497173714561e-02
7.802802802802802695e+00 3.509618083110294801e-02
7.812812812812812702e+00 3.521379539618249566e-02
7.822822822822822708e+00 3.533198737899437281e-02
7.832832832832832715e+00 3.545017936180624302e-02
7.842842842842842721e+00 3.556947195506406784e-02
7.852852852852852727e+00 3.568946349714009064e-02
7.862862862862862734e+00 3.580945503921611345e-02
7.872872872872872740e+00 3.593044596490813786e-02
7.882882882882882747e+00 3.605226020188839753e-02
7.892892892892892753e+00 3.617407443886865720e-02
7.902902902902902760e+00 3.629678374914423189e-02
7.912912912912912766e+00 3.642044349807358611e-02
7.922922922922922773e+00 3.654410324700294033e-02
7.932932932932932779e+00 3.666855072836500140e-02
7.942942942942942786e+00 3.679407846978356711e-02
7.952952952952952792e+00 3.691960621120214669e-02
7.962962962962962798e+00 3.704581137131667673e-02
7.972972972972972805e+00 3.717322923186457823e-02
7.982982982982982811e+00 3.730064709241248666e-02
7.992992992992992818e+00 3.742862914727124873e-02
8.003003003003001936e+00 3.755795888281358158e-02
8.013013013013011943e+00 3.768728861835592137e-02
8.023023023023021949e+00 3.781706647979601876e-02
8.033033033033031955e+00 3.794832945907327532e-02
8.043043043043041962e+00 3.807959243835052493e-02
8.053053053053051968e+00 3.821118470193377026e-02
8.063063063063061975e+00 3.834440189074216077e-02
8.073073073073071981e+00 3.847761907955054433e-02
8.083083083083081988e+00 3.861104401280552462e-02
8.093093093093091994e+00 3.874623595871078824e-02
8.103103103103102001e+00 3.888142790461605880e-02
8.113113113113112007e+00 3.901670343564484639e-02
8.123123123123122014e+00 3.915389025323307015e-02
8.133133133133132020e+00 3.929107707082128698e-02
8.143143143143142026e+00 3.942826388840950380e-02
8.153153153153152033e+00 3.956742213394048857e-02
8.163163163163162039e+00 3.970662349060775920e-02
8.173173173173172046e+00 3.984582484727502982e-02
8.183183183183182052e+00 3.998688769130454013e-02
8.193193193193192059e+00 4.012812279358771855e-02
8.203203203203202065e+00 4.026935789587089698e-02
8.213213213213213848e+00 4.041234170955189386e-02
8.223223223223223854e+00 4.055562929000150474e-02
8.233233233233233861e+00 4.069891687045110867e-02
8.243243243243243867e+00 4.084383763103453108e-02
8.253253253253253874e+00 4.098919593562997538e-02
8.263263263263263880e+00 4.113455424022541967e-02
8.273273273273273887e+00 4.128142752205591487e-02
8.283283283283283893e+00 4.142887429816371342e-02
8.293293293293293900e+00 4.157632107427151197e-02
8.303303303303303906e+00 4.172516204015314784e-02
8.313313313313313913e+00 4.187471452502675162e-02
8.323323323323323919e+00 4.202426700990036235e-02
8.333333333333333925e+00 4.217509040283234922e-02
8.343343343343343932e+00 4.232676531265314873e-02
8.353353353353353938e+00 4.247844022247394824e-02
8.363363363363363945e+00 4.263126035775510053e-02
8.373373373373373951e+00 4.278507387721240673e-02
8.383383383383383958e+00 4.293888739666971294e-02
8.393393393393393964e+00 4.309371815437034597e-02
8.403403403403403971e+00 4.324968592677836537e-02
8.413413413413413977e+00 4.340565369918639171e-02
8.423423423423423984e+00 4.356250851698631466e-02
8.433433433433433990e+00 4.372064563493579387e-02
8.443443443443443996e+00 4.387878275288525920e-02
8.453453453453454003e+00 4.403767461927585863e-02
8.463463463463464009e+00 4.419799561581652658e-02
8.473473473473474016e+00 4.435831661235720147e-02
8.483483483483484022e+00 4.451925806020560344e-02
8.493493493493494029e+00 4.468177690055685769e-02
8.503503503503504035e+00 4.484429574090810500e-02
8.513513513513514042e+00 4.500729884138127829e-02
8.523523523523524048e+00 4.517202891516599456e-02
8.533533533533534055e+00 4.533675898895071776e-02
8.543543543543544061e+00 4.550183534579668038e-02
8.553553553553554067e+00 4.566878945979495341e-02
8.563563563563564074e+00 4.583574357379323339e-02
8.573573573573574080e+00 4.600290431797699614e-02
8.583583583583584087e+00 4.617209468939395545e-02
8.593593593593594093e+00 4.634128506081091475e-02
8.603603603603604100e+00 4.651054084550172718e-02
8.613613613613614106e+00 4.668197909574520882e-02
8.623623623623624113e+00 4.685341734598868352e-02
8.633633633633634119e+00 4.702485559623216516e-02
8.643643643643644126e+00 4.719847549085775390e-02
8.653653653653654132e+00 4.737217263981952087e-02
8.663663663663664138e+00 4.754586978878127396e-02
8.673673673673674145e+00 4.772161499170913396e-02
8.683683683683684151e+00 4.789758145254468386e-02
8.693693693693694158e+00 4.807354791338023375e-02
8.703703703703704164e+00 4.825142700631900039e-02
8.713713713713714171e+00 4.842967258071891046e-02
8.723723723723724177e+00 4.860791815511881359e-02
8.733733733733734184e+00 4.878793922113763837e-02
8.743743743743744190e+00 4.896847309508504942e-02
8.753753753753754197e+00 4.914900696903246741e-02
8.763763763763764203e+00 4.933117758973364769e-02
8.773773773773774209e+00 4.951400832974022642e-02
8.783783783783784216e+00 4.969683906974681209e-02
8.793793793793794222e+00 4.988116632276148182e-02
8.803803803803804229e+00 5.006630187257569281e-02
8.813813813813814235e+00 5.025143742238988992e-02
8.823823823823824242e+00 5.043792787919207377e-02
8.833833833833834248e+00 5.062537555697210062e-02
8.843843843843844255e+00 5.081282323475213442e-02
8.853853853853854261e+00 5.100148295878650928e-02
8.863863863863864268e+00 5.119124945473058769e-02
8.873873873873874274e+00 5.138101595067467303e-02
8.883883883883884280e+00 5.157185049579366548e-02
8.893893893893894287e+00 5.176394187022036186e-02
8.903903903903904293e+00 5.195603324464705131e-02
8.913913913913914300e+00 5.214904765385210139e-02
8.923923923923924306e+00 5.234346933572226607e-02
8.933933933933934313e+00 5.253789101759243074e-02
8.943943943943944319e+00 5.273308982207480095e-02
8.953953953953954326e+00 5.292984660794798624e-02
8.963963963963964332e+00 5.312660339382116459e-02
8.973973973973974338e+00 5.332399061229718684e-02
8.983983983983984345e+00 5.352308666571337775e-02
8.993993993993994351e+00 5.372218271912956172e-02
9.004004004004004358e+00 5.392176185746518080e-02
9.014014014014014364e+00 5.412320070874480221e-02
9.024024024024024371e+00 5.432463956002442362e-02
9.034034034034034377e+00 5.452641361114420743e-02
9.044044044044044384e+00 5.473019815759646439e-02
9.054054054054054390e+00 5.493398270404872136e-02
9.064064064064064397e+00 5.513795414812337758e-02
9.074074074074074403e+00 5.534408665465606614e-02
9.084084084084084409e+00 5.555021916118876163e-02
9.094094094094094416e+00 5.575638996609692810e-02
9.104104104104104422e+00 5.596487206621768296e-02
9.114114114114114429e+00 5.617335416633843087e-02
9.124124124124124435e+00 5.638183626645918572e-02
9.134134134134134442e+00 5.659255848559743840e-02
9.144144144144144448e+00 5.680339118279847249e-02
9.154154154154154455e+00 5.701422387999950658e-02
9.164164164164164461e+00 5.722714823727029221e-02
9.174174174174174468e+00 5.744033190678756590e-02
9.184184184184184474e+00 5.765351557630482571e-02
9.194194194194194480e+00 5.786864188200415565e-02
9.204204204204204487e+00 5.808417627294210767e-02
9.214214214214214493e+00 5.829971066388005968e-02
9.224224224224224500e+00 5.851703822296844271e-02
9.234234234234234506e+00 5.873492246078155371e-02
9.244244244244244513e+00 5.895280669859465084e-02
9.254254254254254519e+00 5.917233431279351336e-02
9.264264264264264526e+00 5.939256690211527218e-02
9.274274274274274532e+00 5.961279949143703100e-02
9.284284284284284539e+00 5.983452546155710455e-02
9.294294294294294545e+00 6.005710428936798101e-02
9.304304304304304551e+00 6.027968311717885747e-02
9.314314314314314558e+00 6.050360524567494763e-02
9.324324324324324564e+00 6.072852758479988650e-02
9.334334334334334571e+00 6.095344992392482536e-02
9.344344344344344577e+00 6.117956551767119583e-02
9.354354354354354584e+00 6.140682803059772932e-02
9.364364364364364590e+00 6.163409054352426975e-02
9.374374374374374597e+00 6.186239641680527784e-02
9.384384384384384603e+00 6.209199515981347894e-02
9.394394394394394610e+00 6.232159390282168004e-02
9.404404404404404616e+00 6.255208638053193215e-02
9.414414414414414622e+00 6.278401680812673025e-02
9.424424424424424629e+00 6.301594723572154222e-02
9.434434434434434635e+00 6.324862215676990695e-02
9.444444444444444642e+00 6.348287912640708519e-02
9.454454454454454648e+00 6.371713609604427730e-02
9.464464464464464655e+00 6.395198881695637882e-02
9.474474474474474661e+00 6.418856659405332288e-02
9.484484484484484668e+00 6.442514437115028081e-02
9.494494494494494674e+00 6.466216976986381704e-02
9.504504504504504681e+00 6.490106203308583510e-02
9.514514514514514687e+00 6.513995429630785317e-02
9.524524524524524693e+00 6.537914677615509762e-02
9.534534534534534700e+00 6.562034662296842291e-02
9.544544544544544706e+00 6.586154646978173433e-02
9.554554554554554713e+00 6.610289996365380227e-02
9.564564564564564719e+00 6.634639991613679177e-02
9.574574574574574726e+00 6.658989986861975352e-02
9.584584584584584732e+00 6.683340784330721318e-02
9.594594594594594739e+00 6.707919985421051390e-02
9.604604604604604745e+00 6.732499186511381462e-02
9.614614614614614752e+00 6.757078387601711533e-02
9.624624624624624758e+00 6.781872278486543448e-02
9.634634634634634764e+00 6.806679824391276279e-02
9.644644644644644771e+00 6.831487370296010497e-02
9.654654654654654777e+00 6.856494347934341538e-02
9.664664664664664784e+00 6.881529321976372071e-02
9.674674674674674790e+00 6.906564296018403992e-02
9.684684684684684797e+00 6.931783515057700351e-02
9.694694694694694803e+00 6.957044945586046691e-02
9.704704704704704810e+00 6.982306376114391644e-02
9.714714714714714816e+00 7.007736947190749965e-02
9.724724724724724823e+00 7.033223808277556943e-02
9.734734734734734829e+00 7.058710669364362533e-02
9.744744744744744835e+00 7.084351659637223853e-02
9.754754754754754842e+00 7.110062871795433392e-02
9.764764764764764848e+00 7.135774083953641544e-02
9.774774774774774855e+00 7.161624517654106847e-02
9.784784784784784861e+00 7.187558948574948592e-02
9.794794794794794868e+00 7.213493379495791724e-02
9.804804804804804874e+00 7.239552238487978464e-02
9.814814814814814881e+00 7.265708703797371659e-02
9.824824824824824887e+00 7.291865169106766242e-02
9.834834834834834894e+00 7.318131393461761725e-02
9.844844844844844900e+00 7.344508657494955295e-02
9.854854854854854906e+00 7.370885921528150253e-02
9.864864864864864913e+00 7.397358410110020654e-02
9.874874874874874919e+00 7.423955186703554143e-02
9.884884884884884926e+00 7.450551963297089020e-02
9.894894894894894932e+00 7.477229574360468034e-02
9.904904904904904939e+00 7.504044527660730379e-02
9.914914914914914945e+00 7.530859480960992725e-02
9.924924924924924952e+00 7.557741032759759947e-02
9.934934934934934958e+00 7.584772778047337016e-02
9.944944944944944965e+00 7.611804523334915473e-02
9.954954954954954971e+00 7.638888794741492683e-02
9.964964964964964977e+00 7.666135899270562493e-02
9.974974974974974984e+00 7.693383003799630915e-02
9.984984984984984990e+00 7.720668734934416078e-02
9.994994994994994997e+00 7.748129718786390951e-02
1.000500500500500500e+01 7.775590702638364438e-02
1.001501501501501501e+01 7.803076595508826041e-02
1.002502502502502502e+01 7.830749932459588059e-02
1.003503503503503502e+01 7.858423269410350076e-02
1.004504504504504503e+01 7.886107988559362680e-02
1.005505505505505504e+01 7.913992106959245876e-02
1.006506506506506504e+01 7.941876225359129071e-02
1.007507507507507505e+01 7.969760343759012267e-02
1.008508508508508505e+01 7.997851682187949451e-02
1.009509509509509506e+01 8.025944965853862301e-02
1.010510510510510507e+01 8.054038249519775150e-02
1.011511511511511507e+01 8.082323973742797096e-02
1.012512512512512508e+01 8.110624762861705361e-02
1.013513513513513509e+01 8.138925551980615014e-02
1.014514514514514509e+01 8.167404175406337008e-02
1.015515515515515510e+01 8.195910767449461620e-02
1.016516516516516511e+01 8.224417359492584845e-02
1.017517517517517511e+01 8.253087361665706334e-02
1.018518518518518512e+01 8.281798012312723001e-02
1.019519519519519513e+01 8.310508662959741055e-02
1.020520520520520513e+01 8.339368490258149136e-02
1.021521521521521514e+01 8.368281414330780432e-02
1.022522522522522515e+01 8.397194338403411729e-02
1.023523523523523515e+01 8.426242404741246528e-02
1.024524524524524516e+01 8.455355777145533158e-02
1.025525525525525516e+01 8.484469149549821176e-02
1.026526526526526517e+01 8.513703837086092352e-02
1.027527527527527518e+01 8.543015793762741283e-02
1.028528528528528518e+01 8.572327750439390215e-02
1.029529529529529519e+01 8.601747410291801788e-02
1.030530530530530520e+01 8.631256049174004796e-02
1.031531531531531520e+01 8.660764688056209193e-02
1.032532532532532521e+01 8.690367641019744460e-02
1.033533533533533522e+01 8.720071022997816224e-02
1.034534534534534522e+01 8.749774404975890763e-02
1.035535535535535523e+01 8.779558942245847819e-02
1.036536536536536524e+01 8.809455092138133991e-02
1.037537537537537524e+01 8.839351242030421552e-02
1.038538538538538525e+01 8.869315625929510838e-02
1.039539539539539525e+01 8.899402533458937448e-02
1.040540540540540526e+01 8.929489440988362670e-02
1.041541541541541527e+01 8.959631905697504339e-02
1.042542542542542527e+01 8.989907526473243926e-02
1.043543543543543528e+01 9.020183147248984901e-02
1.044544544544544529e+01 9.050501899541454898e-02
1.045545545545545529e+01 9.080964156045152891e-02
1.046546546546546530e+01 9.111426412548850884e-02
1.047547547547547531e+01 9.141919632527475970e-02
1.048548548548548531e+01 9.172566415103446114e-02
1.049549549549549532e+01 9.203213197679417645e-02
1.050550550550550533e+01 9.233879039516415532e-02
1.051551551551551533e+01 9.264708207365361659e-02
1.052552552552552534e+01 9.295537375214309173e-02
1.053553553553553535e+01 9.326373967893515637e-02
1.054554554554554535e+01 9.357383350069202466e-02
1.055555555555555536e+01 9.388392732244889294e-02
1.056556556556556536e+01 9.419402114420576122e-02
1.057557557557557537e+01 9.450585576714415348e-02
1.058558558558558538e+01 9.481772973122795656e-02
1.059559559559559538e+01 9.512960369531177351e-02
1.060560560560560539e+01 9.544308539807828951e-02
1.061561561561561540e+01 9.575671722208196901e-02
1.062562562562562540e+01 9.607034904608564851e-02
1.063563563563563541e+01 9.638545813614905755e-02
1.064564564564564542e+01 9.670082526622550412e-02
1.065565565565565542e+01 9.701619239630195068e-02
1.066566566566566543e+01 9.733290896914652268e-02
1.067567567567567544e+01 9.764998859004545007e-02
1.068568568568568544e+01 9.796706821094439133e-02
1.069569569569569545e+01 9.828537215757029988e-02
1.070570570570570545e+01 9.860414120268198857e-02
1.071571571571571546e+01 9.892291024779366337e-02
1.072572572572572547e+01 9.924278126221833252e-02
1.073573573573573547e+01 9.956321642361815050e-02
1.074574574574574548e+01 9.988365158501796848e-02
1.075575575575575549e+01 1.002050691717764896e-01
1.076576576576576549e+01 1.005271469102682474e-01
1.077577577577577550e+01 1.008492246487600191e-01
1.078578578578578551e+01 1.011721681304016823e-01
1.079579579579579551e+01 1.014958646855536883e-01
1.080580580580580552e+01 1.018195612407057082e-01
1.081581581581581553e+01 1.021440097652842466e-01
1.082582582582582553e+01 1.024693011654553843e-01
1.083583583583583554e+01 1.027945925656265358e-01
1.084584584584584555e+01 1.031205251141818768e-01
1.085585585585585555e+01 1.034473871865338040e-01
1.086586586586586556e+01 1.037742492588857451e-01
1.087587587587587556e+01 1.041016446529148820e-01
1.088588588588588557e+01 1.044300530334060229e-01
1.089589589589589558e+01 1.047584614138971637e-01
1.090590590590590558e+01 1.050872983228116619e-01
1.091591591591591559e+01 1.054172284661698406e-01
1.092592592592592560e+01 1.057471586095280330e-01
1.093593593593593560e+01 1.060774155580962996e-01
1.094594594594594561e+01 1.064088427477673099e-01
1.095595595595595562e+01 1.067402699374383340e-01
1.096596596596596562e+01 1.070719253132107196e-01
1.097597597597597563e+01 1.074048246712777516e-01
1.098598598598598564e+01 1.077377240293447697e-01
1.099599599599599564e+01 1.080707560900586034e-01
1.100600600600600565e+01 1.084051025871310830e-01
1.101601601601601566e+01 1.087394490842035488e-01
1.102602602602602566e+01 1.090738359651670791e-01
1.103603603603603567e+01 1.094096044302349385e-01
1.104604604604604567e+01 1.097453728953027841e-01
1.105605605605605568e+01 1.100811413603706573e-01
1.106606606606606569e+01 1.104182577470063376e-01
1.107607607607607569e+01 1.107554228772568844e-01
1.108608608608608570e+01 1.110925880075074451e-01
1.109609609609609571e+01 1.114309897223001999e-01
1.110610610610610571e+01 1.117695260928947415e-01
1.111611611611611572e+01 1.121080624634892831e-01
1.112612612612612573e+01 1.124477272062281430e-01
1.113613613613613573e+01 1.127876092800359359e-01
1.114614614614614574e+01 1.131274913538437149e-01
1.115615615615615575e+01 1.134683967408599004e-01
1.116616616616616575e+01 1.138095988781460122e-01
1.117617617617617576e+01 1.141508010154321379e-01
1.118618618618618576e+01 1.144929245867999934e-01
1.119619619619619577e+01 1.148354210548653415e-01
1.120620620620620578e+01 1.151779175229306756e-01
1.121621621621621578e+01 1.155212367496340070e-01
1.122622622622622579e+01 1.158650017324048404e-01
1.123623623623623580e+01 1.162087667151756737e-01
1.124624624624624580e+01 1.165532590062379747e-01
1.125625625625625581e+01 1.168982666138020377e-01
1.126626626626626582e+01 1.172432742213660867e-01
1.127627627627627582e+01 1.175889169309438514e-01
1.128628628628628583e+01 1.179351412090322293e-01
1.129629629629629584e+01 1.182813654871205933e-01
1.130630630630630584e+01 1.186281359215573539e-01
1.131631631631631585e+01 1.189755508609676715e-01
1.132632632632632586e+01 1.193229658003779892e-01
1.133633633633633586e+01 1.196708412252186632e-01
1.134634634634634587e+01 1.200194207711802186e-01
1.135635635635635587e+01 1.203680003171417739e-01
1.136636636636636588e+01 1.207169579641060725e-01
1.137637637637637589e+01 1.210666760255832142e-01
1.138638638638638589e+01 1.214163940870603836e-01
1.139639639639639590e+01 1.217664111609732952e-01
1.140640640640640591e+01 1.221172416199048788e-01
1.141641641641641769e+01 1.224680720788365318e-01
1.142642642642642770e+01 1.228191257645153828e-01
1.143643643643643770e+01 1.231710424849908891e-01
1.144644644644644771e+01 1.235229592054663955e-01
1.145645645645645772e+01 1.238750266745638762e-01
1.146646646646646772e+01 1.242280035119308346e-01
1.147647647647647773e+01 1.245809803492978068e-01
1.148648648648648773e+01 1.249340387670980212e-01
1.149649649649649774e+01 1.252880495770030689e-01
1.150650650650650775e+01 1.256420603869081443e-01
1.151651651651651775e+01 1.259960869190774879e-01
1.152652652652652776e+01 1.263511055664360838e-01
1.153653653653653777e+01 1.267061242137947075e-01
1.154654654654654777e+01 1.270611428611533311e-01
1.155655655655655778e+01 1.274170964009798679e-01
1.156656656656656779e+01 1.277730967688760211e-01
1.157657657657657779e+01 1.281290971367722020e-01
1.158658658658658780e+01 1.284859470602861264e-01
1.159659659659659781e+01 1.288429030587983914e-01
1.160660660660660781e+01 1.291998590573106842e-01
1.161661661661661782e+01 1.295575826070913539e-01
1.162662662662662783e+01 1.299154681820458568e-01
1.163663663663663783e+01 1.302733537570003874e-01
1.164664664664664784e+01 1.306319282112014812e-01
1.165665665665665784e+01 1.309907173528487845e-01
1.166666666666666785e+01 1.313495064944960877e-01
1.167667667667667786e+01 1.317089091732728257e-01
1.168668668668668786e+01 1.320685759248893532e-01
1.169669669669669787e+01 1.324282426765058251e-01
1.170670670670670788e+01 1.327884509483889530e-01
1.171671671671671788e+01 1.331489694148004221e-01
1.172672672672672789e+01 1.335094878812118913e-01
1.173673673673673790e+01 1.338704791694280416e-01
1.174674674674674790e+01 1.342318235254547076e-01
1.175675675675675791e+01 1.345931678814813459e-01
1.176676676676676792e+01 1.349549196702195530e-01
1.177677677677677792e+01 1.353170641690419063e-01
1.178678678678678793e+01 1.356792086678642595e-01
1.179679679679679793e+01 1.360416985084879071e-01
1.180680680680680794e+01 1.364046174899326003e-01
1.181681681681681795e+01 1.367675364713772934e-01
1.182682682682682795e+01 1.371307419885804124e-01
1.183683683683683796e+01 1.374944098873236431e-01
1.184684684684684797e+01 1.378580777860668460e-01
1.185685685685685797e+01 1.382219766839748176e-01
1.186686686686686798e+01 1.385863680376655527e-01
1.187687687687687799e+01 1.389507593913563155e-01
1.188688688688688799e+01 1.393153294595708691e-01
1.189689689689689800e+01 1.396804189168702470e-01
1.190690690690690801e+01 1.400455083741696249e-01
1.191691691691691801e+01 1.404107274937566319e-01
1.192692692692692802e+01 1.407764898222942929e-01
1.193693693693693803e+01 1.411422521508319816e-01
1.194694694694694803e+01 1.415080983002524051e-01
1.195695695695695804e+01 1.418745083944990548e-01
1.196696696696696804e+01 1.422409184887457045e-01
1.197697697697697805e+01 1.426073697497292347e-01
1.198698698698698806e+01 1.429744026387847478e-01
1.199699699699699806e+01 1.433414355278402608e-01
1.200700700700700807e+01 1.437084700912012181e-01
1.201701701701701808e+01 1.440761009464970599e-01
1.202702702702702808e+01 1.444437318017929017e-01
1.203703703703703809e+01 1.448113626570887158e-01
1.204704704704704810e+01 1.451795321161048202e-01
1.205705705705705810e+01 1.455477362590219814e-01
1.206706706706706811e+01 1.459159404019391426e-01
1.207707707707707812e+01 1.462846253740488489e-01
1.208708708708708812e+01 1.466533782834491539e-01
1.209709709709709813e+01 1.470221311928494590e-01
1.210710710710710813e+01 1.473913103953588821e-01
1.211711711711711814e+01 1.477605877150299230e-01
1.212712712712712815e+01 1.481298650347009915e-01
1.213713713713713815e+01 1.484995173240389876e-01
1.214714714714714816e+01 1.488692948700532925e-01
1.215715715715715817e+01 1.492390724160676252e-01
1.216716716716716817e+01 1.496091767932208882e-01
1.217717717717717818e+01 1.499794305612065226e-01
1.218718718718718819e+01 1.503496843291921847e-01
1.219719719719719819e+01 1.507202199450817237e-01
1.220720720720720820e+01 1.510909261174074869e-01
1.221721721721721821e+01 1.514616322897332223e-01
1.222722722722722821e+01 1.518325784505306086e-01
1.223723723723723822e+01 1.522037134034024963e-01
1.224724724724724823e+01 1.525748483562743563e-01
1.225725725725725823e+01 1.529461845286582133e-01
1.226726726726726824e+01 1.533177248391287550e-01
1.227727727727727824e+01 1.536892651495992690e-01
1.228728728728728825e+01 1.540609709659516713e-01
1.229729729729729826e+01 1.544328934188416436e-01
1.230730730730730826e+01 1.548048158717316436e-01
1.231731731731731827e+01 1.551768711352746466e-01
1.232732732732732828e+01 1.555491527300062182e-01
1.233733733733733828e+01 1.559214343247377621e-01
1.234734734734734829e+01 1.562938190146096473e-01
1.235735735735735830e+01 1.566664369719523442e-01
1.236736736736736830e+01 1.570390549292949856e-01
1.237737737737737831e+01 1.574117492055665812e-01
1.238738738738738832e+01 1.577846809742945444e-01
1.239739739739739832e+01 1.581576127430225354e-01
1.240740740740740833e+01 1.585305969516531410e-01
1.241741741741741833e+01 1.589038202151147883e-01
1.242742742742742834e+01 1.592770434785764910e-01
1.243743743743743835e+01 1.596502981563096002e-01
1.244744744744744835e+01 1.600237908389085251e-01
1.245745745745745836e+01 1.603972835215074499e-01
1.246746746746746837e+01 1.607707894007061045e-01
1.247747747747747837e+01 1.611445296742946287e-01
1.248748748748748838e+01 1.615182699478831529e-01
1.249749749749749839e+01 1.618920102214716772e-01
1.250750750750750839e+01 1.622659742514899472e-01
1.251751751751751840e+01 1.626399405416742161e-01
1.252752752752752841e+01 1.630139068318584572e-01
1.253753753753753841e+01 1.633880628195463758e-01
1.254754754754754842e+01 1.637622338119035792e-01
1.255755755755755843e+01 1.641364048042607549e-01
1.256756756756756843e+01 1.645107343633520347e-01
1.257757757757757844e+01 1.648850890095591715e-01
1.258758758758758844e+01 1.652594436557663360e-01
1.259759759759759845e+01 1.656339286203967198e-01
1.260760760760760846e+01 1.660084461442731807e-01
1.261761761761761846e+01 1.663829636681496693e-01
1.262762762762762847e+01 1.667575860973036506e-01
1.263763763763763848e+01 1.671322460007641508e-01
1.264764764764764848e+01 1.675069059042246511e-01
1.265765765765765849e+01 1.678816480861229643e-01
1.266766766766766850e+01 1.682564301550442121e-01
1.267767767767767850e+01 1.686312122239654598e-01
1.268768768768768851e+01 1.690060566803928965e-01
1.269769769769769852e+01 1.693809409903927754e-01
1.270770770770770852e+01 1.697558253003926820e-01
1.271771771771771853e+01 1.701307547909662321e-01
1.272772772772772854e+01 1.705057217130956648e-01
1.273773773773773854e+01 1.708806886352251253e-01
1.274774774774774855e+01 1.712556861616025550e-01
1.275775775775775855e+01 1.716307163679502978e-01
1.276776776776776856e+01 1.720057465742980407e-01
1.277777777777777857e+01 1.723807953843270735e-01
1.278778778778778857e+01 1.727558698535377191e-01
1.279779779779779858e+01 1.731309443227483369e-01
1.280780780780780859e+01 1.735060279145569651e-01
1.281781781781781859e+01 1.738811279372634022e-01
1.282782782782782860e+01 1.742562279599698116e-01
1.283783783783783861e+01 1.746313300859974049e-01
1.284784784784784861e+01 1.750064372701650162e-01
1.285785785785785862e+01 1.753815444543325996e-01
1.286786786786786863e+01 1.757566491253015617e-01
1.287787787787787863e+01 1.761317454014888761e-01
1.288788788788788864e+01 1.765068416776762183e-01
1.289789789789789864e+01 1.768819331665060779e-01
1.290790790790790865e+01 1.772570007930377445e-01
1.291791791791791866e+01 1.776320684195694111e-01
1.292792792792792866e+01 1.780071312652311832e-01
1.293793793793793867e+01 1.783821528332860396e-01
1.294794794794794868e+01 1.787571744013409514e-01
1.295795795795795868e+01 1.791321934126534898e-01
1.296796796796796869e+01 1.795071518512679487e-01
1.297797797797797870e+01 1.798821102898824076e-01
1.298798798798798870e+01 1.802570687284968942e-01
1.299799799799799871e+01 1.806319491302368352e-01
1.300800800800800872e+01 1.810068277112227841e-01
1.301801801801801872e+01 1.813817062922087886e-01
1.302802802802802873e+01 1.817564969210965775e-01
1.303803803803803874e+01 1.821312792638746791e-01
1.304804804804804874e+01 1.825060616066527530e-01
1.305805805805805875e+01 1.828807484556065066e-01
1.306806806806806875e+01 1.832554185319557882e-01
1.307807807807807876e+01 1.836300886083050699e-01
1.308808808808808877e+01 1.840046579593609677e-01
1.309809809809809877e+01 1.843792000980837287e-01
1.310810810810810878e+01 1.847537422368064619e-01
1.311811811811811879e+01 1.851281806645425632e-01
1.312812812812812879e+01 1.855025795560461266e-01
1.313813813813813880e+01 1.858769784475497178e-01
1.314814814814814881e+01 1.862512728224520187e-01
1.315815815815815881e+01 1.866255135232468276e-01
1.316816816816816882e+01 1.869997542240416644e-01
1.317817817817817883e+01 1.873738917158142836e-01
1.318818818818818883e+01 1.877479596529295636e-01
1.319819819819819884e+01 1.881220275900448435e-01
1.320820820820820884e+01 1.884959956708631146e-01
1.321821821821821885e+01 1.888698766461791023e-01
1.322822822822822886e+01 1.892437576214950623e-01
1.323823823823823886e+01 1.896175440692021708e-01
1.324824824824824887e+01 1.899912242637006865e-01
1.325825825825825888e+01 1.903649044581992023e-01
1.326826826826826888e+01 1.907384973594473399e-01
1.327827827827827889e+01 1.911119633373805637e-01
1.328828828828828890e+01 1.914854293153138154e-01
1.329829829829829890e+01 1.918588170686489902e-01
1.330830830830830891e+01 1.922320557816256936e-01
1.331831831831831892e+01 1.926052944946023970e-01
1.332832832832832892e+01 1.929784658134934550e-01
1.333833833833833893e+01 1.933514646044850738e-01
1.334834834834834894e+01 1.937244633954766648e-01
1.335835835835835894e+01 1.940974073112894105e-01
1.336836836836836895e+01 1.944701539185545447e-01
1.337837837837837895e+01 1.948429005258197066e-01
1.338838838838838896e+01 1.952156063907351524e-01
1.339839839839839897e+01 1.955880889516638244e-01
1.340840840840840897e+01 1.959605715125924685e-01
1.341841841841841898e+01 1.963330290024705715e-01
1.342842842842842899e+01 1.967052360573486591e-01
1.343843843843843899e+01 1.970774431122267745e-01
1.344844844844844900e+01 1.974496422294154674e-01
1.345845845845845901e+01 1.978215627251084241e-01
1.346846846846846901e+01 1.981934832208013808e-01
1.347847847847847902e+01 1.985654037164943375e-01
1.348848848848848903e+01 1.989370375904485622e-01
1.349849849849849903e+01 1.993086608840067830e-01
1.350850850850850904e+01 1.996802841775650317e-01
1.351851851851851904e+01 2.000516304447124138e-01
1.352852852852852905e+01 2.004229463068969708e-01
1.353853853853853906e+01 2.007942621690814999e-01
1.354854854854854906e+01 2.011653122446993014e-01
1.355855855855855907e+01 2.015363108634286304e-01
1.356856856856856908e+01 2.019073094821579872e-01
1.357857857857857908e+01 2.022780551220721978e-01
1.358858858858858909e+01 2.026487271057916817e-01
1.359859859859859910e+01 2.030193990895111933e-01
1.360860860860860910e+01 2.033898323925569518e-01
1.361861861861861911e+01 2.037601687735293154e-01
1.362862862862862912e+01 2.041305051545017069e-01
1.363863863863863912e+01 2.045006185649305142e-01
1.364864864864864913e+01 2.048706108024493100e-01
1.365865865865865914e+01 2.052406030399681336e-01
1.366866866866866914e+01 2.056103893498024970e-01
1.367867867867867915e+01 2.059800293333280963e-01
1.368868868868868915e+01 2.063496693168536955e-01
1.369869869869869916e+01 2.067191216681890931e-01
1.370870870870870917e+01 2.070884017204079330e-01
1.371871871871871917e+01 2.074576817726268285e-01
1.372872872872872918e+01 2.078267936598814092e-01
1.373873873873873919e+01 2.081957065396891626e-01
1.374874874874874919e+01 2.085646194194969438e-01
1.375875875875875920e+01 2.089333846916090198e-01
1.376876876876876921e+01 2.093019235970168257e-01
1.377877877877877921e+01 2.096704625024246038e-01
1.378878878878878922e+01 2.100388753649982398e-01
1.379879879879879923e+01 2.104070339359637165e-01
1.380880880880880923e+01 2.107751925069291654e-01
1.381881881881881924e+01 2.111432475243279483e-01
1.382882882882882924e+01 2.115110198455108781e-01
1.383883883883883925e+01 2.118787921666938079e-01
1.384884884884884926e+01 2.122464842640836291e-01
1.385885885885885926e+01 2.126138648675269249e-01
1.386886886886886927e+01 2.129812454709701930e-01
1.387887887887887928e+01 2.133485699363106558e-01
1.388888888888888928e+01 2.137155538040453884e-01
1.389889889889889929e+01 2.140825376717800654e-01
1.390890890890890930e+01 2.144494901577643220e-01
1.391891891891891930e+01 2.148160727243421109e-01
1.392892892892892931e+01 2.151826552909199275e-01
1.393893893893893932e+01 2.155492318168644728e-01
1.394894894894894932e+01 2.159154089718149649e-01
1.395895895895895933e+01 2.162815861267654294e-01
1.396896896896896934e+01 2.166477632817159216e-01
1.397897897897897934e+01 2.170135511706640097e-01
1.398898898898898935e+01 2.173793192608789449e-01
1.399899899899899935e+01 2.177450873510938800e-01
1.400900900900900936e+01 2.181104892323759148e-01
1.401901901901901937e+01 2.184758450644203598e-01
1.402902902902902937e+01 2.188412008964647493e-01
1.403903903903903938e+01 2.192062143620114034e-01
1.404904904904904939e+01 2.195711552043615733e-01
1.405905905905905939e+01 2.199360960467117432e-01
1.406906906906906940e+01 2.203007190642974622e-01
1.407907907907907941e+01 2.206652426495064601e-01
1.408908908908908941e+01 2.210297662347154579e-01
1.409909909909909942e+01 2.213939971495254566e-01
1.410910910910910943e+01 2.217581016763166268e-01
1.411911911911911943e+01 2.221222062031078248e-01
1.412912912912912944e+01 2.224860437392560120e-01
1.413913913913913944e+01 2.228497278745451005e-01
1.414914914914914945e+01 2.232134120098342167e-01
1.415915915915915946e+01 2.235768552718320201e-01
1.416916916916916946e+01 2.239401181526767259e-01
1.417917917917917947e+01 2.243033810335214595e-01
1.418918918918918948e+01 2.246664295076982176e-01
1.419919919919919948e+01 2.250292707431782169e-01
1.420920920920920949e+01 2.253921119786581884e-01
1.421921921921921950e+01 2.257547655345330528e-01
1.422922922922922950e+01 2.261171852075576916e-01
1.423923923923923951e+01 2.264796048805823026e-01
1.424924924924924952e+01 2.268418637721877351e-01
1.425925925925925952e+01 2.272038624412344443e-01
1.426926926926926953e+01 2.275658611102811257e-01
1.427927927927927954e+01 2.279277259774387665e-01
1.428928928928928954e+01 2.282893046782209778e-01
1.429929929929929955e+01 2.286508833790032169e-01
1.430930930930930955e+01 2.290123552485515968e-01
1.431931931931931956e+01 2.293735154956173250e-01
1.432932932932932957e+01 2.297346757426830532e-01
1.433933933933933957e+01 2.300957560296581494e-01
1.434934934934934958e+01 2.304564998179185753e-01
1.435935935935935959e+01 2.308172436061790012e-01
1.436936936936936959e+01 2.311779341149469424e-01
1.437937937937937960e+01 2.315382639211368831e-01
1.438938938938938961e+01 2.318985937273268239e-01
1.439939939939939961e+01 2.322588966526700216e-01
1.440940940940940962e+01 2.326188154367384020e-01
1.441941941941941963e+01 2.329787342208067824e-01
1.442942942942942963e+01 2.333386521489621279e-01
1.443943943943943964e+01 2.336981633553960047e-01
1.444944944944944965e+01 2.340576745618298538e-01
1.445945945945945965e+01 2.344171857682637028e-01
1.446946946946946966e+01 2.347763180305600661e-01
1.447947947947947966e+01 2.351354255896382639e-01
1.448948948948948967e+01 2.354945331487164617e-01
1.449949949949949968e+01 2.358532911818452538e-01
1.450950950950950968e+01 2.362119995108270809e-01
1.451951951951951969e+01 2.365707078398088803e-01
1.452952952952952970e+01 2.369290958982387119e-01
1.453953953953953970e+01 2.372874099024828154e-01
1.454954954954954971e+01 2.376457239067269189e-01
1.455955955955955972e+01 2.380037466411245861e-01
1.456956956956956972e+01 2.383616717151424980e-01
1.457957957957957973e+01 2.387195967891603543e-01
1.458958958958958974e+01 2.390772592471316627e-01
1.459959959959959974e+01 2.394348012755739830e-01
1.460960960960960975e+01 2.397923433040163310e-01
1.461961961961961975e+01 2.401496509308009841e-01
1.462962962962962976e+01 2.405068162893772010e-01
1.463963963963963977e+01 2.408639816479534457e-01
1.464964964964964977e+01 2.412209402870757191e-01
1.465965965965965978e+01 2.415777358434087474e-01
1.466966966966966979e+01 2.419345313997418034e-01
1.467967967967967979e+01 2.422911472936156441e-01
1.468968968968968980e+01 2.426475804080297505e-01
1.469969969969969981e+01 2.430040135224438569e-01
1.470970970970970981e+01 2.433602933129331292e-01
1.471971971971971982e+01 2.437163718391768819e-01
1.472972972972972983e+01 2.440724503654206623e-01
1.473973973973973983e+01 2.444284010943553465e-01
1.474974974974974984e+01 2.447841333802602271e-01
1.475975975975975985e+01 2.451398656661651076e-01
1.476976976976976985e+01 2.454954947758132000e-01
1.477977977977977986e+01 2.458508896638868235e-01
1.478978978978978986e+01 2.462062845519604470e-01
1.479979979979979987e+01 2.465615998854551738e-01
1.480980980980980988e+01 2.469166667134096160e-01
1.481981981981981988e+01 2.472717335413641138e-01
1.482982982982982989e+01 2.476267433430874021e-01
1.483983983983983990e+01 2.479814919443055210e-01
1.484984984984984990e+01 2.483362405455236122e-01
1.485985985985985991e+01 2.486909534614467343e-01
1.486986986986986992e+01 2.490453941653827663e-01
1.487987987987987992e+01 2.493998348693187983e-01
1.488988988988988993e+01 2.497542599472982461e-01
1.489989989989989994e+01 2.501084035798162852e-01
1.490990990990990994e+01 2.504625472123343521e-01
1.491991991991991995e+01 2.508166908448523635e-01
1.492992992992992995e+01 2.511705517860142178e-01
1.493993993993993996e+01 2.515244096696631071e-01
1.494994994994994997e+01 2.518782675533119964e-01
1.495995995995995997e+01 2.522318717783150199e-01
1.496996996996996998e+01 2.525854557325408201e-01
1.497997997997997999e+01 2.529390396867666202e-01
1.498998998998998999e+01 2.532923979475181220e-01
1.500000000000000000e+01 2.536457202888143803e-01
