5.000000000000000000e+00 6.505454160515231239e-03
5.010010010010010006e+00 6.574156221822454772e-03
5.020020020020020013e+00 6.642858283129679173e-03
5.030030030030030019e+00 6.711560344436903573e-03
5.040040040040040026e+00 6.780896543054660934e-03
5.050050050050050032e+00 6.851092801606312177e-03
5.060060060060060039e+00 6.921289060157963420e-03
5.070070070070070045e+00 6.992007194277669209e-03
5.080080080080080052e+00 7.063701803584572503e-03
5.090090090090090058e+00 7.135396412891476664e-03
5.100100100100100065e+00 7.207499866167092067e-03
5.110110110110110071e+00 7.280696473889541886e-03
5.120120120120120077e+00 7.353893081611992573e-03
5.130130130130130084e+00 7.427384846321431755e-03
5.140140140140140090e+00 7.502086589112665592e-03
5.150150150150150097e+00 7.576788331903898562e-03
5.160160160160160103e+00 7.651671005393650450e-03
5.170170170170170110e+00 7.727880504005866028e-03
5.180180180180180116e+00 7.804090002618082472e-03
5.190190190190190123e+00 7.880365783911724015e-03
5.200200200200200129e+00 7.958085138592897734e-03
5.210210210210210136e+00 8.035804493274067983e-03
5.220220220220220142e+00 8.113523847955239968e-03
5.230230230230230148e+00 8.192705966069101231e-03
5.240240240240240155e+00 8.271936752278158736e-03
5.250250250250250161e+00 8.351167538487219710e-03
5.260260260260260168e+00 8.431747001558855328e-03
5.270270270270270174e+00 8.512490266025822191e-03
5.280280280280280181e+00 8.593233530492789055e-03
5.290290290290290187e+00 8.675210791797300508e-03
5.300300300300300194e+00 8.757467048953752192e-03
5.310310310310310200e+00 8.839723306110203876e-03
5.320320320320320207e+00 8.923098405800087077e-03
5.330330330330330213e+00 9.006867634604178233e-03
5.340340340340340219e+00 9.090636863408271123e-03
5.350350350350350226e+00 9.175409426581924988e-03
5.360360360360360232e+00 9.260691067760996181e-03
5.370370370370370239e+00 9.345972708940067375e-03
5.380380380380380245e+00 9.432141943981620091e-03
5.390390390390390252e+00 9.518934897713871718e-03
5.400400400400400258e+00 9.605727851446121610e-03
5.410410410410410265e+00 9.693292548647572740e-03
5.420420420420420271e+00 9.781595172702980956e-03
5.430430430430430278e+00 9.869897796758390907e-03
5.440440440440440284e+00 9.958856327234326747e-03
5.450450450450450290e+00 1.004866643559340980e-02
5.460460460460460297e+00 1.013847654395248939e-02
5.470470470470470303e+00 1.022882685885703052e-02
5.480480480480480310e+00 1.032014172082462711e-02
5.490490490490490316e+00 1.041145658279222716e-02
5.500500500500500323e+00 1.050319621284698766e-02
5.510510510510510329e+00 1.059601255267659213e-02
5.520520520520520336e+00 1.068882889250619486e-02
5.530530530530530342e+00 1.078195494784744100e-02
5.540540540540540349e+00 1.087626894489000275e-02
5.550550550550550355e+00 1.097058294193256449e-02
5.560560560560560361e+00 1.106509211228489005e-02
5.570570570570570368e+00 1.116089940167453928e-02
5.580580580580580374e+00 1.125670669106419025e-02
5.590590590590590381e+00 1.135259524624742007e-02
5.600600600600600387e+00 1.144989092013488571e-02
5.610610610610610394e+00 1.154718659402234789e-02
5.620620620620620400e+00 1.164448226790981179e-02
5.630630630630630407e+00 1.174322899414032180e-02
5.640640640640640413e+00 1.184200760348312273e-02
5.650650650650650419e+00 1.194078621282592192e-02
5.660660660660660426e+00 1.204089761965983912e-02
5.670670670670670432e+00 1.214115317657701691e-02
5.680680680680680439e+00 1.224140873349419470e-02
5.690690690690690445e+00 1.234287930158088631e-02
5.700700700700700452e+00 1.244460528227818615e-02
5.710710710710710458e+00 1.254633126297548598e-02
5.720720720720720465e+00 1.264915506202588663e-02
5.730730730730730471e+00 1.275234441029596960e-02
5.740740740740740478e+00 1.285553375856605084e-02
5.750750750750750484e+00 1.295970445017698668e-02
5.760760760760760490e+00 1.306434958147756169e-02
5.770770770770770497e+00 1.316899471277813670e-02
5.780780780780780503e+00 1.327450555361566614e-02
5.790790790790790510e+00 1.338059835972720164e-02
5.800800800800800516e+00 1.348669116583873541e-02
5.810810810810810523e+00 1.359353501118049437e-02
5.820820820820820529e+00 1.370106686544344393e-02
5.830830830830830536e+00 1.380859871970639523e-02
5.840840840840840542e+00 1.391676802734240041e-02
5.850850850850850549e+00 1.402572979047268104e-02
5.860860860860860555e+00 1.413469155360296166e-02
5.870870870870870561e+00 1.424417838809365067e-02
5.880880880880880568e+00 1.435456041457369540e-02
5.890890890890890574e+00 1.446494244105374014e-02
5.900900900900900581e+00 1.457573847834341477e-02
5.910910910910910587e+00 1.468753062338487222e-02
5.920920920920920594e+00 1.479932276842632968e-02
5.930930930930930600e+00 1.491141930080958945e-02
5.940940940940940607e+00 1.502461092788231686e-02
5.950950950950950613e+00 1.513780255495504254e-02
5.960960960960960620e+00 1.525119049639312059e-02
5.970970970970970626e+00 1.536577048531413865e-02
5.980980980980980632e+00 1.548035047423516018e-02
5.990990990990990639e+00 1.559502036601868175e-02
6.001001001001000645e+00 1.571097712159359727e-02
6.011011011011010652e+00 1.582693387716851280e-02
6.021021021021020658e+00 1.594289063274343179e-02
6.031031031031030665e+00 1.606019735513058988e-02
6.041041041041040671e+00 1.617751881633858538e-02
6.051051051051050678e+00 1.629484027754658088e-02
6.061061061061060684e+00 1.641339642207836555e-02
6.071071071071070691e+00 1.653207007179122168e-02
6.081081081081080697e+00 1.665074372150407780e-02
6.091091091091090703e+00 1.677053830297026149e-02
6.101101101101100710e+00 1.689055117819486182e-02
6.111111111111110716e+00 1.701056405341945868e-02
6.121121121121120723e+00 1.713158575071856843e-02
6.131131131131130729e+00 1.725292445335085967e-02
6.141141141141140736e+00 1.737426315598314744e-02
6.151151151151150742e+00 1.749650031994499921e-02
6.161161161161160749e+00 1.761915102802349628e-02
6.171171171171170755e+00 1.774180173610198988e-02
6.181181181181180762e+00 1.786524239761129451e-02
6.191191191191190768e+00 1.798919087705631512e-02
6.201201201201200774e+00 1.811313935650134266e-02
6.211211211211210781e+00 1.823777123491500743e-02
6.221221221221220787e+00 1.836300285174012614e-02
6.231231231231230794e+00 1.848823446856524139e-02
6.241241241241240800e+00 1.861404498041526606e-02
6.251251251251250807e+00 1.874054471339570496e-02
6.261261261261260813e+00 1.886704444637614386e-02
6.271271271271270820e+00 1.899402071434991984e-02
6.281281281281280826e+00 1.912177316813302996e-02
6.291291291291290833e+00 1.924952562191614355e-02
6.301301301301300839e+00 1.937765448410568025e-02
6.311311311311310845e+00 1.950664390274722479e-02
6.321321321321320852e+00 1.963563332138877279e-02
6.331331331331330858e+00 1.976490134079994174e-02
6.341341341341340865e+00 1.989511162170978439e-02
6.351351351351350871e+00 2.002532190261962358e-02
6.361361361361360878e+00 2.015571537693248635e-02
6.371371371371370884e+00 2.028713008521260477e-02
6.381381381381380891e+00 2.041854479349272666e-02
6.391391391391390897e+00 2.055004976506354109e-02
6.401401401401400904e+00 2.068265214822120890e-02
6.411411411411410910e+00 2.081525453137888018e-02
6.421421421421420916e+00 2.094785691453654800e-02
6.431431431431430923e+00 2.108162980049251359e-02
6.441441441441440929e+00 2.121540280351046429e-02
6.451451451451450936e+00 2.134917580652841498e-02
6.461461461461460942e+00 2.148401420751126431e-02
6.471471471471470949e+00 2.161894048825697273e-02
6.481481481481480955e+00 2.175386676900267421e-02
6.491491491491490962e+00 2.188975575229898038e-02
6.501501501501500968e+00 2.202581769725442742e-02
6.511511511511510975e+00 2.216187964220987794e-02
6.521521521521520981e+00 2.229880407804812198e-02
6.531531531531530987e+00 2.243598381834156774e-02
6.541541541541540994e+00 2.257316355863501003e-02
6.551551551551551000e+00 2.271110813153396843e-02
6.561561561561561007e+00 2.284938755925446097e-02
6.571571571571571013e+00 2.298766698697495697e-02
6.581581581581581020e+00 2.312661620725559725e-02
6.591591591591591026e+00 2.326597699203154443e-02
6.601601601601601033e+00 2.340533777680749161e-02
6.611611611611611927e+00 2.354527599225790524e-02
6.621621621621621934e+00 2.368569959808015588e-02
6.631631631631631940e+00 2.382612320390240651e-02
6.641641641641641947e+00 2.396703461158521120e-02
6.651651651651651953e+00 2.410850231385556347e-02
6.661661661661661959e+00 2.424997001612592268e-02
6.671671671671671966e+00 2.439183867431782976e-02
6.681681681681681972e+00 2.453433157710353807e-02
6.691691691691691979e+00 2.467682447988924638e-02
6.701701701701701985e+00 2.481963432014202067e-02
6.711711711711711992e+00 2.496313337361681997e-02
6.721721721721721998e+00 2.510663242709161927e-02
6.731731731731732005e+00 2.525036726640405085e-02
6.741741741741742011e+00 2.539485328445662687e-02
6.751751751751752018e+00 2.553933930250919943e-02
6.761761761761762024e+00 2.568398285559960262e-02
6.771771771771772030e+00 2.582943653358968708e-02
6.781781781781782037e+00 2.597489021157977848e-02
6.791791791791792043e+00 2.612042610324831135e-02
6.801801801801802050e+00 2.626682803589173998e-02
6.811811811811812056e+00 2.641322996853517208e-02
6.821821821821822063e+00 2.655964174610582831e-02
6.831831831831832069e+00 2.670697244546895582e-02
6.841841841841842076e+00 2.685430314483207986e-02
6.851851851851852082e+00 2.700163384419520390e-02
6.861861861861862089e+00 2.714981420424826195e-02
6.871871871871872095e+00 2.729805411783282551e-02
6.881881881881882101e+00 2.744629403141738908e-02
6.891891891891892108e+00 2.759529759078853395e-02
6.901901901901902114e+00 2.774442711968831340e-02
6.911911911911912121e+00 2.789355664858809633e-02
6.921921921921922127e+00 2.804336676926492966e-02
6.931931931931932134e+00 2.819336628637518147e-02
6.941941941941942140e+00 2.834336580348543327e-02
6.951951951951952147e+00 2.849396583857863319e-02
6.961961961961962153e+00 2.864481570684004191e-02
6.971971971971972160e+00 2.879566557510145411e-02
6.981981981981982166e+00 2.894703888154543867e-02
6.991991991991992172e+00 2.909871947220420488e-02
7.002002002002002179e+00 2.925040006286297456e-02
7.012012012012012185e+00 2.940253001411660336e-02
7.022022022022022192e+00 2.955502172498270311e-02
7.032032032032032198e+00 2.970751343584880633e-02
7.042042042042042205e+00 2.986038343458643357e-02
7.052052052052052211e+00 3.001366670827222347e-02
7.062062062062062218e+00 3.016694998195801336e-02
7.072072072072072224e+00 3.032054347274135142e-02
7.082082082082082231e+00 3.047459881486304714e-02
7.092092092092092237e+00 3.062865415698474633e-02
7.102102102102102243e+00 3.078295463890613412e-02
7.112112112112112250e+00 3.093776263623105802e-02
7.122122122122122256e+00 3.109257063355598191e-02
7.132132132132132263e+00 3.124756167284379119e-02
7.142142142142142269e+00 3.140310301136618742e-02
7.152152152152152276e+00 3.155864434988858019e-02
7.162162162162162282e+00 3.171430959246560738e-02
7.172172172172172289e+00 3.187056507539511030e-02
7.182182182182182295e+00 3.202682055832462016e-02
7.192192192192192302e+00 3.218314374231067559e-02
7.202202202202202308e+00 3.234009430795630607e-02
7.212212212212212314e+00 3.249704487360192962e-02
7.222222222222222321e+00 3.265400984175140242e-02
7.232232232232232327e+00 3.281163658128602445e-02
7.242242242242242334e+00 3.296926332082065342e-02
7.252252252252252340e+00 3.312689006035527545e-02
7.262262262262262347e+00 3.328513820797628087e-02
7.272272272272272353e+00 3.344342238306569071e-02
7.282282282282282360e+00 3.360170655815509361e-02
7.292292292292292366e+00 3.376054598836466386e-02
7.302302302302302373e+00 3.391946904864583112e-02
7.312312312312312379e+00 3.407839210892699838e-02
7.322322322322322385e+00 3.423780725751800896e-02
7.332332332332332392e+00 3.439735085791249120e-02
7.342342342342342398e+00 3.455689445830695955e-02
7.352352352352352405e+00 3.471686993177338504e-02
7.362362362362362411e+00 3.487701594962071966e-02
7.372372372372372418e+00 3.503716196746805428e-02
7.382382382382382424e+00 3.519768255479890223e-02
7.392392392392392431e+00 3.535841310679652821e-02
7.402402402402402437e+00 3.551914365879415419e-02
7.412412412412412444e+00 3.568019434313986910e-02
7.422422422422422450e+00 3.584149180207585328e-02
7.432432432432432456e+00 3.600278926101183052e-02
7.442442442442442463e+00 3.616435523121594442e-02
7.452452452452452469e+00 3.632620224248129387e-02
7.462462462462462476e+00 3.648804925374664332e-02
7.472472472472472482e+00 3.665011591573549138e-02
7.482482482482482489e+00 3.681249541360324951e-02
7.492492492492492495e+00 3.697487491147100763e-02
7.502502502502502502e+00 3.713742789949499301e-02
7.512512512512512508e+00 3.730032312315414295e-02
7.522522522522522515e+00 3.746321834681328594e-02
7.532532532532532521e+00 3.762624353453303261e-02
7.542542542542542527e+00 3.778963804386483577e-02
7.552552552552552534e+00 3.795303255319665281e-02
7.562562562562562540e+00 3.811651606460751684e-02
7.572572572572572547e+00 3.828039375569314284e-02
7.582582582582582553e+00 3.844427144677876884e-02
7.592592592592592560e+00 3.860819966696767830e-02
7.602602602602602566e+00 3.877254478731585047e-02
7.612612612612612573e+00 3.893688990766400876e-02
7.622622622622622579e+00 3.910124949339252587e-02
7.632632632632632586e+00 3.926604665687685736e-02
7.642642642642642592e+00 3.943084382036118191e-02
7.652652652652652598e+00 3.959564098384549952e-02
7.662662662662662605e+00 3.976085591196480695e-02
7.672672672672672611e+00 3.992609011346040515e-02
7.682682682682682618e+00 4.009132431495601029e-02
7.692692692692692624e+00 4.025693016879432207e-02
7.702702702702702631e+00 4.042258679850396774e-02
7.712712712712712637e+00 4.058824342821361342e-02
7.722722722722722644e+00 4.075422815056678472e-02
7.732732732732732650e+00 4.092029300802748487e-02
7.742742742742742657e+00 4.108635786548819196e-02
7.752752752752752663e+00 4.125270972498738115e-02
7.762762762762762669e+00 4.141916903274836526e-02
7.772772772772772676e+00 4.158562834050935630e-02
7.782782782782782682e+00 4.175233594091591616e-02
7.792792792792792689e+00 4.191917635787963115e-02
7.802802802802802695e+00 4.208601677484333919e-02
7.812812812812812702e+00 4.225306906413027475e-02
7.822822822822822708e+00 4.242027769854834346e-02
7.832832832832832715e+00 4.258748633296640523e-02
7.842842842842842721e+00 4.275487261218245683e-02
7.852852852852852727e+00 4.292243703429927254e-02
7.862862862862862734e+00 4.309000145641609519e-02
7.872872872872872740e+00 4.325771138832825574e-02
7.882882882882882747e+00 4.342561964266472563e-02
7.892892892892892753e+00 4.359352789700118164e-02
7.902902902902902760e+00 4.376155151451226882e-02
7.912912912912912766e+00 4.392979213178339892e-02
7.922922922922922773e+00 4.409803274905452902e-02
7.932932932932932779e+00 4.426636046339194053e-02
7.942942942942942786e+00 4.443492247205155926e-02
7.952952952952952792e+00 4.460348448071117800e-02
7.962962962962962798e+00 4.477210708938374195e-02
7.972972972972972805e+00 4.494098002679113718e-02
7.982982982982982811e+00 4.510985296419853241e-02
7.992992992992992818e+00 4.527876165871835834e-02
8.003003003003001936e+00 4.544793558192060379e-02
8.013013013013011943e+00 4.561710950512287005e-02
8.023023023023021949e+00 4.578629587848896676e-02
8.033033033033031955e+00 4.595576137461484384e-02
8.043043043043041962e+00 4.612522687074072092e-02
8.053053053053051968e+00 4.629469236686659800e-02
8.063063063063061975e+00 4.646443112094210404e-02
8.073073073073071981e+00 4.663417931720208187e-02
8.083083083083081988e+00 4.680392751346207358e-02
8.093093093093091994e+00 4.697392004246654651e-02
8.103103103103102001e+00 4.714394261575571843e-02
8.113113113113112007e+00 4.731396518904489035e-02
8.123123123123122014e+00 4.748420489180647103e-02
8.133133133133132020e+00 4.765449407790557645e-02
8.143143143143142026e+00 4.782478326400468188e-02
8.153153153153152033e+00 4.799526397713806819e-02
8.163163163163162039e+00 4.816581257951007417e-02
8.173173173173172046e+00 4.833636118188208708e-02
8.183183183183182052e+00 4.850707718563748716e-02
8.193193193193192059e+00 4.867787858381650290e-02
8.203203203203202065e+00 4.884867998199552558e-02
8.213213213213213848e+00 4.901962600585347413e-02
8.223223223223223854e+00 4.919067416342321614e-02
8.233233233233233861e+00 4.936172232099295815e-02
8.243243243243243867e+00 4.953289354900367036e-02
8.253253253253253874e+00 4.970418302116355602e-02
8.263263263263263880e+00 4.987547249332344168e-02
8.273273273273273887e+00 5.004686456919024001e-02
8.283283283283283893e+00 5.021839050990722919e-02
8.293293293293293900e+00 5.038991645062421143e-02
8.303303303303303906e+00 5.056152548252957485e-02
8.313313313313313913e+00 5.073328365127446893e-02
8.323323323323323919e+00 5.090504182001935607e-02
8.333333333333333925e+00 5.107686438519315475e-02
8.343343343343343932e+00 5.124885115325968077e-02
8.353353353353353938e+00 5.142083792132621373e-02
8.363363363363363945e+00 5.159287107035556014e-02
8.373373373373373951e+00 5.176508342676265639e-02
8.383383383383383958e+00 5.193729578316974571e-02
8.393393393393393964e+00 5.210953704405048292e-02
8.403403403403403971e+00 5.228197260102628030e-02
8.413413413413413977e+00 5.245440815800208462e-02
8.423423423423423984e+00 5.262685553993114856e-02
8.433433433433433990e+00 5.279951253797934840e-02
8.443443443443443996e+00 5.297216953602755518e-02
8.453453453453454003e+00 5.314482653407574808e-02
8.463463463463464009e+00 5.331769884548559491e-02
8.473473473473474016e+00 5.349057615803461119e-02
8.483483483483484022e+00 5.366345347058362747e-02
8.493493493493494029e+00 5.383652888949999604e-02
8.503503503503504035e+00 5.400962602713485494e-02
8.513513513513514042e+00 5.418272316476971384e-02
8.523523523523524048e+00 5.435600180513367602e-02
8.533533533533534055e+00 5.452931891941270592e-02
8.543543543543544061e+00 5.470263603369173583e-02
8.553553553553554067e+00 5.487611850663151603e-02
8.563563563563564074e+00 5.504965639348830680e-02
8.573573573573574080e+00 5.522319428034510452e-02
8.583583583583584087e+00 5.539688169626479086e-02
8.593593593593594093e+00 5.557064179899746242e-02
8.603603603603604100e+00 5.574440190173014092e-02
8.613613613613614106e+00 5.591829587214385694e-02
8.623623623623624113e+00 5.609228028399354526e-02
8.633633633633634119e+00 5.626626469584323359e-02
8.643643643643644126e+00 5.644036733495600561e-02
8.653653653653654132e+00 5.661457880127673814e-02
8.663663663663664138e+00 5.678879026759747761e-02
8.673673673673674145e+00 5.696310419363403293e-02
8.683683683683684151e+00 5.713754611365654684e-02
8.693693693693694158e+00 5.731198803367906769e-02
8.703703703703704164e+00 5.748651636996220810e-02
8.713713713713714171e+00 5.766119279815464654e-02
8.723723723723724177e+00 5.783586922634709193e-02
8.733733733733734184e+00 5.801061560212716212e-02
8.743743743743744190e+00 5.818553124915552821e-02
8.753753753753754197e+00 5.836044689618389431e-02
8.763763763763764203e+00 5.853541544722103834e-02
8.773773773773774209e+00 5.871057568051282066e-02
8.783783783783784216e+00 5.888573591380460298e-02
8.793793793793794222e+00 5.906093128270574477e-02
8.803803803803804229e+00 5.923634212662063497e-02
8.813813813813814235e+00 5.941175297053551824e-02
8.823823823823824242e+00 5.958718030684812678e-02
8.833833833833834248e+00 5.976284844245918770e-02
8.843843843843844255e+00 5.993851657807023475e-02
8.853853853853854261e+00 6.011418471368128874e-02
8.863863863863864268e+00 6.029011430262430637e-02
8.873873873873874274e+00 6.046604706711388583e-02
8.883883883883884280e+00 6.064197983160345140e-02
8.893893893893894287e+00 6.081816119935219700e-02
8.903903903903904293e+00 6.099436658502739583e-02
8.913913913913914300e+00 6.117057197070260161e-02
8.923923923923924306e+00 6.134701243955043015e-02
8.933933933933934313e+00 6.152349909248170517e-02
8.943943943943944319e+00 6.169998574541298020e-02
8.953953953953954326e+00 6.187669314084621314e-02
8.963963963963964332e+00 6.205347035913479081e-02
8.973973973973974338e+00 6.223024757742338237e-02
8.983983983983984345e+00 6.240723022666549297e-02
8.993993993993994351e+00 6.258430795834424298e-02
9.004004004004004358e+00 6.276138569002298606e-02
9.014014014014014364e+00 6.293865242035480423e-02
9.024024024024024371e+00 6.311604126092748568e-02
9.034034034034034377e+00 6.329343010150015325e-02
9.044044044044044384e+00 6.347099023835910125e-02
9.054054054054054390e+00 6.364870142798384478e-02
9.064064064064064397e+00 6.382641261760861606e-02
9.074074074074074403e+00 6.400427598246995198e-02
9.084084084084084409e+00 6.418232140279225839e-02
9.094094094094094416e+00 6.436036682311456480e-02
9.104104104104104422e+00 6.453854373115765208e-02
9.114114114114114429e+00 6.471693590179848632e-02
9.124124124124124435e+00 6.489532807243930668e-02
9.134134134134134442e+00 6.507382933000208092e-02
9.144144144144144448e+00 6.525258140470738266e-02
9.154154154154154455e+00 6.543133347941269828e-02
9.164164164164164461e+00 6.561017038123767575e-02
9.174174174174174468e+00 6.578929614369490031e-02
9.184184184184184474e+00 6.596842190615211099e-02
9.194194194194194480e+00 6.614760623242715853e-02
9.204204204204204487e+00 6.632712009175538437e-02
9.214214214214214493e+00 6.650663395108359632e-02
9.224224224224224500e+00 6.668617796428084887e-02
9.234234234234234506e+00 6.686609495020044702e-02
9.244244244244244513e+00 6.704601193612003129e-02
9.254254254254254519e+00 6.722592892203962944e-02
9.264264264264264526e+00 6.740626413532514738e-02
9.274274274274274532e+00 6.758659989301397941e-02
9.284284284284284539e+00 6.776693565070279757e-02
9.294294294294294545e+00 6.794767276425871250e-02
9.304304304304304551e+00 6.812844354890081056e-02
9.314314314314314558e+00 6.830921433354290861e-02
9.324324324324324564e+00 6.849036764001577293e-02
9.334334334334334571e+00 6.867159031104981548e-02
9.344344344344344577e+00 6.885281298208385803e-02
9.354354354354354584e+00 6.903439723576637599e-02
9.364364364364364590e+00 6.921608925084050956e-02
9.374374374374374597e+00 6.939778126591462926e-02
9.384384384384384603e+00 6.957981167834137448e-02
9.394394394394394610e+00 6.976199108698115381e-02
9.404404404404404616e+00 6.994417049562093314e-02
9.414414414414414622e+00 7.012666273099103786e-02
9.424424424424424629e+00 7.030934816798786735e-02
9.434434434434434635e+00 7.049203360498468296e-02
9.444444444444444642e+00 7.067500377541502399e-02
9.454454454454454648e+00 7.085821445394201168e-02
9.464464464464464655e+00 7.104142513246899937e-02
9.474474474474474661e+00 7.122488979308180812e-02
9.484484484484484668e+00 7.140864549754397106e-02
9.494494494494494674e+00 7.159240120200616175e-02
9.504504504504504681e+00 7.177637734585512463e-02
9.514514514514514687e+00 7.196069842448189757e-02
9.524524524524524693e+00 7.214501950310867051e-02
9.534534534534534700e+00 7.232952455594744701e-02
9.544544544544544706e+00 7.251443191313382275e-02
9.554554554554554713e+00 7.269933927032019849e-02
9.564564564564564719e+00 7.288439108521717336e-02
9.574574574574574726e+00 7.306990617362189855e-02
9.584584584584584732e+00 7.325542126202662374e-02
9.594594594594594739e+00 7.344103811383018154e-02
9.604604604604604745e+00 7.362718292623754435e-02
9.614614614614614752e+00 7.381332773864490715e-02
9.624624624624624758e+00 7.399952831830294842e-02
9.634634634634634764e+00 7.418632537925612391e-02
9.644644644644644771e+00 7.437312244020932717e-02
9.654654654654654777e+00 7.455992584894736985e-02
9.664664664664664784e+00 7.474739820616095598e-02
9.674674674674674790e+00 7.493487056337454211e-02
9.684684684684684797e+00 7.512234292058812823e-02
9.694694694694694803e+00 7.531046752229499097e-02
9.704704704704704810e+00 7.549863873785343793e-02
9.714714714714714816e+00 7.568680995341189877e-02
9.724724724724724823e+00 7.587560086095943013e-02
9.734734734734734829e+00 7.606449500231007854e-02
9.744744744744744835e+00 7.625338914366074083e-02
9.754754754754754842e+00 7.644286714897918777e-02
9.764764764764764848e+00 7.663250877972657693e-02
9.774774774774774855e+00 7.682215041047397996e-02
9.784784784784784861e+00 7.701233668175354319e-02
9.794794794794794868e+00 7.720275085226288581e-02
9.804804804804804874e+00 7.739316502277222842e-02
9.814814814814814881e+00 7.758408109781167461e-02
9.824824824824824887e+00 7.777529333562920033e-02
9.834834834834834894e+00 7.796650557344671217e-02
9.844844844844844900e+00 7.815817335289265699e-02
9.854854854854854906e+00 7.835020965299026308e-02
9.864864864864864913e+00 7.854224595308784140e-02
9.874874874874874919e+00 7.873468769356863073e-02
9.884884884884884926e+00 7.892757450842013967e-02
9.894894894894894932e+00 7.912046132327164860e-02
9.904904904904904939e+00 7.931369963043032045e-02
9.914914914914914945e+00 7.950746385992778220e-02
9.924924924924924952e+00 7.970122808942524395e-02
9.934934934934934958e+00 7.989528591085548470e-02
9.944944944944944965e+00 8.008995489207185181e-02
9.954954954954954971e+00 8.028462387328823280e-02
9.964964964964964977e+00 8.047952449137724118e-02
9.974974974974974984e+00 8.067512598818393776e-02
9.984984984984984990e+00 8.087072748499064823e-02
9.994994994994994997e+00 8.106649450967326476e-02
1.000500500500500500e+01 8.126305670221951882e-02
1.001501501501501501e+01 8.145961889476575901e-02
1.002502502502502502e+01 8.165627625619378827e-02
1.003503503503503502e+01 8.185382773025549896e-02
1.004504504504504503e+01 8.205137920431718190e-02
1.005505505505505504e+01 8.224895114544797381e-02
1.006506506506506504e+01 8.244752088165335779e-02
1.007507507507507505e+01 8.264609061785875566e-02
1.008508508508508505e+01 8.284466035406413964e-02
1.009509509509509506e+01 8.304421904990649805e-02
1.010510510510510507e+01 8.324383641284596735e-02
1.011511511511511507e+01 8.344345377578542278e-02
1.012512512512512508e+01 8.364400618319044189e-02
1.013513513513513509e+01 8.384470091041788808e-02
1.014514514514514509e+01 8.404539563764533427e-02
1.015515515515515510e+01 8.424696725463494407e-02
1.016516516516516511e+01 8.444876944556806153e-02
1.017517517517517511e+01 8.465057163650117900e-02
1.018518518518518512e+01 8.485318823233584107e-02
1.019519519519519513e+01 8.505612833706183151e-02
1.020520520520520513e+01 8.525906844178782196e-02
1.021521521521521514e+01 8.546275604912466350e-02
1.022522522522522515e+01 8.566686485711967614e-02
1.023523523523523515e+01 8.587097366511467489e-02
1.024524524524524516e+01 8.607575857211544057e-02
1.025525525525525516e+01 8.628106720088378478e-02
1.026526526526526517e+01 8.648637582965210124e-02
1.027527527527527518e+01 8.669228457204512794e-02
1.028528528528528518e+01 8.689882445568559988e-02
1.029529529529529519e+01 8.710536433932608569e-02
1.030530530530530520e+01 8.731242369242600554e-02
1.031531531531531520e+01 8.752022657013271145e-02
1.032532532532532521e+01 8.772802944783943124e-02
1.033533533533533522e+01 8.793626641852840542e-02
1.034534534534534522e+01 8.814536432303186897e-02
1.035535535535535523e+01 8.835446222753531864e-02
1.036536536536536524e+01 8.856390404620924361e-02
1.037537537537537524e+01 8.877432929216570734e-02
1.038538538538538525e+01 8.898475453812215719e-02
1.039539539539539525e+01 8.919542865060588188e-02
1.040540540540540526e+01 8.940721382294089525e-02
1.041541541541541527e+01 8.961899899527589475e-02
1.042542542542542527e+01 8.983093305471082091e-02
1.043543543543543528e+01 9.004411099692356812e-02
1.044544544544544529e+01 9.025728893913631534e-02
1.045545545545545529e+01 9.047051079784390604e-02
1.046546546546546530e+01 9.068511460027905979e-02
1.047547547547547531e+01 9.089971840271421355e-02
1.048548548548548531e+01 9.111432220514936731e-02
1.049549549549549532e+01 9.133031909213279453e-02
1.050550550550550533e+01 9.154638208022655710e-02
1.051551551551551533e+01 9.176244506832031966e-02
1.052552552552552534e+01 9.197981957286854859e-02
1.053553553553553535e+01 9.219737529537440357e-02
1.054554554554554535e+01 9.241493101788025855e-02
1.055555555555555536e+01 9.263371175237908317e-02
1.056556556556556536e+01 9.285279396958021070e-02
1.057557557557557537e+01 9.307187618678133822e-02
1.058558558558558538e+01 9.329209191828607972e-02
1.059559559559559538e+01 9.351273459020033318e-02
1.060560560560560539e+01 9.373337726211460053e-02
1.061561561561561540e+01 9.395505690414454603e-02
1.062562562562562540e+01 9.417729417872788833e-02
1.063563563563563541e+01 9.439953145331121676e-02
1.064564564564564542e+01 9.462270405764632020e-02
1.065565565565565542e+01 9.484657025900040950e-02
1.066566566566566543e+01 9.507043646035448492e-02
1.067567567567567544e+01 9.529513120883792432e-02
1.068568568568568544e+01 9.552066082542862158e-02
1.069569569569569545e+01 9.574619044201931883e-02
1.070570570570570545e+01 9.597243663836879657e-02
1.071571571571571546e+01 9.619966431125993866e-02
1.072572572572572547e+01 9.642689198415106688e-02
1.073573573573573547e+01 9.665471904578173956e-02
1.074574574574574548e+01 9.688367955689067279e-02
1.075575575575575549e+01 9.711264006799960602e-02
1.076576576576576549e+01 9.734207751786193297e-02
1.077577577577577550e+01 9.757280577824220535e-02
1.078578578578578551e+01 9.780353403862244999e-02
1.079579579579579551e+01 9.803461149705791633e-02
1.080580580580580552e+01 9.826714253521405540e-02
1.081581581581581553e+01 9.849967357337020835e-02
1.082582582582582553e+01 9.873242074998742068e-02
1.083583583583583554e+01 9.896678970022734778e-02
1.084584584584584555e+01 9.920115865046728876e-02
1.085585585585585555e+01 9.943560533604174634e-02
1.086586586586586556e+01 9.967184742687230925e-02
1.087587587587587556e+01 9.990808951770287216e-02
1.088588588588588557e+01 1.001443316085334351e-01
1.089589589589589558e+01 1.003824161186727959e-01
1.090590590590590558e+01 1.006205666612423194e-01
1.091591591591591559e+01 1.008587172038118429e-01
1.092592592592592560e+01 1.010985963979793983e-01
1.093593593593593560e+01 1.013386907745734700e-01
1.094594594594594561e+01 1.015787851511675416e-01
1.095595595595595562e+01 1.018204890750051550e-01
1.096596596596596562e+01 1.020625627275996428e-01
1.097597597597597563e+01 1.023046363801941167e-01
1.098598598598598564e+01 1.025481951170148509e-01
1.099599599599599564e+01 1.027922835358910519e-01
1.100600600600600565e+01 1.030363719547672252e-01
1.101601601601601566e+01 1.032818156176799618e-01
1.102602602602602566e+01 1.035279543301061284e-01
1.103603603603603567e+01 1.037740930425323088e-01
1.104604604604604567e+01 1.040214517666103594e-01
1.105605605605605568e+01 1.042696763255946957e-01
1.106606606606606569e+01 1.045179008845790319e-01
1.107607607607607569e+01 1.047672048190749772e-01
1.108608608608608570e+01 1.050175507921937423e-01
1.109609609609609571e+01 1.052678967653125075e-01
1.110610610610610571e+01 1.055191760659214134e-01
1.111611611611611572e+01 1.057716790242265170e-01
1.112612612612612573e+01 1.060241819825316206e-01
1.113613613613613573e+01 1.062774668037049647e-01
1.114614614614614574e+01 1.065321623107151339e-01
1.115615615615615575e+01 1.067868578177253169e-01
1.116616616616616575e+01 1.070421783050379827e-01
1.117617617617617576e+01 1.072991019058181505e-01
1.118618618618618576e+01 1.075560255065983045e-01
1.119619619619619577e+01 1.078134117891706295e-01
1.120620620620620578e+01 1.080725989995015152e-01
1.121621621621621578e+01 1.083317862098324008e-01
1.122622622622622579e+01 1.085912683928089151e-01
1.123623623623623580e+01 1.088527546884525965e-01
1.124624624624624580e+01 1.091142409840962779e-01
1.125625625625625581e+01 1.093758491411839090e-01
1.126626626626626582e+01 1.096396699472481084e-01
1.127627627627627582e+01 1.099034907533123079e-01
1.128628628628628583e+01 1.101673115593765073e-01
1.129629629629629584e+01 1.104334455997837139e-01
1.130630630630630584e+01 1.106996362801876549e-01
1.131631631631631585e+01 1.109658269605915820e-01
1.132632632632632586e+01 1.112341822909733852e-01
1.133633633633633586e+01 1.115027781380193983e-01
1.134634634634634587e+01 1.117713739850654114e-01
1.135635635635635587e+01 1.120419804587284712e-01
1.136636636636636588e+01 1.123130166827826654e-01
1.137637637637637589e+01 1.125840529068368595e-01
1.138638638638638589e+01 1.128569403062241183e-01
1.139639639639639590e+01 1.131304520255084073e-01
1.140640640640640591e+01 1.134039637447926963e-01
1.141641641641641769e+01 1.136791617744602745e-01
1.142642642642642770e+01 1.139551840049597559e-01
1.143643643643643770e+01 1.142312062354592372e-01
1.144644644644644771e+01 1.145087445151255351e-01
1.145645645645645772e+01 1.147873121606129421e-01
1.146646646646646772e+01 1.150658798061003629e-01
1.147647647647647773e+01 1.153457878637702688e-01
1.148648648648648773e+01 1.156269357059516029e-01
1.149649649649649774e+01 1.159080835481329369e-01
1.150650650650650775e+01 1.161903908132975033e-01
1.151651651651651775e+01 1.164741535020806379e-01
1.152652652652652776e+01 1.167579161908637447e-01
1.153653653653653777e+01 1.170426519877770938e-01
1.154654654654654777e+01 1.173290640316656253e-01
1.155655655655655778e+01 1.176154760755541845e-01
1.156656656656656779e+01 1.179026696165889898e-01
1.157657657657657779e+01 1.181917653732051099e-01
1.158658658658658780e+01 1.184808611298212300e-01
1.159659659659659781e+01 1.187705415089043148e-01
1.160660660660660781e+01 1.190623551756412046e-01
1.161661661661661782e+01 1.193541688423780806e-01
1.162662662662662783e+01 1.196463650285067848e-01
1.163663663663663783e+01 1.199409306333142633e-01
1.164664664664664784e+01 1.202354962381217279e-01
1.165665665665665784e+01 1.205302370689628061e-01
1.166666666666666785e+01 1.208275884612677042e-01
1.167667667667667786e+01 1.211249398535726024e-01
1.168668668668668786e+01 1.214222912458775006e-01
1.169669669669669787e+01 1.217224248709076473e-01
1.170670670670670788e+01 1.220225957126706284e-01
1.171671671671671788e+01 1.223227665544336235e-01
1.172672672672672789e+01 1.226255355460222907e-01
1.173673673673673790e+01 1.229285593029337265e-01
1.174674674674674790e+01 1.232315830598451623e-01
1.175675675675675791e+01 1.235370156191665236e-01
1.176676676676676792e+01 1.238429255519825078e-01
1.177677677677677792e+01 1.241488354847984643e-01
1.178678678678678793e+01 1.244569596484150220e-01
1.179679679679679793e+01 1.247657888044354652e-01
1.180680680680680794e+01 1.250746179604559360e-01
1.181681681681681795e+01 1.253854615944891004e-01
1.182682682682682795e+01 1.256972427991799868e-01
1.183683683683683796e+01 1.260090240038709009e-01
1.184684684684684797e+01 1.263226147982609016e-01
1.185685685685685797e+01 1.266373806470209862e-01
1.186686686686686798e+01 1.269521464957810430e-01
1.187687687687687799e+01 1.272685119586381142e-01
1.188688688688688799e+01 1.275862948087127802e-01
1.189689689689689800e+01 1.279040776587874462e-01
1.190690690690690801e+01 1.282232451108338556e-01
1.191691691691691801e+01 1.285440770733765614e-01
1.192692692692692802e+01 1.288649090359192673e-01
1.193693693693693803e+01 1.291869056050236886e-01
1.194694694694694803e+01 1.295108185373063381e-01
1.195695695695695804e+01 1.298347314695889598e-01
1.196696696696696804e+01 1.301595840853932706e-01
1.197697697697697805e+01 1.304866095831667128e-01
1.198698698698698806e+01 1.308136350809401549e-01
1.199699699699699806e+01 1.311413704695796600e-01
1.200700700700700807e+01 1.314715398595855678e-01
1.201701701701701808e+01 1.318017092495914477e-01
1.202702702702702808e+01 1.321323539285088056e-01
1.203703703703703809e+01 1.324656982611430445e-01
1.204704704704704810e+01 1.327990425937772279e-01
1.205705705705705810e+01 1.331326228666302736e-01
1.206706706706706811e+01 1.334691729087595091e-01
1.207707707707707812e+01 1.338057229508886892e-01
1.208708708708708812e+01 1.341422729930178970e-01
1.209709709709709813e+01 1.344820511304850585e-01
1.210710710710710813e+01 1.348218373584167129e-01
1.211711711711711814e+01 1.351616235863483673e-01
1.212712712712712815e+01 1.355044194426913151e-01
1.213713713713713815e+01 1.358474720352976783e-01
1.214714714714714816e+01 1.361905246279040416e-01
1.215715715715715817e+01 1.365363635316675373e-01
1.216716716716716817e+01 1.368827123636647825e-01
1.217717717717717818e+01 1.372290611956620277e-01
1.218718718718718819e+01 1.375779682356230438e-01
1.219719719719719819e+01 1.379276428710052849e-01
1.220720720720720820e+01 1.382773175063875537e-01
1.221721721721721821e+01 1.386293175270955635e-01
1.222722722722722821e+01 1.389823472127241499e-01
1.223723723723723822e+01 1.393353768983527363e-01
1.224724724724724823e+01 1.396904944957674810e-01
1.225725725725725823e+01 1.400469081551175277e-01
1.226726726726726824e+01 1.404033218144676021e-01
1.227727727727727824e+01 1.407615813316924758e-01
1.228728728728728825e+01 1.411214075587534922e-01
1.229729729729729826e+01 1.414812337858145086e-01
1.230730730730730826e+01 1.418426593089274212e-01
1.231731731731731827e+01 1.422059263622619529e-01
1.232732732732732828e+01 1.425691934155964846e-01
1.233733733733733828e+01 1.429338087695775084e-01
1.234734734734734829e+01 1.433005445665357647e-01
1.235735735735735830e+01 1.436672803634939655e-01
1.236736736736736830e+01 1.440351091082496815e-01
1.237737737737737831e+01 1.444053412193393726e-01
1.238738738738738832e+01 1.447755733304290637e-01
1.239739739739739832e+01 1.451466387569135819e-01
1.240740740740740833e+01 1.455203944003280458e-01
1.241741741741741833e+01 1.458941500437424821e-01
1.242742742742742834e+01 1.462684751701759378e-01
1.243743743743743835e+01 1.466457812064769772e-01
1.244744744744744835e+01 1.470230872427780167e-01
1.245745745745745836e+01 1.474006948109613524e-01
1.246746746746746837e+01 1.477815777379180850e-01
1.247747747747747837e+01 1.481624606648748455e-01
1.248748748748748838e+01 1.485433731366007371e-01
1.249749749749749839e+01 1.489278590841855987e-01
1.250750750750750839e+01 1.493123450317704048e-01
1.251751751751751840e+01 1.496968309793552387e-01
1.252752752752752841e+01 1.500846993108703176e-01
1.253753753753753841e+01 1.504728140364084421e-01
1.254754754754754842e+01 1.508609287619465389e-01
1.255755755755755843e+01 1.512521714466786849e-01
1.256756756756756843e+01 1.516439403301537148e-01
1.257757757757757844e+01 1.520357092136287724e-01
1.258758758758758844e+01 1.524303474708988970e-01
1.259759759759759845e+01 1.528257955104132815e-01
1.260760760760760846e+01 1.532212435499276659e-01
1.261761761761761846e+01 1.536192983012716895e-01
1.262762762762762847e+01 1.540184501086599156e-01
1.263763763763763848e+01 1.544176019160481417e-01
1.264764764764764848e+01 1.548190937822624680e-01
1.265765765765765849e+01 1.552219735788590294e-01
1.266766766766766850e+01 1.556248533754555907e-01
1.267767767767767850e+01 1.560298026737373667e-01
1.268768768768768851e+01 1.564364342862969992e-01
1.269769769769769852e+01 1.568430658988566317e-01
1.270770770770770852e+01 1.572514926400382929e-01
1.271771771771771853e+01 1.576618994968081999e-01
1.272772772772772854e+01 1.580723063535781625e-01
1.273773773773773854e+01 1.584842302394555980e-01
1.274774774774774855e+01 1.588984353663995541e-01
1.275775775775775855e+01 1.593126404933435103e-01
1.276776776776776856e+01 1.597280809140984581e-01
1.277777777777777857e+01 1.601461069312712093e-01
1.278778778778778857e+01 1.605641329484440161e-01
1.279779779779779858e+01 1.609831089801589954e-01
1.280780780780780859e+01 1.614049780982306503e-01
1.281781781781781859e+01 1.618268472163022775e-01
1.282782782782782860e+01 1.622493776185685299e-01
1.283783783783783861e+01 1.626751116354980542e-01
1.284784784784784861e+01 1.631008456524275785e-01
1.285785785785785862e+01 1.635269488660451020e-01
1.286786786786786863e+01 1.639565691639012224e-01
1.287787787787787863e+01 1.643861894617573427e-01
1.288788788788788864e+01 1.648158836065264643e-01
1.289789789789789864e+01 1.652494111484564543e-01
1.290790790790790865e+01 1.656829386903864720e-01
1.291791791791791866e+01 1.661164662323164620e-01
1.292792792792792866e+01 1.665536968903346404e-01
1.293793793793793867e+01 1.669911522176784902e-01
1.294794794794794868e+01 1.674286075450223399e-01
1.295795795795795868e+01 1.678694845192081619e-01
1.296796796796796869e+01 1.683108877487580757e-01
1.297797797797797870e+01 1.687522909783079617e-01
1.298798798798798870e+01 1.691968309859774588e-01
1.299799799799799871e+01 1.696422018073811822e-01
1.300800800800800872e+01 1.700875726287848499e-01
1.301801801801801872e+01 1.705357920558732143e-01
1.302802802802802873e+01 1.709851497291798583e-01
1.303803803803803874e+01 1.714345074024865023e-01
1.304804804804804874e+01 1.718864223019316018e-01
1.305805805805805875e+01 1.723397856552796870e-01
1.306806806806806875e+01 1.727931490086277444e-01
1.307807807807807876e+01 1.732487750988405961e-01
1.308808808808808877e+01 1.737061625262856790e-01
1.309809809809809877e+01 1.741635499537307341e-01
1.310810810810810878e+01 1.746229026171524645e-01
1.311811811811811879e+01 1.750843320766351241e-01
1.312812812812812879e+01 1.755457615361177559e-01
1.313813813813813880e+01 1.760088558178621310e-01
1.314814814814814881e+01 1.764743448293119299e-01
1.315815815815815881e+01 1.769398338407617288e-01
1.316816816816816882e+01 1.774066844473424498e-01
1.317817817817817883e+01 1.778762500909207289e-01
1.318818818818818883e+01 1.783458157344990080e-01
1.319819819819819884e+01 1.788164370326419395e-01
1.320820820820820884e+01 1.792900959471185607e-01
1.321821821821821885e+01 1.797637548615951819e-01
1.322822822822822886e+01 1.802381608771337074e-01
1.323823823823823886e+01 1.807159292583976895e-01
1.324824824824824887e+01 1.811936976396616439e-01
1.325825825825825888e+01 1.816719020565146225e-01
1.326826826826826888e+01 1.821537956562176708e-01
1.327827827827827889e+01 1.826356892559207468e-01
1.328828828828828890e+01 1.831177054151527928e-01
1.329829829829829890e+01 1.836037395394842509e-01
1.330830830830830891e+01 1.840897736638157089e-01
1.331831831831831892e+01 1.845758077881471670e-01
1.332832832832832892e+01 1.850658040713702990e-01
1.333833833833833893e+01 1.855559935799614701e-01
1.334834834834834894e+01 1.860461830885526691e-01
1.335835835835835894e+01 1.865400311764743024e-01
1.336836836836836895e+01 1.870343904814302793e-01
1.337837837837837895e+01 1.875287497863862562e-01
1.338838838838838896e+01 1.880264615383137605e-01
1.339839839839839897e+01 1.885250046033739579e-01
1.340840840840840897e+01 1.890235476684341831e-01
1.341841841841841898e+01 1.895251345971513957e-01
1.342842842842842899e+01 1.900278749369730402e-01
1.343843843843843899e+01 1.905306152767947125e-01
1.344844844844844900e+01 1.910360885481453830e-01
1.345845845845845901e+01 1.915430392277128469e-01
1.346846846846846901e+01 1.920499899072803385e-01
1.347847847847847902e+01 1.925593603398263187e-01
1.348848848848848903e+01 1.930705339739811066e-01
1.349849849849849903e+01 1.935817076081358667e-01
1.350850850850850904e+01 1.940949856728907130e-01
1.351851851851851904e+01 1.946103944259830465e-01
1.352852852852852905e+01 1.951258031790753522e-01
1.353853853853853906e+01 1.956429989993120622e-01
1.354854854854854906e+01 1.961626545849717851e-01
1.355855855855855907e+01 1.966823101706315358e-01
1.356856856856856908e+01 1.972034335217632828e-01
1.357857857857857908e+01 1.977273472027871182e-01
1.358858858858858909e+01 1.982512608838109813e-01
1.359859859859859910e+01 1.987763211933442076e-01
1.360860860860860910e+01 1.993045037817001153e-01
1.361861861861861911e+01 1.998326863700559952e-01
1.362862862862862912e+01 2.003616927176154749e-01
1.363863863863863912e+01 2.008941545745614454e-01
1.364864864864864913e+01 2.014266164315074159e-01
1.365865865865865914e+01 2.019595775489318457e-01
1.366866866866866914e+01 2.024963285852463823e-01
1.367867867867867915e+01 2.030330796215609190e-01
1.368868868868868915e+01 2.035700038930678690e-01
1.369869869869869916e+01 2.041110535693922423e-01
1.370870870870870917e+01 2.046521032457165878e-01
1.371871871871871917e+01 2.051931529220409611e-01
1.372872872872872918e+01 2.057383560354269225e-01
1.373873873873873919e+01 2.062837133627174746e-01
1.374874874874874919e+01 2.068290706900080267e-01
1.375875875875875920e+01 2.073782612458833774e-01
1.376876876876876921e+01 2.079279347859707139e-01
1.377877877877877921e+01 2.084776083260580226e-01
1.378878878878878922e+01 2.090307932189930940e-01
1.379879879879879923e+01 2.095847910852476070e-01
1.380880880880880923e+01 2.101387889515020924e-01
1.381881881881881924e+01 2.106959747305579556e-01
1.382882882882882924e+01 2.112543045886610404e-01
1.383883883883883925e+01 2.118126344467641253e-01
1.384884884884884926e+01 2.123738273160957757e-01
1.385885885885885926e+01 2.129364963849120218e-01
1.386886886886886927e+01 2.134991654537282957e-01
1.387887887887887928e+01 2.140643712732513970e-01
1.388888888888888928e+01 2.146313863258039190e-01
1.389889889889889929e+01 2.151984013783564131e-01
1.390890890890890930e+01 2.157676256644757706e-01
1.391891891891891930e+01 2.163389930290197660e-01
1.392892892892892931e+01 2.169103603935637614e-01
1.393893893893893932e+01 2.174836083199626069e-01
1.394894894894894932e+01 2.180593338811575022e-01
1.395895895895895933e+01 2.186350594423524252e-01
1.396896896896896934e+01 2.192123358408417932e-01
1.397897897897897934e+01 2.197924250410193958e-01
1.398898898898898935e+01 2.203725142411969984e-01
1.399899899899899935e+01 2.209538236026241664e-01
1.400900900900900936e+01 2.215382814431510472e-01
1.401901901901901937e+01 2.221227392836779280e-01
1.402902902902902937e+01 2.227080857588933094e-01
1.403903903903903938e+01 2.232969168016273320e-01
1.404904904904904939e+01 2.238857478443613547e-01
1.405905905905905939e+01 2.244751352452428739e-01
1.406906906906906940e+01 2.250683436140785421e-01
1.407907907907907941e+01 2.256615519829141825e-01
1.408908908908908941e+01 2.262549837834470501e-01
1.409909909909909942e+01 2.268525731659537248e-01
1.410910910910910943e+01 2.274501625484603717e-01
1.411911911911911943e+01 2.280477519309670187e-01
1.412912912912912944e+01 2.286496155350181136e-01
1.413913913913913944e+01 2.292515891841618025e-01
1.414914914914914945e+01 2.298535628333054914e-01
1.415915915915915946e+01 2.304594795960764331e-01
1.416916916916916946e+01 2.310658403320328680e-01
1.417917917917917947e+01 2.316722010679893029e-01
1.418918918918918948e+01 2.322821730259261586e-01
1.419919919919919948e+01 2.328929232379740588e-01
1.420920920920920949e+01 2.335036734500219591e-01
1.421921921921921950e+01 2.341177023085241893e-01
1.422922922922922950e+01 2.347328439570230962e-01
1.423923923923923951e+01 2.353479856055220309e-01
1.424924924924924952e+01 2.359660727403734559e-01
1.425925925925925952e+01 2.365856073588238906e-01
1.426926926926926953e+01 2.372051419772743253e-01
1.427927927927927954e+01 2.378272884361222472e-01
1.428928928928928954e+01 2.384512171333032782e-01
1.429929929929929955e+01 2.390751458304843091e-01
1.430930930930930955e+01 2.397013523343676789e-01
1.431931931931931956e+01 2.403296757965541763e-01
1.432932932932932957e+01 2.409579992587406738e-01
1.433933933933933957e+01 2.415882662036656081e-01
1.434934934934934958e+01 2.422209846969204661e-01
1.435935935935935959e+01 2.428537031901753240e-01
1.436936936936936959e+01 2.434880306487373636e-01
1.437937937937937960e+01 2.441251440212797719e-01
1.438938938938938961e+01 2.447622573938222357e-01
1.439939939939939961e+01 2.454006451168745662e-01
1.440940940940940962e+01 2.460421528015200865e-01
1.441941941941941963e+01 2.466836604861656623e-01
1.442942942942942963e+01 2.473261079045318556e-01
1.443943943943943964e+01 2.479720089212048006e-01
1.444944944944944965e+01 2.486179099378777457e-01
1.445945945945945965e+01 2.492644161641088818e-01
1.446946946946946966e+01 2.499147091224236117e-01
1.447947947947947966e+01 2.505650020807382861e-01
1.448948948948948967e+01 2.512155659109129302e-01
1.449949949949949968e+01 2.518702490128241211e-01
1.450950950950950968e+01 2.525249321147353121e-01
1.451951951951951969e+01 2.531796152166465586e-01
1.452952952952952970e+01 2.538386230728212900e-01
1.453953953953953970e+01 2.544976941153407890e-01
1.454954954954954971e+01 2.551567651578603435e-01
1.455955955955955972e+01 2.558198246629797556e-01
1.456956956956956972e+01 2.564832810409583552e-01
1.457957957957957973e+01 2.571467374189368993e-01
1.458958958958958974e+01 2.578138460315653746e-01
1.459959959959959974e+01 2.584816847405373430e-01
1.460960960960960975e+01 2.591495234495092559e-01
1.461961961961961975e+01 2.598206783222604677e-01
1.462962962962962976e+01 2.604928959613516115e-01
1.463963963963963977e+01 2.611651136004427554e-01
1.464964964964964977e+01 2.618403115820429061e-01
1.465965965965965978e+01 2.625169043569370309e-01
1.466966966966966979e+01 2.631934971318311556e-01
1.467967967967967979e+01 2.638727347692189085e-01
1.468968968968968980e+01 2.645536984951851189e-01
1.469969969969969981e+01 2.652346622211512739e-01
1.470970970970970981e+01 2.659179357616132666e-01
1.471971971971971982e+01 2.666032658665885569e-01
1.472972972972972983e+01 2.672885959715639026e-01
1.473973973973973983e+01 2.679759013649046229e-01
1.474974974974974984e+01 2.686655928926341419e-01
1.475975975975975985e+01 2.693552844203637719e-01
1.476976976976976985e+01 2.700466173211099608e-01
1.477977977977977986e+01 2.707406649343401805e-01
1.478978978978978986e+01 2.714347125475704559e-01
1.479979979979979987e+01 2.721300683172086510e-01
1.480980980980980988e+01 2.728284663009344913e-01
1.481981981981981988e+01 2.735268642846603315e-01
1.482982982982982989e+01 2.742262379939067740e-01
1.483983983983983990e+01 2.749289802586681319e-01
1.484984984984984990e+01 2.756317225234293788e-01
1.485985985985985991e+01 2.763351089545304506e-01
1.486986986986986992e+01 2.770421890397611331e-01
1.487987987987987992e+01 2.777492691249918155e-01
1.488988988988988993e+01 2.784566627740572287e-01
1.489989989989989994e+01 2.791680738514807913e-01
1.490990990990990994e+01 2.798794849289042430e-01
1.491991991991991995e+01 2.805908960063276947e-01
1.492992992992992995e+01 2.813066148853405335e-01
1.493993993993993996e+01 2.820223497624121389e-01
1.494994994994994997e+01 2.827380846394837444e-01
1.495995995995995997e+01 2.834577913264236804e-01
1.496996996996996998e+01 2.841778424498203059e-01
1.497997997997997999e+01 2.848978935732169315e-01
1.498998998998998999e+01 2.856215813628246725e-01
1.500000000000000000e+01 2.863459408219766744e-01
