5.000000000000000000e+00 6.603428261465544256e-03
5.010010010010010006e+00 6.672031239195935770e-03
5.020020020020020013e+00 6.740634216926328151e-03
5.030030030030030019e+00 6.809237194656719665e-03
5.040040040040040026e+00 6.877840172387110311e-03
5.050050050050050032e+00 6.946443150117502692e-03
5.060060060060060039e+00 7.015046127847894206e-03
5.070070070070070045e+00 7.083649105578285719e-03
5.080080080080080052e+00 7.152252083308678100e-03
5.090090090090090058e+00 7.220855061039069614e-03
5.100100100100100065e+00 7.290213059647382768e-03
5.110110110110110071e+00 7.359901617360407010e-03
5.120120120120120077e+00 7.429590175073432119e-03
5.130130130130130084e+00 7.499908996651637530e-03
5.140140140140140090e+00 7.570675296952177925e-03
5.150150150150150097e+00 7.641441597252719188e-03
5.160160160160160103e+00 7.712715064488255209e-03
5.170170170170170110e+00 7.784551111540525745e-03
5.180180180180180116e+00 7.856387158592796280e-03
5.190190190190190123e+00 7.928608994692463996e-03
5.200200200200200129e+00 8.001506651671526013e-03
5.210210210210210136e+00 8.074404308650589765e-03
5.220220220220220142e+00 8.147568146945661366e-03
5.230230230230230148e+00 8.221519153018537127e-03
5.240240240240240155e+00 8.295470159091412887e-03
5.250250250250250161e+00 8.369569552431876600e-03
5.260260260260260168e+00 8.444565539262411866e-03
5.270270270270270174e+00 8.519561526092943662e-03
5.280280280280280181e+00 8.594589956028981376e-03
5.290290290290290187e+00 8.670622463802105453e-03
5.300300300300300194e+00 8.746654971575227797e-03
5.310310310310310200e+00 8.822687479348351874e-03
5.320320320320320207e+00 8.899666350287041214e-03
5.330330330330330213e+00 8.976726843249786814e-03
5.340340340340340219e+00 9.053787336212534148e-03
5.350350350350350226e+00 9.131673431966301144e-03
5.360360360360360232e+00 9.209753313484451281e-03
5.370370370370370239e+00 9.287833195002601419e-03
5.380380380380380245e+00 9.366619789852870248e-03
5.390390390390390252e+00 9.445710416983317190e-03
5.400400400400400258e+00 9.524801044113764131e-03
5.410410410410410265e+00 9.604481389703959857e-03
5.420420420420420271e+00 9.684574087284274907e-03
5.430430430430430278e+00 9.764666784864588223e-03
5.440440440440440284e+00 9.845234117821352951e-03
5.450450450450450290e+00 9.926320192079039068e-03
5.460460460460460297e+00 1.000740626633672692e-02
5.470470470470470303e+00 1.008885381567800436e-02
5.480480480480480310e+00 1.017092456736306411e-02
5.490490490490490316e+00 1.025299531904812558e-02
5.500500500500500323e+00 1.033531631337956079e-02
5.510510510510510329e+00 1.041836305042490030e-02
5.520520520520520336e+00 1.050140978747024154e-02
5.530530530530530342e+00 1.058459746197154550e-02
5.540540540540540349e+00 1.066861151168650365e-02
5.550550550550550355e+00 1.075262556140146354e-02
5.560560560560560361e+00 1.083667316460451557e-02
5.570570570570570368e+00 1.092164588540782584e-02
5.580580580580580374e+00 1.100661860621113437e-02
5.590590590590590381e+00 1.109159132701444637e-02
5.600600600600600387e+00 1.117744219927079702e-02
5.610610610610610394e+00 1.126336499196963804e-02
5.620620620620620400e+00 1.134928778466848254e-02
5.630630630630630407e+00 1.143597660285901145e-02
5.640640640640640413e+00 1.152284092148175669e-02
5.650650650650650419e+00 1.160970524010450020e-02
5.660660660660660426e+00 1.169722539505106337e-02
5.670670670670670432e+00 1.178502275724162447e-02
5.680680680680680439e+00 1.187282011943218210e-02
5.690690690690690445e+00 1.196116505034642424e-02
5.700700700700700452e+00 1.204988704732874380e-02
5.710710710710710458e+00 1.213860904431106509e-02
5.720720720720720465e+00 1.222777224414398241e-02
5.730730730730730471e+00 1.231741055026565682e-02
5.740740740740740478e+00 1.240704885638732949e-02
5.750750750750750484e+00 1.249702387699433946e-02
5.760760760760760490e+00 1.258757025885856584e-02
5.770770770770770497e+00 1.267811664072279049e-02
5.780780780780780503e+00 1.276889709784749700e-02
5.790790790790790510e+00 1.286034342304305522e-02
5.800800800800800516e+00 1.295178974823861344e-02
5.810810810810810523e+00 1.304336932631857543e-02
5.820820820820820529e+00 1.313570757175779556e-02
5.830830830830830536e+00 1.322804581719701569e-02
5.840840840840840542e+00 1.332041827399489328e-02
5.850850850850850549e+00 1.341364053386966994e-02
5.860860860860860555e+00 1.350686279374444659e-02
5.870870870870870561e+00 1.360008505361922498e-02
5.880880880880880568e+00 1.369412045817408954e-02
5.890890890890890574e+00 1.378821895154034097e-02
5.900900900900900581e+00 1.388231744490659413e-02
5.910910910910910587e+00 1.397712583249493754e-02
5.920920920920920594e+00 1.407209291049607396e-02
5.930930930930930600e+00 1.416705998849720691e-02
5.940940940940940607e+00 1.426263550190873079e-02
5.950950950950950613e+00 1.435846365464860108e-02
5.960960960960960620e+00 1.445429180738847137e-02
5.970970970970970626e+00 1.455062868611777666e-02
5.980980980980980632e+00 1.464731054919400470e-02
5.990990990990990639e+00 1.474399241227023448e-02
6.001001001001000645e+00 1.484108499599757179e-02
6.011011011011010652e+00 1.493861335670593204e-02
6.021021021021020658e+00 1.503614171741429056e-02
6.031031031031030665e+00 1.513398444934350127e-02
6.041041041041040671e+00 1.523235225256415123e-02
6.051051051051050678e+00 1.533072005578479946e-02
6.061061061061060684e+00 1.542930748584206251e-02
6.071071071071070691e+00 1.552850783961848974e-02
6.081081081081080697e+00 1.562770819339491871e-02
6.091091091091090703e+00 1.572703498129194785e-02
6.101101101101100710e+00 1.582706116211343716e-02
6.111111111111110716e+00 1.592708734293492648e-02
6.121121121121120723e+00 1.602714826110023319e-02
6.131131131131130729e+00 1.612799371889853117e-02
6.141141141141140736e+00 1.622883917669683262e-02
6.151151151151150742e+00 1.632968463449513061e-02
6.161161161161160749e+00 1.643128747594956723e-02
6.171171171171170755e+00 1.653294583882046476e-02
6.181181181181180762e+00 1.663460420169135881e-02
6.191191191191190768e+00 1.673692487822550992e-02
6.201201201201200774e+00 1.683938995688599727e-02
6.211211211211210781e+00 1.694185503554648461e-02
6.221221221221220787e+00 1.704488886088592961e-02
6.231231231231230794e+00 1.714815465287734472e-02
6.241241241241240800e+00 1.725142044486875637e-02
6.251251251251250807e+00 1.735516285989322297e-02
6.261261261261260813e+00 1.745922355354083064e-02
6.271271271271270820e+00 1.756328424718843831e-02
6.281281281281280826e+00 1.766773082202396580e-02
6.291291291291290833e+00 1.777258080016311942e-02
6.301301301301300839e+00 1.787743077830226957e-02
6.311311311311310845e+00 1.798257721431301137e-02
6.321321321321320852e+00 1.808821105779216329e-02
6.331331331331330858e+00 1.819384490127131174e-02
6.341341341341340865e+00 1.829968703295432528e-02
6.351351351351350871e+00 1.840609952392455867e-02
6.361361361361360878e+00 1.851251201489478512e-02
6.371371371371370884e+00 1.861904581168106684e-02
6.381381381381380891e+00 1.872623193668221386e-02
6.391391391391390897e+00 1.883341806168336088e-02
6.401401401401400904e+00 1.894063962964846401e-02
6.411411411411410910e+00 1.904859458250103207e-02
6.421421421421420916e+00 1.915654953535360014e-02
6.431431431431430923e+00 1.926450448820616820e-02
6.441441441441440929e+00 1.937317430335344648e-02
6.451451451451450936e+00 1.948189348786595956e-02
6.461461461461460942e+00 1.959061267237847265e-02
6.471471471471470949e+00 1.969995850352690772e-02
6.481481481481480955e+00 1.980943753602768670e-02
6.491491491491490962e+00 1.991891656852846915e-02
6.501501501501500968e+00 2.002893515597913010e-02
6.511511511511510975e+00 2.013916986768142167e-02
6.521521521521520981e+00 2.024940457938371324e-02
6.531531531531530987e+00 2.036009280829096171e-02
6.541541541541540994e+00 2.047107924750022137e-02
6.551551551551551000e+00 2.058206568670948450e-02
6.561561561561561007e+00 2.069342058823720951e-02
6.571571571571571013e+00 2.080515502240883399e-02
6.581581581581581020e+00 2.091688945658046195e-02
6.591591591591591026e+00 2.102890820899468508e-02
6.601601601601601033e+00 2.114138712665046202e-02
6.611611611611611927e+00 2.125386604430624937e-02
6.621621621621621934e+00 2.136654597400684460e-02
6.631631631631631940e+00 2.147976608651814071e-02
6.641641641641641947e+00 2.159298619902944028e-02
6.651651651651651953e+00 2.170632478152352898e-02
6.661661661661661959e+00 2.182028302476873502e-02
6.671671671671671966e+00 2.193424126801394106e-02
6.681681681681681972e+00 2.204823612883355724e-02
6.691691691691691979e+00 2.216292966473748169e-02
6.701701701701701985e+00 2.227762320064140614e-02
6.711711711711711992e+00 2.239231673654533059e-02
6.721721721721721998e+00 2.250769833416992050e-02
6.731731731731732005e+00 2.262312455213184512e-02
6.741741741741742011e+00 2.273855077009376627e-02
6.751751751751752018e+00 2.285458196878775716e-02
6.761761761761762024e+00 2.297073848700568327e-02
6.771771771771772030e+00 2.308689500522360244e-02
6.781781781781782037e+00 2.320357411560496075e-02
6.791791791791792043e+00 2.332045878230196156e-02
6.801801801801802050e+00 2.343734344899896238e-02
6.811811811811812056e+00 2.355466893600845907e-02
6.821821821821822063e+00 2.367227983056788276e-02
6.831831831831832069e+00 2.378989072512731340e-02
6.841841841841842076e+00 2.390786120861884689e-02
6.851851851851852082e+00 2.402619664263446961e-02
6.861861861861862089e+00 2.414453207665008885e-02
6.871871871871872095e+00 2.426314633194512349e-02
6.881881881881882101e+00 2.438220485019158834e-02
6.891891891891892108e+00 2.450126336843805319e-02
6.901901901901902114e+00 2.462052032684603972e-02
6.911911911911912121e+00 2.474030070817554230e-02
6.921921921921922127e+00 2.486008108950504142e-02
6.931931931931932134e+00 2.497997983881176942e-02
6.941941941941942140e+00 2.510048109698187827e-02
6.951951951951952147e+00 2.522098235515198711e-02
6.961961961961962153e+00 2.534152214007740975e-02
6.971971971971972160e+00 2.546274352451505935e-02
6.981981981981982166e+00 2.558396490895270894e-02
6.991991991991992172e+00 2.570518629339036548e-02
7.002002002002002179e+00 2.582708612808626986e-02
7.012012012012012185e+00 2.594902712459250596e-02
7.022022022022022192e+00 2.607096812109873513e-02
7.032032032032032198e+00 2.619350767616991996e-02
7.042042042042042205e+00 2.631616800756973393e-02
7.052052052052052211e+00 2.643882833896955137e-02
7.062062062062062218e+00 2.656200757002873114e-02
7.072072072072072224e+00 2.668538719677005996e-02
7.082082082082082231e+00 2.680876682351138532e-02
7.092092092092092237e+00 2.693258584521682208e-02
7.102102102102102243e+00 2.705668496592262759e-02
7.112112112112112250e+00 2.718078408662842962e-02
7.122122122122122256e+00 2.730524317296966277e-02
7.132132132132132263e+00 2.743006222494632010e-02
7.142142142142142269e+00 2.755488127692297395e-02
7.152152152152152276e+00 2.767998086148849499e-02
7.162162162162162282e+00 2.780552052119406731e-02
7.172172172172172289e+00 2.793106018089963616e-02
7.182182182182182295e+00 2.805680085712739316e-02
7.192192192192192302e+00 2.818306204060247108e-02
7.202202202202202308e+00 2.830932322407754900e-02
7.212212212212212314e+00 2.843570574548918983e-02
7.222222222222222321e+00 2.856268960875317856e-02
7.232232232232232327e+00 2.868967347201716728e-02
7.242242242242242334e+00 2.881669875243702411e-02
7.252252252252252340e+00 2.894440669185252557e-02
7.262262262262262347e+00 2.907211463126802009e-02
7.272272272272272353e+00 2.919982257068351461e-02
7.282282282282282360e+00 2.932821739763462679e-02
7.292292292292292366e+00 2.945665105024147454e-02
7.302302302302302373e+00 2.958508470284832229e-02
7.312312312312312379e+00 2.971412647619259273e-02
7.322322322322322385e+00 2.984328772001435329e-02
7.332332332332332392e+00 2.997244896383611384e-02
7.342342342342342398e+00 3.010213932074304669e-02
7.352352352352352405e+00 3.023203027506704901e-02
7.362362362362362411e+00 3.036192122939104787e-02
7.372372372372372418e+00 3.049226196832713690e-02
7.382382382382382424e+00 3.062288499395987226e-02
7.392392392392392431e+00 3.075350801959261110e-02
7.402402402402402437e+00 3.088450110045174585e-02
7.412412412412412444e+00 3.101585879995067199e-02
7.422422422422422450e+00 3.114721649944959467e-02
7.432432432432432456e+00 3.127886404367345718e-02
7.442442442442442463e+00 3.141095926155645923e-02
7.452452452452452469e+00 3.154305447943946128e-02
7.462462462462462476e+00 3.167535877012813555e-02
7.472472472472472482e+00 3.180819459306131330e-02
7.482482482482482489e+00 3.194103041599449799e-02
7.492492492492492495e+00 3.207399389800745515e-02
7.502502502502502502e+00 3.220757365497196184e-02
7.512512512512512508e+00 3.234115341193646853e-02
7.522522522522522515e+00 3.247477869198432676e-02
7.532532532532532521e+00 3.260910595442255422e-02
7.542542542542542527e+00 3.274343321686078168e-02
7.552552552552552534e+00 3.287776047929900913e-02
7.562562562562562540e+00 3.301280164552924251e-02
7.572572572572572547e+00 3.314788022747074125e-02
7.582582582582582553e+00 3.328295880941224000e-02
7.592592592592592560e+00 3.341867152969517363e-02
7.602602602602602566e+00 3.355450548786232529e-02
7.612612612612612573e+00 3.369033944602948388e-02
7.622622622622622579e+00 3.382672705586571571e-02
7.632632632632632586e+00 3.396332068975883856e-02
7.642642642642642592e+00 3.409991432365196140e-02
7.652652652652652598e+00 3.423698032073349551e-02
7.662662662662662605e+00 3.437433817269554964e-02
7.672672672672672611e+00 3.451169602465760378e-02
7.682682682682682618e+00 3.464944406889296918e-02
7.692692692692692624e+00 3.478757092415283442e-02
7.702702702702702631e+00 3.492569777941270659e-02
7.712712712712712637e+00 3.506413169294261833e-02
7.722722722722722644e+00 3.520303257963694477e-02
7.732732732732732650e+00 3.534193346633125732e-02
7.742742742742742657e+00 3.548105723353429941e-02
7.752752752752752663e+00 3.562073742270664700e-02
7.762762762762762669e+00 3.576041761187899459e-02
7.772772772772772676e+00 3.590023537936708198e-02
7.782782782782782682e+00 3.604070038494415484e-02
7.792792792792792689e+00 3.618116539052122077e-02
7.802802802802802695e+00 3.632168146712481949e-02
7.812812812812812702e+00 3.646293704586803935e-02
7.822822822822822708e+00 3.660419262461125922e-02
7.832832832832832715e+00 3.674544820335448603e-02
7.842842842842842721e+00 3.688746363278561091e-02
7.852852852852852727e+00 3.702951578421770362e-02
7.862862862862862734e+00 3.717156793564978245e-02
7.872872872872872740e+00 3.731429702058255277e-02
7.882882882882882747e+00 3.745715198688734371e-02
7.892892892892892753e+00 3.760000695319214159e-02
7.902902902902902760e+00 3.774345473144649632e-02
7.912912912912912766e+00 3.788711899734112376e-02
7.922922922922922773e+00 3.803078326323575120e-02
7.932932932932932779e+00 3.817495493452199851e-02
7.942942942942942786e+00 3.831943522709982397e-02
7.952952952952952792e+00 3.846391551967766331e-02
7.962962962962962798e+00 3.860881644549323671e-02
7.972972972972972805e+00 3.875411973403612709e-02
7.982982982982982811e+00 3.889942302257901746e-02
7.992992992992992818e+00 3.904505872609107670e-02
8.003003003003001936e+00 3.919119222184967027e-02
8.013013013013011943e+00 3.933732571760827773e-02
8.023023023023021949e+00 3.948370188352149507e-02
8.033033033033031955e+00 3.963067303946170988e-02
8.043043043043041962e+00 3.977764419540193164e-02
8.053053053053051968e+00 3.992476666981087385e-02
8.063063063063061975e+00 4.007258318032501376e-02
8.073073073073071981e+00 4.022039969083915367e-02
8.083083083083081988e+00 4.036827448106485722e-02
8.093093093093091994e+00 4.051694428164586553e-02
8.103103103103102001e+00 4.066561408222687385e-02
8.113113113113112007e+00 4.081428388280788216e-02
8.123123123123122014e+00 4.096377862351391341e-02
8.133133133133132020e+00 4.111330989039089362e-02
8.143143143143142026e+00 4.126284115726787383e-02
8.153153153153152033e+00 4.141310912793579740e-02
8.163163163163162039e+00 4.156351027766901074e-02
8.173173173173172046e+00 4.171391142740223795e-02
8.183183183183182052e+00 4.186495935776857191e-02
8.193193193193192059e+00 4.201623904680241300e-02
8.203203203203202065e+00 4.216751873583625410e-02
8.213213213213213848e+00 4.231935351554898944e-02
8.223223223223223854e+00 4.247152063972091385e-02
8.233233233233233861e+00 4.262368776389283132e-02
8.243243243243243867e+00 4.277631644221416979e-02
8.253253253253253874e+00 4.292938013621788729e-02
8.263263263263263880e+00 4.308244383022160479e-02
8.273273273273273887e+00 4.323587361570985915e-02
8.283283283283283893e+00 4.338984325251121765e-02
8.293293293293293900e+00 4.354381288931257615e-02
8.303303303303303906e+00 4.369805114948208807e-02
8.313313313313313913e+00 4.385293633968545546e-02
8.323323323323323919e+00 4.400782152988882284e-02
8.333333333333333925e+00 4.416287579084769016e-02
8.343343343343343932e+00 4.431868638201163363e-02
8.353353353353353938e+00 4.447449697317558404e-02
8.363363363363363945e+00 4.463037491924052441e-02
8.373373373373373951e+00 4.478712099514052525e-02
8.383383383383383958e+00 4.494386707104052608e-02
8.393393393393393964e+00 4.510061314694053386e-02
8.403403403403403971e+00 4.525826842416504764e-02
8.413413413413413977e+00 4.541596030400192607e-02
8.423423423423423984e+00 4.557365218383880451e-02
8.433433433433433990e+00 4.573215754154839191e-02
8.443443443443443996e+00 4.589080577910065878e-02
8.453453453453454003e+00 4.604945401665292565e-02
8.463463463463464009e+00 4.620881784491361055e-02
8.473473473473474016e+00 4.636843322763200409e-02
8.483483483483484022e+00 4.652804861035040457e-02
8.493493493493494029e+00 4.668827945469095769e-02
8.503503503503504035e+00 4.684887300273382627e-02
8.513513513513514042e+00 4.700946655077668790e-02
8.523523523523524048e+00 4.717057311161952649e-02
8.533533533533534055e+00 4.733215607682721843e-02
8.543543543543544061e+00 4.749373904203491037e-02
8.553553553553554067e+00 4.765573017409920759e-02
8.563563563563564074e+00 4.781831403890621224e-02
8.573573573573574080e+00 4.798089790371320995e-02
8.583583583583584087e+00 4.814378261538981851e-02
8.593593593593594093e+00 4.830737909167312494e-02
8.603603603603604100e+00 4.847097556795642442e-02
8.613613613613614106e+00 4.863476302065403850e-02
8.623623623623624113e+00 4.879938404851626166e-02
8.633633633633634119e+00 4.896400507637848482e-02
8.643643643643644126e+00 4.912870458384056144e-02
8.653653653653654132e+00 4.929436233032692682e-02
8.663663663663664138e+00 4.946002007681329915e-02
8.673673673673674145e+00 4.962567782329967148e-02
8.683683683683684151e+00 4.979234796215277481e-02
8.693693693693694158e+00 4.995905481990000480e-02
8.703703703703704164e+00 5.012576167764724172e-02
8.713713713713714171e+00 5.029337556968414835e-02
8.723723723723724177e+00 5.046114415550076449e-02
8.733733733733734184e+00 5.062891274131738062e-02
8.743743743743744190e+00 5.079748037557168389e-02
8.753753753753754197e+00 5.096632352894839985e-02
8.763763763763764203e+00 5.113516668232511581e-02
8.773773773773774209e+00 5.130469819557196415e-02
8.783783783783784216e+00 5.147462897712079544e-02
8.793793793793794222e+00 5.164455975866963366e-02
8.803803803803804229e+00 5.181506543451873392e-02
8.813813813813814235e+00 5.198609712434075492e-02
8.823823823823824242e+00 5.215712881416278285e-02
8.833833833833834248e+00 5.232861908211867974e-02
8.843843843843844255e+00 5.250076517809835336e-02
8.853853853853854261e+00 5.267291127407802698e-02
8.863863863863864268e+00 5.284539670856783222e-02
8.873873873873874274e+00 5.301867092459446040e-02
8.883883883883884280e+00 5.319194514062109552e-02
8.893893893893894287e+00 5.336543645998922253e-02
8.903903903903904293e+00 5.353985272410365787e-02
8.913913913913914300e+00 5.371426898821808626e-02
8.923923923923924306e+00 5.388877705368771281e-02
8.933933933933934313e+00 5.406434950615461588e-02
8.943943943943944319e+00 5.423992195862153282e-02
8.953953953953954326e+00 5.441549441108844282e-02
8.963963963963964332e+00 5.459220076452738629e-02
8.973973973973974338e+00 5.476894375583194613e-02
8.983983983983984345e+00 5.494568674713649903e-02
8.993993993993994351e+00 5.512344655206549704e-02
9.004004004004004358e+00 5.530137464083442755e-02
9.014014014014014364e+00 5.547930272960336501e-02
9.024024024024024371e+00 5.565812747530287513e-02
9.034034034034034377e+00 5.583725542614940279e-02
9.044044044044044384e+00 5.601638337699592352e-02
9.054054054054054390e+00 5.619628468890432854e-02
9.064064064064064397e+00 5.637662747019676901e-02
9.074074074074074403e+00 5.655697025148922336e-02
9.084084084084084409e+00 5.673795988991910122e-02
9.094094094094094416e+00 5.691953267147287221e-02
9.104104104104104422e+00 5.710110545302664320e-02
9.114114114114114429e+00 5.728319531184711960e-02
9.124124124124124435e+00 5.746601346254037040e-02
9.134134134134134442e+00 5.764883161323362121e-02
9.144144144144144448e+00 5.783203371851847185e-02
9.154154154154154455e+00 5.801611280383109359e-02
9.164164164164164461e+00 5.820019188914371533e-02
9.174174174174174468e+00 5.838451839778519697e-02
9.184184184184184474e+00 5.856987417726113726e-02
9.194194194194194480e+00 5.875522995673709142e-02
9.204204204204204487e+00 5.894069315502567519e-02
9.214214214214214493e+00 5.912734157965963272e-02
9.224224224224224500e+00 5.931399000429360413e-02
9.234234234234234506e+00 5.950063842892757554e-02
9.244244244244244513e+00 5.968855951601157589e-02
9.254254254254254519e+00 5.987651672555918680e-02
9.264264264264264526e+00 6.006447393510680466e-02
9.274274274274274532e+00 6.025357299251446475e-02
9.284284284284284539e+00 6.044285531272710482e-02
9.294294294294294545e+00 6.063213763293973796e-02
9.304304304304304551e+00 6.082242750945101445e-02
9.314314314314314558e+00 6.101305144923573759e-02
9.324324324324324564e+00 6.120367538902046767e-02
9.334334334334334571e+00 6.139516905387860934e-02
9.344344344344344577e+00 6.158715130238334029e-02
9.354354354354354584e+00 6.177913355088806430e-02
9.364364364364364590e+00 6.197184409213631062e-02
9.374374374374374597e+00 6.216520151576097192e-02
9.384384384384384603e+00 6.235855893938564015e-02
9.394394394394394610e+00 6.255249956217133478e-02
9.404404404404404616e+00 6.274724920150627494e-02
9.414414414414414622e+00 6.294199884084121510e-02
9.424424424424424629e+00 6.313718286568746618e-02
9.434434434434434635e+00 6.333334193237900867e-02
9.444444444444444642e+00 6.352950099907056503e-02
9.454454454454454648e+00 6.372594186011565354e-02
9.464464464464464655e+00 6.392352773366050123e-02
9.474474474474474661e+00 6.412111360720534892e-02
9.484484484484484668e+00 6.431882485041040542e-02
9.494494494494494674e+00 6.451785507487918514e-02
9.504504504504504681e+00 6.471688529934796485e-02
9.514514514514514687e+00 6.491591552381673069e-02
9.524524524524524693e+00 6.511637286136455482e-02
9.534534534534534700e+00 6.531686514205607696e-02
9.544544544544544706e+00 6.551735742274762686e-02
9.554554554554554713e+00 6.571913042563223839e-02
9.564564564564564719e+00 6.592110262565942236e-02
9.574574574574574726e+00 6.612307482568662020e-02
9.584584584584584732e+00 6.632617751860232780e-02
9.594594594594594739e+00 6.652964765541038994e-02
9.604604604604604745e+00 6.673311779221845208e-02
9.614614614614614752e+00 6.693756430065372909e-02
9.624624624624624758e+00 6.714255054247297849e-02
9.634634634634634764e+00 6.734753678429225565e-02
9.644644644644644771e+00 6.755334133251855722e-02
9.654654654654654777e+00 6.775986199475228511e-02
9.664664664664664784e+00 6.796638265698602688e-02
9.674674674674674790e+00 6.817355956601833800e-02
9.684684684684684797e+00 6.838163310756723012e-02
9.694694694694694803e+00 6.858970664911610837e-02
9.704704704704704810e+00 6.879827033464569475e-02
9.714714714714714816e+00 6.900791535417052924e-02
9.724724724724724823e+00 6.921756037369536374e-02
9.734734734734734829e+00 6.942752534399518338e-02
9.744744744744744835e+00 6.963876057611936843e-02
9.754754754754754842e+00 6.984999580824355347e-02
9.764764764764764848e+00 7.006137666204699521e-02
9.774774774774774855e+00 7.027422097349995955e-02
9.784784784784784861e+00 7.048706528495293777e-02
9.794794794794794868e+00 7.069990959640590211e-02
9.804804804804804874e+00 7.091434909500955730e-02
9.814814814814814881e+00 7.112882148071308919e-02
9.824824824824824887e+00 7.134329386641662107e-02
9.834834834834834894e+00 7.155919782790028105e-02
9.844844844844844900e+00 7.177531740699943930e-02
9.854854854854854906e+00 7.199143698609858366e-02
9.864864864864864913e+00 7.220882038778840550e-02
9.874874874874874919e+00 7.242660639962840430e-02
9.884884884884884926e+00 7.264439241146843085e-02
9.894894894894894932e+00 7.286327030833289475e-02
9.904904904904904939e+00 7.308274210838423823e-02
9.914914914914914945e+00 7.330221390843555396e-02
9.924924924924924952e+00 7.352260143078795385e-02
9.934934934934934958e+00 7.374377848652095835e-02
9.944944944944944965e+00 7.396495554225397673e-02
9.954954954954954971e+00 7.418686789343297006e-02
9.964964964964964977e+00 7.440976978014411658e-02
9.974974974974974984e+00 7.463267166685527698e-02
9.984984984984984990e+00 7.485612412088475665e-02
9.994994994994994997e+00 7.508077051747655273e-02
1.000500500500500500e+01 7.530541691406834881e-02
1.001501501501501501e+01 7.553042481329681757e-02
1.002502502502502502e+01 7.575683549801293104e-02
1.003503503503503502e+01 7.598324618272904452e-02
1.004504504504504503e+01 7.620982493544918579e-02
1.005505505505505504e+01 7.643801978156686272e-02
1.006506506506506504e+01 7.666621462768455353e-02
1.007507507507507505e+01 7.689440947380224434e-02
1.008508508508508505e+01 7.712437867721591567e-02
1.009509509509509506e+01 7.735437764869811106e-02
1.010510510510510507e+01 7.758437662018027869e-02
1.011511511511511507e+01 7.781596773214904950e-02
1.012512512512512508e+01 7.804779087925746428e-02
1.013513513513513509e+01 7.827961402636587906e-02
1.014514514514514509e+01 7.851284272042068080e-02
1.015515515515515510e+01 7.874651017529235575e-02
1.016516516516516511e+01 7.898017763016403070e-02
1.017517517517517511e+01 7.921505963161666608e-02
1.018518518518518512e+01 7.945059160380636698e-02
1.019519519519519513e+01 7.968612357599606788e-02
1.020520520520520513e+01 7.992267465943748983e-02
1.021521521521521514e+01 8.016009143142692472e-02
1.022522522522522515e+01 8.039750820341634574e-02
1.023523523523523515e+01 8.063574419020159978e-02
1.024524524524524516e+01 8.087506611287899327e-02
1.025525525525525516e+01 8.111438803555638677e-02
1.026526526526526517e+01 8.135432479127671646e-02
1.027527527527527518e+01 8.159557227938764312e-02
1.028528528528528518e+01 8.183681976749858367e-02
1.029529529529529519e+01 8.207847319944117093e-02
1.030530530530530520e+01 8.232166672701367316e-02
1.031531531531531520e+01 8.256486025458616151e-02
1.032532532532532521e+01 8.280824630918275087e-02
1.033533533533533522e+01 8.305340640492787918e-02
1.034534534534534522e+01 8.329856650067302137e-02
1.035535535535535523e+01 8.354372659641814969e-02
1.036536536536536524e+01 8.379084840362857611e-02
1.037537537537537524e+01 8.403799564631991847e-02
1.038538538538538525e+01 8.428514288901126084e-02
1.039539539539539525e+01 8.453404994310798060e-02
1.040540540540540526e+01 8.478320495694066650e-02
1.041541541541541527e+01 8.503235997077333852e-02
1.042542542542542527e+01 8.528306836097150623e-02
1.043543543543543528e+01 8.553425181090430762e-02
1.044544544544544529e+01 8.578543526083712289e-02
1.045545545545545529e+01 8.603796110051629975e-02
1.046546546546546530e+01 8.629119368759817499e-02
1.047547547547547531e+01 8.654442627468006410e-02
1.048548548548548531e+01 8.679878569877287620e-02
1.049549549549549532e+01 8.705408815545601087e-02
1.050550550550550533e+01 8.730939061213915942e-02
1.051551551551551533e+01 8.756559977451511267e-02
1.052552552552552534e+01 8.782299285995734395e-02
1.053553553553553535e+01 8.808038594539958910e-02
1.054554554554554535e+01 8.833846101624466540e-02
1.055555555555555536e+01 8.859796551160277478e-02
1.056556556556556536e+01 8.885747000696088416e-02
1.057557557557557537e+01 8.911742717015340431e-02
1.058558558558558538e+01 8.937906387386948537e-02
1.059559559559559538e+01 8.964070057758556642e-02
1.060560560560560539e+01 8.990255602806940249e-02
1.061561561561561540e+01 9.016634575115295425e-02
1.062562562562562540e+01 9.043013547423651988e-02
1.063563563563563541e+01 9.069392519732007163e-02
1.064564564564564542e+01 9.095986897669915139e-02
1.065565565565565542e+01 9.122583253800606307e-02
1.066566566566566543e+01 9.149179609931294699e-02
1.067567567567567544e+01 9.175969140053222284e-02
1.068568568568568544e+01 9.202784962204406394e-02
1.069569569569569545e+01 9.229600784355589116e-02
1.070570570570570545e+01 9.256587087738372965e-02
1.071571571571571546e+01 9.283624457948817799e-02
1.072572572572572547e+01 9.310661828159259856e-02
1.073573573573573547e+01 9.337846525462582814e-02
1.074574574574574548e+01 9.365107525140058120e-02
1.075575575575575549e+01 9.392368524817530651e-02
1.076576576576576549e+01 9.419753236021517762e-02
1.077577577577577550e+01 9.447239945471866407e-02
1.078578578578578551e+01 9.474726654922215052e-02
1.079579579579579551e+01 9.502312999065322396e-02
1.080580580580580552e+01 9.530027497022204586e-02
1.081581581581581553e+01 9.557741994979086775e-02
1.082582582582582553e+01 9.585531589896414961e-02
1.083583583583583554e+01 9.613475953052084966e-02
1.084584584584584555e+01 9.641420316207753582e-02
1.085585585585585555e+01 9.669414778269851130e-02
1.086586586586586556e+01 9.697591080807124730e-02
1.087587587587587556e+01 9.725767383344398331e-02
1.088588588588588557e+01 9.753968327196620158e-02
1.089589589589589558e+01 9.782378640322185459e-02
1.090590590590590558e+01 9.810788953447752148e-02
1.091591591591591559e+01 9.839199266573318836e-02
1.092592592592592560e+01 9.867844383229548710e-02
1.093593593593593560e+01 9.896490774708886773e-02
1.094594594594594561e+01 9.925137166188226223e-02
1.095595595595595562e+01 9.953994051571125878e-02
1.096596596596596562e+01 9.982878585265150817e-02
1.097597597597597563e+01 1.001176311895917714e-01
1.098598598598598564e+01 1.004083337661512282e-01
1.099599599599599564e+01 1.006995811201882168e-01
1.100600600600600565e+01 1.009908284742252332e-01
1.101601601601601566e+01 1.012836807767762554e-01
1.102602602602602566e+01 1.015773506946079929e-01
1.103603603603603567e+01 1.018710206124397583e-01
1.104604604604604567e+01 1.021660386094946638e-01
1.105605605605605568e+01 1.024621515849979403e-01
1.106606606606606569e+01 1.027582645605012307e-01
1.107607607607607569e+01 1.030554641832885782e-01
1.108608608608608570e+01 1.033540406529747518e-01
1.109609609609609571e+01 1.036526171226609255e-01
1.110610610610610571e+01 1.039520142626022131e-01
1.111611611611611572e+01 1.042530746010992826e-01
1.112612612612612573e+01 1.045541349395963659e-01
1.113613613613613573e+01 1.048557454457950400e-01
1.114614614614614574e+01 1.051593099613590404e-01
1.115615615615615575e+01 1.054628744769230408e-01
1.116616616616616575e+01 1.057667141536665772e-01
1.117617617617617576e+01 1.060728030837218838e-01
1.118618618618618576e+01 1.063788920137771626e-01
1.119619619619619577e+01 1.066849809438324415e-01
1.120620620620620578e+01 1.069936101247648819e-01
1.121621621621621578e+01 1.073022436314776257e-01
1.122622622622622579e+01 1.076108771381903695e-01
1.123623623623623580e+01 1.079217870363831377e-01
1.124624624624624580e+01 1.082329852022667349e-01
1.125625625625625581e+01 1.085441833681503182e-01
1.126626626626626582e+01 1.088573895545803805e-01
1.127627627627627582e+01 1.091711723781373655e-01
1.128628628628628583e+01 1.094849552016943783e-01
1.129629629629629584e+01 1.098004731883476942e-01
1.130630630630630584e+01 1.101168605797466921e-01
1.131631631631631585e+01 1.104332479711456760e-01
1.132632632632632586e+01 1.107510932086305244e-01
1.133633633633633586e+01 1.110701049854225936e-01
1.134634634634634587e+01 1.113891167622146905e-01
1.135635635635635587e+01 1.117093046373918014e-01
1.136636636636636588e+01 1.120309605202653158e-01
1.137637637637637589e+01 1.123526164031388441e-01
1.138638638638638589e+01 1.126751622367698213e-01
1.139639639639639590e+01 1.129994818453466110e-01
1.140640640640640591e+01 1.133238014539233868e-01
1.141641641641641769e+01 1.136487204983379212e-01
1.142642642642642770e+01 1.139757233470119063e-01
1.143643643643643770e+01 1.143027261956858776e-01
1.144644644644644771e+01 1.146300336324677094e-01
1.145645645645645772e+01 1.149597391262867779e-01
1.146646646646646772e+01 1.152894446201058326e-01
1.147647647647647773e+01 1.156191555577984476e-01
1.148648648648648773e+01 1.159515829883918103e-01
1.149649649649649774e+01 1.162840104189851731e-01
1.150650650650650775e+01 1.166164378495785497e-01
1.151651651651651775e+01 1.169513084323687696e-01
1.152652652652652776e+01 1.172864769739201118e-01
1.153653653653653777e+01 1.176216455154714541e-01
1.154654654654654777e+01 1.179589686408202276e-01
1.155655655655655778e+01 1.182968973460885309e-01
1.156656656656656779e+01 1.186348260513568065e-01
1.157657657657657779e+01 1.189746164697668696e-01
1.158658658658658780e+01 1.193153242661558894e-01
1.159659659659659781e+01 1.196560320625449092e-01
1.160660660660660781e+01 1.199983044386239567e-01
1.161661661661661782e+01 1.203418101243012850e-01
1.162662662662662783e+01 1.206853158099786272e-01
1.163663663663663783e+01 1.210300847202999824e-01
1.164664664664664784e+01 1.213764069603675833e-01
1.165665665665665784e+01 1.217227292004351702e-01
1.166666666666666785e+01 1.220700091314213392e-01
1.167667667667667786e+01 1.224191664541371682e-01
1.168668668668668786e+01 1.227683237768529972e-01
1.169669669669669787e+01 1.231181291226824820e-01
1.170670670670670788e+01 1.234701399157357993e-01
1.171671671671671788e+01 1.238221507087891304e-01
1.172672672672672789e+01 1.241744957693272922e-01
1.173673673673673790e+01 1.245293782761678070e-01
1.174674674674674790e+01 1.248842607830083218e-01
1.175675675675675791e+01 1.252391597617623364e-01
1.176676676676676792e+01 1.255969320779841136e-01
1.177677677677677792e+01 1.259547043942058908e-01
1.178678678678678793e+01 1.263124767104276958e-01
1.179679679679679793e+01 1.266728514660848681e-01
1.180680680680680794e+01 1.270335315358657735e-01
1.181681681681681795e+01 1.273942116056466511e-01
1.182682682682682795e+01 1.277571861786596652e-01
1.183683683683683796e+01 1.281207917912584870e-01
1.184684684684684797e+01 1.284843974038573367e-01
1.185685685685685797e+01 1.288499855382679027e-01
1.186686686686686798e+01 1.292165343245777198e-01
1.187687687687687799e+01 1.295830831108875647e-01
1.188688688688688799e+01 1.299512984430580276e-01
1.189689689689689800e+01 1.303208078722185304e-01
1.190690690690690801e+01 1.306903173013790331e-01
1.191691691691691801e+01 1.310611733581315552e-01
1.192692692692692802e+01 1.314336607342005137e-01
1.193693693693693803e+01 1.318061481102694721e-01
1.194694694694694803e+01 1.321796583070514730e-01
1.195695695695695804e+01 1.325551407657354908e-01
1.196696696696696804e+01 1.329306232244195363e-01
1.197697697697697805e+01 1.333068008634961943e-01
1.198698698698698806e+01 1.336852953689421086e-01
1.199699699699699806e+01 1.340637898743879952e-01
1.200700700700700807e+01 1.344426481430615883e-01
1.201701701701701808e+01 1.348241714847085437e-01
1.202702702702702808e+01 1.352056948263554714e-01
1.203703703703703809e+01 1.355872467952121685e-01
1.204704704704704810e+01 1.359718155847058352e-01
1.205705705705705810e+01 1.363563843741995019e-01
1.206706706706706811e+01 1.367409531636931963e-01
1.207707707707707812e+01 1.371282736635520139e-01
1.208708708708708812e+01 1.375159043317205898e-01
1.209709709709709813e+01 1.379035349998891380e-01
1.210710710710710813e+01 1.382935912311283044e-01
1.211711711711711814e+01 1.386843000250209401e-01
1.212712712712712815e+01 1.390750088189136036e-01
1.213713713713713815e+01 1.394678133050491764e-01
1.214714714714714816e+01 1.398616162850379874e-01
1.215715715715715817e+01 1.402554192650267983e-01
1.216716716716716817e+01 1.406509844032871048e-01
1.217717717717717818e+01 1.410478974402323005e-01
1.218718718718718819e+01 1.414448104771775516e-01
1.219719719719719819e+01 1.418431485369528455e-01
1.220720720720720820e+01 1.422431873094323618e-01
1.221721721721721821e+01 1.426432260819118780e-01
1.222722722722722821e+01 1.430443492032326402e-01
1.223723723723723822e+01 1.434475291948351106e-01
1.224724724724724823e+01 1.438507091864376086e-01
1.225725725725725823e+01 1.442546293784816580e-01
1.226726726726726824e+01 1.446609658751653593e-01
1.227727727727727824e+01 1.450673023718490884e-01
1.228728728728728825e+01 1.454740315114777527e-01
1.229729729729729826e+01 1.458835395989931116e-01
1.230730730730730826e+01 1.462930476865084706e-01
1.231731731731731827e+01 1.467025975168314567e-01
1.232732732732732828e+01 1.471152920782098639e-01
1.233733733733733828e+01 1.475279866395882988e-01
1.234734734734734829e+01 1.479406812009667060e-01
1.235735735735735830e+01 1.483562644816649456e-01
1.236736736736736830e+01 1.487721601947718797e-01
1.237737737737737831e+01 1.491880559078788138e-01
1.238738738738738832e+01 1.496064974289614269e-01
1.239739739739739832e+01 1.500256087641167468e-01
1.240740740740740833e+01 1.504447200992720113e-01
1.241741741741741833e+01 1.508660309844145619e-01
1.242742742742742834e+01 1.512883722020768318e-01
1.243743743743743835e+01 1.517107134197391016e-01
1.244744744744744835e+01 1.521349046511680791e-01
1.245745745745745836e+01 1.525604897996855058e-01
1.246746746746746837e+01 1.529860749482029325e-01
1.247747747747747837e+01 1.534131573654733960e-01
1.248748748748748838e+01 1.538420002789017138e-01
1.249749749749749839e+01 1.542708431923300039e-01
1.250750750750750839e+01 1.547008274911322590e-01
1.251751751751751840e+01 1.551329417871169236e-01
1.252752752752752841e+01 1.555650560831015883e-01
1.253753753753753841e+01 1.559979528140969518e-01
1.254754754754754842e+01 1.564333518918225863e-01
1.255755755755755843e+01 1.568687509695481930e-01
1.256756756756756843e+01 1.573045705372350112e-01
1.257757757757757844e+01 1.577432675754407432e-01
1.258758758758758844e+01 1.581819646136464752e-01
1.259759759759759845e+01 1.586207172752553685e-01
1.260760760760760846e+01 1.590627252303162265e-01
1.261761761761761846e+01 1.595047331853770844e-01
1.262762762762762847e+01 1.599467411404379424e-01
1.263763763763763848e+01 1.603917606538693419e-01
1.264764764764764848e+01 1.608370922579430429e-01
1.265765765765765849e+01 1.612824238620167716e-01
1.266766766766766850e+01 1.617304090439107001e-01
1.267767767767767850e+01 1.621790768031519114e-01
1.268768768768768851e+01 1.626277445623931228e-01
1.269769769769769852e+01 1.630787049941186118e-01
1.270770770770770852e+01 1.635307211869574395e-01
1.271771771771771853e+01 1.639827373797962673e-01
1.272772772772772854e+01 1.644366824896750234e-01
1.273773773773773854e+01 1.648920591651618361e-01
1.274774774774774855e+01 1.653474358406486489e-01
1.275775775775775855e+01 1.658043749030634617e-01
1.276776776776776856e+01 1.662631238792798005e-01
1.277777777777777857e+01 1.667218728554961671e-01
1.278778778778778857e+01 1.671818149900281825e-01
1.279779779779779858e+01 1.676439478525623139e-01
1.280780780780780859e+01 1.681060807150964453e-01
1.281781781781781859e+01 1.685690348856916099e-01
1.282782782782782860e+01 1.690345629861796650e-01
1.283783783783783861e+01 1.695000910866676924e-01
1.284784784784784861e+01 1.699660661008324802e-01
1.285785785785785862e+01 1.704350005555640701e-01
1.286786786786786863e+01 1.709039350102956600e-01
1.287787787787787863e+01 1.713729395183213045e-01
1.288788788788788864e+01 1.718452912069107219e-01
1.289789789789789864e+01 1.723176428955000838e-01
1.290790790790790865e+01 1.727899945840894735e-01
1.291791791791791866e+01 1.732654649538373226e-01
1.292792792792792866e+01 1.737412445179581100e-01
1.293793793793793867e+01 1.742170240820788696e-01
1.294794794794794868e+01 1.746955511742003808e-01
1.295795795795795868e+01 1.751747690163848459e-01
1.296796796796796869e+01 1.756539868585693387e-01
1.297797797797797870e+01 1.761355786070686602e-01
1.298798798798798870e+01 1.766182448895710633e-01
1.299799799799799871e+01 1.771009111720734663e-01
1.300800800800800872e+01 1.775855753498526979e-01
1.301801801801801872e+01 1.780716999935751943e-01
1.302802802802802873e+01 1.785578246372976630e-01
1.303803803803803874e+01 1.790455688555883107e-01
1.304804804804804874e+01 1.795351615390712308e-01
1.305805805805805875e+01 1.800247542225541231e-01
1.306806806806806875e+01 1.805155859303763655e-01
1.307807807807807876e+01 1.810086560888502782e-01
1.308808808808808877e+01 1.815017262473241910e-01
1.309809809809809877e+01 1.819956527309742056e-01
1.310810810810810878e+01 1.824922095554745993e-01
1.311811811811811879e+01 1.829887663799750208e-01
1.312812812812812879e+01 1.834857947625401220e-01
1.313813813813813880e+01 1.839858471990843403e-01
1.314814814814814881e+01 1.844858996356285585e-01
1.315815815815815881e+01 1.849860368765299801e-01
1.316816816816816882e+01 1.854895936253554700e-01
1.317817817817817883e+01 1.859931503741809600e-01
1.318818818818818883e+01 1.864967071230064222e-01
1.319819819819819884e+01 1.870034727836073773e-01
1.320820820820820884e+01 1.875105422984705839e-01
1.321821821821821885e+01 1.880176118133338181e-01
1.322822822822822886e+01 1.885275079650593766e-01
1.323823823823823886e+01 1.890380984525961150e-01
1.324824824824824887e+01 1.895486889401328812e-01
1.325825825825825888e+01 1.900617218012361220e-01
1.326826826826826888e+01 1.905758412203816532e-01
1.327827827827827889e+01 1.910899606395272121e-01
1.328828828828828890e+01 1.916061362625191833e-01
1.329829829829829890e+01 1.921237923239874357e-01
1.330830830830830891e+01 1.926414483854556881e-01
1.331831831831831892e+01 1.931607726568436434e-01
1.332832832832832892e+01 1.936819728226664705e-01
1.333833833833833893e+01 1.942031729884892977e-01
1.334834834834834894e+01 1.947256516285409689e-01
1.335835835835835894e+01 1.952504031116660543e-01
1.336836836836836895e+01 1.957751545947911398e-01
1.337837837837837895e+01 1.963007931573247378e-01
1.338838838838838896e+01 1.968291029212701493e-01
1.339839839839839897e+01 1.973574126852155053e-01
1.340840840840840897e+01 1.978862165574156173e-01
1.341841841841841898e+01 1.984180913159837301e-01
1.342842842842842899e+01 1.989499660745518983e-01
1.343843843843843899e+01 1.994819404768115867e-01
1.344844844844844900e+01 2.000173866938593781e-01
1.345845845845845901e+01 2.005528329109071417e-01
1.346846846846846901e+01 2.010882791279549331e-01
1.347847847847847902e+01 2.016270067859603499e-01
1.348848848848848903e+01 2.021660306752254277e-01
1.349849849849849903e+01 2.027050545644904778e-01
1.350850850850850904e+01 2.032469686559623956e-01
1.351851851851851904e+01 2.037895761809458417e-01
1.352852852852852905e+01 2.043321837059293156e-01
1.353853853853853906e+01 2.048772886998918019e-01
1.354854854854854906e+01 2.054234855737960275e-01
1.355855855855855907e+01 2.059696824477002253e-01
1.356856856856856908e+01 2.065179826459984380e-01
1.357857857857857908e+01 2.070677743317193842e-01
1.358858858858858909e+01 2.076175660174403581e-01
1.359859859859859910e+01 2.081690655547616675e-01
1.360860860860860910e+01 2.087224572649353516e-01
1.361861861861861911e+01 2.092758489751090079e-01
1.362862862862862912e+01 2.098305518190287655e-01
1.363863863863863912e+01 2.103875485161314507e-01
1.364864864864864913e+01 2.109445452132341081e-01
1.365865865865865914e+01 2.115024551642844530e-01
1.366866866866866914e+01 2.120630615607851099e-01
1.367867867867867915e+01 2.126236679572857668e-01
1.368868868868868915e+01 2.131847886490483013e-01
1.369869869869869916e+01 2.137490092076143322e-01
1.370870870870870917e+01 2.143132297661803909e-01
1.371871871871871917e+01 2.148775646654023375e-01
1.372872872872872918e+01 2.154454035991554550e-01
1.373873873873873919e+01 2.160132425329086003e-01
1.374874874874874919e+01 2.165810814666617456e-01
1.375875875875875920e+01 2.171522562124653388e-01
1.376876876876876921e+01 2.177237174852894308e-01
1.377877877877877921e+01 2.182951787581135228e-01
1.378878878878878922e+01 2.188695778599490382e-01
1.379879879879879923e+01 2.194446651868479647e-01
1.380880880880880923e+01 2.200197525137469190e-01
1.381881881881881924e+01 2.205973786903100697e-01
1.382882882882882924e+01 2.211760955378154758e-01
1.383883883883883925e+01 2.217548123853209097e-01
1.384884884884884926e+01 2.223356681896211107e-01
1.385885885885885926e+01 2.229180177762481174e-01
1.386886886886886927e+01 2.235003673628751242e-01
1.387887887887887928e+01 2.240844551825132702e-01
1.388888888888888928e+01 2.246704404792660703e-01
1.389889889889889929e+01 2.252564257760188426e-01
1.390890890890890930e+01 2.258437478334859028e-01
1.391891891891891930e+01 2.264333715644092637e-01
1.392892892892892931e+01 2.270229952953325969e-01
1.393893893893893932e+01 2.276135536483293587e-01
1.394894894894894932e+01 2.282068182911086984e-01
1.395895895895895933e+01 2.288000829338880382e-01
1.396896896896896934e+01 2.293938794756661403e-01
1.397897897897897934e+01 2.299907872622725669e-01
1.398898898898898935e+01 2.305876950488790211e-01
1.399899899899899935e+01 2.311847315086018317e-01
1.400900900900900936e+01 2.317852844259840062e-01
1.401901901901901937e+01 2.323858373433662083e-01
1.402902902902902937e+01 2.329863902607483828e-01
1.403903903903903938e+01 2.335903150773108172e-01
1.404904904904904939e+01 2.341945148681304767e-01
1.405905905905905939e+01 2.347987146589500806e-01
1.406906906906906940e+01 2.354058838602227643e-01
1.407907907907907941e+01 2.360137320236349312e-01
1.408908908908908941e+01 2.366215801870470703e-01
1.409909909909909942e+01 2.372319947696183706e-01
1.410910910910910943e+01 2.378434925620963591e-01
1.411911911911911943e+01 2.384549903545744032e-01
1.412912912912912944e+01 2.390686511534581560e-01
1.413913913913913944e+01 2.396837995896588802e-01
1.414914914914914945e+01 2.402989480258596600e-01
1.415915915915915946e+01 2.409158557149989055e-01
1.416916916916916946e+01 2.415346555686726793e-01
1.417917917917917947e+01 2.421534554223464530e-01
1.418918918918918948e+01 2.427736105151354629e-01
1.419919919919919948e+01 2.433960623200763784e-01
1.420920920920920949e+01 2.440185141250172662e-01
1.421921921921921950e+01 2.446419169748415279e-01
1.422922922922922950e+01 2.452680210258782467e-01
1.423923923923923951e+01 2.458941250769149656e-01
1.424924924924924952e+01 2.465207758777093472e-01
1.425925925925925952e+01 2.471505322317363029e-01
1.426926926926926953e+01 2.477802885857632587e-01
1.427927927927927954e+01 2.484101873725880483e-01
1.428928928928928954e+01 2.490435958496364510e-01
1.429929929929929955e+01 2.496770043266848538e-01
1.430930930930930955e+01 2.503104128037332288e-01
1.431931931931931956e+01 2.509472111606663725e-01
1.432932932932932957e+01 2.515842713450128221e-01
1.433933933933933957e+01 2.522213315293592162e-01
1.434934934934934958e+01 2.528613768178827881e-01
1.435935935935935959e+01 2.535020880591972725e-01
1.436936936936936959e+01 2.541427993005118124e-01
1.437937937937937960e+01 2.547860908492724508e-01
1.438938938938938961e+01 2.554304522638026209e-01
1.439939939939939961e+01 2.560748136783327911e-01
1.440940940940940962e+01 2.567213506608026496e-01
1.441941941941941963e+01 2.573693611325949537e-01
1.442942942942942963e+01 2.580173716043873133e-01
1.443943943943943964e+01 2.586671530395613927e-01
1.444944944944944965e+01 2.593188112217178487e-01
1.445945945945945965e+01 2.599704694038743047e-01
1.446946946946946966e+01 2.606234941569845476e-01
1.447947947947947966e+01 2.612787984729558199e-01
1.448948948948948967e+01 2.619341027889270368e-01
1.449949949949949968e+01 2.625903695721714115e-01
1.450950950950950968e+01 2.632493182170830281e-01
1.451951951951951969e+01 2.639082668619945893e-01
1.452952952952952970e+01 2.645677742352816053e-01
1.453953953953953970e+01 2.652303651772948689e-01
1.454954954954954971e+01 2.658929561193081881e-01
1.455955955955955972e+01 2.665557024910163442e-01
1.456956956956956972e+01 2.672219334727220508e-01
1.457957957957957973e+01 2.678881644544277574e-01
1.458958958958958974e+01 2.685543954361335195e-01
1.459959959959959974e+01 2.692240166220251640e-01
1.460960960960960975e+01 2.698938851618703505e-01
1.461961961961961975e+01 2.705637537017154814e-01
1.462962962962962976e+01 2.712366075470687421e-01
1.463963963963963977e+01 2.719101109408140760e-01
1.464964964964964977e+01 2.725836143345592988e-01
1.465965965965965978e+01 2.732596985766713726e-01
1.466966966966966979e+01 2.739368338988810714e-01
1.467967967967967979e+01 2.746139692210907701e-01
1.468968968968968980e+01 2.752932814504330250e-01
1.469969969969969981e+01 2.759740455559942518e-01
1.470970970970970981e+01 2.766548096615554786e-01
1.471971971971971982e+01 2.773373473226352637e-01
1.472972972972972983e+01 2.780217368483079987e-01
1.473973973973973983e+01 2.787061263739807337e-01
1.474974974974974984e+01 2.793918867662151251e-01
1.475975975975975985e+01 2.800798981322093484e-01
1.476976976976976985e+01 2.807679094982036272e-01
1.477977977977977986e+01 2.814568897768070510e-01
1.478978978978978986e+01 2.821485191883920107e-01
1.479979979979979987e+01 2.828401485999769149e-01
1.480980980980980988e+01 2.835323457768613720e-01
1.481981981981981988e+01 2.842275892259987224e-01
1.482982982982982989e+01 2.849228326751360174e-01
1.483983983983983990e+01 2.856182436198225205e-01
1.484984984984984990e+01 2.863170968868283262e-01
1.485985985985985991e+01 2.870159501538341873e-01
1.486986986986986992e+01 2.877148034208399929e-01
1.487987987987987992e+01 2.884170302496107952e-01
1.488988988988988993e+01 2.891194889048446792e-01
1.489989989989989994e+01 2.898219475600785633e-01
1.490990990990990994e+01 2.905273768343469842e-01
1.491991991991991995e+01 2.912334362399258136e-01
1.492992992992992995e+01 2.919394956455046430e-01
1.493993993993993996e+01 2.926481236067096647e-01
1.494994994994994997e+01 2.933577789182469919e-01
1.495995995995995997e+01 2.940674342297843191e-01
1.496996996996996998e+01 2.947792569825058440e-01
1.497997997997997999e+01 2.954925031508757738e-01
1.498998998998998999e+01 2.962057493192458146e-01
1.500000000000000000e+01 2.969207628321998693e-01
