5.000000000000000000e+00 5.472896092190190909e-03
5.010010010010010006e+00 5.541844114987278143e-03
5.020020020020020013e+00 5.610792137784364510e-03
5.030030030030030019e+00 5.679740160581451744e-03
5.040040040040040026e+00 5.748688183378538111e-03
5.050050050050050032e+00 5.817636206175625345e-03
5.060060060060060039e+00 5.886584228972711712e-03
5.070070070070070045e+00 5.955532251769798946e-03
5.080080080080080052e+00 6.024480274566885313e-03
5.090090090090090058e+00 6.093428297363971680e-03
5.100100100100100065e+00 6.162376320161058914e-03
5.110110110110110071e+00 6.231324342958145281e-03
5.120120120120120077e+00 6.300272365755232515e-03
5.130130130130130084e+00 6.369220388552318882e-03
5.140140140140140090e+00 6.438168411349405248e-03
5.150150150150150097e+00 6.507116434146492483e-03
5.160160160160160103e+00 6.576064456943578850e-03
5.170170170170170110e+00 6.645012479740666084e-03
5.180180180180180116e+00 6.714862914950193128e-03
5.190190190190190123e+00 6.785190140578460302e-03
5.200200200200200129e+00 6.855517366206726609e-03
5.210210210210210136e+00 6.926527458017217066e-03
5.220220220220220142e+00 6.998235885470372591e-03
5.230230230230230148e+00 7.069944312923527249e-03
5.240240240240240155e+00 7.142115245970636316e-03
5.250250250250250161e+00 7.215206350834715496e-03
5.260260260260260168e+00 7.288297455698794676e-03
5.270270270270270174e+00 7.361630141697321494e-03
5.280280280280280181e+00 7.436104872760990019e-03
5.290290290290290187e+00 7.510579603824658543e-03
5.300300300300300194e+00 7.585074680352964747e-03
5.310310310310310200e+00 7.660933456630007223e-03
5.320320320320320207e+00 7.736792232907049698e-03
5.330330330330330213e+00 7.812651009184091305e-03
5.340340340340340219e+00 7.889692770460631291e-03
5.350350350350350226e+00 7.966935478650979605e-03
5.360360360360360232e+00 8.044178186841329653e-03
5.370370370370370239e+00 8.122382139238912974e-03
5.380380380380380245e+00 8.201008131653229200e-03
5.390390390390390252e+00 8.279634124067545425e-03
5.400400400400400258e+00 8.358999540279712231e-03
5.410410410410410265e+00 8.439007633250762697e-03
5.420420420420420271e+00 8.519015726221811427e-03
5.430430430430430278e+00 8.599541599667697919e-03
5.440440440440440284e+00 8.680930072470362940e-03
5.450450450450450290e+00 8.762318545273029696e-03
5.460460460460460297e+00 8.844003589821944344e-03
5.470470470470470303e+00 8.926770184122046273e-03
5.480480480480480310e+00 9.009536778422149936e-03
5.490490490490490316e+00 9.092379428225171728e-03
5.500500500500500323e+00 9.176521348075330695e-03
5.510510510510510329e+00 9.260663267925489661e-03
5.520520520520520336e+00 9.344805187775648628e-03
5.530530530530530342e+00 9.430175589754407478e-03
5.540540540540540349e+00 9.515689502153817578e-03
5.550550550550550355e+00 9.601203414553229412e-03
5.560560560560560361e+00 9.687723581885012911e-03
5.570570570570570368e+00 9.774605617917831932e-03
5.580580580580580374e+00 9.861487653950650953e-03
5.590590590590590381e+00 9.949154647522205977e-03
5.600600600600600387e+00 1.003740040408792299e-02
5.610610610610610394e+00 1.012564616065363826e-02
5.620620620620620400e+00 1.021445676438550131e-02
5.630630630630630407e+00 1.030406130653251096e-02
5.640640640640640413e+00 1.039366584867952234e-02
5.650650650650650419e+00 1.048361657052378909e-02
5.660660660660660426e+00 1.057457443439580209e-02
5.670670670670670432e+00 1.066553229826781510e-02
5.680680680680680439e+00 1.075661937132957845e-02
5.690690690690690445e+00 1.084892456773285836e-02
5.700700700700700452e+00 1.094122976413613828e-02
5.710710710710710458e+00 1.103353496053941819e-02
5.720720720720720465e+00 1.112709516651642395e-02
5.730730730730730471e+00 1.122074118511385415e-02
5.740740740740740478e+00 1.131438720371128609e-02
5.750750750750750484e+00 1.140906838102662656e-02
5.760760760760760490e+00 1.150404819516317491e-02
5.770770770770770497e+00 1.159902800929972673e-02
5.780780780780780503e+00 1.169482506363174988e-02
5.790790790790790510e+00 1.179113113579406333e-02
5.800800800800800516e+00 1.188743720795637678e-02
5.810810810810810523e+00 1.198434478196497288e-02
5.820820820820820529e+00 1.208196906987631450e-02
5.830830830830830536e+00 1.217959335778765785e-02
5.840840840840840542e+00 1.227760583349902894e-02
5.850850850850850549e+00 1.237653979684907000e-02
5.860860860860860555e+00 1.247547376019911280e-02
5.870870870870870561e+00 1.257458526151761929e-02
5.880880880880880568e+00 1.267481986932527879e-02
5.890890890890890574e+00 1.277505447713294003e-02
5.900900900900900581e+00 1.287528908494059952e-02
5.910910910910910587e+00 1.297678461108570797e-02
5.920920920920920594e+00 1.307831034969149202e-02
5.930930930930930600e+00 1.317983608829727780e-02
5.940940940940940607e+00 1.328240813645420459e-02
5.950950950950950613e+00 1.338521501813717991e-02
5.960960960960960620e+00 1.348802189982015697e-02
5.970970970970970626e+00 1.359166337104345847e-02
5.980980980980980632e+00 1.369574094325677442e-02
5.990990990990990639e+00 1.379981851547009038e-02
6.001001001001000645e+00 1.390452207385806625e-02
6.011011011011010652e+00 1.400985942907532859e-02
6.021021021021020658e+00 1.411519678429259093e-02
6.031031031031030665e+00 1.422095486073879193e-02
6.041041041041040671e+00 1.432754064690246014e-02
6.051051051051050678e+00 1.443412643306613008e-02
6.061061061061060684e+00 1.454093122912984357e-02
6.071071071071070691e+00 1.464875366069185933e-02
6.081081081081080697e+00 1.475657609225387509e-02
6.091091091091090703e+00 1.486441958414916331e-02
6.101101101101100710e+00 1.497346645369227770e-02
6.111111111111110716e+00 1.508251332323539036e-02
6.121121121121120723e+00 1.519156019277850475e-02
6.131131131131130729e+00 1.530164595636626136e-02
6.141141141141140736e+00 1.541190464679429578e-02
6.151151151151150742e+00 1.552216333722232847e-02
6.161161161161160749e+00 1.563325807555123598e-02
6.171171171171170755e+00 1.574471557283455003e-02
6.181181181181180762e+00 1.585617307011786409e-02
6.191191191191190768e+00 1.596826772483489129e-02
6.201201201201200774e+00 1.608091063129720930e-02
6.211211211211210781e+00 1.619355353775952383e-02
6.221221221221220787e+00 1.630663885611606870e-02
6.231231231231230794e+00 1.642045340424742525e-02
6.241241241241240800e+00 1.653426795237878180e-02
6.251251251251250807e+00 1.664833449231988352e-02
6.261261261261260813e+00 1.676330655909960207e-02
6.271271271271270820e+00 1.687827862587931715e-02
6.281281281281280826e+00 1.699331676123418816e-02
6.291291291291290833e+00 1.710943188294740055e-02
6.301301301301300839e+00 1.722554700466060948e-02
6.311311311311310845e+00 1.734166212637381840e-02
6.321321321321320852e+00 1.745879031796405967e-02
6.331331331331330858e+00 1.757603370549421298e-02
6.341341341341340865e+00 1.769327709302436630e-02
6.351351351351350871e+00 1.781134199783670352e-02
6.361361361361360878e+00 1.792969855241588820e-02
6.371371371371370884e+00 1.804805510699507287e-02
6.381381381381380891e+00 1.816704628519722614e-02
6.391391391391390897e+00 1.828650061459559037e-02
6.401401401401400904e+00 1.840595494399395807e-02
6.411411411411410910e+00 1.852586181001146873e-02
6.421421421421420916e+00 1.864639824514668226e-02
6.431431431431430923e+00 1.876693468028189232e-02
6.441441441441440929e+00 1.888774650888745688e-02
6.451451451451450936e+00 1.900934912083395226e-02
6.461461461461460942e+00 1.913095173278045111e-02
6.471471471471470949e+00 1.925265766526144950e-02
6.481481481481480955e+00 1.937531028263988694e-02
6.491491491491490962e+00 1.949796290001832785e-02
6.501501501501500968e+00 1.962061551739676876e-02
6.511511511511510975e+00 1.974423817714750229e-02
6.521521521521520981e+00 1.986792440387308983e-02
6.531531531531530987e+00 1.999161063059867738e-02
6.541541541541540994e+00 2.011608869869704191e-02
6.551551551551551000e+00 2.024079193206632099e-02
6.561561561561561007e+00 2.036549516543560354e-02
6.571571571571571013e+00 2.049081723227410071e-02
6.581581581581581020e+00 2.061652068136863789e-02
6.591591591591591026e+00 2.074222413046317853e-02
6.601601601601601033e+00 2.086837869708517770e-02
6.611611611611611927e+00 2.099506540147061395e-02
6.621621621621621934e+00 2.112175210585603979e-02
6.631631631631631940e+00 2.124872759077672812e-02
6.641641641641641947e+00 2.137638043947550845e-02
6.651651651651651953e+00 2.150403328817428877e-02
6.661661661661661959e+00 2.163181803425343747e-02
6.671671671671671966e+00 2.176041978496929055e-02
6.681681681681681972e+00 2.188902153568513670e-02
6.691691691691691979e+00 2.201762328640098285e-02
6.701701701701701985e+00 2.214713711562291826e-02
6.711711711711711992e+00 2.227667041419505167e-02
6.721721721721721998e+00 2.240620371276718509e-02
6.731731731731732005e+00 2.253648584328199131e-02
6.741741741741742011e+00 2.266693324334664861e-02
6.751751751751752018e+00 2.279738064341130591e-02
6.761761761761762024e+00 2.292841916049815146e-02
6.771771771771772030e+00 2.305976314333573265e-02
6.781781781781782037e+00 2.319110712617331385e-02
6.791791791791792043e+00 2.332289008745761297e-02
6.801801801801802050e+00 2.345511308200267167e-02
6.811811811811812056e+00 2.358733607654772690e-02
6.821821821821822063e+00 2.371985151926062768e-02
6.831831831831832069e+00 2.385293592225292900e-02
6.841841841841842076e+00 2.398602032524523378e-02
6.851851851851852082e+00 2.411925627350738552e-02
6.861861861861862089e+00 2.425318446976164680e-02
6.871871871871872095e+00 2.438711266601590807e-02
6.881881881881882101e+00 2.452105713814457799e-02
6.891891891891892108e+00 2.465581152091703490e-02
6.901901901901902114e+00 2.479056590368949181e-02
6.911911911911912121e+00 2.492532028646194872e-02
6.921921921921922127e+00 2.506076991095771214e-02
6.931931931931932134e+00 2.519633290238719459e-02
6.941941941941942140e+00 2.533189589381667356e-02
6.951951951951952147e+00 2.546801256225907084e-02
6.961961961961962153e+00 2.560436663386130712e-02
6.971971971971972160e+00 2.574072070546354687e-02
6.981981981981982166e+00 2.587749253272478289e-02
6.991991991991992172e+00 2.601462022591774850e-02
7.002002002002002179e+00 2.615174791911071758e-02
7.012012012012012185e+00 2.628916306423863258e-02
7.022022022022022192e+00 2.642704701087791874e-02
7.032032032032032198e+00 2.656493095751720837e-02
7.042042042042042205e+00 2.670297763113372094e-02
7.052052052052052211e+00 2.684160057403650601e-02
7.062062062062062218e+00 2.698022351693929455e-02
7.072072072072072224e+00 2.711888998863527453e-02
7.082082082082082231e+00 2.725823480207197405e-02
7.092092092092092237e+00 2.739757961550867357e-02
7.102102102102102243e+00 2.753692442894537309e-02
7.112112112112112250e+00 2.767690393136720134e-02
7.122122122122122256e+00 2.781695364149995922e-02
7.132132132132132263e+00 2.795700335163271710e-02
7.142142142142142269e+00 2.809756259619828125e-02
7.152152152152152276e+00 2.823830040144624520e-02
7.162162162162162282e+00 2.837903820669420915e-02
7.172172172172172289e+00 2.852016587675026971e-02
7.182182182182182295e+00 2.866157516806109792e-02
7.192192192192192302e+00 2.880298445937192614e-02
7.202202202202202308e+00 2.894466934691838217e-02
7.212212212212212314e+00 2.908673372792644832e-02
7.222222222222222321e+00 2.922879810893451100e-02
7.232232232232232327e+00 2.937102912185483167e-02
7.242242242242242334e+00 2.951373242890681023e-02
7.252252252252252340e+00 2.965643573595879573e-02
7.262262262262262347e+00 2.979920190522189830e-02
7.272272272272272353e+00 2.994252822725028407e-02
7.282282282282282360e+00 3.008585454927867331e-02
7.292292292292292366e+00 3.022918087130706255e-02
7.302302302302302373e+00 3.037307873433779323e-02
7.312312312312312379e+00 3.051701243256421323e-02
7.322322322322322385e+00 3.066094613079063322e-02
7.332332332332332392e+00 3.080534226304304860e-02
7.342342342342342398e+00 3.094986799049236070e-02
7.352352352352352405e+00 3.109439371794166587e-02
7.362362362362362411e+00 3.123927787366545528e-02
7.372372372372372418e+00 3.138438059447355016e-02
7.382382382382382424e+00 3.152948331528164505e-02
7.392392392392392431e+00 3.167484541940074338e-02
7.402402402402402437e+00 3.182051042789799805e-02
7.412412412412412444e+00 3.196617543639524578e-02
7.422422422422422450e+00 3.211200559131290738e-02
7.432432432432432456e+00 3.225821853086659891e-02
7.442442442442442463e+00 3.240443147042028349e-02
7.452452452452452469e+00 3.255071996277335289e-02
7.462462462462462476e+00 3.269746684437218470e-02
7.472472472472472482e+00 3.284421372597101652e-02
7.482482482482482489e+00 3.299096060756984139e-02
7.492492492492492495e+00 3.313821825389779568e-02
7.502502502502502502e+00 3.328548547446272265e-02
7.512512512512512508e+00 3.343275269502764963e-02
7.522522522522522515e+00 3.358043663239955456e-02
7.532532532532532521e+00 3.372821099280503415e-02
7.542542542542542527e+00 3.387598535321051374e-02
7.552552552552552534e+00 3.402408688264248887e-02
7.562562562562562540e+00 3.417235560543312872e-02
7.572572572572572547e+00 3.432062432822376857e-02
7.582582582582582553e+00 3.446913497885858990e-02
7.592592592592592560e+00 3.461788572564641203e-02
7.602602602602602566e+00 3.476663647243422722e-02
7.612612612612612573e+00 3.491554800769720857e-02
7.622622622622622579e+00 3.506476889622526377e-02
7.632632632632632586e+00 3.521398978475331204e-02
7.642642642642642592e+00 3.536329420843882521e-02
7.652652652652652598e+00 3.551297382929780033e-02
7.662662662662662605e+00 3.566265345015676852e-02
7.672672672672672611e+00 3.581234301244492352e-02
7.682682682682682618e+00 3.596247044542908583e-02
7.692692692692692624e+00 3.611259787841324120e-02
7.702702702702702631e+00 3.626272531139740352e-02
7.712712712712712637e+00 3.641322991190609065e-02
7.722722722722722644e+00 3.656379474199627361e-02
7.732732732732732650e+00 3.671435957208646350e-02
7.742742742742742657e+00 3.686522468019323012e-02
7.752752752752752663e+00 3.701621701315440521e-02
7.762762762762762669e+00 3.716720934611558030e-02
7.772772772772772676e+00 3.731842852253362125e-02
7.782782782782782682e+00 3.746983900011573859e-02
7.792792792792792689e+00 3.762124947769786287e-02
7.802802802802802695e+00 3.777281656767297879e-02
7.812812812812812702e+00 3.792463638240357177e-02
7.822822822822822708e+00 3.807645619713415780e-02
7.832832832832832715e+00 3.822836533568284983e-02
7.842842842842842721e+00 3.838058624524107176e-02
7.852852852852852727e+00 3.853280715479928675e-02
7.862862862862862734e+00 3.868505277186222446e-02
7.872872872872872740e+00 3.883766711302422819e-02
7.882882882882882747e+00 3.899028145418623886e-02
7.892892892892892753e+00 3.914289579534825647e-02
7.902902902902902760e+00 3.929585898184272119e-02
7.912912912912912766e+00 3.944885968398873649e-02
7.922922922922922773e+00 3.960186038613474485e-02
7.932932932932932779e+00 3.975514335102961483e-02
7.942942942942942786e+00 3.990852394920369611e-02
7.952952952952952792e+00 4.006190454737778434e-02
7.962962962962962798e+00 4.021550325372208468e-02
7.972972972972972805e+00 4.036925790123628566e-02
7.982982982982982811e+00 4.052301254875048664e-02
7.992992992992992818e+00 4.067692328641586003e-02
8.003003003003001936e+00 4.083104676699046698e-02
8.013013013013011943e+00 4.098517024756508087e-02
8.023023023023021949e+00 4.113938963749710215e-02
8.033033033033031955e+00 4.129387737693004240e-02
8.043043043043041962e+00 4.144836511636298265e-02
8.053053053053051968e+00 4.160289011473736198e-02
8.063063063063061975e+00 4.175773819209527282e-02
8.073073073073071981e+00 4.191258626945317672e-02
8.083083083083081988e+00 4.206743434681108756e-02
8.093093093093091994e+00 4.222261933006149492e-02
8.103103103103102001e+00 4.237782448838654098e-02
8.113113113113112007e+00 4.253302964671159397e-02
8.123123123123122014e+00 4.268851258982746949e-02
8.133133133133132020e+00 4.284407224635417705e-02
8.143143143143142026e+00 4.299963190288089154e-02
8.153153153153152033e+00 4.315541147562174107e-02
8.163163163163162039e+00 4.331132373149772230e-02
8.173173173173172046e+00 4.346723598737369659e-02
8.183183183183182052e+00 4.362331121961565694e-02
8.193193193193192059e+00 4.377957486912246315e-02
8.203203203203202065e+00 4.393583851862927631e-02
8.213213213213213848e+00 4.409220880353486444e-02
8.223223223223223854e+00 4.424882334280394458e-02
8.233233233233233861e+00 4.440543788207301779e-02
8.243243243243243867e+00 4.456210297915904478e-02
8.253253253253253874e+00 4.471906861437918712e-02
8.263263263263263880e+00 4.487603424959933640e-02
8.273273273273273887e+00 4.503299988481947874e-02
8.283283283283283893e+00 4.519031194281642599e-02
8.293293293293293900e+00 4.534762959792968534e-02
8.303303303303303906e+00 4.550494725304293775e-02
8.313313313313313913e+00 4.566255640195604482e-02
8.323323323323323919e+00 4.582022772583883852e-02
8.333333333333333925e+00 4.597789904972163222e-02
8.343343343343343932e+00 4.613580689711781202e-02
8.353353353353353938e+00 4.629383427024548470e-02
8.363363363363363945e+00 4.645186164337316431e-02
8.373373373373373951e+00 4.661007018057014561e-02
8.383383383383383958e+00 4.676845672116272667e-02
8.393393393393393964e+00 4.692684326175530773e-02
8.403403403403403971e+00 4.708535486585752050e-02
8.413413413413413977e+00 4.724410443550561972e-02
8.423423423423423984e+00 4.740285400515372588e-02
8.433433433433433990e+00 4.756167144098368688e-02
8.443443443443443996e+00 4.772078864975348722e-02
8.453453453453454003e+00 4.787990585852328757e-02
8.463463463463464009e+00 4.803903228044859725e-02
8.473473473473474016e+00 4.819852249146582696e-02
8.483483483483484022e+00 4.835801270248305667e-02
8.493493493493494029e+00 4.851750291350028638e-02
8.503503503503504035e+00 4.867732098965156518e-02
8.513513513513514042e+00 4.883719032316422015e-02
8.523523523523524048e+00 4.899705965667688207e-02
8.533533533533534055e+00 4.915720108399177640e-02
8.543543543543544061e+00 4.931745642091234227e-02
8.553553553553554067e+00 4.947771175783291508e-02
8.563563563563564074e+00 4.963818163291753432e-02
8.573573573573574080e+00 4.979883061784555476e-02
8.583583583583584087e+00 4.995947960277356825e-02
8.593593593593594093e+00 5.012028342054487828e-02
8.603603603603604100e+00 5.028133446427138914e-02
8.613613613613614106e+00 5.044238550799790000e-02
8.623623623623624113e+00 5.060352916247000399e-02
8.633633633633634119e+00 5.076499144396556112e-02
8.643643643643644126e+00 5.092645372546111826e-02
8.653653653653654132e+00 5.108794351042814097e-02
8.663663663663664138e+00 5.124982697831665518e-02
8.673673673673674145e+00 5.141171044620517633e-02
8.683683683683684151e+00 5.157359391409369054e-02
8.693693693693694158e+00 5.173586842934214947e-02
8.703703703703704164e+00 5.189818380286347066e-02
8.713713713713714171e+00 5.206049917638478491e-02
8.723723723723724177e+00 5.222314510158129058e-02
8.733733733733734184e+00 5.238590387104517798e-02
8.743743743743744190e+00 5.254866264050907232e-02
8.753753753753754197e+00 5.271168824287107008e-02
8.763763763763764203e+00 5.287490266960632318e-02
8.773773773773774209e+00 5.303811709634158322e-02
8.783783783783784216e+00 5.320153104401269956e-02
8.793793793793794222e+00 5.336521415981505118e-02
8.803803803803804229e+00 5.352889727561740280e-02
8.813813813813814235e+00 5.369270863733642540e-02
8.823823823823824242e+00 5.385687424341970009e-02
8.833833833833834248e+00 5.402103984950297477e-02
8.843843843843844255e+00 5.418525809417367584e-02
8.853853853853854261e+00 5.434992075962837010e-02
8.863863863863864268e+00 5.451458342508307131e-02
8.873873873873874274e+00 5.467924609053776558e-02
8.883883883883884280e+00 5.484439348100950823e-02
8.893893893893894287e+00 5.500956854077398289e-02
8.903903903903904293e+00 5.517474360053845062e-02
8.913913913913914300e+00 5.534033410832388256e-02
8.923923923923924306e+00 5.550603766067321865e-02
8.933933933933934313e+00 5.567174121302256168e-02
8.943943943943944319e+00 5.583778626429898584e-02
8.953953953953954326e+00 5.600403516785735364e-02
8.963963963963964332e+00 5.617028407141571450e-02
8.973973973973974338e+00 5.633679548635726897e-02
8.983983983983984345e+00 5.650360735663918776e-02
8.993993993993994351e+00 5.667041922692109268e-02
9.004004004004004358e+00 5.683740921830995885e-02
9.014014014014014364e+00 5.700480242379731693e-02
9.024024024024024371e+00 5.717219562928466808e-02
9.034034034034034377e+00 5.733967680103005393e-02
9.044044044044044384e+00 5.750767045879063427e-02
9.054054054054054390e+00 5.767566411655120767e-02
9.064064064064064397e+00 5.784365777431178801e-02
9.074074074074074403e+00 5.801226343297119503e-02
9.084084084084084409e+00 5.818087740382606177e-02
9.094094094094094416e+00 5.834949137468093544e-02
9.104104104104104422e+00 5.851863518780996837e-02
9.114114114114114429e+00 5.868789007105647271e-02
9.124124124124124435e+00 5.885714495430297705e-02
9.134134134134134442e+00 5.902684142214943697e-02
9.144144144144144448e+00 5.919675854984698254e-02
9.154154154154154455e+00 5.936667567754453506e-02
9.164164164164164461e+00 5.953693967849825464e-02
9.174174174174174468e+00 5.970754110932498249e-02
9.184184184184184474e+00 5.987814254015169646e-02
9.194194194194194480e+00 6.004898932838400455e-02
9.204204204204204487e+00 6.022029784107121864e-02
9.214214214214214493e+00 6.039160635375841885e-02
9.224224224224224500e+00 6.056305155677854657e-02
9.234234234234234506e+00 6.073509064313177552e-02
9.244244244244244513e+00 6.090712972948499754e-02
9.254254254254254519e+00 6.107918934561382129e-02
9.264264264264264526e+00 6.125198320312836425e-02
9.274274274274274532e+00 6.142477706064291415e-02
9.284284284284284539e+00 6.159757091815745711e-02
9.294294294294294545e+00 6.177104098048359637e-02
9.304304304304304551e+00 6.194461450456287960e-02
9.314314314314314558e+00 6.211818802864216282e-02
9.324324324324324564e+00 6.229233118777842415e-02
9.334334334334334571e+00 6.246670996356391836e-02
9.344344344344344577e+00 6.264108873934942645e-02
9.354354354354354584e+00 6.281592277125962187e-02
9.364364364364364590e+00 6.299113306508111187e-02
9.374374374374374597e+00 6.316634335890260188e-02
9.384384384384384603e+00 6.334188639051532843e-02
9.394394394394394610e+00 6.351795514097056949e-02
9.404404404404404616e+00 6.369402389142582444e-02
9.414414414414414622e+00 6.387029439733722669e-02
9.424424424424424629e+00 6.404724920601005678e-02
9.434434434434434635e+00 6.422420401468287299e-02
9.444444444444444642e+00 6.440122081378749086e-02
9.454454454454454648e+00 6.457908993561338462e-02
9.464464464464464655e+00 6.475695905743929226e-02
9.474474474474474661e+00 6.493482817926518602e-02
9.484484484484484668e+00 6.511355364277852942e-02
9.494494494494494674e+00 6.529236597606763448e-02
9.504504504504504681e+00 6.547117830935676730e-02
9.514514514514514687e+00 6.565071825428839269e-02
9.524524524524524693e+00 6.583050333041512436e-02
9.534534534534534700e+00 6.601028840654182828e-02
9.544544544544544706e+00 6.619066328618375405e-02
9.554554554554554713e+00 6.637145125895255182e-02
9.564564564564564719e+00 6.655223923172136347e-02
9.574574574574574726e+00 6.673346981852798510e-02
9.584584584584584732e+00 6.691529145322537564e-02
9.594594594594594739e+00 6.709711308792276618e-02
9.604604604604604745e+00 6.727922046948366097e-02
9.614614614614614752e+00 6.746210713162607842e-02
9.624624624624624758e+00 6.764499379376850974e-02
9.634634634634634764e+00 6.782799936872127566e-02
9.644644644644644771e+00 6.801198301250897804e-02
9.654654654654654777e+00 6.819596665629668042e-02
9.664664664664664784e+00 6.837995030008438280e-02
9.674674674674674790e+00 6.856500528666702177e-02
9.684684684684684797e+00 6.875011844315362386e-02
9.694694694694694803e+00 6.893523159964025371e-02
9.704704704704704810e+00 6.912126158919132402e-02
9.714714714714714816e+00 6.930753735417963246e-02
9.724724724724724823e+00 6.949381311916794091e-02
9.734734734734734829e+00 6.968084097073422301e-02
9.744744744744744835e+00 6.986831299240769955e-02
9.754754754754754842e+00 7.005578501408117609e-02
9.764764764764764848e+00 7.024383386819606223e-02
9.774774774774774855e+00 7.043253633449712836e-02
9.784784784784784861e+00 7.062123880079818061e-02
9.794794794794794868e+00 7.081033207485741554e-02
9.804804804804804874e+00 7.100029970062173013e-02
9.814814814814814881e+00 7.119026732638601696e-02
9.824824824824824887e+00 7.138042870997625411e-02
9.834834834834834894e+00 7.157169672383409398e-02
9.844844844844844900e+00 7.176296473769193385e-02
9.854854854854854906e+00 7.195423275154978759e-02
9.864864864864864913e+00 7.214682231892678710e-02
9.874874874874874919e+00 7.233942644998123117e-02
9.884884884884884926e+00 7.253203058103566137e-02
9.894894894894894932e+00 7.272577265081092701e-02
9.904904904904904939e+00 7.291974911510318291e-02
9.914914914914914945e+00 7.311372557939546657e-02
9.924924924924924952e+00 7.330864510243370602e-02
9.934934934934934958e+00 7.350403058920614019e-02
9.944944944944944965e+00 7.369941607597856048e-02
9.954954954954954971e+00 7.389553824225551792e-02
9.964964964964964977e+00 7.409236990002232570e-02
9.974974974974974984e+00 7.428920155778911960e-02
9.984984984984984990e+00 7.448655179130772575e-02
9.994994994994994997e+00 7.468486721374352488e-02
1.000500500500500500e+01 7.488318263617932402e-02
1.001501501501501501e+01 7.508178658985141529e-02
1.002502502502502502e+01 7.528162380150811572e-02
1.003503503503503502e+01 7.548146101316483003e-02
1.004504504504504503e+01 7.568134456365863127e-02
1.005505505505505504e+01 7.588274200552054538e-02
1.006506506506506504e+01 7.608413944738248724e-02
1.007507507507507505e+01 7.628553688924442910e-02
1.008508508508508505e+01 7.648832520482409802e-02
1.009509509509509506e+01 7.669132171971172751e-02
1.010510510510510507e+01 7.689431823459937088e-02
1.011511511511511507e+01 7.709847778074729874e-02
1.012512512512512508e+01 7.730311259857941542e-02
1.013513513513513509e+01 7.750774741641153209e-02
1.014514514514514509e+01 7.771330508204438159e-02
1.015515515515515510e+01 7.791961780496874101e-02
1.016516516516516511e+01 7.812593052789310044e-02
1.017517517517517511e+01 7.833291338975058304e-02
1.018518518518518512e+01 7.854094397715362386e-02
1.019519519519519513e+01 7.874897456455666467e-02
1.020520520520520513e+01 7.895740988177311903e-02
1.021521521521521514e+01 7.916719863517714117e-02
1.022522522522522515e+01 7.937698738858114944e-02
1.023523523523523515e+01 7.958690259723540106e-02
1.024524524524524516e+01 7.979849014509524108e-02
1.025525525525525516e+01 8.001007769295506722e-02
1.026526526526526517e+01 8.022166524081490724e-02
1.027527527527527518e+01 8.043492768300593287e-02
1.028528528528528518e+01 8.064835496541232496e-02
1.029529529529529519e+01 8.086178224781871704e-02
1.030530530530530520e+01 8.107662119888188468e-02
1.031531531531531520e+01 8.129192945218337296e-02
1.032532532532532521e+01 8.150723770548488900e-02
1.033533533533533522e+01 8.172368138022877149e-02
1.034534534534534522e+01 8.194091212158034765e-02
1.035535535535535523e+01 8.215814286293195157e-02
1.036536536536536524e+01 8.237621961558654060e-02
1.037537537537537524e+01 8.259541462743502649e-02
1.038538538538538525e+01 8.281460963928351238e-02
1.039539539539539525e+01 8.303434795789411960e-02
1.040540540540540526e+01 8.325554927240921832e-02
1.041541541541541527e+01 8.347675058692431704e-02
1.042542542542542527e+01 8.369817908773552473e-02
1.043543543543543528e+01 8.392142897119640732e-02
1.044544544544544529e+01 8.414467885465727603e-02
1.045545545545545529e+01 8.436792873811814475e-02
1.046546546546546530e+01 8.459316721363348279e-02
1.047547547547547531e+01 8.481850815077937589e-02
1.048548548548548531e+01 8.504384908792525510e-02
1.049549549549549532e+01 8.527087802774105385e-02
1.050550550550550533e+01 8.549835270609526527e-02
1.051551551551551533e+01 8.572582738444946282e-02
1.052552552552552534e+01 8.595467594271009870e-02
1.053553553553553535e+01 8.618432723688564112e-02
1.054554554554554535e+01 8.641397853106118354e-02
1.055555555555555536e+01 8.664467595185318394e-02
1.056556556556556536e+01 8.687654690785021061e-02
1.057557557557557537e+01 8.710841786384722341e-02
1.058558558558558538e+01 8.734099347553954396e-02
1.059559559559559538e+01 8.757512729504107751e-02
1.060560560560560539e+01 8.780926111454262495e-02
1.061561561561561540e+01 8.804374432412816198e-02
1.062562562562562540e+01 8.828018434880462173e-02
1.063563563563563541e+01 8.851662437348108148e-02
1.064564564564564542e+01 8.875306439815755510e-02
1.065565565565565542e+01 8.899183435674937193e-02
1.066566566566566543e+01 8.923062405257889407e-02
1.067567567567567544e+01 8.946941374840840233e-02
1.068568568568568544e+01 8.971019390675610827e-02
1.069569569569569545e+01 8.995137684836916614e-02
1.070570570570570545e+01 9.019255978998223788e-02
1.071571571571571546e+01 9.043537985004675150e-02
1.072572572572572547e+01 9.067899970510348573e-02
1.073573573573573547e+01 9.092261956016020608e-02
1.074574574574574548e+01 9.116750926432903857e-02
1.075575575575575549e+01 9.141360977793648590e-02
1.076576576576576549e+01 9.165971029154393324e-02
1.077577577577577550e+01 9.190669941703215329e-02
1.078578578578578551e+01 9.215532439621001992e-02
1.079579579579579551e+01 9.240394937538788656e-02
1.080580580580580552e+01 9.265306772865015972e-02
1.081581581581581553e+01 9.290426102685150900e-02
1.082582582582582553e+01 9.315545432505284440e-02
1.083583583583583554e+01 9.340673173620669956e-02
1.084584584584584555e+01 9.366053723790196406e-02
1.085585585585585555e+01 9.391434273959722856e-02
1.086586586586586556e+01 9.416814824129249306e-02
1.087587587587587556e+01 9.442427066218937737e-02
1.088588588588588557e+01 9.468073226752056482e-02
1.089589589589589558e+01 9.493719387285175226e-02
1.090590590590590558e+01 9.519557896116140339e-02
1.091591591591591559e+01 9.545474057067349083e-02
1.092592592592592560e+01 9.571390218018557827e-02
1.093593593593593560e+01 9.597457978889195607e-02
1.094594594594594561e+01 9.623648528834846672e-02
1.095595595595595562e+01 9.649839078780497736e-02
1.096596596596596562e+01 9.676139075627555874e-02
1.097597597597597563e+01 9.702608400156509383e-02
1.098598598598598564e+01 9.729077724685464279e-02
1.099599599599599564e+01 9.755612939542336604e-02
1.100600600600600565e+01 9.782365419756372527e-02
1.101601601601601566e+01 9.809117899970408450e-02
1.102602602602602566e+01 9.835891312427452737e-02
1.103603603603603567e+01 9.862931323452064913e-02
1.104604604604604567e+01 9.889971334476678477e-02
1.105605605605605568e+01 9.917011345501290653e-02
1.106606606606606569e+01 9.944317830649761214e-02
1.107607607607607569e+01 9.971649740155978658e-02
1.108608608608608570e+01 9.998981649662197491e-02
1.109609609609609571e+01 1.002653664086380625e-01
1.110610610610610571e+01 1.005416480760161907e-01
1.111611611611611572e+01 1.008179297433943189e-01
1.112612612612612573e+01 1.010959943026228797e-01
1.113613613613613573e+01 1.013752820260631210e-01
1.114614614614614574e+01 1.016545697495033762e-01
1.115615615615615575e+01 1.019351784823976093e-01
1.116616616616616575e+01 1.022175156274768015e-01
1.117617617617617576e+01 1.024998527725559799e-01
1.118618618618618576e+01 1.027830351401821940e-01
1.119619619619619577e+01 1.030684649400254727e-01
1.120620620620620578e+01 1.033538947398687791e-01
1.121621621621621578e+01 1.036396801327748307e-01
1.122622622622622579e+01 1.039282456739123728e-01
1.123623623623623580e+01 1.042168112150498871e-01
1.124624624624624580e+01 1.045053767561874153e-01
1.125625625625625581e+01 1.047969731565288748e-01
1.126626626626626582e+01 1.050887173648965278e-01
1.127627627627627582e+01 1.053804615732641808e-01
1.128628628628628583e+01 1.056747622995289487e-01
1.129629629629629584e+01 1.059697279266177544e-01
1.130630630630630584e+01 1.062646935537065462e-01
1.131631631631631585e+01 1.065617275662337077e-01
1.132632632632632586e+01 1.068599571753934552e-01
1.133633633633633586e+01 1.071581867845531888e-01
1.134634634634634587e+01 1.074579829393777497e-01
1.135635635635635587e+01 1.077595188922792213e-01
1.136636636636636588e+01 1.080610548451806791e-01
1.137637637637637589e+01 1.083636418892056918e-01
1.138638638638638589e+01 1.086685263324656814e-01
1.139639639639639590e+01 1.089734107757256848e-01
1.140640640640640591e+01 1.092788173419276809e-01
1.141641641641641769e+01 1.095870921939019887e-01
1.142642642642642770e+01 1.098953670458762272e-01
1.143643643643643770e+01 1.102036418978504934e-01
1.144644644644644771e+01 1.105153285862918860e-01
1.145645645645645772e+01 1.108270355240393162e-01
1.146646646646646772e+01 1.111387424617867742e-01
1.147647647647647773e+01 1.114533470004710064e-01
1.148648648648648773e+01 1.117685274468935563e-01
1.149649649649649774e+01 1.120837078933161202e-01
1.150650650650650775e+01 1.124012582781726971e-01
1.151651651651651775e+01 1.127199533893350342e-01
1.152652652652652776e+01 1.130386485004973712e-01
1.153653653653653777e+01 1.133591725821916779e-01
1.154654654654654777e+01 1.136814232348236087e-01
1.155655655655655778e+01 1.140036738874555255e-01
1.156656656656656779e+01 1.143271993669508074e-01
1.157657657657657779e+01 1.146530461461366113e-01
1.158658658658658780e+01 1.149788929253224012e-01
1.159659659659659781e+01 1.153054473494800752e-01
1.160660660660660781e+01 1.156349305365377278e-01
1.161661661661661782e+01 1.159644137235953804e-01
1.162662662662662783e+01 1.162940244808133433e-01
1.163663663663663783e+01 1.166271840413671684e-01
1.164664664664664784e+01 1.169603436019209797e-01
1.165665665665665784e+01 1.172935031624747770e-01
1.166666666666666785e+01 1.176299134900595650e-01
1.167667667667667786e+01 1.179667890623085913e-01
1.168668668668668786e+01 1.183036646345576176e-01
1.169669669669669787e+01 1.186432248785953408e-01
1.170670670670670788e+01 1.189838557617811376e-01
1.171671671671671788e+01 1.193244866449669345e-01
1.172672672672672789e+01 1.196672233423919235e-01
1.173673673673673790e+01 1.200116484854681642e-01
1.174674674674674790e+01 1.203560736285443911e-01
1.175675675675675791e+01 1.207020131296401566e-01
1.176676676676676792e+01 1.210502711201462134e-01
1.177677677677677792e+01 1.213985291106522701e-01
1.178678678678678793e+01 1.217476975750901302e-01
1.179679679679679793e+01 1.220998266282313643e-01
1.180680680680680794e+01 1.224519556813725985e-01
1.181681681681681795e+01 1.228043790742919805e-01
1.182682682682682795e+01 1.231604170222294348e-01
1.183683683683683796e+01 1.235164549701668613e-01
1.184684684684684797e+01 1.238724929181043155e-01
1.185685685685685797e+01 1.242321433396478964e-01
1.186686686686686798e+01 1.245921276209981804e-01
1.187687687687687799e+01 1.249521119023484922e-01
1.188688688688688799e+01 1.253151056183726686e-01
1.189689689689689800e+01 1.256790732679213818e-01
1.190690690690690801e+01 1.260430409174700950e-01
1.191691691691691801e+01 1.264094028725152863e-01
1.192692692692692802e+01 1.267773905111447275e-01
1.193693693693693803e+01 1.271453781497741964e-01
1.194694694694694803e+01 1.275151330687329387e-01
1.195695695695695804e+01 1.278871768935668785e-01
1.196696696696696804e+01 1.282592207184007904e-01
1.197697697697697805e+01 1.286323931030257106e-01
1.198698698698698806e+01 1.290085288777906847e-01
1.199699699699699806e+01 1.293846646525556310e-01
1.200700700700700807e+01 1.297612787780111909e-01
1.201701701701701808e+01 1.301415418236182009e-01
1.202702702702702808e+01 1.305218048692252664e-01
1.203703703703703809e+01 1.309020679148322763e-01
1.204704704704704810e+01 1.312863099660301347e-01
1.205705705705705810e+01 1.316707351513765056e-01
1.206706706706706811e+01 1.320551603367228766e-01
1.207707707707707812e+01 1.324429263936499623e-01
1.208708708708708812e+01 1.328315481266419684e-01
1.209709709709709813e+01 1.332201698596340023e-01
1.210710710710710813e+01 1.336114830276963483e-01
1.211711711711711814e+01 1.340043352464951876e-01
1.212712712712712815e+01 1.343971874652940546e-01
1.213713713713713815e+01 1.347920706014258396e-01
1.214714714714714816e+01 1.351891867659163193e-01
1.215715715715715817e+01 1.355863029304067990e-01
1.216716716716716817e+01 1.359847786400666114e-01
1.217717717717717818e+01 1.363861917235499044e-01
1.218718718718718819e+01 1.367876048070331696e-01
1.219719719719719819e+01 1.371896954412451519e-01
1.220720720720720820e+01 1.375954379223560398e-01
1.221721721721721821e+01 1.380011804034668998e-01
1.222722722722722821e+01 1.384069228845777877e-01
1.223723723723723822e+01 1.388170119107561273e-01
1.224724724724724823e+01 1.392271157656051472e-01
1.225725725725725823e+01 1.396372196204541949e-01
1.226726726726726824e+01 1.400509989642736985e-01
1.227727727727727824e+01 1.404654956588149428e-01
1.228728728728728825e+01 1.408799923533561871e-01
1.229729729729729826e+01 1.412974830676714533e-01
1.230730730730730826e+01 1.417164035502948560e-01
1.231731731731731827e+01 1.421353240329182588e-01
1.232732732732732828e+01 1.425565468975832639e-01
1.233733733733733828e+01 1.429799215919335120e-01
1.234734734734734829e+01 1.434032962862837879e-01
1.235735735735735830e+01 1.438282718056442810e-01
1.236736736736736830e+01 1.442561306036647117e-01
1.237737737737737831e+01 1.446839894016851424e-01
1.238738738738738832e+01 1.451127378021159209e-01
1.239739739739739832e+01 1.455451100573172118e-01
1.240740740740740833e+01 1.459774823125185028e-01
1.241741741741741833e+01 1.464100235400058458e-01
1.242742742742742834e+01 1.468469380609614405e-01
1.243743743743743835e+01 1.472838525819170630e-01
1.244744744744744835e+01 1.477207671028726577e-01
1.245745745745745836e+01 1.481616913437515115e-01
1.246746746746746837e+01 1.486031763878158385e-01
1.247747747747747837e+01 1.490446614318801100e-01
1.248748748748748838e+01 1.494894452412594277e-01
1.249749749749749839e+01 1.499355285085116618e-01
1.250750750750750839e+01 1.503816117757638959e-01
1.251751751751751840e+01 1.508302736813049993e-01
1.252752752752752841e+01 1.512809823087166439e-01
1.253753753753753841e+01 1.517316909361282884e-01
1.254754754754754842e+01 1.521842491702767863e-01
1.255755755755755843e+01 1.526396097261011053e-01
1.256756756756756843e+01 1.530949702819253966e-01
1.257757757757757844e+01 1.535514427799424264e-01
1.258758758758758844e+01 1.540114812583276704e-01
1.259759759759759845e+01 1.544715197367129145e-01
1.260760760760760846e+01 1.549319241347508203e-01
1.261761761761761846e+01 1.553966659505739700e-01
1.262762762762762847e+01 1.558614077663971476e-01
1.263763763763763848e+01 1.563261495822202973e-01
1.264764764764764848e+01 1.567952313835410116e-01
1.265765765765765849e+01 1.572647013674626226e-01
1.266766766766766850e+01 1.577341713513842336e-01
1.267767767767767850e+01 1.582072436619467726e-01
1.268768768768768851e+01 1.586814660556848944e-01
1.269769769769769852e+01 1.591556884494230162e-01
1.270770770770770852e+01 1.596327674035015465e-01
1.271771771771771853e+01 1.601117658553242451e-01
1.272772772772772854e+01 1.605907643071469715e-01
1.273773773773773854e+01 1.610718657283637112e-01
1.274774774774774855e+01 1.615556632887991395e-01
1.275775775775775855e+01 1.620394608492345123e-01
1.276776776776776856e+01 1.625246002490737807e-01
1.277777777777777857e+01 1.630132193668354657e-01
1.278778778778778857e+01 1.635018384845971229e-01
1.279779779779779858e+01 1.639910310609621336e-01
1.280780780780780859e+01 1.644844935790898133e-01
1.281781781781781859e+01 1.649779560972175207e-01
1.282782782782782860e+01 1.654714186153452005e-01
1.283783783783783861e+01 1.659695438852435423e-01
1.284784784784784861e+01 1.664678710374563886e-01
1.285785785785785862e+01 1.669661981896692626e-01
1.286786786786786863e+01 1.674684267065643939e-01
1.287787787787787863e+01 1.679716391138264819e-01
1.288788788788788864e+01 1.684748515210885422e-01
1.289789789789789864e+01 1.689811969179338957e-01
1.290790790790790865e+01 1.694893145852293392e-01
1.291791791791791866e+01 1.699974322525247550e-01
1.292792792792792866e+01 1.705079078403355652e-01
1.293793793793793867e+01 1.710209501536531507e-01
1.294794794794794868e+01 1.715339924669707361e-01
1.295795795795795868e+01 1.720486112338027729e-01
1.296796796796796869e+01 1.725665969573255965e-01
1.297797797797797870e+01 1.730845826808484200e-01
1.298798798798798870e+01 1.736033572908180500e-01
1.299799799799799871e+01 1.741263045643206275e-01
1.300800800800800872e+01 1.746492518378232328e-01
1.301801801801801872e+01 1.751721991113258103e-01
1.302802802802802873e+01 1.757001209666155805e-01
1.303803803803803874e+01 1.762280473030619909e-01
1.304804804804804874e+01 1.767559736395083736e-01
1.305805805805805875e+01 1.772880925745921321e-01
1.306806806806806875e+01 1.778210148579371930e-01
1.307807807807807876e+01 1.783539371412822538e-01
1.308808808808808877e+01 1.788902642119811481e-01
1.309809809809809877e+01 1.794281986951699326e-01
1.310810810810810878e+01 1.799661331783587170e-01
1.311811811811811879e+01 1.805066791112433233e-01
1.312812812812812879e+01 1.810496414144086297e-01
1.313813813813813880e+01 1.815926037175739360e-01
1.314814814814814881e+01 1.821373789093851114e-01
1.315815815815815881e+01 1.826853840182411925e-01
1.316816816816816882e+01 1.832333891270973014e-01
1.317817817817817883e+01 1.837824036442055331e-01
1.318818818818818883e+01 1.843354659086333946e-01
1.319819819819819884e+01 1.848885281730612562e-01
1.320820820820820884e+01 1.854417917509645353e-01
1.321821821821821885e+01 1.859999248837900243e-01
1.322822822822822886e+01 1.865580580166155411e-01
1.323823823823823886e+01 1.871161911494410302e-01
1.324824824824824887e+01 1.876787971354367812e-01
1.325825825825825888e+01 1.882420142113973849e-01
1.326826826826826888e+01 1.888052312873579885e-01
1.327827827827827889e+01 1.893721172465157865e-01
1.328828828828828890e+01 1.899404307014140036e-01
1.329829829829829890e+01 1.905087441563121931e-01
1.330830830830830891e+01 1.910799181892908483e-01
1.331831831831831892e+01 1.916533398193326909e-01
1.332832832832832892e+01 1.922267614493745891e-01
1.333833833833833893e+01 1.928022313238589580e-01
1.334834834834834894e+01 1.933807722851743627e-01
1.335835835835835894e+01 1.939593132464897673e-01
1.336836836836836895e+01 1.945390863970612449e-01
1.337837837837837895e+01 1.951227572054045345e-01
1.338838838838838896e+01 1.957064280137478518e-01
1.339839839839839897e+01 1.962905115417906965e-01
1.340840840840840897e+01 1.968793220724197879e-01
1.341841841841841898e+01 1.974681326030489348e-01
1.342842842842842899e+01 1.980569431336780262e-01
1.343843843843843899e+01 1.986504927644220930e-01
1.344844844844844900e+01 1.992444522521512884e-01
1.345845845845845901e+01 1.998384117398805393e-01
1.346846846846846901e+01 2.004362935456761030e-01
1.347847847847847902e+01 2.010354105851033524e-01
1.348848848848848903e+01 2.016345276245306017e-01
1.349849849849849903e+01 2.022367470671475320e-01
1.350850850850850904e+01 2.028410296130510881e-01
1.351851851851851904e+01 2.034453121589546443e-01
1.352852852852852905e+01 2.040518743675136248e-01
1.353853853853853906e+01 2.046613297354173133e-01
1.354854854854854906e+01 2.052707851033210018e-01
1.355855855855855907e+01 2.058816948745439968e-01
1.356856856856856908e+01 2.064963297414479371e-01
1.357857857857857908e+01 2.071109646083518774e-01
1.358858858858858909e+01 2.077262264068448216e-01
1.359859859859859910e+01 2.083460468121188791e-01
1.360860860860860910e+01 2.089658672173929366e-01
1.361861861861861911e+01 2.095856876226669940e-01
1.362862862862862912e+01 2.102104965223999811e-01
1.363863863863863912e+01 2.108355078688383399e-01
1.364864864864864913e+01 2.114605192152767266e-01
1.365865865865865914e+01 2.120896928438698037e-01
1.366866866866866914e+01 2.127198998989022205e-01
1.367867867867867915e+01 2.133501069539346651e-01
1.368868868868868915e+01 2.139836481476752594e-01
1.369869869869869916e+01 2.146190550447354684e-01
1.370870870870870917e+01 2.152544619417956495e-01
1.371871871871871917e+01 2.158923732078345537e-01
1.372872872872872918e+01 2.165329834478798288e-01
1.373873873873873919e+01 2.171735936879251039e-01
1.374874874874874919e+01 2.178158772048725822e-01
1.375875875875875920e+01 2.184616936580548729e-01
1.376876876876876921e+01 2.191075101112371637e-01
1.377877877877877921e+01 2.197541677297890905e-01
1.378878878878878922e+01 2.204051926372727621e-01
1.379879879879879923e+01 2.210562175447563782e-01
1.380880880880880923e+01 2.217072507883495192e-01
1.381881881881881924e+01 2.223634857642740048e-01
1.382882882882882924e+01 2.230197207401984905e-01
1.383883883883883925e+01 2.236759557161229484e-01
1.384884884884884926e+01 2.243365768392816262e-01
1.385885885885885926e+01 2.249980228728681864e-01
1.386886886886886927e+01 2.256594689064548021e-01
1.387887887887887928e+01 2.263244680890673932e-01
1.388888888888888928e+01 2.269911255468634592e-01
1.389889889889889929e+01 2.276577830046595530e-01
1.390890890890890930e+01 2.283271601723218525e-01
1.391891891891891930e+01 2.289990288005839814e-01
1.392892892892892931e+01 2.296708974288461658e-01
1.393893893893893932e+01 2.303446521853274864e-01
1.394894894894894932e+01 2.310217311125375983e-01
1.395895895895895933e+01 2.316988100397477102e-01
1.396896896896896934e+01 2.323769416679246635e-01
1.397897897897897934e+01 2.330592294074397552e-01
1.398898898898898935e+01 2.337415171469548192e-01
1.399899899899899935e+01 2.344240246097717972e-01
1.400900900900900936e+01 2.351115190626014151e-01
1.401901901901901937e+01 2.357990135154310329e-01
1.402902902902902937e+01 2.364865079682606508e-01
1.403903903903903938e+01 2.371785939145973632e-01
1.404904904904904939e+01 2.378712923723086681e-01
1.405905905905905939e+01 2.385639908300199730e-01
1.406906906906906940e+01 2.392604462662120957e-01
1.407907907907907941e+01 2.399583454139577465e-01
1.408908908908908941e+01 2.406562445617034252e-01
1.409909909909909942e+01 2.413570668936557972e-01
1.410910910910910943e+01 2.420601628133245697e-01
1.411911911911911943e+01 2.427632587329933145e-01
1.412912912912912944e+01 2.434684450540485490e-01
1.413913913913913944e+01 2.441767332275338043e-01
1.414914914914914945e+01 2.448850214010190041e-01
1.415915915915915946e+01 2.455945684931636064e-01
1.416916916916916946e+01 2.463080438057481114e-01
1.417917917917917947e+01 2.470215191183325887e-01
1.418918918918918948e+01 2.477354234534261124e-01
1.419919919919919948e+01 2.484540801972793811e-01
1.420920920920920949e+01 2.491727369411326221e-01
1.421921921921921950e+01 2.498913936849858630e-01
1.422922922922922950e+01 2.506148265599481006e-01
1.423923923923923951e+01 2.513386584377367838e-01
1.424924924924924952e+01 2.520624903155254115e-01
1.425925925925925952e+01 2.527902655686857236e-01
1.426926926926926953e+01 2.535192656972891645e-01
1.427927927927927954e+01 2.542482658258926054e-01
1.428928928928928954e+01 2.549803784243706573e-01
1.429929929929929955e+01 2.557145393387054155e-01
1.430930930930930955e+01 2.564487002530402848e-01
1.431931931931931956e+01 2.571851448628997283e-01
1.432932932932932957e+01 2.579244585198441353e-01
1.433933933933933957e+01 2.586637721767885978e-01
1.434934934934934958e+01 2.594045431644807498e-01
1.435935935935935959e+01 2.601490009469024089e-01
1.436936936936936959e+01 2.608934587293241236e-01
1.437937937937937960e+01 2.616385501631514066e-01
1.438938938938938961e+01 2.623881428840307839e-01
1.439939939939939961e+01 2.631377356049102167e-01
1.440940940940940962e+01 2.638873283257895941e-01
1.441941941941941963e+01 2.646418591631595207e-01
1.442942942942942963e+01 2.653965770698100690e-01
1.443943943943943964e+01 2.661512949764606728e-01
1.444944944944944965e+01 2.669101231940333996e-01
1.445945945945945965e+01 2.676699559724138866e-01
1.446946946946946966e+01 2.684297887507944291e-01
1.447947947947947966e+01 2.691929069744492531e-01
1.448948948948948967e+01 2.699578437535666287e-01
1.449949949949949968e+01 2.707227805326840042e-01
1.450950950950950968e+01 2.714901811006908972e-01
1.451951951951951969e+01 2.722602104570912562e-01
1.452952952952952970e+01 2.730302398134916153e-01
1.453953953953953970e+01 2.738019147781575180e-01
1.454954954954954971e+01 2.745770247405026621e-01
1.455955955955955972e+01 2.753521347028478616e-01
1.456956956956956972e+01 2.761280758321792428e-01
1.457957957957957973e+01 2.769082538859039544e-01
1.458958958958958974e+01 2.776884319396286660e-01
1.459959959959959974e+01 2.784686307190104571e-01
1.460960960960960975e+01 2.792538638110638183e-01
1.461961961961961975e+01 2.800390969031171795e-01
1.462962962962962976e+01 2.808243299951705407e-01
1.463963963963963977e+01 2.816138190806714570e-01
1.464964964964964977e+01 2.824040936243328859e-01
1.465965965965965978e+01 2.831943681679943703e-01
1.466966966966966979e+01 2.839880829177566790e-01
1.467967967967967979e+01 2.847833847975291821e-01
1.468968968968968980e+01 2.855786866773017407e-01
1.469969969969969981e+01 2.863766172152782952e-01
1.470970970970970981e+01 2.871769317918548836e-01
1.471971971971971982e+01 2.879772463684314165e-01
1.472972972972972983e+01 2.887793825478725540e-01
1.473973973973973983e+01 2.895846946631723817e-01
1.474974974974974984e+01 2.903900067784722649e-01
1.475975975975975985e+01 2.911963381837551768e-01
1.476976976976976985e+01 2.920066321660299558e-01
1.477977977977977986e+01 2.928169261483047348e-01
1.478978978978978986e+01 2.936274420967763810e-01
1.479979979979979987e+01 2.944427017657804124e-01
1.480980980980980988e+01 2.952579614347845549e-01
1.481981981981981988e+01 2.960732211037886419e-01
1.482982982982982989e+01 2.968928596508439988e-01
1.483983983983983990e+01 2.977130683230705954e-01
1.484984984984984990e+01 2.985332769952971366e-01
1.485985985985985991e+01 2.993570607451111476e-01
1.486986986986986992e+01 3.001822012390888972e-01
1.487987987987987992e+01 3.010073417330667023e-01
1.488988988988988993e+01 3.018352587204785609e-01
1.489989989989989994e+01 3.026653133621272640e-01
1.490990990990990994e+01 3.034953680037759116e-01
1.491991991991991995e+01 3.043274060095131350e-01
1.492992992992992995e+01 3.051623566375565866e-01
1.493993993993993996e+01 3.059973072655999271e-01
1.494994994994994997e+01 3.068334538182428406e-01
1.495995995995995997e+01 3.076732817896772332e-01
1.496996996996996998e+01 3.085131097611116258e-01
1.497997997997997999e+01 3.093533521390685048e-01
1.498998998998998999e+01 3.101980383346819581e-01
1.500000000000000000e+01 3.110427245302953558e-01
