5.000000000000000000e+00 1.081878074842641292e-02
5.010010010010010006e+00 1.093569022212248672e-02
5.020020020020020013e+00 1.105259969581856225e-02
5.030030030030030019e+00 1.116950916951463604e-02
5.040040040040040026e+00 1.128641864321070984e-02
5.050050050050050032e+00 1.140332811690678537e-02
5.060060060060060039e+00 1.152023759060285917e-02
5.070070070070070045e+00 1.163714706429893296e-02
5.080080080080080052e+00 1.175405653799500849e-02
5.090090090090090058e+00 1.187096601169108229e-02
5.100100100100100065e+00 1.198787548538715608e-02
5.110110110110110071e+00 1.210478495908322988e-02
5.120120120120120077e+00 1.222169443277930541e-02
5.130130130130130084e+00 1.233860390647537920e-02
5.140140140140140090e+00 1.245597904571251607e-02
5.150150150150150097e+00 1.257459738377945772e-02
5.160160160160160103e+00 1.269321572184639937e-02
5.170170170170170110e+00 1.281206105477297741e-02
5.180180180180180116e+00 1.293236834268838426e-02
5.190190190190190123e+00 1.305267563060379110e-02
5.200200200200200129e+00 1.317298291851919795e-02
5.210210210210210136e+00 1.329495253820922422e-02
5.220220220220220142e+00 1.341692833136865631e-02
5.230230230230230148e+00 1.353890412452808494e-02
5.240240240240240155e+00 1.366229384816341347e-02
5.250250250250250161e+00 1.378591719489532033e-02
5.260260260260260168e+00 1.390954054162722373e-02
5.270270270270270174e+00 1.403433485540772629e-02
5.280280280280280181e+00 1.415958431941305787e-02
5.290290290290290187e+00 1.428483378341839118e-02
5.300300300300300194e+00 1.441101690242894452e-02
5.310310310310310200e+00 1.453787058465630909e-02
5.320320320320320207e+00 1.466472426688367019e-02
5.330330330330330213e+00 1.479228014464077298e-02
5.340340340340340219e+00 1.492071570461028611e-02
5.350350350350350226e+00 1.504915126457979577e-02
5.360360360360360232e+00 1.517806360241197826e-02
5.370370370370370239e+00 1.530805827900238829e-02
5.380380380380380245e+00 1.543805295559279658e-02
5.390390390390390252e+00 1.556830521185767480e-02
5.400400400400400258e+00 1.569983584357312334e-02
5.410410410410410265e+00 1.583136647528856494e-02
5.420420420420420271e+00 1.596294187442935664e-02
5.430430430430430278e+00 1.609598491916317334e-02
5.440440440440440284e+00 1.622902796389699698e-02
5.450450450450450290e+00 1.636207100863081715e-02
5.460460460460460297e+00 1.649644105965528129e-02
5.470470470470470303e+00 1.663097261396917839e-02
5.480480480480480310e+00 1.676550416828308243e-02
5.490490490490490316e+00 1.690113889881143111e-02
5.500500500500500323e+00 1.703713471674950242e-02
5.510510510510510329e+00 1.717313053468757025e-02
5.520520520520520336e+00 1.731001219604793445e-02
5.530530530530530342e+00 1.744744770750509058e-02
5.540540540540540349e+00 1.758488321896224671e-02
5.550550550550550355e+00 1.772299388119111599e-02
5.560560560560560361e+00 1.786184420985638399e-02
5.570570570570570368e+00 1.800069453852164852e-02
5.580580580580580374e+00 1.814001609825804245e-02
5.590590590590590381e+00 1.828025607915311629e-02
5.600600600600600387e+00 1.842049606004818665e-02
5.610610610610610394e+00 1.856101024830670437e-02
5.620620620620620400e+00 1.870261444494030617e-02
5.630630630630630407e+00 1.884421864157391144e-02
5.640640640640640413e+00 1.898590703140014269e-02
5.650650650650650419e+00 1.912884975255883108e-02
5.660660660660660426e+00 1.927179247371751600e-02
5.670670670670670432e+00 1.941473519487620092e-02
5.680680680680680439e+00 1.955889180392518176e-02
5.690690690690690445e+00 1.970314712012095210e-02
5.700700700700700452e+00 1.984740243631672243e-02
5.710710710710710458e+00 1.999266979753437298e-02
5.720720720720720465e+00 2.013821155712899533e-02
5.730730730730730471e+00 2.028375331672361767e-02
5.740740740740740478e+00 2.043011236772906622e-02
5.750750750750750484e+00 2.057691421275512425e-02
5.760760760760760490e+00 2.072371605778117881e-02
5.770770770770770497e+00 2.087114762327805031e-02
5.780780780780780503e+00 2.101918300497563827e-02
5.790790790790790510e+00 2.116721838667322275e-02
5.800800800800800516e+00 2.131570318530499192e-02
5.810810810810810523e+00 2.146494537939297453e-02
5.820820820820820529e+00 2.161418757348095368e-02
5.830830830830830536e+00 2.176370622460836041e-02
5.840840840840840542e+00 2.191412834630808784e-02
5.850850850850850549e+00 2.206455046800781181e-02
5.860860860860860555e+00 2.221508349841136779e-02
5.870870870870870561e+00 2.236665851724034190e-02
5.880880880880880568e+00 2.251823353606931255e-02
5.890890890890890574e+00 2.266980855489828667e-02
5.900900900900900581e+00 2.282246214093195877e-02
5.910910910910910587e+00 2.297516289528404865e-02
5.920920920920920594e+00 2.312786364963613853e-02
5.930930930930930600e+00 2.328146513887251190e-02
5.940940940940940607e+00 2.343526435040055311e-02
5.950950950950950613e+00 2.358906356192859433e-02
5.960960960960960620e+00 2.374359314037734203e-02
5.970970970970970626e+00 2.389846342819326730e-02
5.980980980980980632e+00 2.405333371600919257e-02
5.990990990990990639e+00 2.420877151725236293e-02
6.001001001001000645e+00 2.436468541195914092e-02
6.011011011011010652e+00 2.452059930666591892e-02
6.021021021021020658e+00 2.467692541807570139e-02
6.031031031031030665e+00 2.483385537564420861e-02
6.041041041041040671e+00 2.499078533321271584e-02
6.051051051051050678e+00 2.514797980212470432e-02
6.061061061061060684e+00 2.530589821762847802e-02
6.071071071071070691e+00 2.546381663313225865e-02
6.081081081081080697e+00 2.562185947297616895e-02
6.091091091091090703e+00 2.578073869419525085e-02
6.101101101101100710e+00 2.593961791541433276e-02
6.111111111111110716e+00 2.609849713663341467e-02
6.121121121121120723e+00 2.625830145270895491e-02
6.131131131131130729e+00 2.641811379361379275e-02
6.141141141141140736e+00 2.657792613451863059e-02
6.151151151151150742e+00 2.673851106452455884e-02
6.161161161161160749e+00 2.689922881864994023e-02
6.171171171171170755e+00 2.705994657277532162e-02
6.181181181181180762e+00 2.722129205764911922e-02
6.191191191191190768e+00 2.738288751136680466e-02
6.201201201201200774e+00 2.754448296508449356e-02
6.211211211211210781e+00 2.770656894917435456e-02
6.221221221221220787e+00 2.786901439487293741e-02
6.231231231231230794e+00 2.803145984057152026e-02
6.241241241241240800e+00 2.819426627749795772e-02
6.251251251251250807e+00 2.835753402667685191e-02
6.261261261261260813e+00 2.852080177585574958e-02
6.271271271271270820e+00 2.868430863434866251e-02
6.281281281281280826e+00 2.884837103063298339e-02
6.291291291291290833e+00 2.901243342691730773e-02
6.301301301301300839e+00 2.917662069662943503e-02
6.311311311311310845e+00 2.934145012871113012e-02
6.321321321321320852e+00 2.950627956079281827e-02
6.331331331331330858e+00 2.967112725809049542e-02
6.341341341341340865e+00 2.983669617260070739e-02
6.351351351351350871e+00 3.000226508711092283e-02
6.361361361361360878e+00 3.016783400162113479e-02
6.371371371371370884e+00 3.033403417515957365e-02
6.381381381381380891e+00 3.050031508947604122e-02
6.391391391391390897e+00 3.066659600379250880e-02
6.401401401401400904e+00 3.083338934171547113e-02
6.411411411411410910e+00 3.100035485670862498e-02
6.421421421421420916e+00 3.116732037170177536e-02
6.431431431431430923e+00 3.133468710122722795e-02
6.441441441441440929e+00 3.150230991394695895e-02
6.451451451451450936e+00 3.166993272666668302e-02
6.461461461461460942e+00 3.183785313731000988e-02
6.471471471471470949e+00 3.200610605361558364e-02
6.481481481481480955e+00 3.217435896992115740e-02
6.491491491491490962e+00 3.234281341912947916e-02
6.501501501501500968e+00 3.251166936626315174e-02
6.511511511511510975e+00 3.268052531339681738e-02
6.521521521521520981e+00 3.284949423216610570e-02
6.531531531531530987e+00 3.301892627127129415e-02
6.541541541541540994e+00 3.318835831037648954e-02
6.551551551551551000e+00 3.335782220885144533e-02
6.561561561561561007e+00 3.352780354743536972e-02
6.571571571571571013e+00 3.369778488601929411e-02
6.581581581581581020e+00 3.386776622460321157e-02
6.591591591591591026e+00 3.403822836341585667e-02
6.601601601601601033e+00 3.420873236775553994e-02
6.611611611611611927e+00 3.437923637209524402e-02
6.621621621621621934e+00 3.455012830805863355e-02
6.631631631631631940e+00 3.472112851554962770e-02
6.641641641641641947e+00 3.489212872304063573e-02
6.651651651651651953e+00 3.506343142058104129e-02
6.661661661661661959e+00 3.523490155202636809e-02
6.671671671671671966e+00 3.540637168347170183e-02
6.681681681681681972e+00 3.557806622061935459e-02
6.691691691691691979e+00 3.574998019245693992e-02
6.701701701701701985e+00 3.592189416429451831e-02
6.711711711711711992e+00 3.609396173813283343e-02
6.721721721721721998e+00 3.626629367459824338e-02
6.731731731731732005e+00 3.643862561106366027e-02
6.741741741741742011e+00 3.661104754315776949e-02
6.751751751751752018e+00 3.678377178837946571e-02
6.761761761761762024e+00 3.695649603360116886e-02
6.771771771771772030e+00 3.712925377540522015e-02
6.781781781781782037e+00 3.730234490542809478e-02
6.791791791791792043e+00 3.747543603545097635e-02
6.801801801801802050e+00 3.764852716547385791e-02
6.811811811811812056e+00 3.782194400842724819e-02
6.821821821821822063e+00 3.799537684316112163e-02
6.831831831831832069e+00 3.816880967789498813e-02
6.841841841841842076e+00 3.834250072029562334e-02
6.851851851851852082e+00 3.851625033538377124e-02
6.861861861861862089e+00 3.868999995047190527e-02
6.871871871871872095e+00 3.886394733317978523e-02
6.881881881881882101e+00 3.903798907178303301e-02
6.891891891891892108e+00 3.921203081038629468e-02
6.901901901901902114e+00 3.938621683724882749e-02
6.911911911911912121e+00 3.956052632174050787e-02
6.921921921921922127e+00 3.973483580623219519e-02
6.931931931931932134e+00 3.990924294928081123e-02
6.941941941941942140e+00 4.008379609284668660e-02
6.951951951951952147e+00 4.025834923641255503e-02
6.961961961961962153e+00 4.043296014102855385e-02
6.971971971971972160e+00 4.060773315916669374e-02
6.981981981981982166e+00 4.078250617730482669e-02
6.991991991991992172e+00 4.095730366735355482e-02
7.002002002002002179e+00 4.113227308926845072e-02
7.012012012012012185e+00 4.130724251118334661e-02
7.022022022022022192e+00 4.148221193309824251e-02
7.032032032032032198e+00 4.165735227400040736e-02
7.042042042042042205e+00 4.183249495388517009e-02
7.052052052052052211e+00 4.200763763376992588e-02
7.062062062062062218e+00 4.218290795400594234e-02
7.072072072072072224e+00 4.235820108220664931e-02
7.082082082082082231e+00 4.253349421040735628e-02
7.092092092092092237e+00 4.270887824696101981e-02
7.102102102102102243e+00 4.288429936101693235e-02
7.112112112112112250e+00 4.305972047507283795e-02
7.122122122122122256e+00 4.323520217452171688e-02
7.132132132132132263e+00 4.341072917007530313e-02
7.142142142142142269e+00 4.358625616562888244e-02
7.152152152152152276e+00 4.376181968896811214e-02
7.162162162162162282e+00 4.393743083053790882e-02
7.172172172172172289e+00 4.411304197210771244e-02
7.182182182182182295e+00 4.428867169952953320e-02
7.192192192192192302e+00 4.446434563113995514e-02
7.202202202202202308e+00 4.464001956275037708e-02
7.212212212212212314e+00 4.481570009837840263e-02
7.222222222222222321e+00 4.499141585403950566e-02
7.232232232232232327e+00 4.516713160970060870e-02
7.242242242242242334e+00 4.534284778627743762e-02
7.252252252252252340e+00 4.551858480030818860e-02
7.262262262262262347e+00 4.569432181433892570e-02
7.272272272272272353e+00 4.587005882836967668e-02
7.282282282282282360e+00 4.604579681505466260e-02
7.292292292292292366e+00 4.622153493224322868e-02
7.302302302302302373e+00 4.639727304943179476e-02
7.312312312312312379e+00 4.657299731216679728e-02
7.322322322322322385e+00 4.674871679776101269e-02
7.332332332332332392e+00 4.692443628335522116e-02
7.342342342342342398e+00 4.710013279865751801e-02
7.352352352352352405e+00 4.727581434817920009e-02
7.362362362362362411e+00 4.745149589770087523e-02
7.372372372372372418e+00 4.762715089860090900e-02
7.382382382382382424e+00 4.780277564747723029e-02
7.392392392392392431e+00 4.797840039635354464e-02
7.402402402402402437e+00 4.815400037664372551e-02
7.412412412412412444e+00 4.832954990964959119e-02
7.422422422422422450e+00 4.850509944265545687e-02
7.432432432432432456e+00 4.868063116107904098e-02
7.442442442442442463e+00 4.885608752158349111e-02
7.452452452452452469e+00 4.903154388208793429e-02
7.462462462462462476e+00 4.920699436646705505e-02
7.472472472472472482e+00 4.938234006547775889e-02
7.482482482482482489e+00 4.955768576448845580e-02
7.492492492492492495e+00 4.973303146349915965e-02
7.502502502502502502e+00 4.990826034078969103e-02
7.512512512512512508e+00 5.008347836578927459e-02
7.522522522522522515e+00 5.025869639078885814e-02
7.532532532532532521e+00 5.043380238569641905e-02
7.542542542542542527e+00 5.060887620926463742e-02
7.552552552552552534e+00 5.078395003283286274e-02
7.562562562562562540e+00 5.095892149805757859e-02
7.572572572572572547e+00 5.113383508627280388e-02
7.582582582582582553e+00 5.130874867448802223e-02
7.592592592592592560e+00 5.148357425586572167e-02
7.602602602602602566e+00 5.165831207648054202e-02
7.612612612612612573e+00 5.183304989709535543e-02
7.622622622622622579e+00 5.200771853717287008e-02
7.632632632632632586e+00 5.218226556755796441e-02
7.642642642642642592e+00 5.235681259794304487e-02
7.652652652652652598e+00 5.253131353948063686e-02
7.662662662662662605e+00 5.270565527433121455e-02
7.672672672672672611e+00 5.287999700918179224e-02
7.682682682682682618e+00 5.305431979858156455e-02
7.692692692692692624e+00 5.322844225738106866e-02
7.702702702702702631e+00 5.340256471618057971e-02
7.712712712712712637e+00 5.357668717498009076e-02
7.722722722722722644e+00 5.375058894107604540e-02
7.732732732732732650e+00 5.392447867531206113e-02
7.742742742742742657e+00 5.409836840954808379e-02
7.752752752752752663e+00 5.427205913102929602e-02
7.762762762762762669e+00 5.444570323115669602e-02
7.772772772772772676e+00 5.461934733128410296e-02
7.782782782782782682e+00 5.479281803096842235e-02
7.792792792792792689e+00 5.496620413311475301e-02
7.802802802802802695e+00 5.513959023526108366e-02
7.812812812812812702e+00 5.531283225900755773e-02
7.822822822822822708e+00 5.548594855141632948e-02
7.832832832832832715e+00 5.565906484382510122e-02
7.842842842842842721e+00 5.583206986331244043e-02
7.852852852852852727e+00 5.600490509251979804e-02
7.862862862862862734e+00 5.617774032172716953e-02
7.872872872872872740e+00 5.635050033714866791e-02
7.882882882882882747e+00 5.652304381388953414e-02
7.892892892892892753e+00 5.669558729063038649e-02
7.902902902902902760e+00 5.686809463330462500e-02
7.912912912912912766e+00 5.704033623814382115e-02
7.922922922922922773e+00 5.721257784298302423e-02
7.932932932932932779e+00 5.738481944782222038e-02
7.942942942942942786e+00 5.755675536656483515e-02
7.952952952952952792e+00 5.772868555525022261e-02
7.962962962962962798e+00 5.790061574393561700e-02
7.972972972972972805e+00 5.807227569196303507e-02
7.982982982982982811e+00 5.824388550049670876e-02
7.992992992992992818e+00 5.841549530903038245e-02
8.003003003003001936e+00 5.858687321088838079e-02
8.013013013013011943e+00 5.875815426031281291e-02
8.023023023023021949e+00 5.892943530973723809e-02
8.033033033033031955e+00 5.910052543518162088e-02
8.043043043043041962e+00 5.927146993607782660e-02
8.053053053053051968e+00 5.944241443697404620e-02
8.063063063063061975e+00 5.961321140285911341e-02
8.073073073073071981e+00 5.978381215955415329e-02
8.083083083083081988e+00 5.995441291624918623e-02
8.093093093093091994e+00 6.012491168832567734e-02
8.103103103103102001e+00 6.029516210280654737e-02
8.113113113113112007e+00 6.046541251728742433e-02
8.123123123123122014e+00 6.063560841190918788e-02
8.133133133133132020e+00 6.080550248744166775e-02
8.143143143143142026e+00 6.097539656297414068e-02
8.153153153153152033e+00 6.114528524871347404e-02
8.163163163163162039e+00 6.131481759316305402e-02
8.173173173173172046e+00 6.148434993761263401e-02
8.183183183183182052e+00 6.165388228206220705e-02
8.193193193193192059e+00 6.182309326563739660e-02
8.203203203203202065e+00 6.199225909449117278e-02
8.213213213213213848e+00 6.216142492334499059e-02
8.223223223223223854e+00 6.233031692366858278e-02
8.233233233233233861e+00 6.249911206275628184e-02
8.243243243243243867e+00 6.266790720184399477e-02
8.253253253253253874e+00 6.283647756567622977e-02
8.263263263263263880e+00 6.300489845358932250e-02
8.273273273273273887e+00 6.317331934150240136e-02
8.283283283283283893e+00 6.334156577547664368e-02
8.293293293293293900e+00 6.350960946568413867e-02
8.303303303303303906e+00 6.367765315589161979e-02
8.313313313313313913e+00 6.384557372736299197e-02
8.323323323323323919e+00 6.401323789002388853e-02
8.333333333333333925e+00 6.418090205268478510e-02
8.343343343343343932e+00 6.434849519048461974e-02
8.353353353353353938e+00 6.451577811395570183e-02
8.363363363363363945e+00 6.468306103742677005e-02
8.373373373373373951e+00 6.485032553252284560e-02
8.383383383383383958e+00 6.501722612456219130e-02
8.393393393393393964e+00 6.518412671660153701e-02
8.403403403403403971e+00 6.535102730864088272e-02
8.413413413413413977e+00 6.551757951132999858e-02
8.423423423423423984e+00 6.568409729999581670e-02
8.433433433433433990e+00 6.585061508866164870e-02
8.443443443443443996e+00 6.601683746811481956e-02
8.453453453453454003e+00 6.618297260236012669e-02
8.463463463463464009e+00 6.634910773660541994e-02
8.473473473473474016e+00 6.651500079440432478e-02
8.483483483483484022e+00 6.668075404436758780e-02
8.493493493493494029e+00 6.684650729433083693e-02
8.503503503503504035e+00 6.701207189587941870e-02
8.513513513513514042e+00 6.717744465287235622e-02
8.523523523523524048e+00 6.734281740986529374e-02
8.533533533533534055e+00 6.750805478427614192e-02
8.543543543543544061e+00 6.767304906046925361e-02
8.553553553553554067e+00 6.783804333666236530e-02
8.563563563563564074e+00 6.800295507654990912e-02
8.573573573573574080e+00 6.816757350435698193e-02
8.583583583583584087e+00 6.833219193216405474e-02
8.593593593593594093e+00 6.849677999334466416e-02
8.603603603603604100e+00 6.866102582450792080e-02
8.613613613613614106e+00 6.882527165567117744e-02
8.623623623623624113e+00 6.898951748683444796e-02
8.633633633633634119e+00 6.915341546114764371e-02
8.643643643643644126e+00 6.931729256552472684e-02
8.653653653653654132e+00 6.948116966990182386e-02
8.663663663663664138e+00 6.964475345154778896e-02
8.673673673673674145e+00 6.980826631560312079e-02
8.683683683683684151e+00 6.997177917965843874e-02
8.693693693693694158e+00 7.013505242613714274e-02
8.703703703703704164e+00 7.029820615113875626e-02
8.713713713713714171e+00 7.046135987614036977e-02
8.723723723723724177e+00 7.062432660393422323e-02
8.733733733733734184e+00 7.078712690385972894e-02
8.743743743743744190e+00 7.094992720378522078e-02
8.753753753753754197e+00 7.111259178730847119e-02
8.763763763763764203e+00 7.127504498646089481e-02
8.773773773773774209e+00 7.143749818561334619e-02
8.783783783783784216e+00 7.159986535607268388e-02
8.793793793793794222e+00 7.176197838641089344e-02
8.803803803803804229e+00 7.192409141674908912e-02
8.813813813813814235e+00 7.208616626091607360e-02
8.823823823823824242e+00 7.224794665910073965e-02
8.833833833833834248e+00 7.240972705728540570e-02
8.843843843843844255e+00 7.257150745547005788e-02
8.853853853853854261e+00 7.273297092034061717e-02
8.863863863863864268e+00 7.289442682450041067e-02
8.873873873873874274e+00 7.305588272866017641e-02
8.883883883883884280e+00 7.321707383821189630e-02
8.893893893893894287e+00 7.337821398443217236e-02
8.903903903903904293e+00 7.353935413065246229e-02
8.913913913913914300e+00 7.370027962428131463e-02
8.923923923923924306e+00 7.386111334281932062e-02
8.933933933933934313e+00 7.402194706135734048e-02
8.943943943943944319e+00 7.418261402418521722e-02
8.953953953953954326e+00 7.434315123541503090e-02
8.963963963963964332e+00 7.450368844664485846e-02
8.973973973973974338e+00 7.466410430759171102e-02
8.983983983983984345e+00 7.482435551768325255e-02
8.993993993993994351e+00 7.498460672777479408e-02
9.004004004004004358e+00 7.514477925754935173e-02
9.014014014014014364e+00 7.530475555388485565e-02
9.024024024024024371e+00 7.546473185022037344e-02
9.034034034034034377e+00 7.562466915923045374e-02
9.044044044044044384e+00 7.578438220556317495e-02
9.054054054054054390e+00 7.594409525189591004e-02
9.064064064064064397e+00 7.610380578807889040e-02
9.074074074074074403e+00 7.626326781943773558e-02
9.084084084084084409e+00 7.642272985079656689e-02
9.094094094094094416e+00 7.658219188215541207e-02
9.104104104104104422e+00 7.674144621471556960e-02
9.114114114114114429e+00 7.690067003206055296e-02
9.124124124124124435e+00 7.705989384940553633e-02
9.134134134134134442e+00 7.721895266983040684e-02
9.144144144144144448e+00 7.737795163446334334e-02
9.154154154154154455e+00 7.753695059909626597e-02
9.164164164164164461e+00 7.769582390861912158e-02
9.174174174174174468e+00 7.785461193635417887e-02
9.184184184184184474e+00 7.801339996408922228e-02
9.194194194194194480e+00 7.817209808594606513e-02
9.204204204204204487e+00 7.833068964104519805e-02
9.214214214214214493e+00 7.848928119614431709e-02
9.224224224224224500e+00 7.864781477278590116e-02
9.234234234234234506e+00 7.880622486166420637e-02
9.244244244244244513e+00 7.896463495054252546e-02
9.254254254254254519e+00 7.912301494077593478e-02
9.264264264264264526e+00 7.928125910548158850e-02
9.274274274274274532e+00 7.943950327018725610e-02
9.284284284284284539e+00 7.959774094624801066e-02
9.294294294294294545e+00 7.975583525772260429e-02
9.304304304304304551e+00 7.991392956919718404e-02
9.314314314314314558e+00 8.007202388067177767e-02
9.324324324324324564e+00 8.022999756487705914e-02
9.334334334334334571e+00 8.038795861600109283e-02
9.344344344344344577e+00 8.054591966712512652e-02
9.354354354354354584e+00 8.070379161751713160e-02
9.364364364364364590e+00 8.086163651594653612e-02
9.374374374374374597e+00 8.101948141437594064e-02
9.384384384384384603e+00 8.117726433263562635e-02
9.394394394394394610e+00 8.133501069343429535e-02
9.404404404404404616e+00 8.149275705423297822e-02
9.414414414414414622e+00 8.165046393551632364e-02
9.424424424424424629e+00 8.180812987359079025e-02
9.434434434434434635e+00 8.196579581166524298e-02
9.444444444444444642e+00 8.212343994114908174e-02
9.454454454454454648e+00 8.228104406349050215e-02
9.464464464464464655e+00 8.243864818583193643e-02
9.474474474474474661e+00 8.259624313520134986e-02
9.484484484484484668e+00 8.275380453294095551e-02
9.494494494494494674e+00 8.291136593068056115e-02
9.504504504504504681e+00 8.306892555455903937e-02
9.514514514514514687e+00 8.322646379484249790e-02
9.524524524524524693e+00 8.338400203512598419e-02
9.534534534534534700e+00 8.354154027540947047e-02
9.544544544544544706e+00 8.369907558513615953e-02
9.554554554554554713e+00 8.385661070282317275e-02
9.564564564564564719e+00 8.401414582051018598e-02
9.574574574574574726e+00 8.417169484235147159e-02
9.584584584584584732e+00 8.432924733154557873e-02
9.594594594594594739e+00 8.448679982073968586e-02
9.604604604604604745e+00 8.464437768676752460e-02
9.614614614614614752e+00 8.480196849218349375e-02
9.624624624624624758e+00 8.495955929759944902e-02
9.634634634634634764e+00 8.511718139920095016e-02
9.644644644644644771e+00 8.527483190737451813e-02
9.654654654654654777e+00 8.543248241554809996e-02
9.664664664664664784e+00 8.559016439943263610e-02
9.674674674674674790e+00 8.574789642977916071e-02
9.684684684684684797e+00 8.590562846012567144e-02
9.694694694694694803e+00 8.606338622428687246e-02
9.704704704704704810e+00 8.622122202001521185e-02
9.714714714714714816e+00 8.637905781574356512e-02
9.724724724724724823e+00 8.653690750537705589e-02
9.734734734734734829e+00 8.669486972426414251e-02
9.744744744744744835e+00 8.685283194315122912e-02
9.754754754754754842e+00 8.701079416203832961e-02
9.764764764764764848e+00 8.716890165156193637e-02
9.774774774774774855e+00 8.732701335659484587e-02
9.784784784784784861e+00 8.748512506162776925e-02
9.794794794794794868e+00 8.764338095078889890e-02
9.804804804804804874e+00 8.780166560067990955e-02
9.814814814814814881e+00 8.795995025057094796e-02
9.824824824824824887e+00 8.811837178737071119e-02
9.834834834834834894e+00 8.827685322695227876e-02
9.844844844844844900e+00 8.843533466653386022e-02
9.854854854854854906e+00 8.859393931970513392e-02
9.864864864864864913e+00 8.875264177020994460e-02
9.874874874874874919e+00 8.891134422071476917e-02
9.884884884884884926e+00 8.907014967532635163e-02
9.894894894894894932e+00 8.922909772455973887e-02
9.904904904904904939e+00 8.938804577379312610e-02
9.914914914914914945e+00 8.954706992682202882e-02
9.924924924924924952e+00 8.970628851923183322e-02
9.934934934934934958e+00 8.986550711164165151e-02
9.944944944944944965e+00 9.002476806751474880e-02
9.954954954954954971e+00 9.018428249416549081e-02
9.964964964964964977e+00 9.034379692081621893e-02
9.974974974974974984e+00 9.050331298692215753e-02
9.984984984984984990e+00 9.066314887537933742e-02
9.994994994994994997e+00 9.082298476383650343e-02
1.000500500500500500e+01 9.098282065229368332e-02
1.001501501501501501e+01 9.114295775013979417e-02
1.002502502502502502e+01 9.130314105427049520e-02
1.003503503503503502e+01 9.146332435840118236e-02
1.004504504504504503e+01 9.162378004194034198e-02
1.005505505505505504e+01 9.178433703163622892e-02
1.006506506506506504e+01 9.194489402133211586e-02
1.007507507507507505e+01 9.210568748530524597e-02
1.008508508508508505e+01 9.226664473613389872e-02
1.009509509509509506e+01 9.242760198696255147e-02
1.010510510510510507e+01 9.258875260043041011e-02
1.011511511511511507e+01 9.275013698322107092e-02
1.012512512512512508e+01 9.291152136601173173e-02
1.013513513513513509e+01 9.307304866767480978e-02
1.014514514514514509e+01 9.323488733804469186e-02
1.015515515515515510e+01 9.339672600841458783e-02
1.016516516516516511e+01 9.355864970191563046e-02
1.017517517517517511e+01 9.372097008974239474e-02
1.018518518518518512e+01 9.388329047756915902e-02
1.019519519519519513e+01 9.404563042677908935e-02
1.020520520520520513e+01 9.420846022562574806e-02
1.021521521521521514e+01 9.437129002447242065e-02
1.022522522522522515e+01 9.453411982331906549e-02
1.023523523523523515e+01 9.469743340525879627e-02
1.024524524524524516e+01 9.486080056175630326e-02
1.025525525525525516e+01 9.502416771825382413e-02
1.026526526526526517e+01 9.518796593444361909e-02
1.027527527527527518e+01 9.535189863763789131e-02
1.028528528528528518e+01 9.551583134083216353e-02
1.029529529529529519e+01 9.568013473912685696e-02
1.030530530530530520e+01 9.584466140979494564e-02
1.031531531531531520e+01 9.600918808046304820e-02
1.032532532532532521e+01 9.617401733923808260e-02
1.033533533533533522e+01 9.633916661917976687e-02
1.034534534534534522e+01 9.650431589912142338e-02
1.035535535535535523e+01 9.666969182247313330e-02
1.036536536536536524e+01 9.683549256378320980e-02
1.037537537537537524e+01 9.700129330509325853e-02
1.038538538538538525e+01 9.716723681803435264e-02
1.039539539539539525e+01 9.733371807236175510e-02
1.040540540540540526e+01 9.750019932668917144e-02
1.041541541541541527e+01 9.766673147034045377e-02
1.042542542542542527e+01 9.783392247813885167e-02
1.043543543543543528e+01 9.800111348593723570e-02
1.044544544544544529e+01 9.816830449373564749e-02
1.045545545545545529e+01 9.833618559249215907e-02
1.046546546546546530e+01 9.850411577226796112e-02
1.047547547547547531e+01 9.867204595204376316e-02
1.048548548548548531e+01 9.884058767863948547e-02
1.049549549549549532e+01 9.900928661620274351e-02
1.050550550550550533e+01 9.917798555376598768e-02
1.051551551551551533e+01 9.934720942533395438e-02
1.052552552552552534e+01 9.951670686305646996e-02
1.053553553553553535e+01 9.968620430077901329e-02
1.054554554554554535e+01 9.985613192057934961e-02
1.055555555555555536e+01 1.000264577466666444e-01
1.056556556556556536e+01 1.001967835727539391e-01
1.057557557557557537e+01 1.003674366253787531e-01
1.058558558558558538e+01 1.005386208631594419e-01
1.059559559559559538e+01 1.007098051009401446e-01
1.060560560560560539e+01 1.008812053475250797e-01
1.061561561561561540e+01 1.010532781447638223e-01
1.062562562562562540e+01 1.012253509420025649e-01
1.063563563563563541e+01 1.013975202154462768e-01
1.064564564564564542e+01 1.015705118336845958e-01
1.065565565565565542e+01 1.017435034519229287e-01
1.066566566566566543e+01 1.019164950701612615e-01
1.067567567567567544e+01 1.020904044560448781e-01
1.068568568568568544e+01 1.022643452599749092e-01
1.069569569569569545e+01 1.024382860639049264e-01
1.070570570570570545e+01 1.026130387959082735e-01
1.071571571571571546e+01 1.027879592427839023e-01
1.072572572572572547e+01 1.029628796896595311e-01
1.073573573573573547e+01 1.031384978693911242e-01
1.074574574574574548e+01 1.033144284984818390e-01
1.075575575575575549e+01 1.034903591275725676e-01
1.076576576576576549e+01 1.036668648988752356e-01
1.077577577577577550e+01 1.038438363209662763e-01
1.078578578578578551e+01 1.040208077430572892e-01
1.079579579579579551e+01 1.041982232873299025e-01
1.080580580580580552e+01 1.043762661742740072e-01
1.081581581581581553e+01 1.045543090612181120e-01
1.082582582582582553e+01 1.047326565927541586e-01
1.083583583583583554e+01 1.049118016670787246e-01
1.084584584584584555e+01 1.050909467414032905e-01
1.085585585585585555e+01 1.052702485027474100e-01
1.086586586586586556e+01 1.054505265273218695e-01
1.087587587587587556e+01 1.056308045518963151e-01
1.088588588588588557e+01 1.058110828092194006e-01
1.089589589589589558e+01 1.059925245769861024e-01
1.090590590590590558e+01 1.061739663447528181e-01
1.091591591591591559e+01 1.063554081125195339e-01
1.092592592592592560e+01 1.065378797070199862e-01
1.093593593593593560e+01 1.067205160307938550e-01
1.094594594594594561e+01 1.069031523545676959e-01
1.095595595595595562e+01 1.070866758524232076e-01
1.096596596596596562e+01 1.072705375547628598e-01
1.097597597597597563e+01 1.074543992571025119e-01
1.098598598598598564e+01 1.076389969675001224e-01
1.099599599599599564e+01 1.078241148706555463e-01
1.100600600600600565e+01 1.080092327738109703e-01
1.101601601601601566e+01 1.081949270012909636e-01
1.102602602602602566e+01 1.083813319172301365e-01
1.103603603603603567e+01 1.085677368331693371e-01
1.104604604604604567e+01 1.087545498731871396e-01
1.105605605605605568e+01 1.089422725937069653e-01
1.106606606606606569e+01 1.091299953142267770e-01
1.107607607607607569e+01 1.093179494487414444e-01
1.108608608608608570e+01 1.095070207356647202e-01
1.109609609609609571e+01 1.096960920225880098e-01
1.110610610610610571e+01 1.098852095156773873e-01
1.111611611611611572e+01 1.100756600911407673e-01
1.112612612612612573e+01 1.102661106666041752e-01
1.113613613613613573e+01 1.104565612420675552e-01
1.114614614614614574e+01 1.106482742969435440e-01
1.115615615615615575e+01 1.108401348337790387e-01
1.116616616616616575e+01 1.110319953706145474e-01
1.117617617617617576e+01 1.112249468551835541e-01
1.118618618618618576e+01 1.114182479673967024e-01
1.119619619619619577e+01 1.116115490796098786e-01
1.120620620620620578e+01 1.118057611100302662e-01
1.121621621621621578e+01 1.120005333433791300e-01
1.122622622622622579e+01 1.121953055767280077e-01
1.123623623623623580e+01 1.123908002247023946e-01
1.124624624624624580e+01 1.125870740473788739e-01
1.125625625625625581e+01 1.127833478700553393e-01
1.126626626626626582e+01 1.129801471586961009e-01
1.127627627627627582e+01 1.131779529521139138e-01
1.128628628628628583e+01 1.133757587455317406e-01
1.129629629629629584e+01 1.135738846452600398e-01
1.130630630630630584e+01 1.137732526949515738e-01
1.131631631631631585e+01 1.139726207446430800e-01
1.132632632632632586e+01 1.141720951691217317e-01
1.133633633633633586e+01 1.143730556557462363e-01
1.134634634634634587e+01 1.145740161423707409e-01
1.135635635635635587e+01 1.147749766289952456e-01
1.136636636636636588e+01 1.149774439349375565e-01
1.137637637637637589e+01 1.151800269254037862e-01
1.138638638638638589e+01 1.153826099158700158e-01
1.139639639639639590e+01 1.155864993319144912e-01
1.140640640640640591e+01 1.157907347706203377e-01
1.141641641641641769e+01 1.159949702093262258e-01
1.142642642642642770e+01 1.162003033236510552e-01
1.143643643643643770e+01 1.164062210238419603e-01
1.144644644644644771e+01 1.166121387240328516e-01
1.145645645645645772e+01 1.168189370436177599e-01
1.146646646646646772e+01 1.170265666788669751e-01
1.147647647647647773e+01 1.172341963141161902e-01
1.148648648648648773e+01 1.174424812609754787e-01
1.149649649649649774e+01 1.176518523567881835e-01
1.150650650650650775e+01 1.178612234526009162e-01
1.151651651651651775e+01 1.180710163600553336e-01
1.152652652652652776e+01 1.182821582855980991e-01
1.153653653653653777e+01 1.184933002111408645e-01
1.154654654654654777e+01 1.187046223201286693e-01
1.155655655655655778e+01 1.189175642800872207e-01
1.156656656656656779e+01 1.191305062400457859e-01
1.157657657657657779e+01 1.193434482000043650e-01
1.158658658658658780e+01 1.195581497220400136e-01
1.159659659659659781e+01 1.197729207486067787e-01
1.160660660660660781e+01 1.199876917751735300e-01
1.161661661661661782e+01 1.202039935407317045e-01
1.162662662662662783e+01 1.204206224857247570e-01
1.163663663663663783e+01 1.206372514307177957e-01
1.164664664664664784e+01 1.208551741937303747e-01
1.165665665665665784e+01 1.210736897208458118e-01
1.166666666666666785e+01 1.212922052479612350e-01
1.167667667667667786e+01 1.215117696480076531e-01
1.168668668668668786e+01 1.217322002252070740e-01
1.169669669669669787e+01 1.219526308024064809e-01
1.170670670670670788e+01 1.221738573613621454e-01
1.171671671671671788e+01 1.223962312533961871e-01
1.172672672672672789e+01 1.226186051454302428e-01
1.173673673673673790e+01 1.228415142641576530e-01
1.174674674674674790e+01 1.230658595252280552e-01
1.175675675675675791e+01 1.232902047862984712e-01
1.176676676676676792e+01 1.235148167413812614e-01
1.177677677677677792e+01 1.237411612079418327e-01
1.178678678678678793e+01 1.239675056745024040e-01
1.179679679679679793e+01 1.241938501410629891e-01
1.180680680680680794e+01 1.244222118987203113e-01
1.181681681681681795e+01 1.246505831824181593e-01
1.182682682682682795e+01 1.248789544661160350e-01
1.183683683683683796e+01 1.251090866075348362e-01
1.184684684684684797e+01 1.253395120882939973e-01
1.185685685685685797e+01 1.255699375690531583e-01
1.186686686686686798e+01 1.258018597403189331e-01
1.187687687687687799e+01 1.260343665595659302e-01
1.188688688688688799e+01 1.262668733788129272e-01
1.189689689689689800e+01 1.265006050824710182e-01
1.190690690690690801e+01 1.267352201365047615e-01
1.191691691691691801e+01 1.269698351905385048e-01
1.192692692692692802e+01 1.272053957826905779e-01
1.193693693693693803e+01 1.274421457161967752e-01
1.194694694694694803e+01 1.276788956497029170e-01
1.195695695695695804e+01 1.279163043371481512e-01
1.196696696696696804e+01 1.281552155368585744e-01
1.197697697697697805e+01 1.283941267365690531e-01
1.198698698698698806e+01 1.286334025739905296e-01
1.199699699699699806e+01 1.288745011624894410e-01
1.200700700700700807e+01 1.291155997509883524e-01
1.201701701701701808e+01 1.293567616381849639e-01
1.202702702702702808e+01 1.296000734678614263e-01
1.203703703703703809e+01 1.298433852975378611e-01
1.204704704704704810e+01 1.300866971272143235e-01
1.205705705705705810e+01 1.303320026238492246e-01
1.206706706706706811e+01 1.305775532709973208e-01
1.207707707707707812e+01 1.308231039181453892e-01
1.208708708708708812e+01 1.310703580831008574e-01
1.209709709709709813e+01 1.313181728421673189e-01
1.210710710710710813e+01 1.315659876012338081e-01
1.211711711711711814e+01 1.318152085660493078e-01
1.212712712712712815e+01 1.320653124440299975e-01
1.213713713713713815e+01 1.323154163220107149e-01
1.214714714714714816e+01 1.325666220472677126e-01
1.215715715715715817e+01 1.328190397582519333e-01
1.216716716716716817e+01 1.330714574692361818e-01
1.217717717717717818e+01 1.333246657421667536e-01
1.218718718718718819e+01 1.335794217020310481e-01
1.219719719719719819e+01 1.338341776618952872e-01
1.220720720720720820e+01 1.340894060940367449e-01
1.221721721721721821e+01 1.343465244152869387e-01
1.222722722722722821e+01 1.346036427365371047e-01
1.223723723723723822e+01 1.348609087614325297e-01
1.224724724724724823e+01 1.351204132481956255e-01
1.225725725725725823e+01 1.353799177349587213e-01
1.226726726726726824e+01 1.356394222217218171e-01
1.227727727727727824e+01 1.359011527490686932e-01
1.228728728728728825e+01 1.361630668922333698e-01
1.229729729729729826e+01 1.364249810353980463e-01
1.230730730730730826e+01 1.366888066525764334e-01
1.231731731731731827e+01 1.369531536250826464e-01
1.232732732732732828e+01 1.372175005975889150e-01
1.233733733733733828e+01 1.374834378683154057e-01
1.234734734734734829e+01 1.377502405205934533e-01
1.235735735735735830e+01 1.380170431728714731e-01
1.236736736736736830e+01 1.382851084697203081e-01
1.237737737737737831e+01 1.385543893252776659e-01
1.238738738738738832e+01 1.388236701808350237e-01
1.239739739739739832e+01 1.390938796833183499e-01
1.240740740740740833e+01 1.393656609344761654e-01
1.241741741741741833e+01 1.396374421856339809e-01
1.242742742742742834e+01 1.399098118783278499e-01
1.243743743743743835e+01 1.401841153821049013e-01
1.244744744744744835e+01 1.404584188858819527e-01
1.245745745745745836e+01 1.407329645565980614e-01
1.246746746746746837e+01 1.410098118307432091e-01
1.247747747747747837e+01 1.412866591048883569e-01
1.248748748748748838e+01 1.415635063790335324e-01
1.249749749749749839e+01 1.418428085620630774e-01
1.250750750750750839e+01 1.421222207812342098e-01
1.251751751751751840e+01 1.424016330004053699e-01
1.252752752752752841e+01 1.426831629675978652e-01
1.253753753753753841e+01 1.429651609596888917e-01
1.254754754754754842e+01 1.432471589517798904e-01
1.255755755755755843e+01 1.435309315398517749e-01
1.256756756756756843e+01 1.438155357824654479e-01
1.257757757757757844e+01 1.441001400250790931e-01
1.258758758758758844e+01 1.443861698637456392e-01
1.259759759759759845e+01 1.446734004808119534e-01
1.260760760760760846e+01 1.449606310978782675e-01
1.261761761761761846e+01 1.452489326083991894e-01
1.262762762762762847e+01 1.455388093669396921e-01
1.263763763763763848e+01 1.458286861254802225e-01
1.264764764764764848e+01 1.461192735192495262e-01
1.265765765765765849e+01 1.464118158262851799e-01
1.266766766766766850e+01 1.467043581333208058e-01
1.267767767767767850e+01 1.469972454105014370e-01
1.268768768768768851e+01 1.472924723101051991e-01
1.269769769769769852e+01 1.475876992097089890e-01
1.270770770770770852e+01 1.478829261093127512e-01
1.271771771771771853e+01 1.481808303284032902e-01
1.272772772772772854e+01 1.484787604988944132e-01
1.273773773773773854e+01 1.487766906693854807e-01
1.274774774774774855e+01 1.490769404431838974e-01
1.275775775775775855e+01 1.493775921944650309e-01
1.276776776776776856e+01 1.496782439457461644e-01
1.277777777777777857e+01 1.499808522620357520e-01
1.278778778778778857e+01 1.502842435330711268e-01
1.279779779779779858e+01 1.505876348041064738e-01
1.280780780780780859e+01 1.508926144320398566e-01
1.281781781781781859e+01 1.511987627884736340e-01
1.282782782782782860e+01 1.515049111449074393e-01
1.283783783783783861e+01 1.518122746340010709e-01
1.284784784784784861e+01 1.521211972659139433e-01
1.285785785785785862e+01 1.524301198978268157e-01
1.286786786786786863e+01 1.527398795769987772e-01
1.287787787787787863e+01 1.530515932968045945e-01
1.288788788788788864e+01 1.533633070166103562e-01
1.289789789789789864e+01 1.536754749932608133e-01
1.290790790790790865e+01 1.539899962337381856e-01
1.291791791791791866e+01 1.543045174742155301e-01
1.292792792792792866e+01 1.546191056333489355e-01
1.293793793793793867e+01 1.549364504458105030e-01
1.294794794794794868e+01 1.552537952582720704e-01
1.295795795795795868e+01 1.555711400707336378e-01
1.296796796796796869e+01 1.558909993142577055e-01
1.297797797797797870e+01 1.562111833668530791e-01
1.298798798798798870e+01 1.565313674194484250e-01
1.299799799799799871e+01 1.568536852284031224e-01
1.300800800800800872e+01 1.571767238045560511e-01
1.301801801801801872e+01 1.574997623807090075e-01
1.302802802802802873e+01 1.578245495819126099e-01
1.303803803803803874e+01 1.581504575788903744e-01
1.304804804804804874e+01 1.584763655758681111e-01
1.305805805805805875e+01 1.588036327693544969e-01
1.306806806806806875e+01 1.591324246969680611e-01
1.307807807807807876e+01 1.594612166245815976e-01
1.308808808808808877e+01 1.597909741830619290e-01
1.309809809809809877e+01 1.601226641624965696e-01
1.310810810810810878e+01 1.604543541419312380e-01
1.311811811811811879e+01 1.607866122102954709e-01
1.312812812812812879e+01 1.611212139730698323e-01
1.313813813813813880e+01 1.614558157358441937e-01
1.314814814814814881e+01 1.617905842307023889e-01
1.315815815815815881e+01 1.621281111177540479e-01
1.316816816816816882e+01 1.624656380048057347e-01
1.317817817817817883e+01 1.628031648918573659e-01
1.318818818818818883e+01 1.631433915749660457e-01
1.319819819819819884e+01 1.634838565358635865e-01
1.320820820820820884e+01 1.638243214967611272e-01
1.321821821821821885e+01 1.641670903106413337e-01
1.322822822822822886e+01 1.645105059029203232e-01
1.323823823823823886e+01 1.648539214951993681e-01
1.324824824824824887e+01 1.651992412766884188e-01
1.325825825825825888e+01 1.655456196653110612e-01
1.326826826826826888e+01 1.658919980539337313e-01
1.327827827827827889e+01 1.662398774097268717e-01
1.328828828828828890e+01 1.665892303666620944e-01
1.329829829829829890e+01 1.669385833235972894e-01
1.330830830830830891e+01 1.672890306301040853e-01
1.331831831831831892e+01 1.676413695340286392e-01
1.332832832832832892e+01 1.679937084379531931e-01
1.333833833833833893e+01 1.683467318411905611e-01
1.334834834834834894e+01 1.687020676773077488e-01
1.335835835835835894e+01 1.690574035134249642e-01
1.336836836836836895e+01 1.694130109289466168e-01
1.337837837837837895e+01 1.697713542889228711e-01
1.338838838838838896e+01 1.701296976488991530e-01
1.339839839839839897e+01 1.704880410088754072e-01
1.340840840840840897e+01 1.708492578437784404e-01
1.341841841841841898e+01 1.712106189257950051e-01
1.342842842842842899e+01 1.715719800078115975e-01
1.343843843843843899e+01 1.719358057994786471e-01
1.344844844844844900e+01 1.723001944083967230e-01
1.345845845845845901e+01 1.726645830173147989e-01
1.346846846846846901e+01 1.730310245968082472e-01
1.347847847847847902e+01 1.733984501444473525e-01
1.348848848848848903e+01 1.737658756920864578e-01
1.349849849849849903e+01 1.741349396604728872e-01
1.350850850850850904e+01 1.745054111659988527e-01
1.351851851851851904e+01 1.748758826715248182e-01
1.352852852852852905e+01 1.752475754000927533e-01
1.353853853853853906e+01 1.756211014905160461e-01
1.354854854854854906e+01 1.759946275809393390e-01
1.355855855855855907e+01 1.763689552114501014e-01
1.356856856856856908e+01 1.767455441222305079e-01
1.357857857857857908e+01 1.771221330330108867e-01
1.358858858858858909e+01 1.774991014779825349e-01
1.359859859859859910e+01 1.778787610537406749e-01
1.360860860860860910e+01 1.782584206294988427e-01
1.361861861861861911e+01 1.786380802052570105e-01
1.362862862862862912e+01 1.790207732678554819e-01
1.363863863863863912e+01 1.794035109631877956e-01
1.364864864864864913e+01 1.797862486585201092e-01
1.365865865865865914e+01 1.801716007396759744e-01
1.366866866866866914e+01 1.805574236200726268e-01
1.367867867867867915e+01 1.809432465004693069e-01
1.368868868868868915e+01 1.813312624389138428e-01
1.369869869869869916e+01 1.817201771817775202e-01
1.370870870870870917e+01 1.821090919246412254e-01
1.371871871871871917e+01 1.824997763324414934e-01
1.372872872872872918e+01 1.828917892282053703e-01
1.373873873873873919e+01 1.832838021239692472e-01
1.374874874874874919e+01 1.836771593870707986e-01
1.375875875875875920e+01 1.840722763404141205e-01
1.376876876876876921e+01 1.844673932937574978e-01
1.377877877877877921e+01 1.848634275725564435e-01
1.378878878878878922e+01 1.852616541037153675e-01
1.379879879879879923e+01 1.856598806348742914e-01
1.380880880880880923e+01 1.860585958648190985e-01
1.381881881881881924e+01 1.864599371109931236e-01
1.382882882882882924e+01 1.868612783571671487e-01
1.383883883883883925e+01 1.872626782493898578e-01
1.384884884884884926e+01 1.876671389662389611e-01
1.385885885885885926e+01 1.880715996830880365e-01
1.386886886886886927e+01 1.884760603999371120e-01
1.387887887887887928e+01 1.888832722882969328e-01
1.388888888888888928e+01 1.892908568515304368e-01
1.389889889889889929e+01 1.896984414147639408e-01
1.390890890890890930e+01 1.901083487148190199e-01
1.391891891891891930e+01 1.905190611218736396e-01
1.392892892892892931e+01 1.909297735289282594e-01
1.393893893893893932e+01 1.913423789064243041e-01
1.394894894894894932e+01 1.917562227782290407e-01
1.395895895895895933e+01 1.921700666500338051e-01
1.396896896896896934e+01 1.925853725510590364e-01
1.397897897897897934e+01 1.930023511338854469e-01
1.398898898898898935e+01 1.934193297167118575e-01
1.399899899899899935e+01 1.938373383685529083e-01
1.400900900900900936e+01 1.942574545359502802e-01
1.401901901901901937e+01 1.946775707033476799e-01
1.402902902902902937e+01 1.950982841153713065e-01
1.403903903903903938e+01 1.955215403701832111e-01
1.404904904904904939e+01 1.959447966249951434e-01
1.405905905905905939e+01 1.963682165895550003e-01
1.406906906906906940e+01 1.967946150660164206e-01
1.407907907907907941e+01 1.972210135424778688e-01
1.408908908908908941e+01 1.976474120189393169e-01
1.409909909909909942e+01 1.980766841017595481e-01
1.410910910910910943e+01 1.985062265676726112e-01
1.411911911911911943e+01 1.989357690335857021e-01
1.412912912912912944e+01 1.993677520099854383e-01
1.413913913913913944e+01 1.998004398689732231e-01
1.414914914914914945e+01 2.002331277279610078e-01
1.415915915915915946e+01 2.006678223830938301e-01
1.416916916916916946e+01 2.011036566769280332e-01
1.417917917917917947e+01 2.015394909707622639e-01
1.418918918918918948e+01 2.019768978790456582e-01
1.419919919919919948e+01 2.024158792900485893e-01
1.420920920920920949e+01 2.028548607010514926e-01
1.421921921921921950e+01 2.032949802272683293e-01
1.422922922922922950e+01 2.037371090807875984e-01
1.423923923923923951e+01 2.041792379343068675e-01
1.424924924924924952e+01 2.046220702347284204e-01
1.425925925925925952e+01 2.050673465016805697e-01
1.426926926926926953e+01 2.055126227686327189e-01
1.427927927927927954e+01 2.059581677921629994e-01
1.428928928928928954e+01 2.064065910916461077e-01
1.429929929929929955e+01 2.068550143911291606e-01
1.430930930930930955e+01 2.073034376906122689e-01
1.431931931931931956e+01 2.077548414824449408e-01
1.432932932932932957e+01 2.082064110844189242e-01
1.433933933933933957e+01 2.086579806863928799e-01
1.434934934934934958e+01 2.091120954052919367e-01
1.435935935935935959e+01 2.095668102333225757e-01
1.436936936936936959e+01 2.100215250613532425e-01
1.437937937937937960e+01 2.104783496976155299e-01
1.438938938938938961e+01 2.109362083316835002e-01
1.439939939939939961e+01 2.113940669657514704e-01
1.440940940940940962e+01 2.118536003099659171e-01
1.441941941941941963e+01 2.123146009893368547e-01
1.442942942942942963e+01 2.127756016687077922e-01
1.443943943943943964e+01 2.132378423130635581e-01
1.444944944944944965e+01 2.137019829392179937e-01
1.445945945945945965e+01 2.141661235653724848e-01
1.446946946946946966e+01 2.146310699049856774e-01
1.447947947947947966e+01 2.150983480446088392e-01
1.448948948948948967e+01 2.155656261842319732e-01
1.449949949949949968e+01 2.160332764184906273e-01
1.450950950950950968e+01 2.165036893065175883e-01
1.451951951951951969e+01 2.169741021945445214e-01
1.452952952952952970e+01 2.174445150825715101e-01
1.453953953953953970e+01 2.179179988711875959e-01
1.454954954954954971e+01 2.183915434139047096e-01
1.455955955955955972e+01 2.188650879566218233e-01
1.456956956956956972e+01 2.193412680377332113e-01
1.457957957957957973e+01 2.198179408159331438e-01
1.458958958958958974e+01 2.202946135941331041e-01
1.459959959959959974e+01 2.207734872658986824e-01
1.460960960960960975e+01 2.212532845380873192e-01
1.461961961961961975e+01 2.217330818102759560e-01
1.462962962962962976e+01 2.222146461839359100e-01
1.463963963963963977e+01 2.226975638895897225e-01
1.464964964964964977e+01 2.231804815952435350e-01
1.465965965965965978e+01 2.236647335965981642e-01
1.466966966966966979e+01 2.241507673594702321e-01
1.467967967967967979e+01 2.246368011223422445e-01
1.468968968968968980e+01 2.251237374932456847e-01
1.469969969969969981e+01 2.256128826247195684e-01
1.470970970970970981e+01 2.261020277561934799e-01
1.471971971971971982e+01 2.265916450560616913e-01
1.472972972972972983e+01 2.270838965585508240e-01
1.473973973973973983e+01 2.275761480610399290e-01
1.474974974974974984e+01 2.280684426683728672e-01
1.475975975975975985e+01 2.285637952387638838e-01
1.476976976976976985e+01 2.290591478091549005e-01
1.477977977977977986e+01 2.295545003795459171e-01
1.478978978978978986e+01 2.300525639562117641e-01
1.479979979979979987e+01 2.305510119893509069e-01
1.480980980980980988e+01 2.310494600224900774e-01
1.481981981981981988e+01 2.315501872233631520e-01
1.482982982982982989e+01 2.320517248155831436e-01
1.483983983983983990e+01 2.325532624078031352e-01
1.484984984984984990e+01 2.330566487829595912e-01
1.485985985985985991e+01 2.335612697356473921e-01
1.486986986986986992e+01 2.340658906883351653e-01
1.487987987987987992e+01 2.345719316167647894e-01
1.488988988988988993e+01 2.350796294399657704e-01
1.489989989989989994e+01 2.355873272631667237e-01
1.490990990990990994e+01 2.360960179543983295e-01
1.491991991991991995e+01 2.366067858704583582e-01
1.492992992992992995e+01 2.371175537865183869e-01
1.493993993993993996e+01 2.376288892822565890e-01
1.494994994994994997e+01 2.381427202294993384e-01
1.495995995995995997e+01 2.386565511767421155e-01
1.496996996996996998e+01 2.391705263525148173e-01
1.497997997997997999e+01 2.396874129889513816e-01
1.498998998998998999e+01 2.402042996253879459e-01
1.500000000000000000e+01 2.407211862618245102e-01
