5.000000000000000000e+00 1.127081472497971741e-02
5.010010010010010006e+00 1.134677484811023873e-02
5.020020020020020013e+00 1.142346183841579967e-02
5.030030030030030019e+00 1.150101492050981458e-02
5.040040040040040026e+00 1.157856800260382950e-02
5.050050050050050032e+00 1.165683009412933971e-02
5.060060060060060039e+00 1.173596578656151829e-02
5.070070070070070045e+00 1.181510147899369513e-02
5.080080080080080052e+00 1.189492834799506932e-02
5.090090090090090058e+00 1.197563596803515387e-02
5.100100100100100065e+00 1.205634358807523843e-02
5.110110110110110071e+00 1.213772459010929207e-02
5.120120120120120077e+00 1.221999313271305253e-02
5.130130130130130084e+00 1.230226167531681472e-02
5.140140140140140090e+00 1.238518585653889184e-02
5.150150150150150097e+00 1.246900400589830496e-02
5.160160160160160103e+00 1.255282215525772155e-02
5.170170170170170110e+00 1.263727826348868058e-02
5.180180180180180116e+00 1.272263440434169557e-02
5.190190190190190123e+00 1.280799054519470882e-02
5.200200200200200129e+00 1.289396704075836293e-02
5.210210210210210136e+00 1.298084926946042536e-02
5.220220220220220142e+00 1.306773149816248779e-02
5.230230230230230148e+00 1.315521656449588489e-02
5.240240240240240155e+00 1.324361269985624770e-02
5.250250250250250161e+00 1.333200883521661224e-02
5.260260260260260168e+00 1.342099038925669875e-02
5.270270270270270174e+00 1.351088798314417638e-02
5.280280280280280181e+00 1.360078557703165748e-02
5.290290290290290187e+00 1.369125127938287945e-02
5.300300300300300194e+00 1.378263762710616770e-02
5.310310310310310200e+00 1.387402397482945422e-02
5.320320320320320207e+00 1.396596123971772380e-02
5.330330330330330213e+00 1.405882339018674210e-02
5.340340340340340219e+00 1.415168554065576213e-02
5.350350350350350226e+00 1.424508154567500143e-02
5.360360360360360232e+00 1.433940631135010441e-02
5.370370370370370239e+00 1.443373107702520738e-02
5.380380380380380245e+00 1.452857277268327675e-02
5.390390390390390252e+00 1.462434673931987429e-02
5.400400400400400258e+00 1.472012070595647010e-02
5.410410410410410265e+00 1.481639482502779270e-02
5.420420420420420271e+00 1.491360436122445531e-02
5.430430430430430278e+00 1.501081389742111617e-02
5.440440440440440284e+00 1.510850696411383635e-02
5.450450450450450290e+00 1.520713823067233392e-02
5.460460460460460297e+00 1.530576949723082975e-02
5.470470470470470303e+00 1.540486783617655078e-02
5.480480480480480310e+00 1.550490679528244119e-02
5.490490490490490316e+00 1.560494575438833159e-02
5.500500500500500323e+00 1.570543549946275610e-02
5.510510510510510329e+00 1.580686792369548690e-02
5.520520520520520336e+00 1.590830034792821424e-02
5.530530530530530342e+00 1.601016745091120297e-02
5.540540540540540349e+00 1.611297893209273288e-02
5.550550550550550355e+00 1.621579041327426279e-02
5.560560560560560361e+00 1.631902065235791427e-02
5.570570570570570368e+00 1.642319661024887675e-02
5.580580580580580374e+00 1.652737256813983924e-02
5.590590590590590381e+00 1.663195155629310779e-02
5.600600600600600387e+00 1.673747724714555810e-02
5.610610610610610394e+00 1.684300293799800841e-02
5.620620620620620400e+00 1.694891613119646825e-02
5.630630630630630407e+00 1.705577665617227789e-02
5.640640640640640413e+00 1.716263718114808406e-02
5.650650650650650419e+00 1.726986988647740209e-02
5.660660660660660426e+00 1.737805019994085459e-02
5.670670670670670432e+00 1.748623051340430015e-02
5.680680680680680439e+00 1.759476789704550459e-02
5.690690690690690445e+00 1.770425281473897439e-02
5.700700700700700452e+00 1.781373773243244071e-02
5.710710710710710458e+00 1.792356482753734367e-02
5.720720720720720465e+00 1.803433903464841254e-02
5.730730730730730471e+00 1.814511324175948487e-02
5.740740740740740478e+00 1.825621495622411355e-02
5.750750750750750484e+00 1.836826301535214243e-02
5.760760760760760490e+00 1.848031107448017477e-02
5.770770770770770497e+00 1.859267219862384760e-02
5.780780780780780503e+00 1.870597855765395931e-02
5.790790790790790510e+00 1.881928491668407449e-02
5.800800800800800516e+00 1.893289013084148084e-02
5.810810810810810523e+00 1.904743913073352057e-02
5.820820820820820529e+00 1.916198813062556031e-02
5.830830830830830536e+00 1.927682201265907419e-02
5.840840840840840542e+00 1.939259789515866347e-02
5.850850850850850549e+00 1.950837377765824582e-02
5.860860860860860555e+00 1.962442081039705508e-02
5.870870870870870561e+00 1.974140772567563318e-02
5.880880880880880568e+00 1.985839464095421475e-02
5.890890890890890574e+00 1.997563921956677438e-02
5.900900900900900581e+00 2.009382123379701776e-02
5.910910910910910587e+00 2.021200324802726114e-02
5.920920920920920594e+00 2.033042968733313541e-02
5.930930930930930600e+00 2.044979079020606272e-02
5.940940940940940607e+00 2.056915189307898656e-02
5.950950950950950613e+00 2.068874443480582179e-02
5.960960960960960620e+00 2.080926854699487183e-02
5.970970970970970626e+00 2.092979265918391840e-02
5.980980980980980632e+00 2.105053547917470902e-02
5.990990990990990639e+00 2.117220645975256138e-02
6.001001001001000645e+00 2.129387744033040680e-02
6.011011011011010652e+00 2.141575465570628306e-02
6.021021021021020658e+00 2.153855630951891781e-02
6.031031031031030665e+00 2.166135796333155256e-02
6.041041041041040671e+00 2.178435363961439553e-02
6.051051051051050678e+00 2.190826972461719716e-02
6.061061061061060684e+00 2.203218580962000225e-02
6.071071071071070691e+00 2.215628396781935128e-02
6.081081081081080697e+00 2.228129820237912534e-02
6.091091091091090703e+00 2.240631243693889940e-02
6.101101101101100710e+00 2.253149706060677063e-02
6.111111111111110716e+00 2.265759313077351372e-02
6.121121121121120723e+00 2.278368920094025682e-02
6.131131131131130729e+00 2.290994424319748798e-02
6.141141141141140736e+00 2.303710580994926260e-02
6.151151151151150742e+00 2.316426737670104069e-02
6.161161161161160749e+00 2.329157676723822568e-02
6.171171171171170755e+00 2.341978747370189809e-02
6.181181181181180762e+00 2.354799818016557744e-02
6.191191191191190768e+00 2.367634583222123432e-02
6.201201201201200774e+00 2.380558931087183028e-02
6.211211211211210781e+00 2.393483278952242277e-02
6.221221221221220787e+00 2.406420260684096271e-02
6.231231231231230794e+00 2.419446248668179200e-02
6.241241241241240800e+00 2.432472236652262129e-02
6.251251251251250807e+00 2.445509825029404394e-02
6.261261261261260813e+00 2.458635816401930074e-02
6.271271271271270820e+00 2.471761807774455061e-02
6.281281281281280826e+00 2.484898393352754156e-02
6.291291291291290833e+00 2.498122752466909458e-02
6.301301301301300839e+00 2.511347111581065106e-02
6.311311311311310845e+00 2.524581086044063588e-02
6.321321321321320852e+00 2.537902179050000387e-02
6.331331331331330858e+00 2.551223272055936839e-02
6.341341341341340865e+00 2.564553028904242860e-02
6.351351351351350871e+00 2.577969224460886430e-02
6.361361361361360878e+00 2.591385420017530000e-02
6.371371371371370884e+00 2.604809355256884271e-02
6.381381381381380891e+00 2.618319025242399345e-02
6.391391391391390897e+00 2.631828695227914766e-02
6.401401401401400904e+00 2.645345208055970704e-02
6.411411411411410910e+00 2.658946728276926144e-02
6.421421421421420916e+00 2.672548248497881931e-02
6.431431431431430923e+00 2.686155741989736806e-02
6.441441441441440929e+00 2.699847492888930028e-02
6.451451451451450936e+00 2.713539243788122904e-02
6.461461461461460942e+00 2.727236125580567022e-02
6.471471471471470949e+00 2.741016492943515459e-02
6.481481481481480955e+00 2.754796860306463896e-02
6.491491491491490962e+00 2.768581543280946439e-02
6.501501501501500968e+00 2.782448918940959998e-02
6.511511511511510975e+00 2.796316294600973903e-02
6.521521521521520981e+00 2.810187197565203882e-02
6.531531531531530987e+00 2.824139980106967970e-02
6.541541541541540994e+00 2.838092762648731712e-02
6.551551551551551000e+00 2.852048311016849164e-02
6.561561561561561007e+00 2.866084906478412117e-02
6.571571571571571013e+00 2.880121501939975417e-02
6.581581581581581020e+00 2.894160128411191538e-02
6.591591591591591026e+00 2.908278950984225647e-02
6.601601601601601033e+00 2.922397773557259409e-02
6.611611611611611927e+00 2.936517918792839327e-02
6.621621621621621934e+00 2.950717391521023511e-02
6.631631631631631940e+00 2.964916864249207695e-02
6.641641641641641947e+00 2.979116977547644624e-02
6.651651651651651953e+00 2.993395533023024066e-02
6.661661661661661959e+00 3.007674088498403855e-02
6.671671671671671966e+00 3.021952643973783645e-02
6.681681681681681972e+00 3.036308709525755226e-02
6.691691691691691979e+00 3.050664790582843094e-02
6.701701701701701985e+00 3.065020871639931310e-02
6.711711711711711992e+00 3.079452286222933433e-02
6.721721721721721998e+00 3.093884346630413826e-02
6.731731731731732005e+00 3.108316407037894219e-02
6.741741741741742011e+00 3.122821661515993649e-02
6.751751751751752018e+00 3.137328166665763474e-02
6.761761761761762024e+00 3.151834671815533645e-02
6.771771771771772030e+00 3.166412269055529638e-02
6.781781781781782037e+00 3.180991696648859113e-02
6.791791791791792043e+00 3.195571124242189281e-02
6.801801801801802050e+00 3.210219579773972848e-02
6.811811811811812056e+00 3.224870420504540036e-02
6.821821821821822063e+00 3.239521261235107225e-02
6.831831831831832069e+00 3.254239103908770220e-02
6.841841841841842076e+00 3.268959862142307299e-02
6.851851851851852082e+00 3.283680620375844378e-02
6.861861861861862089e+00 3.298466393015294512e-02
6.871871871871872095e+00 3.313255587465582797e-02
6.881881881881882101e+00 3.328044781915871081e-02
6.891891891891892108e+00 3.342897041968674599e-02
6.901901901901902114e+00 3.357753206369600701e-02
6.911911911911912121e+00 3.372609370770527498e-02
6.921921921921922127e+00 3.387526690953714809e-02
6.931931931931932134e+00 3.402448374727108649e-02
6.941941941941942140e+00 3.417370058500502489e-02
6.951951951951952147e+00 3.432351027442034214e-02
6.961961961961962153e+00 3.447336796360966210e-02
6.971971971971972160e+00 3.462322565279898207e-02
6.981981981981982166e+00 3.477365788155535598e-02
6.991991991991992172e+00 3.492414225002810069e-02
7.002002002002002179e+00 3.507462661850084540e-02
7.012012012012012185e+00 3.522566761015335363e-02
7.022022022022022192e+00 3.537676466236826939e-02
7.032032032032032198e+00 3.552786171458319209e-02
7.042042042042042205e+00 3.567949787075193335e-02
7.052052052052052211e+00 3.583119379427748136e-02
7.062062062062062218e+00 3.598288971780302242e-02
7.072072072072072224e+00 3.613510762438531393e-02
7.082082082082082231e+00 3.628738879632072145e-02
7.092092092092092237e+00 3.643966996825611510e-02
7.102102102102102243e+00 3.659245640158063917e-02
7.112112112112112250e+00 3.674530939491613829e-02
7.122122122122122256e+00 3.689816238825163741e-02
7.132132132132132263e+00 3.705150432117133158e-02
7.142142142142142269e+00 3.720491591108423396e-02
7.152152152152152276e+00 3.735832750099712940e-02
7.162162162162162282e+00 3.751221210891739211e-02
7.172172172172172289e+00 3.766616927900025280e-02
7.182182182182182295e+00 3.782012644908312043e-02
7.192192192192192302e+00 3.797454111592275111e-02
7.202202202202202308e+00 3.812903106434120670e-02
7.212212212212212314e+00 3.828352101275966229e-02
7.222222222222222321e+00 3.843845333684085819e-02
7.232232232232232327e+00 3.859346348241681629e-02
7.242242242242242334e+00 3.874847362799276745e-02
7.252252252252252340e+00 3.890391142785742246e-02
7.262262262262262347e+00 3.905942941607524338e-02
7.272272272272272353e+00 3.921494740429305043e-02
7.282282282282282360e+00 3.937087872444194891e-02
7.292292292292292366e+00 3.952689243337347003e-02
7.302302302302302373e+00 3.968290614230499808e-02
7.312312312312312379e+00 3.983931925885709352e-02
7.322322322322322385e+00 3.999581680500312320e-02
7.332332332332332392e+00 4.015231435114914593e-02
7.342342342342342398e+00 4.030919777741744092e-02
7.352352352352352405e+00 4.046616752146148938e-02
7.362362362362362411e+00 4.062313726550553089e-02
7.372372372372372418e+00 4.078047975748678305e-02
7.382382382382382424e+00 4.093791030995856672e-02
7.392392392392392431e+00 4.109534086243035733e-02
7.402402402402402437e+00 4.125313142420542617e-02
7.412412412412412444e+00 4.141101165105053050e-02
7.422422422422422450e+00 4.156889187789563483e-02
7.432432432432432456e+00 4.172711976693763841e-02
7.442442442442442463e+00 4.188543879499047329e-02
7.452452452452452469e+00 4.204375782304331510e-02
7.462462462462462476e+00 4.220241255543027287e-02
7.472472472472472482e+00 4.236115977778683733e-02
7.482482482482482489e+00 4.251990700014340180e-02
7.492492492492492495e+00 4.267897835567283082e-02
7.502502502502502502e+00 4.283814343696050464e-02
7.512512512512512508e+00 4.299730851824818539e-02
7.522522522522522515e+00 4.315678654545051368e-02
7.532532532532532521e+00 4.331635942699182951e-02
7.542542542542542527e+00 4.347593230853315227e-02
7.552552552552552534e+00 4.363580732958132619e-02
7.562562562562562540e+00 4.379577823444875256e-02
7.572572572572572547e+00 4.395574913931617894e-02
7.582582582582582553e+00 4.411601175482842557e-02
7.592592592592592560e+00 4.427637119278696881e-02
7.602602602602602566e+00 4.443673063074552593e-02
7.612612612612612573e+00 4.459737172447892500e-02
7.622622622622622579e+00 4.475811049681437115e-02
7.632632632632632586e+00 4.491884926914982423e-02
7.642642642642642592e+00 4.507986001258176834e-02
7.652652652652652598e+00 4.524096921681111660e-02
7.662662662662662605e+00 4.540207842104045793e-02
7.672672672672672611e+00 4.556345027783550300e-02
7.682682682682682618e+00 4.572492131229725226e-02
7.692692692692692624e+00 4.588639234675899459e-02
7.702702702702702631e+00 4.604811707711879004e-02
7.712712712712712637e+00 4.620994164544067750e-02
7.722722722722722644e+00 4.637176621376256497e-02
7.732732732732732650e+00 4.653383587865614346e-02
7.742742742742742657e+00 4.669600599409728936e-02
7.752752752752752663e+00 4.685817610953843526e-02
7.762762762762762669e+00 4.702058307481080113e-02
7.772772772772772676e+00 4.718309106447622636e-02
7.782782782782782682e+00 4.734559905414165160e-02
7.792792792792792689e+00 4.750833599449821865e-02
7.802802802802802695e+00 4.767117450342326507e-02
7.812812812812812702e+00 4.783401301234831149e-02
7.822822822822822708e+00 4.799707291521305291e-02
7.832832832832832715e+00 4.816023491031532627e-02
7.842842842842842721e+00 4.832339690541758576e-02
7.852852852852852727e+00 4.848677307466300185e-02
7.862862862862862734e+00 4.865025184856004714e-02
7.872872872872872740e+00 4.881373062245708550e-02
7.882882882882882747e+00 4.897741668200364384e-02
7.892892892892892753e+00 4.914120585669362606e-02
7.902902902902902760e+00 4.930499503138360134e-02
7.912912912912912766e+00 4.946898492866706742e-02
7.922922922922922773e+00 4.963307845907120180e-02
7.932932932932932779e+00 4.979717198947532925e-02
7.942942942942942786e+00 4.996145999878000288e-02
7.952952952952952792e+00 5.012585217614441702e-02
7.962962962962962798e+00 5.029024435350884503e-02
7.972972972972972805e+00 5.045482507916491249e-02
7.982982982982982811e+00 5.061951053432004605e-02
7.992992992992992818e+00 5.078419598947517960e-02
8.003003003003001936e+00 5.094906436891883522e-02
8.013013013013011943e+00 5.111403807539533634e-02
8.023023023023021949e+00 5.127901178187183745e-02
8.033033033033031955e+00 5.144416308856644693e-02
8.043043043043041962e+00 5.160942036556524087e-02
8.053053053053051968e+00 5.177467764256404176e-02
8.063063063063061975e+00 5.194010748878074429e-02
8.073073073073071981e+00 5.210564400399622653e-02
8.083083083083081988e+00 5.227118051921170183e-02
8.093093093093091994e+00 5.243688485866859761e-02
8.103103103103102001e+00 5.260269663096364678e-02
8.113113113113112007e+00 5.276850840325869596e-02
8.123123123123122014e+00 5.293448353361699527e-02
8.133133133133132020e+00 5.310056693554830731e-02
8.143143143143142026e+00 5.326665033747961936e-02
8.153153153153152033e+00 5.343289290269574721e-02
8.163163163163162039e+00 5.359924466288842893e-02
8.173173173173172046e+00 5.376559642308110371e-02
8.183183183183182052e+00 5.393210341561375382e-02
8.193193193193192059e+00 5.409872062098422529e-02
8.203203203203202065e+00 5.426533782635470371e-02
8.213213213213213848e+00 5.443210658922603695e-02
8.223223223223223854e+00 5.459898668705241709e-02
8.233233233233233861e+00 5.476586678487879722e-02
8.243243243243243867e+00 5.493289501358858407e-02
8.253253253253253874e+00 5.510003581342729634e-02
8.263263263263263880e+00 5.526717661326600167e-02
8.273273273273273887e+00 5.543446235755862539e-02
8.283283283283283893e+00 5.560186203300709895e-02
8.293293293293293900e+00 5.576926170845557251e-02
8.303303303303303906e+00 5.593680337393865110e-02
8.313313313313313913e+00 5.610446046424317351e-02
8.323323323323323919e+00 5.627211755454769593e-02
8.333333333333333925e+00 5.643991390416216308e-02
8.343343343343343932e+00 5.660782731567032960e-02
8.353353353353353938e+00 5.677574072717851000e-02
8.363363363363363945e+00 5.694379088251979443e-02
8.373373373373373951e+00 5.711195988997769951e-02
8.383383383383383958e+00 5.728012889743561153e-02
8.393393393393393964e+00 5.744843233992537324e-02
8.403403403403403971e+00 5.761685658761842022e-02
8.413413413413413977e+00 5.778528083531148107e-02
8.423423423423423984e+00 5.795383740721993249e-02
8.433433433433433990e+00 5.812251690995812181e-02
8.443443443443443996e+00 5.829119641269631807e-02
8.453453453453454003e+00 5.846000631801498426e-02
8.463463463463464009e+00 5.862894146196170886e-02
8.473473473473474016e+00 5.879787660590843346e-02
8.483483483483484022e+00 5.896694041107328199e-02
8.493493493493494029e+00 5.913613195441839998e-02
8.503503503503504035e+00 5.930532349776353185e-02
8.513513513513514042e+00 5.947464213222872220e-02
8.523523523523524048e+00 5.964409120570569184e-02
8.533533533533534055e+00 5.981354027918266147e-02
8.543543543543544061e+00 5.998311503584499021e-02
8.553553553553554067e+00 6.015282314309226830e-02
8.563563563563564074e+00 6.032253125033956026e-02
8.573573573573574080e+00 6.049236378581400453e-02
8.583583583583584087e+00 6.066233280358166585e-02
8.593593593593594093e+00 6.083230182134932024e-02
8.603603603603604100e+00 6.100239415609617910e-02
8.613613613613614106e+00 6.117262633429747937e-02
8.623623623623624113e+00 6.134285851249877963e-02
8.633633633633634119e+00 6.151321303080263536e-02
8.643643643643644126e+00 6.168371099241161393e-02
8.653653653653654132e+00 6.185420895402059943e-02
8.663663663663664138e+00 6.202482840382201462e-02
8.673673673673674145e+00 6.219559514461781013e-02
8.683683683683684151e+00 6.236636188541360565e-02
8.693693693693694158e+00 6.253724937799416683e-02
8.703703703703704164e+00 6.270828826615253149e-02
8.713713713713714171e+00 6.287932715431089614e-02
8.723723723723724177e+00 6.305048616383228388e-02
8.733733733733734184e+00 6.322180093936549672e-02
8.743743743743744190e+00 6.339311571489872343e-02
8.753753753753754197e+00 6.356455007779678035e-02
8.763763763763764203e+00 6.373614485184282696e-02
8.773773773773774209e+00 6.390773962588888746e-02
8.783783783783784216e+00 6.407945354012374584e-02
8.793793793793794222e+00 6.425133279408572207e-02
8.803803803803804229e+00 6.442321204804769830e-02
8.813813813813814235e+00 6.459521007221086242e-02
8.823823823823824242e+00 6.476737865674818406e-02
8.833833833833834248e+00 6.493954724128550571e-02
8.843843843843844255e+00 6.511183429356526275e-02
8.853853853853854261e+00 6.528429742743732667e-02
8.863863863863864268e+00 6.545676056130940446e-02
8.873873873873874274e+00 6.562934191831551467e-02
8.883883883883884280e+00 6.580210518707976797e-02
8.893893893893894287e+00 6.597486845584402126e-02
8.903903903903904293e+00 6.614774975129320000e-02
8.913913913913914300e+00 6.632081910585867213e-02
8.923923923923924306e+00 6.649388846042414425e-02
8.933933933933934313e+00 6.666707568368790415e-02
8.943943943943944319e+00 6.684045743872595036e-02
8.953953953953954326e+00 6.701383919376398268e-02
8.963963963963964332e+00 6.718733868827980737e-02
8.973973973973974338e+00 6.736103952049339594e-02
8.983983983983984345e+00 6.753474035270699838e-02
8.993993993993994351e+00 6.770855881425486000e-02
9.004004004004004358e+00 6.788258576050859583e-02
9.014014014014014364e+00 6.805661270676233165e-02
9.024024024024024371e+00 6.823075718160816205e-02
9.034034034034034377e+00 6.840511763692007363e-02
9.044044044044044384e+00 6.857947809223197133e-02
9.054054054054054390e+00 6.875395597513943302e-02
9.064064064064064397e+00 6.892865769053720115e-02
9.074074074074074403e+00 6.910335940593498316e-02
9.084084084084084409e+00 6.927817843804771891e-02
9.094094094094094416e+00 6.945322951829052682e-02
9.104104104104104422e+00 6.962828059853332086e-02
9.114114114114114429e+00 6.980344886512929170e-02
9.124124124124124435e+00 6.997885776629782228e-02
9.134134134134134442e+00 7.015426666746635287e-02
9.144144144144144448e+00 7.032979259558629070e-02
9.154154154154154455e+00 7.050556812254250849e-02
9.164164164164164461e+00 7.068134364949869852e-02
9.174174174174174468e+00 7.085723600545050516e-02
9.184184184184184474e+00 7.103338730916970711e-02
9.194194194194194480e+00 7.120953861288889519e-02
9.204204204204204487e+00 7.138580649963018054e-02
9.214214214214214493e+00 7.156234307440723086e-02
9.224224224224224500e+00 7.173887964918426730e-02
9.234234234234234506e+00 7.191553250358502514e-02
9.244244244244244513e+00 7.209246418411714707e-02
9.254254254254254519e+00 7.226939586464925513e-02
9.264264264264264526e+00 7.244644345463681356e-02
9.274274274274274532e+00 7.262378041298518661e-02
9.284284284284284539e+00 7.280111737133354577e-02
9.294294294294294545e+00 7.297856979292205448e-02
9.304304304304304551e+00 7.315632253535456209e-02
9.314314314314314558e+00 7.333407527778706969e-02
9.324324324324324564e+00 7.351194295199377227e-02
9.334334334334334571e+00 7.369012231571137050e-02
9.344344344344344577e+00 7.386830167942896874e-02
9.354354354354354584e+00 7.404659534907943874e-02
9.364364364364364590e+00 7.422521249882864380e-02
9.374374374374374597e+00 7.440382964857784887e-02
9.384384384384384603e+00 7.458256037500266000e-02
9.394394394394394610e+00 7.476162679957622237e-02
9.404404404404404616e+00 7.494069322414981249e-02
9.414414414414414622e+00 7.511987238377500209e-02
9.424424424424424629e+00 7.529939989240425069e-02
9.434434434434434635e+00 7.547892740103352704e-02
9.444444444444444642e+00 7.565856668186737854e-02
9.454454454454454648e+00 7.583856740050760881e-02
9.464464464464464655e+00 7.601856811914785295e-02
9.474474474474474661e+00 7.619867951716612076e-02
9.484484484484484668e+00 7.637916588467881518e-02
9.494494494494494674e+00 7.655965225219150960e-02
9.504504504504504681e+00 7.674024806762411166e-02
9.514514514514514687e+00 7.692123283185764437e-02
9.524524524524524693e+00 7.710221759609117709e-02
9.534534534534534700e+00 7.728331042961227026e-02
9.544544544544544706e+00 7.746480664338470379e-02
9.554554554554554713e+00 7.764630285715716507e-02
9.564564564564564719e+00 7.782790560598196183e-02
9.574574574574574726e+00 7.800992662296796221e-02
9.584584584584584732e+00 7.819194763995396258e-02
9.594594594594594739e+00 7.837407349384398203e-02
9.604604604604604745e+00 7.855663296436887766e-02
9.614614614614614752e+00 7.873919243489380104e-02
9.624624624624624758e+00 7.892185487207392658e-02
9.634634634634634764e+00 7.910496673881789453e-02
9.644644644644644771e+00 7.928807860556184861e-02
9.654654654654654777e+00 7.947129138855145436e-02
9.664664664664664784e+00 7.965496988216602681e-02
9.674674674674674790e+00 7.983864837578061313e-02
9.684684684684684797e+00 8.002242554714142364e-02
9.694694694694694803e+00 8.020668518178213080e-02
9.704704704704704810e+00 8.039094481642281020e-02
9.714714714714714816e+00 8.057530069442646325e-02
9.724724724724724823e+00 8.076015626320313945e-02
9.734734734734734829e+00 8.094501183197982952e-02
9.744744744744744835e+00 8.112996100619739026e-02
9.754754754754754842e+00 8.131542757654640352e-02
9.764764764764764848e+00 8.150089414689543066e-02
9.774774774774774855e+00 8.168645147371209059e-02
9.784784784784784861e+00 8.187254438269214729e-02
9.794794794794794868e+00 8.205863729167221787e-02
9.804804804804804874e+00 8.224481788972941299e-02
9.814814814814814881e+00 8.243155273924486492e-02
9.824824824824824887e+00 8.261828758876030299e-02
9.834834834834834894e+00 8.280510683432851238e-02
9.844844844844844900e+00 8.299249948628183160e-02
9.854854854854854906e+00 8.317989213823513694e-02
9.864864864864864913e+00 8.336736566051938802e-02
9.874874874874874919e+00 8.355543223189722257e-02
9.884884884884884926e+00 8.374349880327507101e-02
9.894894894894894932e+00 8.393164247965678726e-02
9.904904904904904939e+00 8.412039933755106891e-02
9.914914914914914945e+00 8.430915619544533668e-02
9.924924924924924952e+00 8.449798614666248486e-02
9.934934934934934958e+00 8.468744990323039123e-02
9.944944944944944965e+00 8.487691365979831148e-02
9.954954954954954971e+00 8.506644624506704000e-02
9.964964964964964977e+00 8.525663375243235087e-02
9.974974974974974984e+00 8.544682125979767562e-02
9.984984984984984990e+00 8.563707307187823359e-02
9.994994994994994997e+00 8.582800141697682905e-02
1.000500500500500500e+01 8.601892976207543839e-02
1.001501501501501501e+01 8.620991762228458200e-02
1.002502502502502502e+01 8.640160412165773240e-02
1.003503503503503502e+01 8.659329062103085506e-02
1.004504504504504503e+01 8.678503157420448810e-02
1.005505505505505504e+01 8.697749376874150395e-02
1.006506506506506504e+01 8.716995596327853368e-02
1.007507507507507505e+01 8.736246727268608125e-02
1.008508508508508505e+01 8.755572292232054188e-02
1.009509509509509506e+01 8.774897857195498863e-02
1.010510510510510507e+01 8.794227771416922301e-02
1.011511511511511507e+01 8.813634479253085185e-02
1.012512512512512508e+01 8.833041187089246682e-02
1.013513513513513509e+01 8.852451653061715886e-02
1.014514514514514509e+01 8.871941321964220417e-02
1.015515515515515510e+01 8.891430990866727724e-02
1.016516516516516511e+01 8.910923797352503228e-02
1.017517517517517511e+01 8.930498265802848390e-02
1.018518518518518512e+01 8.950072734253193552e-02
1.019519519519519513e+01 8.969649689781561408e-02
1.020520520520520513e+01 8.989310816002744897e-02
1.021521521521521514e+01 9.008971942223926999e-02
1.022522522522522515e+01 9.028634874562897761e-02
1.023523523523523515e+01 9.048384535969773712e-02
1.024524524524524516e+01 9.068134197376649663e-02
1.025525525525525516e+01 9.087884953001526545e-02
1.026526526526526517e+01 9.107725045648143447e-02
1.027527527527527518e+01 9.127565138294760350e-02
1.028528528528528518e+01 9.147405581853811085e-02
1.029529529529529519e+01 9.167338019878004673e-02
1.030530530530530520e+01 9.187270457902196874e-02
1.031531531531531520e+01 9.207202895926390462e-02
1.032532532532532521e+01 9.227229186745235234e-02
1.033533533533533522e+01 9.247255901810765011e-02
1.034534534534534522e+01 9.267282616876294787e-02
1.035535535535535523e+01 9.287404325924208948e-02
1.036536536536536524e+01 9.307527266660710341e-02
1.037537537537537524e+01 9.327650207397211735e-02
1.038538538538538525e+01 9.347869267014342898e-02
1.039539539539539525e+01 9.368090398455340695e-02
1.040540540540540526e+01 9.388311529896337104e-02
1.041541541541541527e+01 9.408629887871190756e-02
1.042542542542542527e+01 9.428951190890445810e-02
1.043543543543543528e+01 9.449272493909700865e-02
1.044544544544544529e+01 9.469692112932839856e-02
1.045545545545545529e+01 9.490115583679294142e-02
1.046546546546546530e+01 9.510539054425749816e-02
1.047547547547547531e+01 9.531061911542453025e-02
1.048548548548548531e+01 9.551589560874074181e-02
1.049549549549549532e+01 9.572117210205693949e-02
1.050550550550550533e+01 9.592745296267678190e-02
1.051551551551551533e+01 9.613379149184327066e-02
1.052552552552552534e+01 9.634013002100977330e-02
1.053553553553553535e+01 9.654748321217586360e-02
1.054554554554554535e+01 9.675490416293354434e-02
1.055555555555555536e+01 9.696232511369122509e-02
1.056556556556556536e+01 9.717077080358071939e-02
1.057557557557557537e+01 9.737929469173135788e-02
1.058558558558558538e+01 9.758781857988199637e-02
1.059559559559559538e+01 9.779737705826227478e-02
1.060560560560560539e+01 9.800702452398633857e-02
1.061561561561561540e+01 9.821667198971043011e-02
1.062562562562562540e+01 9.842736366244593527e-02
1.063563563563563541e+01 9.863815546462093020e-02
1.064564564564564542e+01 9.884894726679589738e-02
1.065565565565565542e+01 9.906079265035852566e-02
1.066566566566566543e+01 9.927274966088085739e-02
1.067567567567567544e+01 9.948470667140316137e-02
1.068568568568568544e+01 9.969772638738760850e-02
1.069569569569569545e+01 9.991086958550021713e-02
1.070570570570570545e+01 1.001240127836128257e-01
1.071571571571571546e+01 1.003382275532595513e-01
1.072572572572572547e+01 1.005525780198873870e-01
1.073573573573573547e+01 1.007669284865152087e-01
1.074574574574574548e+01 1.009823591252430042e-01
1.075575575575575549e+01 1.011979380373387583e-01
1.076576576576576549e+01 1.014135169494345401e-01
1.077577577577577550e+01 1.016301843613847539e-01
1.078578578578578551e+01 1.018470129862870110e-01
1.079579579579579551e+01 1.020638416111892544e-01
1.080580580580580552e+01 1.022817667837841032e-01
1.081581581581581553e+01 1.024998664735902593e-01
1.082582582582582553e+01 1.027179661633964014e-01
1.083583583583583554e+01 1.029371701619126722e-01
1.084584584584584555e+01 1.031565623478683108e-01
1.085585585585585555e+01 1.033759545338239355e-01
1.086586586586586556e+01 1.035964584959848250e-01
1.087587587587587556e+01 1.038171646828922046e-01
1.088588588588588557e+01 1.040378708697995841e-01
1.089589589589589558e+01 1.042596960003862594e-01
1.090590590590590558e+01 1.044817377610335746e-01
1.091591591591591559e+01 1.047037795216808759e-01
1.092592592592592560e+01 1.049269470871653509e-01
1.093593593593593560e+01 1.051503460567785042e-01
1.094594594594594561e+01 1.053737450263916714e-01
1.095595595595595562e+01 1.055982763495938032e-01
1.096596596596596562e+01 1.058230542203138641e-01
1.097597597597597563e+01 1.060478320910339112e-01
1.098598598598598564e+01 1.062737485458032233e-01
1.099599599599599564e+01 1.064999270611895893e-01
1.100600600600600565e+01 1.067261055765759553e-01
1.101601601601601566e+01 1.069534285825007869e-01
1.102602602602602566e+01 1.071810295320636958e-01
1.103603603603603567e+01 1.074086304816266046e-01
1.104604604604604567e+01 1.076373814987720418e-01
1.105605605605605568e+01 1.078664267125350323e-01
1.106606606606606569e+01 1.080954719262980368e-01
1.107607607607607569e+01 1.083256724499745971e-01
1.108608608608608570e+01 1.085561837930695134e-01
1.109609609609609571e+01 1.087866951361644435e-01
1.110610610610610571e+01 1.090183666917285410e-01
1.111611611611611572e+01 1.092503660590240372e-01
1.112612612612612573e+01 1.094823654263195334e-01
1.113613613613613573e+01 1.097155295640082351e-01
1.114614614614614574e+01 1.099490388747743214e-01
1.115615615615615575e+01 1.101825481855403938e-01
1.116616616616616575e+01 1.104172264753411487e-01
1.117617617617617576e+01 1.106522676679506101e-01
1.118618618618618576e+01 1.108873088605600715e-01
1.119619619619619577e+01 1.111235228871175762e-01
1.120620620620620578e+01 1.113601179137864439e-01
1.121621621621621578e+01 1.115967129404553254e-01
1.122622622622622579e+01 1.118344842980164427e-01
1.123623623623623580e+01 1.120726551195845022e-01
1.124624624624624580e+01 1.123108259411525617e-01
1.125625625625625581e+01 1.125501762285513740e-01
1.126626626626626582e+01 1.127899448093049317e-01
1.127627627627627582e+01 1.130297133900585171e-01
1.128628628628628583e+01 1.132706642057423885e-01
1.129629629629629584e+01 1.135120525082801979e-01
1.130630630630630584e+01 1.137534408108179795e-01
1.131631631631631585e+01 1.139960137479160557e-01
1.132632632632632586e+01 1.142390437280595972e-01
1.133633633633633586e+01 1.144820737082031109e-01
1.134634634634634587e+01 1.147262903496387015e-01
1.135635635635635587e+01 1.149709839513889525e-01
1.136636636636636588e+01 1.152156775531392036e-01
1.137637637637637589e+01 1.154615594667874057e-01
1.138638638638638589e+01 1.157079386173290730e-01
1.139639639639639590e+01 1.159543177678707404e-01
1.140640640640640591e+01 1.162018865017620528e-01
1.141641641641641769e+01 1.164499731065159610e-01
1.142642642642642770e+01 1.166980597112698276e-01
1.143643643643643770e+01 1.169473367888414495e-01
1.144644644644644771e+01 1.171971527265670693e-01
1.145645645645645772e+01 1.174469686642926752e-01
1.146646646646646772e+01 1.176979755796883492e-01
1.147647647647647773e+01 1.179495426976375494e-01
1.148648648648648773e+01 1.182011098155867634e-01
1.149649649649649774e+01 1.184538680290062179e-01
1.150650650650650775e+01 1.187072081381287669e-01
1.151651651651651775e+01 1.189605482472513159e-01
1.152652652652652776e+01 1.192150791803505139e-01
1.153653653653653777e+01 1.194702140505531363e-01
1.154654654654654777e+01 1.197253489207557725e-01
1.155655655655655778e+01 1.199816739520988412e-01
1.156656656656656779e+01 1.202386253075585359e-01
1.157657657657657779e+01 1.204955766630182445e-01
1.158658658658658780e+01 1.207537171235821549e-01
1.159659659659659781e+01 1.210125066381146919e-01
1.160660660660660781e+01 1.212712961526472288e-01
1.161661661661661782e+01 1.215312733213800289e-01
1.162662662662662783e+01 1.217919226138647337e-01
1.163663663663663783e+01 1.220525719063494524e-01
1.164664664664664784e+01 1.223144070057829574e-01
1.165665665665665784e+01 1.225769376356447976e-01
1.166666666666666785e+01 1.228394682655066378e-01
1.167667667667667786e+01 1.231031824574246175e-01
1.168668668668668786e+01 1.233676159201741174e-01
1.169669669669669787e+01 1.236320493829236172e-01
1.170670670670670788e+01 1.238976637640857026e-01
1.171671671671671788e+01 1.241640214869176168e-01
1.172672672672672789e+01 1.244303792097495448e-01
1.173673673673673790e+01 1.246979148076725608e-01
1.174674674674674790e+01 1.249662181451247495e-01
1.175675675675675791e+01 1.252345214825769382e-01
1.176676676676676792e+01 1.255039992513735658e-01
1.177677677677677792e+01 1.257742694810455031e-01
1.178678678678678793e+01 1.260445397107174403e-01
1.179679679679679793e+01 1.263159805269928604e-01
1.180680680680680794e+01 1.265882388453256346e-01
1.181681681681681795e+01 1.268604971636583811e-01
1.182682682682682795e+01 1.271339218224665502e-01
1.183683683683683796e+01 1.274081893405846766e-01
1.184684684684684797e+01 1.276824568587028030e-01
1.185685685685685797e+01 1.279578860695615994e-01
1.186686686686686798e+01 1.282341838091768382e-01
1.187687687687687799e+01 1.285104815487920771e-01
1.188688688688688799e+01 1.287879359317589123e-01
1.189689689689689800e+01 1.290662848211375779e-01
1.190690690690690801e+01 1.293446337105162991e-01
1.191691691691691801e+01 1.296241337923242087e-01
1.192692692692692802e+01 1.299045546623171510e-01
1.193693693693693803e+01 1.301849755323100377e-01
1.194694694694694803e+01 1.304665417425650564e-01
1.195695695695695804e+01 1.307490553227025343e-01
1.196696696696696804e+01 1.310315689028399844e-01
1.197697697697697805e+01 1.313152215702799441e-01
1.198698698698698806e+01 1.315998484849303929e-01
1.199699699699699806e+01 1.318844753995808416e-01
1.200700700700700807e+01 1.321702347483961759e-01
1.201701701701701808e+01 1.324569955129898946e-01
1.202702702702702808e+01 1.327437562775835855e-01
1.203703703703703809e+01 1.330316424238006945e-01
1.204704704704704810e+01 1.333205574411191197e-01
1.205705705705705810e+01 1.336094724584375726e-01
1.206706706706706811e+01 1.338995054063647494e-01
1.207707707707707812e+01 1.341905949628948713e-01
1.208708708708708812e+01 1.344816845194250210e-01
1.209709709709709813e+01 1.347738841581617164e-01
1.210710710710710813e+01 1.350671684205174139e-01
1.211711711711711814e+01 1.353604526828731114e-01
1.212712712712712815e+01 1.356548387828823976e-01
1.213713713713713815e+01 1.359503377942904712e-01
1.214714714714714816e+01 1.362458368056985725e-01
1.215715715715715817e+01 1.365424290154428899e-01
1.216716716716716817e+01 1.368401626922971792e-01
1.217717717717717818e+01 1.371378963691514130e-01
1.218718718718718819e+01 1.374367142117932095e-01
1.219719719719719819e+01 1.377367023402747137e-01
1.220720720720720820e+01 1.380366904687562457e-01
1.221721721721721821e+01 1.383377533389214542e-01
1.222722722722722821e+01 1.386400155716850380e-01
1.223723723723723822e+01 1.389422778044486217e-01
1.224724724724724823e+01 1.392456049650550032e-01
1.225725725725725823e+01 1.395501608179840203e-01
1.226726726726726824e+01 1.398547166709130096e-01
1.227727727727727824e+01 1.401603272500629160e-01
1.228728728728728825e+01 1.404671960990903357e-01
1.229729729729729826e+01 1.407740649481177830e-01
1.230730730730730826e+01 1.410819779360549253e-01
1.231731731731731827e+01 1.413911790140520985e-01
1.232732732732732828e+01 1.417003800920492163e-01
1.233733733733733828e+01 1.420106143381806296e-01
1.234734734734734829e+01 1.423221667319133632e-01
1.235735735735735830e+01 1.426337191256461245e-01
1.236736736736736830e+01 1.429462933356278609e-01
1.237737737737737831e+01 1.432602159827798538e-01
1.238738738738738832e+01 1.435741386299318190e-01
1.239739739739739832e+01 1.438890713628201701e-01
1.240740740740740833e+01 1.442053830490837574e-01
1.241741741741741833e+01 1.445216947353473169e-01
1.242742742742742834e+01 1.448390044008138755e-01
1.243743743743743835e+01 1.451577237570484402e-01
1.244744744744744835e+01 1.454764431132829772e-01
1.245745745745745836e+01 1.457961479688948403e-01
1.246746746746746837e+01 1.461172934683526159e-01
1.247747747747747837e+01 1.464384389678104470e-01
1.248748748748748838e+01 1.467605571163745071e-01
1.249749749749749839e+01 1.470841470719928545e-01
1.250750750750750839e+01 1.474077370276111743e-01
1.251751751751751840e+01 1.477322864145831083e-01
1.252752752752752841e+01 1.480583389763452107e-01
1.253753753753753841e+01 1.483843915381072853e-01
1.254754754754754842e+01 1.487113899490649371e-01
1.255755755755755843e+01 1.490399231014264414e-01
1.256756756756756843e+01 1.493684562537880012e-01
1.257757757757757844e+01 1.496979213119686847e-01
1.258758758758758844e+01 1.500289528713522058e-01
1.259759759759759845e+01 1.503599844307357269e-01
1.260760760760760846e+01 1.506919335946380334e-01
1.261761761761761846e+01 1.510254812069933561e-01
1.262762762762762847e+01 1.513590288193486511e-01
1.263763763763763848e+01 1.516934793803975390e-01
1.264764764764764848e+01 1.520295605188291266e-01
1.265765765765765849e+01 1.523656416572607142e-01
1.266766766766766850e+01 1.527026107375369368e-01
1.267767767767767850e+01 1.530412426999979147e-01
1.268768768768768851e+01 1.533798746624588927e-01
1.269769769769769852e+01 1.537193792124916247e-01
1.270770770770770852e+01 1.540605791195427954e-01
1.271771771771771853e+01 1.544017790265939383e-01
1.272772772772772854e+01 1.547438358232164635e-01
1.273773773773773854e+01 1.550876206158522952e-01
1.274774774774774855e+01 1.554314054084881547e-01
1.275775775775775855e+01 1.557760310527568914e-01
1.276776776776776856e+01 1.561224174902965112e-01
1.277777777777777857e+01 1.564688039278361031e-01
1.278778778778778857e+01 1.568160148430123024e-01
1.279779779779779858e+01 1.571650195010555751e-01
1.280780780780780859e+01 1.575140241590989032e-01
1.281781781781781859e+01 1.578638365886925465e-01
1.282782782782782860e+01 1.582154758571415187e-01
1.283783783783783861e+01 1.585671151255905187e-01
1.284784784784784861e+01 1.589195451314665830e-01
1.285785785785785862e+01 1.592738352126111534e-01
1.286786786786786863e+01 1.596281252937557238e-01
1.287787787787787863e+01 1.599831887543021469e-01
1.288788788788788864e+01 1.603401456609702125e-01
1.289789789789789864e+01 1.606971025676383058e-01
1.290790790790790865e+01 1.610548151759953472e-01
1.291791791791791866e+01 1.614144547297665655e-01
1.292792792792792866e+01 1.617740942835378115e-01
1.293793793793793867e+01 1.621344715458887531e-01
1.294794794794794868e+01 1.624968093753721143e-01
1.295795795795795868e+01 1.628591472048555311e-01
1.296796796796796869e+01 1.632222044387779125e-01
1.297797797797797870e+01 1.635872559779520119e-01
1.298798798798798870e+01 1.639523075171260835e-01
1.299799799799799871e+01 1.643180598500031953e-01
1.300800800800800872e+01 1.646858403366190104e-01
1.301801801801801872e+01 1.650536208232347701e-01
1.302802802802802873e+01 1.654220831907271816e-01
1.303803803803803874e+01 1.657926076647739944e-01
1.304804804804804874e+01 1.661631321388207794e-01
1.305805805805805875e+01 1.665343192833976249e-01
1.306806806806806875e+01 1.669076025856293666e-01
1.307807807807807876e+01 1.672808858878611360e-01
1.308808808808808877e+01 1.676548123573899096e-01
1.309809809809809877e+01 1.680308691279141231e-01
1.310810810810810878e+01 1.684069258984383366e-01
1.311811811811811879e+01 1.687836060448341113e-01
1.312812812812812879e+01 1.691624507217603934e-01
1.313813813813813880e+01 1.695412953986867033e-01
1.314814814814814881e+01 1.699207433766185271e-01
1.315815815815815881e+01 1.703023901947687269e-01
1.316816816816816882e+01 1.706840370129189266e-01
1.317817817817817883e+01 1.710662667785751434e-01
1.318818818818818883e+01 1.714507297682519027e-01
1.319819819819819884e+01 1.718351927579287175e-01
1.320820820820820884e+01 1.722202180678382988e-01
1.321821821821821885e+01 1.726075110536539337e-01
1.322822822822822886e+01 1.729948040394695963e-01
1.323823823823823886e+01 1.733826384493810380e-01
1.324824824824824887e+01 1.737727750491452616e-01
1.325825825825825888e+01 1.741629116489094575e-01
1.326826826826826888e+01 1.745535685127259928e-01
1.327827827827827889e+01 1.749465621363908430e-01
1.328828828828828890e+01 1.753395557600557209e-01
1.329829829829829890e+01 1.757330482288254336e-01
1.330830830830830891e+01 1.761289120774894579e-01
1.331831831831831892e+01 1.765247759261534821e-01
1.332832832832832892e+01 1.769211169471158196e-01
1.333833833833833893e+01 1.773198640120836889e-01
1.334834834834834894e+01 1.777186110770515581e-01
1.335835835835835894e+01 1.781178133927371898e-01
1.336836836836836895e+01 1.785194564546371820e-01
1.337837837837837895e+01 1.789210995165371465e-01
1.338838838838838896e+01 1.793231756639231123e-01
1.339839839839839897e+01 1.797277272918804403e-01
1.340840840840840897e+01 1.801322789198378238e-01
1.341841841841841898e+01 1.805372412295560280e-01
1.342842842842842899e+01 1.809447137804210681e-01
1.343843843843843899e+01 1.813521863312861082e-01
1.344844844844844900e+01 1.817600469268844110e-01
1.345845845845845901e+01 1.821704525445161094e-01
1.346846846846846901e+01 1.825808581621478632e-01
1.347847847847847902e+01 1.829916289594041290e-01
1.348848848848848903e+01 1.834049795740079203e-01
1.349849849849849903e+01 1.838183301886117116e-01
1.350850850850850904e+01 1.842320228948997607e-01
1.351851851851851904e+01 1.846483302224185552e-01
1.352852852852852905e+01 1.850646375499373497e-01
1.353853853853853906e+01 1.854812636636440082e-01
1.354854854854854906e+01 1.859005392052028582e-01
1.355855855855855907e+01 1.863198147467616528e-01
1.356856856856856908e+01 1.867393855567550109e-01
1.357857857857857908e+01 1.871616405981577913e-01
1.358858858858858909e+01 1.875838956395605439e-01
1.359859859859859910e+01 1.880064222247080363e-01
1.360860860860860910e+01 1.884316678359861663e-01
1.361861861861861911e+01 1.888569134472643241e-01
1.362862862862862912e+01 1.892824066760005752e-01
1.363863863863863912e+01 1.897106537110131441e-01
1.364864864864864913e+01 1.901389007460256853e-01
1.365865865865865914e+01 1.905673712759697047e-01
1.366866866866866914e+01 1.909986303720531964e-01
1.367867867867867915e+01 1.914298894681367158e-01
1.368868868868868915e+01 1.918613477457567218e-01
1.369869869869869916e+01 1.922956293234264757e-01
1.370870870870870917e+01 1.927299109010962019e-01
1.371871871871871917e+01 1.931643671614236557e-01
1.372872872872872918e+01 1.936016814241228734e-01
1.373873873873873919e+01 1.940389956868220911e-01
1.374874874874874919e+01 1.944764599532114169e-01
1.375875875875875920e+01 1.949168168871095175e-01
1.376876876876876921e+01 1.953571738210076458e-01
1.377877877877877921e+01 1.957976559049433574e-01
1.378878878878878922e+01 1.962410652787831000e-01
1.379879879879879923e+01 1.966844746526228704e-01
1.380880880880880923e+01 1.971279841535732158e-01
1.381881881881881924e+01 1.975744555185641183e-01
1.382882882882882924e+01 1.980209268835550207e-01
1.383883883883883925e+01 1.984674731888702304e-01
1.384884884884884926e+01 1.989170158786290610e-01
1.385885885885885926e+01 1.993665585683878638e-01
1.386886886886886927e+01 1.998161508532431963e-01
1.387887887887887928e+01 2.002687739837811509e-01
1.388888888888888928e+01 2.007213971143190778e-01
1.389889889889889929e+01 2.011740443417029400e-01
1.390890890890890930e+01 2.016297568114576166e-01
1.391891891891891930e+01 2.020854692812122655e-01
1.392892892892892931e+01 2.025411817509669421e-01
1.393893893893893932e+01 2.029999906918689978e-01
1.394894894894894932e+01 2.034588011817811126e-01
1.395895895895895933e+01 2.039176116716932274e-01
1.396896896896896934e+01 2.043795013082720380e-01
1.397897897897897934e+01 2.048414182819076335e-01
1.398898898898898935e+01 2.053033352555432289e-01
1.399899899899899935e+01 2.057683136973725013e-01
1.400900900900900936e+01 2.062333454010861489e-01
1.401901901901901937e+01 2.066983771047997964e-01
1.402902902902902937e+01 2.071664522498540550e-01
1.403903903903903938e+01 2.076346067129978268e-01
1.404904904904904939e+01 2.081027611761415985e-01
1.405905905905905939e+01 2.085739407110368260e-01
1.406906906906906940e+01 2.090452257462094288e-01
1.407907907907907941e+01 2.095165107813820038e-01
1.408908908908908941e+01 2.099908021816568604e-01
1.409909909909909942e+01 2.104652253849946530e-01
1.410910910910910943e+01 2.109396485883324457e-01
1.411911911911911943e+01 2.114170591187695680e-01
1.412912912912912944e+01 2.118946278702797670e-01
1.413913913913913944e+01 2.123721966217899659e-01
1.414914914914914945e+01 2.128527333367744023e-01
1.415915915915915946e+01 2.133334548007067566e-01
1.416916916916916946e+01 2.138141762646391109e-01
1.417917917917917947e+01 2.142978460085555592e-01
1.418918918918918948e+01 2.147817271338147427e-01
1.419919919919919948e+01 2.152656082590739539e-01
1.420920920920920949e+01 2.157524176667417748e-01
1.421921921921921950e+01 2.162394651873389972e-01
1.422922922922922950e+01 2.167265127079362197e-01
1.423923923923923951e+01 2.172164682050799489e-01
1.424924924924924952e+01 2.177066886406214818e-01
1.425925925925925952e+01 2.181969090761630148e-01
1.426926926926926953e+01 2.186900168799203181e-01
1.427927927927927954e+01 2.191834165361354891e-01
1.428928928928928954e+01 2.196768161923506324e-01
1.429929929929929955e+01 2.201730823118149272e-01
1.430930930930930955e+01 2.206696672811194471e-01
1.431931931931931956e+01 2.211662522504239670e-01
1.432932932932932957e+01 2.216656824872227372e-01
1.433933933933933957e+01 2.221654586493202466e-01
1.434934934934934958e+01 2.226652348114177560e-01
1.435935935935935959e+01 2.231678347603239243e-01
1.436936936936936959e+01 2.236708077828410968e-01
1.437937937937937960e+01 2.241737808053582692e-01
1.438938938938938961e+01 2.246795558549371796e-01
1.439939939939939961e+01 2.251857311940963502e-01
1.440940940940940962e+01 2.256919065332554930e-01
1.441941941941941963e+01 2.262008618665432569e-01
1.442942942942942963e+01 2.267102447678676358e-01
1.443943943943943964e+01 2.272196276691920147e-01
1.444944944944944965e+01 2.277317682644070251e-01
1.445945945945945965e+01 2.282443637634604949e-01
1.446946946946946966e+01 2.287569592625139370e-01
1.447947947947947966e+01 2.292722898938008569e-01
1.448948948948948967e+01 2.297881028169614093e-01
1.449949949949949968e+01 2.303039157401219339e-01
1.450950950950950968e+01 2.308224409783261877e-01
1.451951951951951969e+01 2.313414759435913903e-01
1.452952952952952970e+01 2.318605109088565652e-01
1.453953953953953970e+01 2.323822351223297777e-01
1.454954954954954971e+01 2.329044965401540213e-01
1.455955955955955972e+01 2.334267579579782925e-01
1.456956956956956972e+01 2.339516853134143426e-01
1.457957957957957973e+01 2.344771773875786447e-01
1.458958958958958974e+01 2.350026694617429190e-01
1.459959959959959974e+01 2.355308039250431085e-01
1.460960960960960975e+01 2.360595306535542004e-01
1.461961961961961975e+01 2.365882573820652923e-01
1.462962962962962976e+01 2.371196027192323807e-01
1.463963963963963977e+01 2.376515678952527688e-01
1.464964964964964977e+01 2.381835330712731846e-01
1.465965965965965978e+01 2.387180928493346510e-01
1.466966966966966979e+01 2.392533000621425709e-01
1.467967967967967979e+01 2.397885072749504631e-01
1.468968968968968980e+01 2.403262848629087733e-01
1.469969969969969981e+01 2.408647374988863721e-01
1.470970970970970981e+01 2.414031901348639986e-01
1.471971971971971982e+01 2.419441887046741291e-01
1.472972972972972983e+01 2.424858899483237351e-01
1.473973973973973983e+01 2.430275911919733134e-01
1.474974974974974984e+01 2.435718137195480026e-01
1.475975975975975985e+01 2.441167665545376786e-01
1.476976976976976985e+01 2.446617193895273545e-01
1.477977977977977986e+01 2.452091686557673067e-01
1.478978978978978986e+01 2.457573758660017704e-01
1.479979979979979987e+01 2.463055830762362619e-01
1.480980980980980988e+01 2.468562616680866351e-01
1.481981981981981988e+01 2.474077258388059919e-01
1.482982982982982989e+01 2.479591900095253765e-01
1.483983983983983990e+01 2.485131003210573897e-01
1.484984984984984990e+01 2.490678238399614830e-01
1.485985985985985991e+01 2.496225473588655763e-01
1.486986986986986992e+01 2.501796915923819586e-01
1.487987987987987992e+01 2.507376766507797838e-01
1.488988988988988993e+01 2.512956617091776645e-01
1.489989989989989994e+01 2.518560418763428621e-01
1.490990990990990994e+01 2.524172904703277931e-01
1.491991991991991995e+01 2.529785390643127241e-01
1.492992992992992995e+01 2.535421569873060887e-01
1.493993993993993996e+01 2.541066709189542805e-01
1.494994994994994997e+01 2.546711848506024167e-01
1.495995995995995997e+01 2.552380421632943763e-01
1.496996996996996998e+01 2.558058230418877588e-01
1.497997997997997999e+01 2.563736039204810857e-01
1.498998998998998999e+01 2.569437020696316298e-01
1.500000000000000000e+01 2.575147513129036336e-01
