5.217557035160964141e+00 1.298407707423361208e-05
5.226497862947336870e+00 1.322982638277913663e-05
5.235438690733709599e+00 1.347570199017983803e-05
5.244379518520082328e+00 1.372155312463037700e-05
5.253320346306455058e+00 1.396732343559567727e-05
5.262261174092827787e+00 1.421319843613292189e-05
5.271202001879201404e+00 1.445918498594025871e-05
5.280142829665574133e+00 1.470494527500861140e-05
5.289083657451946863e+00 1.495078140051935184e-05
5.298024485238319592e+00 1.519681177374206117e-05
5.306965313024692321e+00 1.544270763749649772e-05
5.315906140811065050e+00 1.568855122648709298e-05
5.324846968597437780e+00 1.593446254314650519e-05
5.333787796383810509e+00 1.618040411023832203e-05
5.342728624170183238e+00 1.642621906417130826e-05
5.351669451956555967e+00 1.667203511445060872e-05
5.360610279742928697e+00 1.691802117741287404e-05
5.369551107529302314e+00 1.716385326737530939e-05
5.378491935315675043e+00 1.740959117223621366e-05
5.387432763102047772e+00 1.765547466917854872e-05
5.396373590888420502e+00 1.790131215291520392e-05
5.405314418674793231e+00 1.814703766999800494e-05
5.414255246461165960e+00 1.839278620587431857e-05
5.423196074247538689e+00 1.863856051136609797e-05
5.432136902033911419e+00 1.888423026666149278e-05
5.441077729820284148e+00 1.912977770981467515e-05
5.450018557606656877e+00 1.937549848614428279e-05
5.458959385393030495e+00 1.961809902838975090e-05
5.467900213179403224e+00 1.985527245339875537e-05
5.476841040965775953e+00 2.008979754516675983e-05
5.485781868752148682e+00 2.032392199437625064e-05
5.494722696538521411e+00 2.055749659584014968e-05
5.503663524324894141e+00 2.079058758289978161e-05
5.512604352111266870e+00 2.102335983573471750e-05
5.521545179897639599e+00 2.125561803816978081e-05
5.530486007684012328e+00 2.148725055944355388e-05
5.539426835470385058e+00 2.171680494585585036e-05
5.548367663256758675e+00 2.194007353009609813e-05
5.557308491043131404e+00 2.215802563529831081e-05
5.566249318829504134e+00 2.237449095786413195e-05
5.575190146615876863e+00 2.258592453235472097e-05
5.584130974402249592e+00 2.278809222345070775e-05
5.593071802188622321e+00 2.298901113777656964e-05
5.602012629974995050e+00 2.318733563298287965e-05
5.610953457761367780e+00 2.337092225217819537e-05
5.619894285547740509e+00 2.355238090087052093e-05
5.628835113334113238e+00 2.373221813506623946e-05
5.637775941120485967e+00 2.389782600726674775e-05
5.646716768906859585e+00 2.405623456233521072e-05
5.655657596693232314e+00 2.421275393622098100e-05
5.664598424479605043e+00 2.435951230453125402e-05
5.673539252265977773e+00 2.449381910215596254e-05
5.682480080052350502e+00 2.462496987886079715e-05
5.691420907838723231e+00 2.475162341642874408e-05
5.700361735625095960e+00 2.486436990807608814e-05
5.709302563411468689e+00 2.497231547992677654e-05
5.718243391197841419e+00 2.507826200582908031e-05
5.727184218984214148e+00 2.517514486192378234e-05
5.736125046770586877e+00 2.526668041695646617e-05
5.745065874556960495e+00 2.535605007419051735e-05
5.754006702343333224e+00 2.544295049133419372e-05
5.762947530129705953e+00 2.552744205510420320e-05
5.771888357916078682e+00 2.560994592376392381e-05
5.780829185702451412e+00 2.569261390755252385e-05
5.789770013488824141e+00 2.577834685922599940e-05
5.798710841275196870e+00 2.586520615363053038e-05
5.807651669061569599e+00 2.595158118606432791e-05
5.816592496847942328e+00 2.604533296402800803e-05
5.825533324634315058e+00 2.614776102216385433e-05
5.834474152420687787e+00 2.624879163211995710e-05
5.843414980207061404e+00 2.635650911886299044e-05
5.852355807993434134e+00 2.647990209467605989e-05
5.861296635779806863e+00 2.660485604315753787e-05
5.870237463566179592e+00 2.673274333440187875e-05
5.879178291352552321e+00 2.687459742189380612e-05
5.888119119138925051e+00 2.702446386407569127e-05
5.897059946925297780e+00 2.717450291873695702e-05
5.906000774711670509e+00 2.733107271315892917e-05
5.914941602498043238e+00 2.749864562724865758e-05
5.923882430284415967e+00 2.766568837245646250e-05
5.932823258070788697e+00 2.783294548174831387e-05
5.941764085857162314e+00 2.800716695014068104e-05
5.950704913643535043e+00 2.818104368331239952e-05
5.959645741429907773e+00 2.835429510768628714e-05
5.968586569216280502e+00 2.852697028270980364e-05
5.977527397002653231e+00 2.869927006645998661e-05
5.986468224789025960e+00 2.887105260101219804e-05
5.995409052575398690e+00 2.904174066994046169e-05
6.004349880361771419e+00 2.921143711392515629e-05
6.013290708148144148e+00 2.938057589250805859e-05
6.022231535934517765e+00 2.954990039259260492e-05
6.031172363720889606e+00 2.972086881687721006e-05
6.040113191507263224e+00 2.989217238696709506e-05
6.049054019293635953e+00 3.006299653285138046e-05
6.057994847080008682e+00 3.023916692117164430e-05
6.066935674866381412e+00 3.041791662664547694e-05
6.075876502652754141e+00 3.059629841927758700e-05
6.084817330439126870e+00 3.077878544012429922e-05
6.093758158225499599e+00 3.096568583306577338e-05
6.102698986011872329e+00 3.115356524196026409e-05
6.111639813798245058e+00 3.134297214380690717e-05
6.120580641584618675e+00 3.153586225526843563e-05
6.129521469370990516e+00 3.173080316164275259e-05
6.138462297157364134e+00 3.192584644547439096e-05
6.147403124943736863e+00 3.212198010851235449e-05
6.156343952730109592e+00 3.231942762921288337e-05
6.165284780516482321e+00 3.251670676487763230e-05
6.174225608302855051e+00 3.271365283162164380e-05
6.183166436089227780e+00 3.291001920982687326e-05
6.192107263875600509e+00 3.310615343187586518e-05
6.201048091661973238e+00 3.330205385725113832e-05
6.209988919448345968e+00 3.349750063212556634e-05
6.218929747234719585e+00 3.369261820344132111e-05
6.227870575021091426e+00 3.388772892432040829e-05
6.236811402807465043e+00 3.408473583811511828e-05
6.245752230593837773e+00 3.428414429826548096e-05
6.254693058380210502e+00 3.448327366088238175e-05
6.263633886166583231e+00 3.468423237104439861e-05
6.272574713952955960e+00 3.489600746600264857e-05
6.281515541739328690e+00 3.510758859837422453e-05
6.290456369525701419e+00 3.531899655132066806e-05
6.299397197312074148e+00 3.554683525734262842e-05
6.308338025098446877e+00 3.577799249064872049e-05
6.317278852884820495e+00 3.600939457916468465e-05
6.326219680671192336e+00 3.625304183229077808e-05
6.335160508457565953e+00 3.650622023073031889e-05
6.344101336243938682e+00 3.676140633715617900e-05
6.353042164030311412e+00 3.702299510588748108e-05
6.361982991816684141e+00 3.729711939588855371e-05
6.370923819603056870e+00 3.757589633238970410e-05
6.379864647389429599e+00 3.785658247090869561e-05
6.388805475175802329e+00 3.814931320146695560e-05
6.397746302962175946e+00 3.844936756320845061e-05
6.406687130748547787e+00 3.875002192217555488e-05
6.415627958534921405e+00 3.905863214456099883e-05
6.424568786321294134e+00 3.937572724400326016e-05
6.433509614107666863e+00 3.969474025677973274e-05
6.442450441894039592e+00 4.001805726856634250e-05
6.451391269680412321e+00 4.034909523942935576e-05
6.460332097466785051e+00 4.068418556344848984e-05
6.469272925253157780e+00 4.102113221323262321e-05
6.478213753039530509e+00 4.136393180632425611e-05
6.487154580825903238e+00 4.171291886664258764e-05
6.496095408612276856e+00 4.206198205044248123e-05
6.505036236398648697e+00 4.241315737357849913e-05
6.513977064185022314e+00 4.277051917329766079e-05
6.522917891971395044e+00 4.312704915468069429e-05
6.531858719757767773e+00 4.348257647615468263e-05
6.540799547544140502e+00 4.383786963322755146e-05
6.549740375330513231e+00 4.419126504284326103e-05
6.558681203116885960e+00 4.454159532503879711e-05
6.567622030903258690e+00 4.488482764371512420e-05
6.576562858689631419e+00 4.522050413235857052e-05
6.585503686476004148e+00 4.555076763136007049e-05
6.594444514262377766e+00 4.587061314291151722e-05
6.603385342048749607e+00 4.617176373816838611e-05
6.612326169835123224e+00 4.646357083224241511e-05
6.621266997621495953e+00 4.674528989628648105e-05
6.630207825407868683e+00 4.699243047559081539e-05
6.639148653194241412e+00 4.722241156208598209e-05
6.648089480980614141e+00 4.743717599253581161e-05
6.657030308766986870e+00 4.761045863292130671e-05
6.665971136553359599e+00 4.774892955735666344e-05
6.674911964339732329e+00 4.786302920798270432e-05
6.683852792126105058e+00 4.793415686426308027e-05
6.692793619912478675e+00 4.794998314699566315e-05
6.701734447698850516e+00 4.792675687301110513e-05
6.710675275485224134e+00 4.786428049544474332e-05
6.719616103271596863e+00 4.773274252683881914e-05
6.728556931057969592e+00 4.754439555148498955e-05
6.737497758844342322e+00 4.732167512869036913e-05
6.746438586630715051e+00 4.705353448255224317e-05
6.755379414417087780e+00 4.673985697262683458e-05
6.764320242203460509e+00 4.639444599531795087e-05
6.773261069989833238e+00 4.602584239250475149e-05
6.782201897776205968e+00 4.564377567094700486e-05
6.791142725562579585e+00 4.525236323314781034e-05
6.800083553348951426e+00 4.485987177375302471e-05
6.809024381135325044e+00 4.447919070587125955e-05
6.817965208921697773e+00 4.412819703948333687e-05
6.826906036708070502e+00 4.382883091714504062e-05
6.835846864494443231e+00 4.360070187649101866e-05
6.844787692280815961e+00 4.346218656310038190e-05
6.853728520067188690e+00 4.342891510181294816e-05
6.862669347853561419e+00 4.351177316684226007e-05
6.871610175639934148e+00 4.371568766988751583e-05
6.880551003426306877e+00 4.403916794864811519e-05
6.889491831212680495e+00 4.447433264882106739e-05
6.898432658999052336e+00 4.500912602957777409e-05
6.907373486785425953e+00 4.562532901264620635e-05
6.916314314571798683e+00 4.630284667059470269e-05
6.925255142358171412e+00 4.702268990477782211e-05
6.934195970144544141e+00 4.776713626103108246e-05
6.943136797930916870e+00 4.852052390760326395e-05
6.952077625717289600e+00 4.926997289922197866e-05
6.961018453503662329e+00 5.000519514387440068e-05
6.969959281290035946e+00 5.071849232275608082e-05
6.978900109076407787e+00 5.140436325070079081e-05
6.987840936862781405e+00 5.205908492219230900e-05
6.996781764649154134e+00 5.268044852307197197e-05
7.005722592435526863e+00 5.326744158184552191e-05
7.014663420221899592e+00 5.381973762021067360e-05
7.023604248008272322e+00 5.433751347042255783e-05
7.032545075794645051e+00 5.482126756483556522e-05
7.041485903581017780e+00 5.527150182954956756e-05
7.050426731367390509e+00 5.568895877816086099e-05
7.059367559153763239e+00 5.607419574875921459e-05
7.068308386940136856e+00 5.642762994626157727e-05
7.077249214726508697e+00 5.674942043331670973e-05
7.086190042512882314e+00 5.703939178845362259e-05
7.095130870299255044e+00 5.729718688564293085e-05
7.104071698085627773e+00 5.752227641925691180e-05
7.113012525872000502e+00 5.771370758739196693e-05
7.121953353658373231e+00 5.787029257989970653e-05
7.130894181444745961e+00 5.799077030674160968e-05
7.139835009231118690e+00 5.807353030721959633e-05
7.148775837017491419e+00 5.811746130187810442e-05
7.157716664803864148e+00 5.812181250479741228e-05
7.166657492590237766e+00 5.808660861115203444e-05
7.175598320376609607e+00 5.801324441979312263e-05
7.184539148162983224e+00 5.790520505104426149e-05
7.193479975949355953e+00 5.776909685965587061e-05
7.202420803735728683e+00 5.761530528685587717e-05
7.211361631522101412e+00 5.745868551735389883e-05
7.220302459308474141e+00 5.731984478246139630e-05
7.229243287094846870e+00 5.722204851847883486e-05
7.238184114881219600e+00 5.718949815400463675e-05
7.247124942667593217e+00 5.724482255138409778e-05
7.256065770453965058e+00 5.740456510232975237e-05
7.265006598240338676e+00 5.767629910328469643e-05
7.273947426026710517e+00 5.805739023496103420e-05
7.282888253813084134e+00 5.853578905302755518e-05
7.291829081599456863e+00 5.909264174040191041e-05
7.300769909385829592e+00 5.970577692394620991e-05
7.309710737172202322e+00 6.035309842155741288e-05
7.318651564958575051e+00 6.101483029678244800e-05
7.327592392744947780e+00 6.167489390650447440e-05
7.336533220531320509e+00 6.232122201218177958e-05
7.345474048317694127e+00 6.294613776945359078e-05
7.354414876104065968e+00 6.354486486670711390e-05
7.363355703890439585e+00 6.411503898768552187e-05
7.372296531676811426e+00 6.465621776036468440e-05
7.381237359463185044e+00 6.516895598483331124e-05
7.390178187249557773e+00 6.565454791433680446e-05
7.399119015035930502e+00 6.611499685852992411e-05
7.408059842822303231e+00 6.655235626837718139e-05
7.417000670608675961e+00 6.696858231751061732e-05
7.425941498395048690e+00 6.736558458183292217e-05
7.434882326181421419e+00 6.774498950297470922e-05
7.443823153967795037e+00 6.810884400842045063e-05
7.452763981754166878e+00 6.845857920548035862e-05
7.461704809540540495e+00 6.879562163347430453e-05
7.470645637326912336e+00 6.912135638779398216e-05
7.479586465113285954e+00 6.943658556812264061e-05
7.488527292899658683e+00 6.974233364216631448e-05
7.497468120686031412e+00 7.003726732708422304e-05
7.506408948472404141e+00 7.032121473608363041e-05
7.515349776258776870e+00 7.059718200229652286e-05
7.524290604045149600e+00 7.086659333115565983e-05
7.533231431831522329e+00 7.112874452523420307e-05
7.542172259617895946e+00 7.138478248161078947e-05
7.551113087404267787e+00 7.163567997019301345e-05
7.560053915190641405e+00 7.188043420524614939e-05
7.568994742977013246e+00 7.212056103344617532e-05
7.577935570763386863e+00 7.235563174129463321e-05
7.586876398549759593e+00 7.258562149025034641e-05
7.595817226336132322e+00 7.281155441920233843e-05
7.604758054122505051e+00 7.303367778031910986e-05
7.613698881908877780e+00 7.324996470733567916e-05
7.622639709695250509e+00 7.346358865388571122e-05
7.631580537481623239e+00 7.367206065483072202e-05
7.640521365267996856e+00 7.387625160319572491e-05
7.649462193054368697e+00 7.407768086285311971e-05
7.658403020840742315e+00 7.427416895322150401e-05
7.667343848627114156e+00 7.446654098870812396e-05
7.676284676413487773e+00 7.465544108274534314e-05
7.685225504199860502e+00 7.483961855086493982e-05
7.694166331986233232e+00 7.501997905394689066e-05
7.703107159772605961e+00 7.519823081249977636e-05
7.712047987558978690e+00 7.536838101882337225e-05
7.720988815345351419e+00 7.553693665006168672e-05
7.729929643131724148e+00 7.570016576152739879e-05
7.738870470918097766e+00 7.585858382273161866e-05
7.747811298704469607e+00 7.601419674849167914e-05
7.756752126490843224e+00 7.616483484752918588e-05
7.765692954277215065e+00 7.630903956639606205e-05
7.774633782063588683e+00 7.645059816136480176e-05
7.783574609849961412e+00 7.658618762406223018e-05
7.792515437636334141e+00 7.671611487147417838e-05
7.801456265422706871e+00 7.684447462439470246e-05
7.810397093209079600e+00 7.696307532681055945e-05
7.819337920995453217e+00 7.707848288626478403e-05
7.828278748781825058e+00 7.718844635044611285e-05
7.837219576568198676e+00 7.729208980356447821e-05
7.846160404354570517e+00 7.739159500349519587e-05
7.855101232140944134e+00 7.748690775155386628e-05
7.864042059927316863e+00 7.757138662648373738e-05
7.872982887713689593e+00 7.765438385764419644e-05
7.881923715500062322e+00 7.772911086889647519e-05
7.890864543286435051e+00 7.779672741014874253e-05
7.899805371072807780e+00 7.786257392840402285e-05
7.908746198859180510e+00 7.791812867121464216e-05
7.917687026645554127e+00 7.796733439998823048e-05
7.926627854431925968e+00 7.801166916597254751e-05
7.935568682218299585e+00 7.804840250722436419e-05
7.944509510004671426e+00 7.807889020894833863e-05
7.953450337791045044e+00 7.810741400903548537e-05
7.962391165577417773e+00 7.812005027213219158e-05
7.971331993363790502e+00 7.813604170979036466e-05
7.980272821150163232e+00 7.814593161498057164e-05
7.989213648936535961e+00 7.814768104255376832e-05
7.998154476722908690e+00 7.814639058515100766e-05
8.007095304509281419e+00 7.813638069966697991e-05
8.016036132295655037e+00 7.811470160853823958e-05
8.024976960082026878e+00 7.808386658099397953e-05
8.033917787868400495e+00 7.804499538649547769e-05
8.042858615654772336e+00 7.799748202845573032e-05
8.051799443441145954e+00 7.794956043915325118e-05
8.060740271227519571e+00 7.788581122819780700e-05
8.069681099013891412e+00 7.781935306565889777e-05
8.078621926800263253e+00 7.774688208939608430e-05
8.087562754586636871e+00 7.766615825607465194e-05
8.096503582373010488e+00 7.758087811487311854e-05
8.105444410159382329e+00 7.749016887125560738e-05
8.114385237945755946e+00 7.738683179719933649e-05
8.123326065732127788e+00 7.728265893280171083e-05
8.132266893518501405e+00 7.717054736849184905e-05
8.141207721304873246e+00 7.704924188736669074e-05
8.150148549091246863e+00 7.692775608733362874e-05
8.159089376877620481e+00 7.679412320072284096e-05
8.168030204663992322e+00 7.665277358282215979e-05
8.176971032450364163e+00 7.650687219116018552e-05
8.185911860236737780e+00 7.635368974103463814e-05
8.194852688023111398e+00 7.619476829129124597e-05
8.203793515809483239e+00 7.603430936518772089e-05
8.212734343595856856e+00 7.585611585881337447e-05
8.221675171382228697e+00 7.566912666217790807e-05
8.230615999168602315e+00 7.547583498567819315e-05
8.239556826954974156e+00 7.527506538496934378e-05
8.248497654741347773e+00 7.507325020747804539e-05
8.257438482527721391e+00 7.486357371392644139e-05
8.266379310314093232e+00 7.464690665871600325e-05
8.275320138100465073e+00 7.442877462789017915e-05
8.284260965886838690e+00 7.420491862581443752e-05
8.293201793673212308e+00 7.397435613076208075e-05
8.302142621459584149e+00 7.374552346968721317e-05
8.311083449245957766e+00 7.350287901120990488e-05
8.320024277032329607e+00 7.326018323102937531e-05
8.328965104818703225e+00 7.301382675217266355e-05
8.337905932605075066e+00 7.276142388483051917e-05
8.346846760391448683e+00 7.250715094077251060e-05
8.355787588177822300e+00 7.224913143225065450e-05
8.364728415964194141e+00 7.198091439504934177e-05
8.373669243750565983e+00 7.171296800704433439e-05
8.382610071536939600e+00 7.144089317966924389e-05
8.391550899323313217e+00 7.116126146700377448e-05
8.400491727109685058e+00 7.088457475641771947e-05
8.409432554896058676e+00 7.059319145091465795e-05
8.418373382682430517e+00 7.029048520455949314e-05
8.427314210468804134e+00 6.998653319879284760e-05
8.436255038255175975e+00 6.967811463119871795e-05
8.445195866041549593e+00 6.936699628785340419e-05
8.454136693827923210e+00 6.905632307909097072e-05
8.463077521614295051e+00 6.873607294362732163e-05
8.472018349400666892e+00 6.841796467004336926e-05
8.480959177187040510e+00 6.809681699976973728e-05
8.489900004973414127e+00 6.777038361758422845e-05
8.498840832759785968e+00 6.744631323767156378e-05
8.507781660546159586e+00 6.711672944618348184e-05
8.516722488332531427e+00 6.678417439968164300e-05
8.525663316118905044e+00 6.645258665328895625e-05
8.534604143905276885e+00 6.611839820733169846e-05
8.543544971691650503e+00 6.578067849697081680e-05
8.552485799478024120e+00 6.544758778384436842e-05
8.561426627264395961e+00 6.510342058185658999e-05
8.570367455050767802e+00 6.476244856529515207e-05
8.579308282837141419e+00 6.442118748159571717e-05
8.588249110623515037e+00 6.407657353312947780e-05
8.597189938409886878e+00 6.373370512159778293e-05
8.606130766196260495e+00 6.338654238440046018e-05
8.615071593982632336e+00 6.303071822907763675e-05
8.624012421769005954e+00 6.267807964639533964e-05
8.632953249555377795e+00 6.232541590401310331e-05
8.641894077341751412e+00 6.196898069431490018e-05
8.650834905128125030e+00 6.161870489912650117e-05
8.659775732914496871e+00 6.126278799891579055e-05
8.668716560700868712e+00 6.090937078386038427e-05
8.677657388487242329e+00 6.055835519474611167e-05
8.686598216273615947e+00 6.020679104032823100e-05
8.695539044059987788e+00 5.985670491238501872e-05
8.704479871846361405e+00 5.951005082417222043e-05
8.713420699632733246e+00 5.916050430113329917e-05
8.722361527419106864e+00 5.881576850792106321e-05
8.731302355205478705e+00 5.847307268709482175e-05
8.740243182991852322e+00 5.812940144238078053e-05
8.749184010778225939e+00 5.779175838859723847e-05
8.758124838564597781e+00 5.745387031934193130e-05
8.767065666350969622e+00 5.711846250484256136e-05
8.776006494137343239e+00 5.678755854073449345e-05
8.784947321923716856e+00 5.645901755174468766e-05
8.793888149710088697e+00 5.613246347660508738e-05
8.802828977496462315e+00 5.580951708001157387e-05
8.811769805282834156e+00 5.548205411639391718e-05
8.820710633069207773e+00 5.516028308384624771e-05
8.829651460855579614e+00 5.484302420204195802e-05
8.838592288641953232e+00 5.452796078778783181e-05
8.847533116428326849e+00 5.421842138476792817e-05
8.856473944214698690e+00 5.391255653243166553e-05
8.865414772001070531e+00 5.360987817287885156e-05
8.874355599787444149e+00 5.331285432744489554e-05
8.883296427573817766e+00 5.302057049945061562e-05
8.892237255360189607e+00 5.273121810074175869e-05
8.901178083146563225e+00 5.244882014722487660e-05
8.910118910932935066e+00 5.216897066492534883e-05
8.919059738719308683e+00 5.189470615074500293e-05
8.928000566505680524e+00 5.162595938606321565e-05
8.936941394292054142e+00 5.136158068499691151e-05
8.945882222078427759e+00 5.110237478436233073e-05
8.954823049864799600e+00 5.084870393821963689e-05
8.963763877651173217e+00 5.059920954928591745e-05
8.972704705437545059e+00 5.035540202770896967e-05
8.981645533223918676e+00 5.011705175323247219e-05
8.990586361010290517e+00 4.988293176066542375e-05
8.999527188796664134e+00 4.965196174636913093e-05
9.008468016583037752e+00 4.942306293849668355e-05
9.017408844369409593e+00 4.919935405072939556e-05
9.026349672155781434e+00 4.898100192449739019e-05
9.035290499942155051e+00 4.876770584489938408e-05
9.044231327728528669e+00 4.855941250111024893e-05
9.053172155514900510e+00 4.835575019760837386e-05
9.062112983301274127e+00 4.815687994185885039e-05
9.071053811087645968e+00 4.796307957644861528e-05
9.079994638874019586e+00 4.777427584223415248e-05
9.088935466660391427e+00 4.759029775171867683e-05
9.097876294446765044e+00 4.741104250472268658e-05
9.106817122233138662e+00 4.723668942303073528e-05
9.115757950019510503e+00 4.706701012638969851e-05
9.124698777805882344e+00 4.690173354280632807e-05
9.133639605592255961e+00 4.674112646003151161e-05
9.142580433378629579e+00 4.658515203192350405e-05
9.151521261165001420e+00 4.643300376526273348e-05
9.160462088951375037e+00 4.628579727157823283e-05
9.169402916737746878e+00 4.614261282902882877e-05
9.178343744524120495e+00 4.600332945009928112e-05
9.187284572310492337e+00 4.586836654866099369e-05
9.196225400096865954e+00 4.574264238643454991e-05
9.205166227883239571e+00 4.562485060078655180e-05
9.214107055669611412e+00 4.551107043898686291e-05
9.223047883455983253e+00 4.540071578090509343e-05
9.231988711242356871e+00 4.529376462729362528e-05
9.240929539028730488e+00 4.519118963230650895e-05
9.249870366815102329e+00 4.509312887708323699e-05
9.258811194601474170e+00 4.499903438002970078e-05
9.267752022387847788e+00 4.490807375188212184e-05
9.276692850174221405e+00 4.481988523357182199e-05
9.285633677960593246e+00 4.473503535073264028e-05
9.294574505746966864e+00 4.465338058966967090e-05
9.303515333533340481e+00 4.457400350465804090e-05
9.312456161319712322e+00 4.449813577590659030e-05
9.321396989106084163e+00 4.442478176633430568e-05
9.330337816892457781e+00 4.435373927014558184e-05
9.339278644678831398e+00 4.428604167182289598e-05
9.348219472465203239e+00 4.422026190354977809e-05
9.357160300251575080e+00 4.415724827961562776e-05
9.366101128037950474e+00 4.409667818235483717e-05
9.375041955824322315e+00 4.403805284033875415e-05
9.383982783610694156e+00 4.398177724814084642e-05
9.392923611397067774e+00 4.393535835575893830e-05
9.401864439183441391e+00 4.389452315802011616e-05
9.410805266969813232e+00 4.385677296957815044e-05
9.419746094756185073e+00 4.382072268327814678e-05
9.428686922542558690e+00 4.378611617747443720e-05
9.437627750328932308e+00 4.375450985227972739e-05
9.446568578115304149e+00 4.372798827776310231e-05
9.455509405901675990e+00 4.370311256628993949e-05
9.464450233688051384e+00 4.368019380893501449e-05
9.473391061474423225e+00 4.365872024254234551e-05
9.482331889260795066e+00 4.363857899664535156e-05
9.491272717047168683e+00 4.362085522370608170e-05
9.500213544833542301e+00 4.360371822728330028e-05
9.509154372619914142e+00 4.358881783428957880e-05
9.518095200406285983e+00 4.357520541672118517e-05
9.527036028192659600e+00 4.356248912521218971e-05
9.535976855979033218e+00 4.355156464441414826e-05
9.544917683765405059e+00 4.354212234580155774e-05
9.553858511551776900e+00 4.353330996408509774e-05
9.562799339338152294e+00 4.352637002040515428e-05
9.571740167124524135e+00 4.352049470646383308e-05
9.580680994910895976e+00 4.351523486594230665e-05
9.589621822697269593e+00 4.352044959084934851e-05
9.598562650483643210e+00 4.353011682428461939e-05
9.607503478270015052e+00 4.354118642444268467e-05
9.616444306056386893e+00 4.355331679366969438e-05
9.625385133842760510e+00 4.356618874054121759e-05
9.634325961629134127e+00 4.358140320622798315e-05
9.643266789415505968e+00 4.360300157634443128e-05
9.652207617201877810e+00 4.362482979506028172e-05
9.661148444988253203e+00 4.364837870759586769e-05
9.670089272774625044e+00 4.367272762019779503e-05
9.679030100560996885e+00 4.369742532752298304e-05
9.687970928347370503e+00 4.372123538673069315e-05
9.696911756133744120e+00 4.374455392694123523e-05
9.705852583920115961e+00 4.376861283761155480e-05
9.714793411706487802e+00 4.379372111235622819e-05
9.723734239492861420e+00 4.381949199959837859e-05
9.732675067279235037e+00 4.384833262897926934e-05
9.741615895065606878e+00 4.388803270870282922e-05
9.750556722851980496e+00 4.392771973506677383e-05
9.759497550638354113e+00 4.396881936266741923e-05
9.768438378424725954e+00 4.401057606298825945e-05
9.777379206211097795e+00 4.405261020728147765e-05
9.786320033997471413e+00 4.410378357005226172e-05
9.795260861783845030e+00 4.415867500339614083e-05
9.804201689570216871e+00 4.421381331292964333e-05
9.813142517356588712e+00 4.427014018308074136e-05
9.822083345142962330e+00 4.432712652617569688e-05
9.831024172929335947e+00 4.438448353197680144e-05
9.839965000715707788e+00 4.444452418566884625e-05
9.848905828502081405e+00 4.450463198191258207e-05
9.857846656288455023e+00 4.456565612426585795e-05
9.866787484074826864e+00 4.462732520394333517e-05
9.875728311861198705e+00 4.468944925896668990e-05
9.884669139647572322e+00 4.475242475788758913e-05
9.893609967433945940e+00 4.481620897821330047e-05
9.902550795220317781e+00 4.488019234363996817e-05
9.911491623006689622e+00 4.494528434619421826e-05
9.920432450793063239e+00 4.501096047315283178e-05
9.929373278579436857e+00 4.507675384086780768e-05
9.938314106365808698e+00 4.514389995822433492e-05
9.947254934152182315e+00 4.521137775753435769e-05
9.956195761938555933e+00 4.527934587596172625e-05
9.965136589724927774e+00 4.534808468811813814e-05
9.974077417511299615e+00 4.541734749755543880e-05
9.983018245297673232e+00 4.549415978479780801e-05
9.991959073084046850e+00 4.557407647135669352e-05
1.000089990087041869e+01 4.565410356547555204e-05
1.000984072865679053e+01 4.573509952042024035e-05
1.001878155644316415e+01 4.581664552428826881e-05
1.002772238422953777e+01 4.590112275849313558e-05
1.003666321201590961e+01 4.599279724890701780e-05
1.004560403980228322e+01 4.608504160196537922e-05
1.005454486758865684e+01 4.617762169491072301e-05
1.006348569537502868e+01 4.627105112398328636e-05
1.007242652316140052e+01 4.636503774372597854e-05
1.008136735094777414e+01 4.645920920188201079e-05
1.009030817873414776e+01 4.655459406564459943e-05
1.009924900652051960e+01 4.665020887123275773e-05
1.010818983430689144e+01 4.674646610202797545e-05
1.011713066209326506e+01 4.684326777764832704e-05
1.012607148987963868e+01 4.694051729787155892e-05
1.013501231766601052e+01 4.703840903038084725e-05
1.014395314545238413e+01 4.713684464015143767e-05
1.015289397323875775e+01 4.723566219304034194e-05
1.016183480102512959e+01 4.733514815455706323e-05
1.017077562881150143e+01 4.743511232484385264e-05
1.017971645659787505e+01 4.753248640444534493e-05
1.018865728438424867e+01 4.763014663687204083e-05
1.019759811217062051e+01 4.772815046033414786e-05
1.020653893995699235e+01 4.782651472153310874e-05
1.021547976774336597e+01 4.792539612554569471e-05
1.022442059552973959e+01 4.802313103509902854e-05
1.023336142331611143e+01 4.811825708553917947e-05
1.024230225110248504e+01 4.821391132080008076e-05
1.025124307888885866e+01 4.830991140105160792e-05
1.026018390667523050e+01 4.840629945700461402e-05
1.026912473446160234e+01 4.850302691407414550e-05
1.027806556224797596e+01 4.860007339872153082e-05
1.028700639003434958e+01 4.869755364875812397e-05
1.029594721782072142e+01 4.879530140638448646e-05
1.030488804560709326e+01 4.889332178908715131e-05
1.031382887339346688e+01 4.899174450978150829e-05
1.032276970117984050e+01 4.909043714432763931e-05
1.033171052896621234e+01 4.918937210449784867e-05
1.034065135675258595e+01 4.928859058998672545e-05
1.034959218453895957e+01 4.938814824246316114e-05
1.035853301232533141e+01 4.948790519187174430e-05
1.036747384011170325e+01 4.958789442772522816e-05
1.037641466789807687e+01 4.968874770367016051e-05
1.038535549568445049e+01 4.978983630817874909e-05
1.039429632347082233e+01 4.989107517686478134e-05
1.040323715125719417e+01 4.999265149259620421e-05
1.041217797904356779e+01 5.009441764803066664e-05
1.042111880682994141e+01 5.019679581876627185e-05
1.043005963461631325e+01 5.030012367649478209e-05
1.043900046240268686e+01 5.040349016675853283e-05
1.044794129018906048e+01 5.050716499628929174e-05
1.045688211797543232e+01 5.061102263225868424e-05
1.046582294576180416e+01 5.071507984760806320e-05
1.047476377354817778e+01 5.081939979395206291e-05
1.048370460133455140e+01 5.092390226479086214e-05
1.049264542912092324e+01 5.102851233469037198e-05
1.050158625690729508e+01 5.113347447863337148e-05
1.051052708469367047e+01 5.123862636102414337e-05
1.051946791248004232e+01 5.134394116945020179e-05
1.052840874026641416e+01 5.144960507675026167e-05
1.053734956805278777e+01 5.155544498349513019e-05
1.054629039583916139e+01 5.166155069630187243e-05
1.055523122362553323e+01 5.176794027592320407e-05
1.056417205141190507e+01 5.187465979635219561e-05
1.057311287919827869e+01 5.198030502106283087e-05
1.058205370698465231e+01 5.208621548233169422e-05
1.059099453477102415e+01 5.219248365607976302e-05
1.059993536255739599e+01 5.229912347978043217e-05
1.060887619034377138e+01 5.240616659884440626e-05
1.061781701813014323e+01 5.251189578167010571e-05
1.062675784591651507e+01 5.261606922175949478e-05
1.063569867370288868e+01 5.272075628388567210e-05
1.064463950148926230e+01 5.282595317499827762e-05
1.065358032927563414e+01 5.293167134501621201e-05
1.066252115706200598e+01 5.303798400515285952e-05
1.067146198484837960e+01 5.314490603850405417e-05
1.068040281263475322e+01 5.325226019954483041e-05
1.068934364042112506e+01 5.336081366265547872e-05
1.069828446820749690e+01 5.346980373955496517e-05
1.070722529599387229e+01 5.357964190107070493e-05
1.071616612378024413e+01 5.369043080476598170e-05
1.072510695156661598e+01 5.380185551735369823e-05
1.073404777935298959e+01 5.391431826871029515e-05
1.074298860713936321e+01 5.402809102293776810e-05
1.075192943492573505e+01 5.414253121576568205e-05
1.076087026271210689e+01 5.425818841172184022e-05
1.076981109049848051e+01 5.437385485465853291e-05
1.077875191828485413e+01 5.449007860423892360e-05
1.078769274607122597e+01 5.460844417731064437e-05
1.079663357385759781e+01 5.472785923286936356e-05
1.080557440164397320e+01 5.484850410769922895e-05
1.081451522943034504e+01 5.496781343362847630e-05
1.082345605721671689e+01 5.508578842823026706e-05
1.083239688500309050e+01 5.520500147725436501e-05
1.084133771278946412e+01 5.532682531188030467e-05
1.085027854057583596e+01 5.544954421160787014e-05
1.085921936836220780e+01 5.557429381863724684e-05
1.086816019614858142e+01 5.570123865186038655e-05
1.087710102393495504e+01 5.582924865495080674e-05
1.088604185172132688e+01 5.595997984193785648e-05
1.089498267950770050e+01 5.609277837540277200e-05
1.090392350729407411e+01 5.622720954331926252e-05
1.091286433508044595e+01 5.636399936208800614e-05
1.092180516286681780e+01 5.650316274086823721e-05
1.093074599065319141e+01 5.664362253527794558e-05
1.093968681843956503e+01 5.678812197827758204e-05
1.094862764622593687e+01 5.693408583809431687e-05
1.095756847401230871e+01 5.708263248145800173e-05
1.096650930179868233e+01 5.723576357333803221e-05
1.097545012958505595e+01 5.739084673612128624e-05
1.098439095737142779e+01 5.754881892654512557e-05
1.099333178515780141e+01 5.770999729330356895e-05
1.100227261294417502e+01 5.787320493698108802e-05
1.101121344073054686e+01 5.804686601155866090e-05
1.102015426851691871e+01 5.822936214200306572e-05
1.102909509630329232e+01 5.841365376801059160e-05
1.103803592408966594e+01 5.860217070491869181e-05
1.104697675187603778e+01 5.879322245302958668e-05
1.105591757966240962e+01 5.898700665880753471e-05
1.106485840744878324e+01 5.918403156324235706e-05
1.107379923523515686e+01 5.938400830149281358e-05
1.108274006302152870e+01 5.958678130513982266e-05
1.109168089080790232e+01 5.979329264090197082e-05
1.110062171859427593e+01 6.000239375561970234e-05
1.110956254638064777e+01 6.021458346413433732e-05
1.111850337416701962e+01 6.043025916087731760e-05
1.112744420195339323e+01 6.064851438976790826e-05
1.113638502973976685e+01 6.087019964610506615e-05
1.114532585752613869e+01 6.109496341759493656e-05
1.115426668531251053e+01 6.132255030499767672e-05
1.116320751309888415e+01 6.155297896295166074e-05
1.117214834088525777e+01 6.178652752845793599e-05
1.118108916867162961e+01 6.202294346648021717e-05
1.119002999645800323e+01 6.226231138668213995e-05
1.119897082424437684e+01 6.250469218642715024e-05
1.120791165203074868e+01 6.274629484820875387e-05
1.121685247981712052e+01 6.298853066392676929e-05
1.122579330760349414e+01 6.323377504974050131e-05
1.123473413538986776e+01 6.348156856382527699e-05
1.124367496317623960e+01 6.373186291470413212e-05
1.125261579096261144e+01 6.398503687477527860e-05
1.126155661874898506e+01 6.424072051675823090e-05
1.127049744653535868e+01 6.449860138870819218e-05
1.127943827432173052e+01 6.475975014012118368e-05
1.128837910210810414e+01 6.502204306913612290e-05
1.129731992989447775e+01 6.528726343738951090e-05
1.130626075768084959e+01 6.555489105402014980e-05
1.131520158546722143e+01 6.582427391764037242e-05
1.132414241325359505e+01 6.609621201475046756e-05
1.133308324103996867e+01 6.637036740999959004e-05
1.134202406882634051e+01 6.664563608970926233e-05
1.135096489661271235e+01 6.692371480406834883e-05
1.135990572439908597e+01 6.720389213324679380e-05
1.136884655218545959e+01 6.748463066417448157e-05
1.137778737997183143e+01 6.776877890299335175e-05
1.138672820775820504e+01 6.805331131466151626e-05
1.139566903554457866e+01 6.833983342937055832e-05
1.140460986333095050e+01 6.862854998598410389e-05
1.141355069111732234e+01 6.891852216138463967e-05
1.142249151890369596e+01 6.920995111203269998e-05
1.143143234669006958e+01 6.950397017508049241e-05
1.144037317447644142e+01 6.979770825086397204e-05
1.144931400226281326e+01 7.009403794281640664e-05
1.145825483004918688e+01 7.039207619946026117e-05
1.146719565783556050e+01 7.069032965699304427e-05
1.147613648562193234e+01 7.099136281792880240e-05
1.148507731340830595e+01 7.129313859215788819e-05
1.149401814119467957e+01 7.159592649794155328e-05
1.150295896898105141e+01 7.190095047543761271e-05
1.151189979676742325e+01 7.220737580208103155e-05
1.152084062455379687e+01 7.251433889796092709e-05
1.152978145234017049e+01 7.282456905474122796e-05
1.153872228012654233e+01 7.313395749015213934e-05
1.154766310791291417e+01 7.344580290163435076e-05
1.155660393569928779e+01 7.375961129482177853e-05
1.156554476348566141e+01 7.407415269844574838e-05
1.157448559127203325e+01 7.439083643148158300e-05
1.158342641905840686e+01 7.470923396714449242e-05
1.159236724684478048e+01 7.502847828360964446e-05
1.160130807463115232e+01 7.534716034720672631e-05
1.161024890241752416e+01 7.566689239509853551e-05
1.161918973020389778e+01 7.598710964668496345e-05
1.162813055799027140e+01 7.631059150858545911e-05
1.163707138577664324e+01 7.663486551296575292e-05
1.164601221356301508e+01 7.696119554308847321e-05
1.165495304134939047e+01 7.728961240949348973e-05
1.166389386913576232e+01 7.761982855142654123e-05
1.167283469692213416e+01 7.795211603687050297e-05
1.168177552470850777e+01 7.828715309094182412e-05
1.169071635249488139e+01 7.862375241193110900e-05
1.169965718028125323e+01 7.896316168798229421e-05
1.170859800806762507e+01 7.930527238118240173e-05
1.171753883585399869e+01 7.964921577933168143e-05
1.172647966364037231e+01 7.999639923701401078e-05
1.173542049142674415e+01 8.034605444681007676e-05
1.174436131921311599e+01 8.069837454769970494e-05
1.175330214699949138e+01 8.105380556843900662e-05
1.176224297478586323e+01 8.141220607145941552e-05
1.177118380257223507e+01 8.177337534749350178e-05
1.178012463035860868e+01 8.213801892458723092e-05
1.178906545814498230e+01 8.250551099718445047e-05
1.179800628593135414e+01 8.287638092567450507e-05
1.180694711371772598e+01 8.325068023483889288e-05
1.181588794150409960e+01 8.362824748702012807e-05
1.182482876929047322e+01 8.400939743455774545e-05
1.183376959707684506e+01 8.439408575212407567e-05
1.184271042486321690e+01 8.478230716423460172e-05
1.185165125264959229e+01 8.517426011134009492e-05
1.186059208043596414e+01 8.556996789995432442e-05
1.186953290822233598e+01 8.596930664742784441e-05
1.187847373600870959e+01 8.637260164600746130e-05
1.188741456379508321e+01 8.677962924361073906e-05
1.189635539158145505e+01 8.719055387806118351e-05
1.190529621936782689e+01 8.760543309098673770e-05
1.191423704715420051e+01 8.802417526967335046e-05
1.192317787494057413e+01 8.844688732537058266e-05
1.193211870272694597e+01 8.887360368816664999e-05
1.194105953051331781e+01 8.930409538826595476e-05
1.195000035829969320e+01 8.973867558298281313e-05
1.195894118608606504e+01 9.017730880801170124e-05
1.196788201387243689e+01 9.061937121341149854e-05
1.197682284165881050e+01 9.106580526052134603e-05
1.198576366944518412e+01 9.151573234517710296e-05
1.199470449723155596e+01 9.195960335391253166e-05
1.200364532501792780e+01 9.240588331730396562e-05
1.201258615280430142e+01 9.285562508275430667e-05
1.202152698059067504e+01 9.330860756230380682e-05
1.203046780837704688e+01 9.376576833166050927e-05
1.203940863616342050e+01 9.422379734966790865e-05
1.204834946394979411e+01 9.468283030966927183e-05
1.205729029173616595e+01 9.514556863106966454e-05
1.206623111952253780e+01 9.561015605168580252e-05
1.207517194730891141e+01 9.607858911502383708e-05
1.208411277509528503e+01 9.654954757010227062e-05
1.209305360288165687e+01 9.702270967468650963e-05
1.210199443066802871e+01 9.749917945697592753e-05
1.211093525845440233e+01 9.797836403465169620e-05
1.211987608624077595e+01 9.845803981975121365e-05
1.212881691402714779e+01 9.894230047273843537e-05
1.213775774181352141e+01 9.942606963515784890e-05
1.214669856959989502e+01 9.991227357215188567e-05
1.215563939738626686e+01 1.004014256056725749e-04
1.216458022517263871e+01 1.008903944266004350e-04
1.217352105295901232e+01 1.013811140101940101e-04
1.218246188074538594e+01 1.018737726795333987e-04
1.219140270853175778e+01 1.023624247049981326e-04
1.220034353631812962e+01 1.028526142323758015e-04
1.220928436410450324e+01 1.033452212747928349e-04
1.221822519189087686e+01 1.038333163160366708e-04
1.222716601967724870e+01 1.043256853593108632e-04
1.223610684746362232e+01 1.048149382959305797e-04
1.224504767524999593e+01 1.053028465847303402e-04
1.225398850303636777e+01 1.057922929632398146e-04
1.226292933082273962e+01 1.062800479423398146e-04
1.227187015860911323e+01 1.067655928395990113e-04
1.228081098639548685e+01 1.072531892610761829e-04
1.228975181418185869e+01 1.077365714206828386e-04
1.229869264196823053e+01 1.082194717638479593e-04
1.230763346975460415e+01 1.087036792359846564e-04
1.231657429754097777e+01 1.091807215948023926e-04
1.232551512532734961e+01 1.096594460524275667e-04
1.233445595311372323e+01 1.101351949099883381e-04
1.234339678090009684e+01 1.106075449565462857e-04
1.235233760868646868e+01 1.110795450253885614e-04
1.236127843647284053e+01 1.115495537846224736e-04
1.237021926425921414e+01 1.120122215824519829e-04
1.237916009204558776e+01 1.124778044902435608e-04
1.238810091983195960e+01 1.129301747101396842e-04
1.239704174761833144e+01 1.133798523363693572e-04
1.240598257540470506e+01 1.138297336522299611e-04
1.241492340319107868e+01 1.142714507702043163e-04
1.242386423097745052e+01 1.147108122947667193e-04
1.243280505876382414e+01 1.151457048425413436e-04
1.244174588655019775e+01 1.155722502300106190e-04
1.245068671433656959e+01 1.159962009094995595e-04
1.245962754212294143e+01 1.164190674518964696e-04
1.246856836990931505e+01 1.168290867876940043e-04
1.247750919769568867e+01 1.172413758881499224e-04
1.248645002548206051e+01 1.176453089258487584e-04
1.249539085326843235e+01 1.180442066536790832e-04
1.250433168105480597e+01 1.184416317730213353e-04
1.251327250884117959e+01 1.188314785862607919e-04
1.252221333662755143e+01 1.192145044272982176e-04
1.253115416441392505e+01 1.195960495540141291e-04
1.254009499220029866e+01 1.199690118032973425e-04
1.254903581998667050e+01 1.203371710717332055e-04
1.255797664777304234e+01 1.207045627114741119e-04
1.256691747555941596e+01 1.210573987249207459e-04
1.257585830334578958e+01 1.214100152148219202e-04
1.258479913113216142e+01 1.217522061702559392e-04
1.259373995891853326e+01 1.220873675702444225e-04
1.260268078670490688e+01 1.224193927865031058e-04
1.261162161449128050e+01 1.227456621716532890e-04
1.262056244227765234e+01 1.230610230618313546e-04
1.262950327006402595e+01 1.233744127285335210e-04
1.263844409785039957e+01 1.236762742275426103e-04
1.264738492563677141e+01 1.239714991930841769e-04
1.265632575342314325e+01 1.242656498321366724e-04
1.266526658120951687e+01 1.245475173543638835e-04
1.267420740899589049e+01 1.248254018120445051e-04
1.268314823678226233e+01 1.250965704023398865e-04
1.269208906456863417e+01 1.253597562866765307e-04
1.270102989235500779e+01 1.256183507869207806e-04
1.270997072014138141e+01 1.258737258193488840e-04
1.271891154792775325e+01 1.261151981367260961e-04
1.272785237571412686e+01 1.263554246432162936e-04
1.273679320350050048e+01 1.265850622529841212e-04
1.274573403128687232e+01 1.268081807115557010e-04
1.275467485907324416e+01 1.270291274444155822e-04
1.276361568685961778e+01 1.272408899113613523e-04
1.277255651464599140e+01 1.274458273579035254e-04
1.278149734243236324e+01 1.276477293380993473e-04
1.279043817021873508e+01 1.278417456305751168e-04
1.279937899800511047e+01 1.280301745644771912e-04
1.280831982579148232e+01 1.282176399595700872e-04
1.281726065357785416e+01 1.283905429336291352e-04
1.282620148136422777e+01 1.285631180446417923e-04
1.283514230915060139e+01 1.287291679744541773e-04
1.284408313693697323e+01 1.288887724125262636e-04
1.285302396472334507e+01 1.290453939957106994e-04
1.286196479250971869e+01 1.291961943829827335e-04
1.287090562029609231e+01 1.293384515859775702e-04
1.287984644808246415e+01 1.294794172378522037e-04
1.288878727586883599e+01 1.296134946795158768e-04
1.289772810365521138e+01 1.297415184703998086e-04
1.290666893144158323e+01 1.298687838971809155e-04
1.291560975922795507e+01 1.299859734368624990e-04
1.292455058701432868e+01 1.301004842426934879e-04
1.293349141480070230e+01 1.302109931161314746e-04
1.294243224258707414e+01 1.303159535665183511e-04
1.295137307037344598e+01 1.304175451674499154e-04
1.296031389815981960e+01 1.305162878252929864e-04
1.296925472594619322e+01 1.306062294368476296e-04
1.297819555373256506e+01 1.306959832711850490e-04
1.298713638151893690e+01 1.307799385764594211e-04
1.299607720930531229e+01 1.308593872012546087e-04
1.300501803709168414e+01 1.309377486079452157e-04
1.301395886487805598e+01 1.310099813914058771e-04
1.302289969266442959e+01 1.310784363452096332e-04
1.303184052045080321e+01 1.311448473677952382e-04
1.304078134823717505e+01 1.312070927438573997e-04
1.304972217602354689e+01 1.312660763618032195e-04
1.305866300380992051e+01 1.313243653997100469e-04
1.306760383159629413e+01 1.313750216080400727e-04
1.307654465938266597e+01 1.314253893539097187e-04
1.308548548716903781e+01 1.314725396613454684e-04
1.309442631495541320e+01 1.315164366377846641e-04
1.310336714274178505e+01 1.315589981367373145e-04
1.311230797052815689e+01 1.315836114208013350e-04
1.312124879831453050e+01 1.315863943978319356e-04
1.313018962610090412e+01 1.315889749273589236e-04
1.313913045388727596e+01 1.315913573641819419e-04
1.314807128167364780e+01 1.315935093181366279e-04
1.315701210946002142e+01 1.315954987235490878e-04
1.316595293724639504e+01 1.315972860289533510e-04
1.317489376503276688e+01 1.315987748169822173e-04
1.318383459281914050e+01 1.316000731112932514e-04
1.319277542060551411e+01 1.316011971923833151e-04
1.320171624839188596e+01 1.316021187482060973e-04
1.321065707617825780e+01 1.316028221848796452e-04
1.321959790396462964e+01 1.316032853264431299e-04
1.322853873175100503e+01 1.316035544173483685e-04
1.323747955953737687e+01 1.316035861019904205e-04
1.324642038732374871e+01 1.316034339806473105e-04
1.325536121511012411e+01 1.316031275010952329e-04
1.326430204289649595e+01 1.316025820354514697e-04
1.327324287068286779e+01 1.316017514617834946e-04
1.328218369846923963e+01 1.316007540891516640e-04
1.329112452625561502e+01 1.315995840644190197e-04
1.330006535404198686e+01 1.315981830703702741e-04
1.330900618182835871e+01 1.315965811171794606e-04
1.331794700961473055e+01 1.315947917119129754e-04
1.332688783740110594e+01 1.315927397755987808e-04
1.333582866518747778e+01 1.315904664309344631e-04
1.334476949297384962e+01 1.315880661806041296e-04
1.335371032076022502e+01 1.315854709869109657e-04
1.336265114854659686e+01 1.315826201477428791e-04
1.337159197633296870e+01 1.315795181403189482e-04
1.338053280411934054e+01 1.315762756239291455e-04
1.338947363190571593e+01 1.315728057013839129e-04
1.339841445969208777e+01 1.315691072370303995e-04
1.340735528747845962e+01 1.315653161019746109e-04
1.341629611526483146e+01 1.315612284412506262e-04
1.342523694305120685e+01 1.315568858601095636e-04
1.343417777083757869e+01 1.315523987679650768e-04
1.344311859862395053e+01 1.315477431544581166e-04
1.345205942641032593e+01 1.315428664600462171e-04
1.346100025419669777e+01 1.315377616495393208e-04
1.346994108198306961e+01 1.315324505229193590e-04
1.347888190976944145e+01 1.315269415091635476e-04
1.348782273755581684e+01 1.315211951243553431e-04
1.349676356534218868e+01 1.315153258396302514e-04
1.350570439312856053e+01 1.315092813027757279e-04
1.351464522091493592e+01 1.315029255295395666e-04
1.352358604870130776e+01 1.314963719526409855e-04
1.353252687648767960e+01 1.314896658806955952e-04
1.354146770427405144e+01 1.314827692996441556e-04
1.355040853206042684e+01 1.314756545847208294e-04
1.355934935984679868e+01 1.314683501086396527e-04
1.356829018763317052e+01 1.314608269761589302e-04
1.357723101541954236e+01 1.314530664830580351e-04
1.358617184320591775e+01 1.314451327897496003e-04
1.359511267099228959e+01 1.314370645222526484e-04
1.360405349877866144e+01 1.314287927684023595e-04
1.361299432656503683e+01 1.314202173842660636e-04
1.362193515435140867e+01 1.314114686379476546e-04
1.363087598213778051e+01 1.314025747496235723e-04
1.363981680992415235e+01 1.313934487363214510e-04
1.364875763771052775e+01 1.313841217954720244e-04
1.365769846549689959e+01 1.313746839942491449e-04
1.366663929328327143e+01 1.313649311484741333e-04
1.367558012106964327e+01 1.313549567700122869e-04
1.368452094885601866e+01 1.313448747561982036e-04
1.369346177664239050e+01 1.313346217418566886e-04
1.370240260442876234e+01 1.313241332812187896e-04
1.371134343221513774e+01 1.313133676378931995e-04
1.372028426000150958e+01 1.313024937151450718e-04
1.372922508778788142e+01 1.312913856945572796e-04
1.373816591557425326e+01 1.312800403645960820e-04
1.374710674336062866e+01 1.312686439640894953e-04
1.375604757114700050e+01 1.312569934043248700e-04
1.376498839893337234e+01 1.312450305378127786e-04
1.377392922671974418e+01 1.312329349535430322e-04
1.378287005450611957e+01 1.312206975494410678e-04
1.379181088229249141e+01 1.312082452131778691e-04
1.380075171007886325e+01 1.311955911322638729e-04
1.380969253786523865e+01 1.311827201027402192e-04
1.381863336565161049e+01 1.311696536619861555e-04
1.382757419343798233e+01 1.311563499322158292e-04
1.383651502122435417e+01 1.311429322508939120e-04
1.384545584901072957e+01 1.311293609327657554e-04
1.385439667679710141e+01 1.311155223897033609e-04
1.386333750458347325e+01 1.311014289305406123e-04
1.387227833236984509e+01 1.310872014445491117e-04
1.388121916015622048e+01 1.310728041819329132e-04
1.389015998794259232e+01 1.310581842878428031e-04
1.389910081572896416e+01 1.310434184084851986e-04
1.390804164351533956e+01 1.310284218628703947e-04
1.391698247130171140e+01 1.310131759376085040e-04
1.392592329908808324e+01 1.309977566637535922e-04
1.393486412687445508e+01 1.309822224304917234e-04
1.394380495466083048e+01 1.309665039370186261e-04
1.395274578244720232e+01 1.309505174645835641e-04
1.396168661023357416e+01 1.309343033066086737e-04
1.397062743801994600e+01 1.309179699503356601e-04
1.397956826580632139e+01 1.309014089667376714e-04
1.398850909359269323e+01 1.308846608460236850e-04
1.399744992137906507e+01 1.308678413555999147e-04
1.400639074916544047e+01 1.308506731506288347e-04
1.401533157695181231e+01 1.308332900208847348e-04
1.402427240473818415e+01 1.308157886173070368e-04
1.403321323252455599e+01 1.307981375536957866e-04
1.404215406031093138e+01 1.307802722428855343e-04
1.405109488809730323e+01 1.307621631863714043e-04
1.406003571588367507e+01 1.307438864225015133e-04
1.406897654367004691e+01 1.307254045892145542e-04
1.407791737145642230e+01 1.307066969941974839e-04
1.408685819924279414e+01 1.306879236570217620e-04
1.409579902702916598e+01 1.306689734468066862e-04
1.410473985481554138e+01 1.306496507720997984e-04
1.411368068260191322e+01 1.306301870389147530e-04
1.412262151038828506e+01 1.306106062500028068e-04
1.413156233817465690e+01 1.305908246823048484e-04
1.414050316596103229e+01 1.305708326790448748e-04
1.414944399374740414e+01 1.305506795830355723e-04
