5.217557035160964141e+00 1.330722302714896772e-05
5.226497862947336870e+00 1.355813733004755618e-05
5.235438690733709599e+00 1.380914764367691970e-05
5.244379518520082328e+00 1.406009764103293654e-05
5.253320346306455058e+00 1.431092959303501015e-05
5.262261174092827787e+00 1.456183358303077231e-05
5.271202001879201404e+00 1.481282823422253632e-05
5.280142829665574133e+00 1.506357128444846126e-05
5.289083657451946863e+00 1.531435769929291441e-05
5.298024485238319592e+00 1.556530874772041120e-05
5.306965313024692321e+00 1.581608768531787810e-05
5.315906140811065050e+00 1.606677875988076496e-05
5.324846968597437780e+00 1.631753175698471100e-05
5.333787796383810509e+00 1.656828354416487397e-05
5.342728624170183238e+00 1.681887223137005407e-05
5.351669451956555967e+00 1.706942860026626225e-05
5.360610279742928697e+00 1.732012558394891718e-05
5.369551107529302314e+00 1.757064526136244511e-05
5.378491935315675043e+00 1.782105135730649377e-05
5.387432763102047772e+00 1.807157389503017870e-05
5.396373590888420502e+00 1.832201673937036593e-05
5.405314418674793231e+00 1.857231240252903807e-05
5.414255246461165960e+00 1.882259904876775145e-05
5.423196074247538689e+00 1.907290993746860478e-05
5.432136902033911419e+00 1.932308262987303781e-05
5.441077729820284148e+00 1.957309843010845862e-05
5.450018557606656877e+00 1.982325984149887267e-05
5.458959385393030495e+00 2.007019736499969528e-05
5.467900213179403224e+00 2.031156762326962121e-05
5.476841040965775953e+00 2.055021493919008125e-05
5.485781868752148682e+00 2.078842291712879888e-05
5.494722696538521411e+00 2.102603902887466026e-05
5.503663524324894141e+00 2.126313111902879794e-05
5.512604352111266870e+00 2.149986823709348666e-05
5.521545179897639599e+00 2.173608339511230486e-05
5.530486007684012328e+00 2.197163024988067602e-05
5.539426835470385058e+00 2.220502381200535451e-05
5.548367663256758675e+00 2.243196246481892576e-05
5.557308491043131404e+00 2.265343836506843175e-05
5.566249318829504134e+00 2.287338548690366844e-05
5.575190146615876863e+00 2.308817914730173615e-05
5.584130974402249592e+00 2.329347612593075405e-05
5.593071802188622321e+00 2.349747251665425138e-05
5.602012629974995050e+00 2.369879322147791110e-05
5.610953457761367780e+00 2.388502945562654585e-05
5.619894285547740509e+00 2.406910275628763960e-05
5.628835113334113238e+00 2.425149799863008447e-05
5.637775941120485967e+00 2.441933238587305145e-05
5.646716768906859585e+00 2.457979146063756388e-05
5.655657596693232314e+00 2.473830188125933894e-05
5.664598424479605043e+00 2.488684124469937436e-05
5.673539252265977773e+00 2.502265921666868806e-05
5.682480080052350502e+00 2.515523794629929692e-05
5.691420907838723231e+00 2.528320795089444801e-05
5.700361735625095960e+00 2.539695863774457996e-05
5.709302563411468689e+00 2.550579538813870124e-05
5.718243391197841419e+00 2.561261135975805004e-05
5.727184218984214148e+00 2.571015931643976695e-05
5.736125046770586877e+00 2.580223591134385005e-05
5.745065874556960495e+00 2.589209069643080599e-05
5.754006702343333224e+00 2.597941429509231527e-05
5.762947530129705953e+00 2.606428923853097338e-05
5.771888357916078682e+00 2.614714042586587046e-05
5.780829185702451412e+00 2.623015026937944359e-05
5.789770013488824141e+00 2.631628012957348890e-05
5.798710841275196870e+00 2.640355053407146020e-05
5.807651669061569599e+00 2.649032057392610375e-05
5.816592496847942328e+00 2.658464267304152205e-05
5.825533324634315058e+00 2.668781039203784892e-05
5.834474152420687787e+00 2.678954109997473335e-05
5.843414980207061404e+00 2.689808546138968651e-05
5.852355807993434134e+00 2.702261525368361531e-05
5.861296635779806863e+00 2.714874637469851470e-05
5.870237463566179592e+00 2.727787155521749563e-05
5.879178291352552321e+00 2.742123449630328599e-05
5.888119119138925051e+00 2.757275779116120771e-05
5.897059946925297780e+00 2.772444180539274374e-05
5.906000774711670509e+00 2.788277733699251937e-05
5.914941602498043238e+00 2.805235285534518784e-05
5.923882430284415967e+00 2.822137078197611940e-05
5.932823258070788697e+00 2.839059064752943220e-05
5.941764085857162314e+00 2.856689731594025118e-05
5.950704913643535043e+00 2.874283493797217138e-05
5.959645741429907773e+00 2.891814047118010812e-05
5.968586569216280502e+00 2.909285450651884292e-05
5.977527397002653231e+00 2.926716888002990079e-05
5.986468224789025960e+00 2.944093898952023866e-05
5.995409052575398690e+00 2.961357632976961636e-05
6.004349880361771419e+00 2.978519145990349057e-05
6.013290708148144148e+00 2.995625291410936624e-05
6.022231535934517765e+00 3.012748765071887925e-05
6.031172363720889606e+00 3.030038227946066842e-05
6.040113191507263224e+00 3.047360233087067078e-05
6.049054019293635953e+00 3.064631738247586875e-05
6.057994847080008682e+00 3.082449089415179299e-05
6.066935674866381412e+00 3.100528975103719495e-05
6.075876502652754141e+00 3.118569706928648233e-05
6.084817330439126870e+00 3.137027200379385064e-05
6.093758158225499599e+00 3.155932803544158423e-05
6.102698986011872329e+00 3.174937135569507948e-05
6.111639813798245058e+00 3.194098564119459349e-05
6.120580641584618675e+00 3.213613237765581919e-05
6.129521469370990516e+00 3.233335147873667625e-05
6.138462297157364134e+00 3.253065733873386186e-05
6.147403124943736863e+00 3.272905661865093438e-05
6.156343952730109592e+00 3.292880414700499373e-05
6.165284780516482321e+00 3.312837484678738396e-05
6.174225608302855051e+00 3.332758893944978110e-05
6.183166436089227780e+00 3.352619523252607246e-05
6.192107263875600509e+00 3.372454782711612012e-05
6.201048091661973238e+00 3.392265342766948743e-05
6.209988919448345968e+00 3.412031207124801245e-05
6.218929747234719585e+00 3.431761875295621055e-05
6.227870575021091426e+00 3.451490183469093850e-05
6.236811402807465043e+00 3.471409950045853166e-05
6.245752230593837773e+00 3.491572617112418211e-05
6.254693058380210502e+00 3.511708165695480091e-05
6.263633886166583231e+00 3.532029511772440079e-05
6.272574713952955960e+00 3.553450623791579307e-05
6.281515541739328690e+00 3.574850232307966776e-05
6.290456369525701419e+00 3.596230455977618087e-05
6.299397197312074148e+00 3.619282872863362487e-05
6.308338025098446877e+00 3.642674593585292154e-05
6.317278852884820495e+00 3.666089384799318528e-05
6.326219680671192336e+00 3.690748937771827140e-05
6.335160508457565953e+00 3.716376814241056247e-05
6.344101336243938682e+00 3.742207034535755195e-05
6.353042164030311412e+00 3.768690311380263204e-05
6.361982991816684141e+00 3.796448649797183573e-05
6.370923819603056870e+00 3.824678422415647223e-05
6.379864647389429599e+00 3.853100342871576084e-05
6.388805475175802329e+00 3.882745944660485877e-05
6.397746302962175946e+00 3.913135850577734669e-05
6.406687130748547787e+00 3.943587982366957852e-05
6.415627958534921405e+00 3.974847480891535625e-05
6.424568786321294134e+00 4.006968089644003911e-05
6.433509614107666863e+00 4.039281467346723855e-05
6.442450441894039592e+00 4.072030388053730698e-05
6.451391269680412321e+00 4.105566345982330026e-05
6.460332097466785051e+00 4.139513301498471391e-05
6.469272925253157780e+00 4.173646678029581386e-05
6.478213753039530509e+00 4.208373071798358851e-05
6.487154580825903238e+00 4.243726451941928806e-05
6.496095408612276856e+00 4.279086555744537418e-05
6.505036236398648697e+00 4.314662757903867357e-05
6.513977064185022314e+00 4.350865806012770183e-05
6.522917891971395044e+00 4.386981717624391174e-05
6.531858719757767773e+00 4.422993123853029838e-05
6.540799547544140502e+00 4.458978203097513631e-05
6.549740375330513231e+00 4.494772276067144338e-05
6.558681203116885960e+00 4.530253282632201885e-05
6.567622030903258690e+00 4.565010007954025474e-05
6.576562858689631419e+00 4.598995958896478966e-05
6.585503686476004148e+00 4.632429135657959503e-05
6.594444514262377766e+00 4.664802513287708030e-05
6.603385342048749607e+00 4.695276714052144308e-05
6.612326169835123224e+00 4.724798820878378858e-05
6.621266997621495953e+00 4.753293218255758343e-05
6.630207825407868683e+00 4.778269774538889623e-05
6.639148653194241412e+00 4.801499965060482516e-05
6.648089480980614141e+00 4.823186763913265196e-05
6.657030308766986870e+00 4.840655725397102570e-05
6.665971136553359599e+00 4.854584329841374216e-05
6.674911964339732329e+00 4.866034341567938929e-05
6.683852792126105058e+00 4.873114991162408067e-05
6.692793619912478675e+00 4.874575569791295306e-05
6.701734447698850516e+00 4.872070402477153973e-05
6.710675275485224134e+00 4.865575464005348407e-05
6.719616103271596863e+00 4.852060753273718113e-05
6.728556931057969592e+00 4.832772338148031322e-05
6.737497758844342322e+00 4.809991183319073496e-05
6.746438586630715051e+00 4.782600540060013227e-05
6.755379414417087780e+00 4.750584053520523974e-05
6.764320242203460509e+00 4.715344103583962455e-05
6.773261069989833238e+00 4.677748994894290370e-05
6.782201897776205968e+00 4.638787738604140560e-05
6.791142725562579585e+00 4.598881394590285932e-05
6.800083553348951426e+00 4.558871726892862997e-05
6.809024381135325044e+00 4.520064387743518894e-05
6.817965208921697773e+00 4.484275929925500369e-05
6.826906036708070502e+00 4.453735593739438996e-05
6.835846864494443231e+00 4.430435559531899990e-05
6.844787692280815961e+00 4.416248460955941933e-05
6.853728520067188690e+00 4.412756508931018332e-05
6.862669347853561419e+00 4.421064204420510597e-05
6.871610175639934148e+00 4.441671247395188898e-05
6.880551003426306877e+00 4.474425255206986431e-05
6.889491831212680495e+00 4.518527462790213371e-05
6.898432658999052336e+00 4.572753703096438043e-05
6.907373486785425953e+00 4.635248085349611942e-05
6.916314314571798683e+00 4.703968552917897036e-05
6.925255142358171412e+00 4.776985582013447586e-05
6.934195970144544141e+00 4.852498505131326887e-05
6.943136797930916870e+00 4.928923680497743020e-05
6.952077625717289600e+00 5.004946068556382195e-05
6.961018453503662329e+00 5.079519965112017787e-05
6.969959281290035946e+00 5.151863488543142208e-05
6.978900109076407787e+00 5.221418000583793833e-05
6.987840936862781405e+00 5.287809535144886145e-05
6.996781764649154134e+00 5.350815382801068300e-05
7.005722592435526863e+00 5.410327696694524865e-05
7.014663420221899592e+00 5.466313528933151064e-05
7.023604248008272322e+00 5.518791053048478285e-05
7.032545075794645051e+00 5.567811103778770663e-05
7.041485903581017780e+00 5.613434741100592316e-05
7.050426731367390509e+00 5.655728428879992640e-05
7.059367559153763239e+00 5.694748386661847335e-05
7.068308386940136856e+00 5.730537163925921703e-05
7.077249214726508697e+00 5.763111091749230407e-05
7.086190042512882314e+00 5.792457794936649562e-05
7.095130870299255044e+00 5.818542189106251715e-05
7.104071698085627773e+00 5.841304524805790259e-05
7.113012525872000502e+00 5.860648210958947454e-05
7.121953353658373231e+00 5.876452798848155756e-05
7.130894181444745961e+00 5.888590406542403444e-05
7.139835009231118690e+00 5.896909787444263126e-05
7.148775837017491419e+00 5.901286534983851516e-05
7.157716664803864148e+00 5.901644254487715323e-05
7.166657492590237766e+00 5.897985625270034057e-05
7.175598320376609607e+00 5.890452441809945115e-05
7.184539148162983224e+00 5.879405194659101727e-05
7.193479975949355953e+00 5.865515084276297657e-05
7.202420803735728683e+00 5.849829866905819584e-05
7.211361631522101412e+00 5.833857874108388825e-05
7.220302459308474141e+00 5.819691371116123989e-05
7.229243287094846870e+00 5.809692429523108576e-05
7.238184114881219600e+00 5.806332015464256625e-05
7.247124942667593217e+00 5.811893323282856807e-05
7.256065770453965058e+00 5.828055680964632781e-05
7.265006598240338676e+00 5.855587663013435944e-05
7.273947426026710517e+00 5.894221495972035168e-05
7.282888253813084134e+00 5.942741536840692506e-05
7.291829081599456863e+00 5.999233162617984970e-05
7.300769909385829592e+00 6.061437900137622132e-05
7.309710737172202322e+00 6.127112401311953329e-05
7.318651564958575051e+00 6.194248932874798315e-05
7.327592392744947780e+00 6.261215686447381943e-05
7.336533220531320509e+00 6.326804328385909990e-05
7.345474048317694127e+00 6.390218666479687275e-05
7.354414876104065968e+00 6.450973844348798652e-05
7.363355703890439585e+00 6.508829874620982890e-05
7.372296531676811426e+00 6.563741885028706352e-05
7.381237359463185044e+00 6.615777143649005654e-05
7.390178187249557773e+00 6.665065552585310265e-05
7.399119015035930502e+00 6.711801406990142963e-05
7.408059842822303231e+00 6.756193175677835362e-05
7.417000670608675961e+00 6.798439451226345222e-05
7.425941498395048690e+00 6.838735391821039293e-05
7.434882326181421419e+00 6.877266124398149756e-05
7.443823153967795037e+00 6.914218388024586498e-05
7.452763981754166878e+00 6.949737454828159287e-05
7.461704809540540495e+00 6.983968134453830460e-05
7.470645637326912336e+00 7.017051030492964768e-05
7.479586465113285954e+00 7.049081936503428798e-05
7.488527292899658683e+00 7.080161414061687624e-05
7.497468120686031412e+00 7.110143375939226447e-05
7.506408948472404141e+00 7.139010353366538446e-05
7.515349776258776870e+00 7.167067511630348820e-05
7.524290604045149600e+00 7.194461817460642123e-05
7.533231431831522329e+00 7.221144992252762356e-05
7.542172259617895946e+00 7.247208042936089138e-05
7.551113087404267787e+00 7.272749711268285599e-05
7.560053915190641405e+00 7.297668174314665018e-05
7.568994742977013246e+00 7.322117312090911060e-05
7.577935570763386863e+00 7.346072195968182097e-05
7.586876398549759593e+00 7.369524252568537121e-05
7.595817226336132322e+00 7.392565065951023319e-05
7.604758054122505051e+00 7.415219722938874963e-05
7.613698881908877780e+00 7.437282413869595254e-05
7.622639709695250509e+00 7.459079241651073416e-05
7.631580537481623239e+00 7.480384123215219735e-05
7.640521365267996856e+00 7.501255096391956775e-05
7.649462193054368697e+00 7.521846413351995807e-05
7.658403020840742315e+00 7.541936750114090532e-05
7.667343848627114156e+00 7.561609864151832292e-05
7.676284676413487773e+00 7.580955091820635087e-05
7.685225504199860502e+00 7.599835805442810689e-05
7.694166331986233232e+00 7.618329783758356086e-05
7.703107159772605961e+00 7.636610474534959452e-05
7.712047987558978690e+00 7.654069260489063098e-05
7.720988815345351419e+00 7.671372910100143826e-05
7.729929643131724148e+00 7.688172729345015325e-05
7.738870470918097766e+00 7.704484884422466303e-05
7.747811298704469607e+00 7.720513067114625680e-05
7.756752126490843224e+00 7.736036877879893896e-05
7.765692954277215065e+00 7.750908123775730426e-05
7.774633782063588683e+00 7.765542127164986230e-05
7.783574609849961412e+00 7.779586864160129857e-05
7.792515437636334141e+00 7.793057385837419838e-05
7.801456265422706871e+00 7.806369600674879100e-05
7.810397093209079600e+00 7.818691310491165502e-05
7.819337920995453217e+00 7.830698254750560197e-05
7.828278748781825058e+00 7.842195911267167566e-05
7.837219576568198676e+00 7.853052378246471593e-05
7.846160404354570517e+00 7.863489256420583371e-05
7.855101232140944134e+00 7.873500986213241625e-05
7.864042059927316863e+00 7.882412646830881003e-05
7.872982887713689593e+00 7.891213547423497215e-05
7.881923715500062322e+00 7.899192856088257985e-05
7.890864543286435051e+00 7.906450284386927290e-05
7.899805371072807780e+00 7.913528500519952872e-05
7.908746198859180510e+00 7.919561331333867661e-05
7.917687026645554127e+00 7.924961858670017312e-05
7.926627854431925968e+00 7.929918302455207140e-05
7.935568682218299585e+00 7.934102542913720117e-05
7.944509510004671426e+00 7.937652280274261926e-05
7.953450337791045044e+00 7.941002720984880858e-05
7.962391165577417773e+00 7.942738166468010894e-05
7.971331993363790502e+00 7.944532687175806355e-05
7.980272821150163232e+00 7.945592782657562422e-05
7.989213648936535961e+00 7.945825192490857077e-05
7.998154476722908690e+00 7.945748516374542283e-05
8.007095304509281419e+00 7.944785260864315173e-05
8.016036132295655037e+00 7.942768533049314439e-05
8.024976960082026878e+00 7.940275791169877011e-05
8.033917787868400495e+00 7.936965319757655882e-05
8.042858615654772336e+00 7.932775287145743201e-05
8.051799443441145954e+00 7.928542984109031744e-05
8.060740271227519571e+00 7.922699909389422171e-05
8.069681099013891412e+00 7.916582360544029552e-05
8.078621926800263253e+00 7.909852758347020473e-05
8.087562754586636871e+00 7.902282290515153548e-05
8.096503582373010488e+00 7.894246894783900673e-05
8.105444410159382329e+00 7.885657639520277193e-05
8.114385237945755946e+00 7.875782473148276481e-05
8.123326065732127788e+00 7.865822641330439671e-05
8.132266893518501405e+00 7.855053047235625266e-05
8.141207721304873246e+00 7.843345716125847418e-05
8.150148549091246863e+00 7.831618046593471745e-05
8.159089376877620481e+00 7.818651659656615657e-05
8.168030204663992322e+00 7.805071073317789083e-05
8.176971032450364163e+00 7.791076325273681494e-05
8.185911860236737780e+00 7.776336806015304154e-05
8.194852688023111398e+00 7.761009339462540462e-05
8.203793515809483239e+00 7.745521735343734149e-05
8.212734343595856856e+00 7.728462034518436086e-05
8.221675171382228697e+00 7.711105304460053251e-05
8.230615999168602315e+00 7.693098047688601163e-05
8.239556826954974156e+00 7.674320001917040953e-05
8.248497654741347773e+00 7.655426586941339829e-05
8.257438482527721391e+00 7.635722558068603542e-05
8.266379310314093232e+00 7.615298225540616131e-05
8.275320138100465073e+00 7.594715440622369737e-05
8.284260965886838690e+00 7.573538903803666829e-05
8.293201793673212308e+00 7.551667926741363851e-05
8.302142621459584149e+00 7.529963466857133116e-05
8.311083449245957766e+00 7.506839128533364955e-05
8.320024277032329607e+00 7.483700555261758533e-05
8.328965104818703225e+00 7.460177271656582231e-05
8.337905932605075066e+00 7.436025217033044718e-05
8.346846760391448683e+00 7.411670882774325242e-05
8.355787588177822300e+00 7.386922283575659512e-05
8.364728415964194141e+00 7.361243818133838082e-05
8.373669243750565983e+00 7.335606698298170910e-05
8.382610071536939600e+00 7.309534265408544824e-05
8.391550899323313217e+00 7.282675342726534337e-05
8.400491727109685058e+00 7.256104395291013067e-05
8.409432554896058676e+00 7.228344482505621007e-05
8.418373382682430517e+00 7.200048901675561218e-05
8.427314210468804134e+00 7.171603079475147627e-05
8.436255038255175975e+00 7.142676700414277884e-05
8.445195866041549593e+00 7.113450421213908211e-05
8.454136693827923210e+00 7.084246547000749210e-05
8.463077521614295051e+00 7.054038428820119438e-05
8.472018349400666892e+00 7.024026519301033815e-05
8.480959177187040510e+00 6.993678614472221232e-05
8.489900004973414127e+00 6.962763566453174311e-05
8.498840832759785968e+00 6.932066882576715615e-05
8.507781660546159586e+00 6.900779742688701289e-05
8.516722488332531427e+00 6.869163509123135105e-05
8.525663316118905044e+00 6.837621783334405206e-05
8.534604143905276885e+00 6.805787401667766530e-05
8.543544971691650503e+00 6.773564231344712794e-05
8.552485799478024120e+00 6.741792446800672610e-05
8.561426627264395961e+00 6.708882680860234237e-05
8.570367455050767802e+00 6.676279899238024183e-05
8.579308282837141419e+00 6.643621252767097074e-05
8.588249110623515037e+00 6.610590614519765921e-05
8.597189938409886878e+00 6.577713767234907014e-05
8.606130766196260495e+00 6.544577232130801604e-05
8.615071593982632336e+00 6.510837602603095141e-05
8.624012421769005954e+00 6.477394230903741094e-05
8.632953249555377795e+00 6.443915594243421543e-05
8.641894077341751412e+00 6.410014159125454903e-05
8.650834905128125030e+00 6.376717085594554944e-05
8.659775732914496871e+00 6.342805078896150001e-05
8.668716560700868712e+00 6.309119099679256950e-05
8.677657388487242329e+00 6.275649166689569380e-05
8.686598216273615947e+00 6.242089739933229632e-05
8.695539044059987788e+00 6.208650934318586168e-05
8.704479871846361405e+00 6.175536428962920439e-05
8.713420699632733246e+00 6.142090334766895743e-05
8.722361527419106864e+00 6.109111365193426032e-05
8.731302355205478705e+00 6.076312268012855534e-05
8.740243182991852322e+00 6.043379827558695191e-05
8.749184010778225939e+00 6.011042349613967845e-05
8.758124838564597781e+00 5.978649383331472193e-05
8.767065666350969622e+00 5.946483196189319504e-05
8.776006494137343239e+00 5.914754798225218684e-05
8.784947321923716856e+00 5.883241735272892991e-05
8.793888149710088697e+00 5.851905127810147521e-05
8.802828977496462315e+00 5.821089522870888562e-05
8.811769805282834156e+00 5.789982834650163676e-05
8.820710633069207773e+00 5.759435518513957144e-05
8.829651460855579614e+00 5.729325245738328134e-05
8.838592288641953232e+00 5.699410596497991079e-05
8.847533116428326849e+00 5.670040006662733053e-05
8.856473944214698690e+00 5.641031320488463884e-05
8.865414772001070531e+00 5.612323838761333101e-05
8.874355599787444149e+00 5.584176197774814695e-05
8.883296427573817766e+00 5.556493480050166009e-05
8.892237255360189607e+00 5.529086817198578641e-05
8.901178083146563225e+00 5.502379387991463154e-05
8.910118910932935066e+00 5.475909906289777948e-05
8.919059738719308683e+00 5.449996955194692116e-05
8.928000566505680524e+00 5.424634384163073405e-05
8.936941394292054142e+00 5.399702227355206017e-05
8.945882222078427759e+00 5.375285843620252341e-05
8.954823049864799600e+00 5.351425498698307598e-05
8.963763877651173217e+00 5.327977744047858092e-05
8.972704705437545059e+00 5.305102378179821053e-05
8.981645533223918676e+00 5.282776130686693414e-05
8.990586361010290517e+00 5.260870496437732838e-05
8.999527188796664134e+00 5.239434789011677263e-05
9.008468016583037752e+00 5.218349142309754613e-05
9.017408844369409593e+00 5.197784549958150822e-05
9.026349672155781434e+00 5.177759599659567918e-05
9.035290499942155051e+00 5.158243467112098450e-05
9.044231327728528669e+00 5.139232208217000154e-05
9.053172155514900510e+00 5.120722479169976670e-05
9.062112983301274127e+00 5.102696047005519638e-05
9.071053811087645968e+00 5.085183260277552749e-05
9.079994638874019586e+00 5.068177291356604686e-05
9.088935466660391427e+00 5.051660921115033964e-05
9.097876294446765044e+00 5.035624746795116407e-05
9.106817122233138662e+00 5.020088620039814682e-05
9.115757950019510503e+00 5.005028633250482232e-05
9.124698777805882344e+00 4.990416817022958851e-05
9.133639605592255961e+00 4.976282397208069255e-05
9.142580433378629579e+00 4.962622376791757519e-05
9.151521261165001420e+00 4.949352657657581594e-05
9.160462088951375037e+00 4.936591879330468215e-05
9.169402916737746878e+00 4.924242818690941870e-05
9.178343744524120495e+00 4.912293310126718715e-05
9.187284572310492337e+00 4.900788896933855121e-05
9.196225400096865954e+00 4.889951326597383137e-05
9.205166227883239571e+00 4.879712772719197600e-05
9.214107055669611412e+00 4.869892066056835119e-05
9.223047883455983253e+00 4.860427074288328319e-05
9.231988711242356871e+00 4.851315966181015489e-05
9.240929539028730488e+00 4.842654513518289850e-05
9.249870366815102329e+00 4.834359916159870042e-05
9.258811194601474170e+00 4.826481760732858521e-05
9.267752022387847788e+00 4.818931306512055549e-05
9.276692850174221405e+00 4.811670174368081512e-05
9.285633677960593246e+00 4.804759616606460362e-05
9.294574505746966864e+00 4.798185297941813640e-05
9.303515333533340481e+00 4.791848871104095297e-05
9.312456161319712322e+00 4.785882725174659834e-05
9.321396989106084163e+00 4.780180242716658163e-05
9.330337816892457781e+00 4.774720024085750062e-05
9.339278644678831398e+00 4.769613806805933064e-05
9.348219472465203239e+00 4.764709092388391372e-05
9.357160300251575080e+00 4.760096726898148238e-05
9.366101128037950474e+00 4.755742323030490002e-05
9.375041955824322315e+00 4.751592423518064516e-05
9.383982783610694156e+00 4.747691031472060075e-05
9.392923611397067774e+00 4.744445438454920774e-05
9.401864439183441391e+00 4.741551604725902834e-05
9.410805266969813232e+00 4.738988618763234655e-05
9.419746094756185073e+00 4.736607082396458599e-05
9.428686922542558690e+00 4.734379477842130921e-05
9.437627750328932308e+00 4.732444392167652774e-05
9.446568578115304149e+00 4.730863170871902078e-05
9.455509405901675990e+00 4.729458726974310770e-05
9.464450233688051384e+00 4.728264880250286487e-05
9.473391061474423225e+00 4.727226391158755432e-05
9.482331889260795066e+00 4.726331162487333766e-05
9.491272717047168683e+00 4.725697466988392837e-05
9.500213544833542301e+00 4.725126863412851074e-05
9.509154372619914142e+00 4.724797911883410261e-05
9.518095200406285983e+00 4.724607955823748138e-05
9.527036028192659600e+00 4.724514611484033246e-05
9.535976855979033218e+00 4.724615270038250484e-05
9.544917683765405059e+00 4.724877101245434692e-05
9.553858511551776900e+00 4.725206974127267400e-05
9.562799339338152294e+00 4.725739847228597486e-05
9.571740167124524135e+00 4.726388157281444122e-05
9.580680994910895976e+00 4.727103206284613410e-05
9.589621822697269593e+00 4.728492695938107617e-05
9.598562650483643210e+00 4.730143384525938672e-05
9.607503478270015052e+00 4.731946794819527418e-05
9.616444306056386893e+00 4.733865856195914321e-05
9.625385133842760510e+00 4.735865914863380329e-05
9.634325961629134127e+00 4.738055607987571308e-05
9.643266789415505968e+00 4.740659570327511251e-05
9.652207617201877810e+00 4.743288786306005975e-05
9.661148444988253203e+00 4.746105367000305120e-05
9.670089272774625044e+00 4.749009225700864031e-05
9.679030100560996885e+00 4.751951309409000563e-05
9.687970928347370503e+00 4.754938600195623700e-05
9.696911756133744120e+00 4.757932554756329207e-05
9.705852583920115961e+00 4.761007561168911702e-05
9.714793411706487802e+00 4.764197257289708897e-05
9.723734239492861420e+00 4.767459598447724197e-05
9.732675067279235037e+00 4.770913423568660586e-05
9.741615895065606878e+00 4.775033931751983707e-05
9.750556722851980496e+00 4.779152665039550473e-05
9.759497550638354113e+00 4.783424722430860076e-05
9.768438378424725954e+00 4.787767893223430127e-05
9.777379206211097795e+00 4.792140871633704440e-05
9.786320033997471413e+00 4.797068317049902968e-05
9.795260861783845030e+00 4.802237262759910752e-05
9.804201689570216871e+00 4.807431145836324465e-05
9.813142517356588712e+00 4.812752326770479601e-05
9.822083345142962330e+00 4.818143231933484996e-05
9.831024172929335947e+00 4.823556228668258918e-05
9.839965000715707788e+00 4.829208924004018029e-05
9.848905828502081405e+00 4.834866658849099410e-05
9.857846656288455023e+00 4.840621668252628881e-05
9.866787484074826864e+00 4.846444424204206691e-05
9.875728311861198705e+00 4.852314263377810271e-05
9.884669139647572322e+00 4.858274816536095294e-05
9.893609967433945940e+00 4.864320977157257094e-05
9.902550795220317781e+00 4.870386352069048380e-05
9.911491623006689622e+00 4.876569610018646278e-05
9.920432450793063239e+00 4.882813786868845128e-05
9.929373278579436857e+00 4.889068429739309724e-05
9.938314106365808698e+00 4.895467877345581031e-05
9.947254934152182315e+00 4.901900762389829080e-05
9.956195761938555933e+00 4.908384262499665760e-05
9.965136589724927774e+00 4.914948737131686756e-05
9.974077417511299615e+00 4.921567408729313453e-05
9.983018245297673232e+00 4.928602138835826325e-05
9.991959073084046850e+00 4.935861152728127121e-05
1.000089990087041869e+01 4.943127472689901421e-05
1.000984072865679053e+01 4.950494011278059757e-05
1.001878155644316415e+01 4.957915360177464481e-05
1.002772238422953777e+01 4.965501088793187090e-05
1.003666321201590961e+01 4.973516621157753227e-05
1.004560403980228322e+01 4.981586644802330405e-05
1.005454486758865684e+01 4.989685793961682881e-05
1.006348569537502868e+01 4.997869504880226682e-05
1.007242652316140052e+01 5.006106131765558420e-05
1.008136735094777414e+01 5.014356057504377919e-05
1.009030817873414776e+01 5.022729742556593878e-05
1.009924900652051960e+01 5.031120831600566034e-05
1.010818983430689144e+01 5.039573767523629225e-05
1.011713066209326506e+01 5.048077914917077798e-05
1.012607148987963868e+01 5.056623058519898236e-05
1.013501231766601052e+01 5.065230341458866952e-05
1.014395314545238413e+01 5.073888584538090298e-05
1.015289397323875775e+01 5.082580299392581020e-05
1.016183480102512959e+01 5.091336253918886720e-05
1.017077562881150143e+01 5.100135918691306349e-05
1.017971645659787505e+01 5.108807450763342355e-05
1.018865728438424867e+01 5.117532072207939817e-05
1.019759811217062051e+01 5.126286730770444699e-05
1.020653893995699235e+01 5.135073199392496148e-05
1.021547976774336597e+01 5.143908259747533419e-05
1.022442059552973959e+01 5.152701930592304722e-05
1.023336142331611143e+01 5.161368464206607127e-05
1.024230225110248504e+01 5.170085846374970182e-05
1.025124307888885866e+01 5.178834481303136477e-05
1.026018390667523050e+01 5.187618852664902024e-05
1.026912473446160234e+01 5.196433720929539811e-05
1.027806556224797596e+01 5.205277533221400860e-05
1.028700639003434958e+01 5.214161985572235430e-05
1.029594721782072142e+01 5.223069145107253901e-05
1.030488804560709326e+01 5.231999535627213408e-05
1.031382887339346688e+01 5.240967009076228262e-05
1.032276970117984050e+01 5.249957656328354622e-05
1.033171052896621234e+01 5.258968676980263528e-05
1.034065135675258595e+01 5.268003993098850548e-05
1.034959218453895957e+01 5.277069524651704604e-05
1.035853301232533141e+01 5.286150300540724508e-05
1.036747384011170325e+01 5.295249826350217800e-05
1.037641466789807687e+01 5.304407526190790752e-05
1.038535549568445049e+01 5.313580998502501424e-05
1.039429632347082233e+01 5.322764253805827928e-05
1.040323715125719417e+01 5.331977243448332164e-05
1.041217797904356779e+01 5.341204198216129413e-05
1.042111880682994141e+01 5.350466236578965251e-05
1.043005963461631325e+01 5.359789214568180175e-05
1.043900046240268686e+01 5.369109710052399664e-05
1.044794129018906048e+01 5.378456442081156695e-05
1.045688211797543232e+01 5.387816018085346640e-05
1.046582294576180416e+01 5.397190206809224971e-05
1.047476377354817778e+01 5.406586390791644794e-05
1.048370460133455140e+01 5.415995389013869918e-05
1.049264542912092324e+01 5.425409166327256616e-05
1.050158625690729508e+01 5.434853698732263172e-05
1.051052708469367047e+01 5.444311704166408740e-05
1.051946791248004232e+01 5.453780639908219002e-05
1.052840874026641416e+01 5.463280347300079366e-05
1.053734956805278777e+01 5.472792012408147323e-05
1.054629039583916139e+01 5.482325150022105331e-05
1.055523122362553323e+01 5.491881651638968965e-05
1.056417205141190507e+01 5.501466377237888437e-05
1.057311287919827869e+01 5.511005486710782489e-05
1.058205370698465231e+01 5.520569723336499440e-05
1.059099453477102415e+01 5.530165421615113969e-05
1.059993536255739599e+01 5.539794025600516076e-05
1.060887619034377138e+01 5.549458852730472448e-05
1.061781701813014323e+01 5.559074489918456582e-05
1.062675784591651507e+01 5.568628265555842534e-05
1.063569867370288868e+01 5.578230803649160722e-05
1.064463950148926230e+01 5.587881661330132882e-05
1.065358032927563414e+01 5.597582008130976396e-05
1.066252115706200598e+01 5.607339541911173002e-05
1.067146198484837960e+01 5.617156490364764440e-05
1.068040281263475322e+01 5.627013385757042891e-05
1.068934364042112506e+01 5.636991225748869518e-05
1.069828446820749690e+01 5.647009362861417950e-05
1.070722529599387229e+01 5.657111206463041365e-05
1.071616612378024413e+01 5.667307876226645476e-05
1.072510695156661598e+01 5.677566064515296093e-05
1.073404777935298959e+01 5.687927799622965563e-05
1.074298860713936321e+01 5.698421680640694260e-05
1.075192943492573505e+01 5.708979845205909668e-05
1.076087026271210689e+01 5.719661132273976375e-05
1.076981109049848051e+01 5.730414820625115088e-05
1.077875191828485413e+01 5.741221341744828338e-05
1.078769274607122597e+01 5.752247559931232936e-05
1.079663357385759781e+01 5.763378272516106866e-05
1.080557440164397320e+01 5.774632384212772114e-05
1.081451522943034504e+01 5.785905740937105602e-05
1.082345605721671689e+01 5.797182962852076669e-05
1.083239688500309050e+01 5.808585711859023829e-05
1.084133771278946412e+01 5.820258320255293098e-05
1.085027854057583596e+01 5.832020172411305110e-05
1.085921936836220780e+01 5.843990661786986970e-05
1.086816019614858142e+01 5.856187601433918377e-05
1.087710102393495504e+01 5.868491403846054348e-05
1.088604185172132688e+01 5.881076041630249731e-05
1.089498267950770050e+01 5.893872645942698071e-05
1.090392350729407411e+01 5.906835421824330331e-05
1.091286433508044595e+01 5.920040908766691513e-05
1.092180516286681780e+01 5.933490454353516485e-05
1.093074599065319141e+01 5.947070513769824989e-05
1.093968681843956503e+01 5.961068965935227749e-05
1.094862764622593687e+01 5.975215291941380551e-05
1.095756847401230871e+01 5.989619971183558739e-05
1.096650930179868233e+01 6.004406995093883651e-05
1.097545012958505595e+01 6.019392086283131230e-05
1.098439095737142779e+01 6.034673366153626869e-05
1.099333178515780141e+01 6.050283891979088541e-05
1.100227261294417502e+01 6.066100090960511499e-05
1.101121344073054686e+01 6.082581695422599677e-05
1.102015426851691871e+01 6.099674757941244731e-05
1.102909509630329232e+01 6.116943559431883099e-05
1.103803592408966594e+01 6.134642276339695422e-05
1.104697675187603778e+01 6.152593563782763621e-05
1.105591757966240962e+01 6.170817904052577202e-05
1.106485840744878324e+01 6.189368725398206126e-05
1.107379923523515686e+01 6.208214874303734322e-05
1.108274006302152870e+01 6.227339788828981223e-05
1.109168089080790232e+01 6.246841603100749456e-05
1.110062171859427593e+01 6.266599977693406245e-05
1.110956254638064777e+01 6.286667147410109795e-05
1.111850337416701962e+01 6.307084121786075493e-05
1.112744420195339323e+01 6.327755699014211651e-05
1.113638502973976685e+01 6.348770321927511232e-05
1.114532585752613869e+01 6.370090987497487338e-05
1.115426668531251053e+01 6.391692674122111952e-05
1.116320751309888415e+01 6.413588640840458459e-05
1.117214834088525777e+01 6.435794159652371345e-05
1.118108916867162961e+01 6.458282617452818994e-05
1.119002999645800323e+01 6.481062530433257592e-05
1.119897082424437684e+01 6.504139935793398644e-05
1.120791165203074868e+01 6.527324407234920140e-05
1.121685247981712052e+01 6.550676062669997732e-05
1.122579330760349414e+01 6.574326649235078045e-05
1.123473413538986776e+01 6.598228152208997503e-05
1.124367496317623960e+01 6.622375333457220610e-05
1.125261579096261144e+01 6.646807430639174296e-05
1.126155661874898506e+01 6.671486264563062664e-05
1.127049744653535868e+01 6.696378591052887794e-05
1.127943827432173052e+01 6.721595346970344513e-05
1.128837910210810414e+01 6.746915886739984043e-05
1.129731992989447775e+01 6.772525099455363863e-05
1.130626075768084959e+01 6.798369253937586523e-05
1.131520158546722143e+01 6.824380317126912032e-05
1.132414241325359505e+01 6.850640822130068684e-05
1.133308324103996867e+01 6.877115533276479450e-05
1.134202406882634051e+01 6.903689897951820827e-05
1.135096489661271235e+01 6.930539663728736027e-05
1.135990572439908597e+01 6.957591389009089267e-05
1.136884655218545959e+01 6.984685196674115550e-05
1.137778737997183143e+01 7.012115780431167958e-05
1.138672820775820504e+01 7.039569878855534649e-05
1.139566903554457866e+01 7.067213495308873321e-05
1.140460986333095050e+01 7.095068120299605999e-05
1.141355069111732234e+01 7.123036263118801123e-05
1.142249151890369596e+01 7.151138387222055065e-05
1.143143234669006958e+01 7.179491439251631897e-05
1.144037317447644142e+01 7.207798707635146296e-05
1.144931400226281326e+01 7.236356932009299322e-05
1.145825483004918688e+01 7.265075170985873805e-05
1.146719565783556050e+01 7.293798633331024335e-05
1.147613648562193234e+01 7.322791834713300748e-05
1.148507731340830595e+01 7.351844469720978433e-05
1.149401814119467957e+01 7.380984263643496350e-05
1.150295896898105141e+01 7.410337796125927357e-05
1.151189979676742325e+01 7.439818556536332921e-05
1.152084062455379687e+01 7.469337275937958131e-05
1.152978145234017049e+01 7.499174963647516924e-05
1.153872228012654233e+01 7.528908353647843820e-05
1.154766310791291417e+01 7.558877190080681805e-05
1.155660393569928779e+01 7.589030821362407694e-05
1.156554476348566141e+01 7.619242017782718848e-05
1.157448559127203325e+01 7.649655641721317466e-05
1.158342641905840686e+01 7.680227458450232612e-05
1.159236724684478048e+01 7.710868217816789841e-05
1.160130807463115232e+01 7.741610894415063557e-05
1.161024890241752416e+01 7.772504009416482363e-05
1.161918973020389778e+01 7.803430731725931942e-05
1.162813055799027140e+01 7.834676384689258258e-05
1.163707138577664324e+01 7.865986939089631737e-05
1.164601221356301508e+01 7.897500132292920169e-05
1.165495304134939047e+01 7.929233502970002665e-05
1.166389386913576232e+01 7.961135019786772795e-05
1.167283469692213416e+01 7.993232447412670515e-05
1.168177552470850777e+01 8.025595160004696726e-05
1.169071635249488139e+01 8.058101266024648784e-05
1.169965718028125323e+01 8.090879069380505937e-05
1.170859800806762507e+01 8.123916834462048303e-05
1.171753883585399869e+01 8.157125229239763498e-05
1.172647966364037231e+01 8.190648214073469697e-05
1.173542049142674415e+01 8.224406900551241187e-05
1.174436131921311599e+01 8.258421087639952046e-05
1.175330214699949138e+01 8.292736522307094372e-05
1.176224297478586323e+01 8.327337981596768580e-05
1.177118380257223507e+01 8.362204719134495477e-05
1.178012463035860868e+01 8.397408658481091462e-05
1.178906545814498230e+01 8.432885576085441439e-05
1.179800628593135414e+01 8.468689958184509982e-05
1.180694711371772598e+01 8.504826360820835773e-05
1.181588794150409960e+01 8.541277895228565058e-05
1.182482876929047322e+01 8.578076456445610709e-05
1.183376959707684506e+01 8.615217251886355895e-05
1.184271042486321690e+01 8.652699721574578866e-05
1.185165125264959229e+01 8.690544124076148035e-05
1.186059208043596414e+01 8.728752047237862163e-05
1.186953290822233598e+01 8.767310576934739458e-05
1.187847373600870959e+01 8.806252608004726680e-05
1.188741456379508321e+01 8.845555047864311644e-05
1.189635539158145505e+01 8.885235014007979463e-05
1.190529621936782689e+01 8.925297571936002252e-05
1.191423704715420051e+01 8.965732969935935191e-05
1.192317787494057413e+01 9.006551806906030664e-05
1.193211870272694597e+01 9.047757292100044423e-05
1.194105953051331781e+01 9.089326091815447175e-05
1.195000035829969320e+01 9.131290027657721405e-05
1.195894118608606504e+01 9.173644688011627600e-05
1.196788201387243689e+01 9.216326323323424674e-05
1.197682284165881050e+01 9.259430507273576523e-05
1.198576366944518412e+01 9.302867601291661573e-05
1.199470449723155596e+01 9.346279192172266361e-05
1.200364532501792780e+01 9.390016797549152695e-05
1.201258615280430142e+01 9.434090659960235126e-05
1.202152698059067504e+01 9.478478141509669738e-05
1.203046780837704688e+01 9.523274298948251871e-05
1.203940863616342050e+01 9.568241930006900003e-05
1.204834946394979411e+01 9.613461035357857604e-05
1.205729029173616595e+01 9.659042914377817990e-05
1.206623111952253780e+01 9.704798987538094425e-05
1.207517194730891141e+01 9.750931802562480078e-05
1.208411277509528503e+01 9.797307219865833926e-05
1.209305360288165687e+01 9.843893197860196695e-05
1.210199443066802871e+01 9.890801021599094484e-05
1.211093525845440233e+01 9.937970324448444040e-05
1.211987608624077595e+01 9.985175482236550385e-05
1.212881691402714779e+01 1.003283157589820231e-04
1.213775774181352141e+01 1.008042405948115220e-04
1.214669856959989502e+01 1.012824975445689776e-04
1.215563939738626686e+01 1.017636010715388496e-04
1.216458022517263871e+01 1.022443765642431720e-04
1.217352105295901232e+01 1.027267837698496455e-04
1.218246188074538594e+01 1.032110127324486251e-04
1.219140270853175778e+01 1.036932044207994862e-04
1.220034353631812962e+01 1.041770224107612373e-04
1.220928436410450324e+01 1.046631683083183159e-04
1.221822519189087686e+01 1.051446242008927372e-04
1.222716601967724870e+01 1.056302876531556116e-04
1.223610684746362232e+01 1.061132220980496194e-04
1.224504767524999593e+01 1.065953982614076359e-04
1.225398850303636777e+01 1.070790229681347548e-04
1.226292933082273962e+01 1.075608273066701309e-04
1.227187015860911323e+01 1.080402869812827885e-04
1.228081098639548685e+01 1.085217147549315378e-04
1.228975181418185869e+01 1.089987786594034101e-04
1.229869264196823053e+01 1.094752484848517994e-04
1.230763346975460415e+01 1.099529334723299041e-04
1.231657429754097777e+01 1.104232645341985520e-04
1.232551512532734961e+01 1.108951909936047356e-04
1.233445595311372323e+01 1.113640065077994124e-04
1.234339678090009684e+01 1.118292848991758682e-04
1.235233760868646868e+01 1.122941049831476423e-04
1.236127843647284053e+01 1.127568077931021462e-04
1.237021926425921414e+01 1.132119870550195442e-04
1.237916009204558776e+01 1.136700100173942230e-04
1.238810091983195960e+01 1.141179224599519218e-04
1.239704174761833144e+01 1.145631249846502004e-04
1.240598257540470506e+01 1.150084607884074378e-04
1.241492340319107868e+01 1.154454759682494905e-04
1.242386423097745052e+01 1.158800403287120581e-04
1.243280505876382414e+01 1.163112614460795667e-04
1.244174588655019775e+01 1.167352903695826260e-04
1.245068671433656959e+01 1.171566484480522809e-04
1.245962754212294143e+01 1.175768617382968231e-04
1.246856836990931505e+01 1.179840510771441831e-04
1.247750919769568867e+01 1.183934842993903210e-04
1.248645002548206051e+01 1.187944399050433562e-04
1.249539085326843235e+01 1.191902638818572179e-04
1.250433168105480597e+01 1.195845542047961353e-04
1.251327250884117959e+01 1.199711468823637416e-04
1.252221333662755143e+01 1.203508078120484119e-04
1.253115416441392505e+01 1.207289334956209993e-04
1.254009499220029866e+01 1.210983549164962016e-04
1.254903581998667050e+01 1.214628847196798513e-04
1.255797664777304234e+01 1.218265966208545767e-04
1.256691747555941596e+01 1.221755754044593788e-04
1.257585830334578958e+01 1.225243672486474756e-04
1.258479913113216142e+01 1.228649291706567653e-04
1.259373995891853326e+01 1.231983708796282055e-04
1.260268078670490688e+01 1.235286218518746003e-04
1.261162161449128050e+01 1.238530391758730709e-04
1.262056244227765234e+01 1.241664245811254560e-04
1.262950327006402595e+01 1.244791168256634945e-04
1.263844409785039957e+01 1.247812622249244155e-04
1.264738492563677141e+01 1.250767001492821993e-04
1.265632575342314325e+01 1.253710426734094190e-04
1.266526658120951687e+01 1.256529815827638508e-04
1.267420740899589049e+01 1.259309643129388355e-04
1.268314823678226233e+01 1.262033160915180564e-04
1.269208906456863417e+01 1.264676093429949872e-04
1.270102989235500779e+01 1.267272655599536199e-04
1.270997072014138141e+01 1.269836688903184867e-04
1.271891154792775325e+01 1.272260420811352120e-04
1.272785237571412686e+01 1.274683209666111925e-04
1.273679320350050048e+01 1.277007862020239348e-04
1.274573403128687232e+01 1.279266777090889019e-04
1.275467485907324416e+01 1.281503811625435830e-04
1.276361568685961778e+01 1.283648220382638272e-04
1.277255651464599140e+01 1.285723845891414052e-04
1.278149734243236324e+01 1.287769325014667383e-04
1.279043817021873508e+01 1.289735276423757552e-04
1.279937899800511047e+01 1.291644885440185252e-04
1.280831982579148232e+01 1.293544799101200345e-04
1.281726065357785416e+01 1.295297821729147884e-04
1.282620148136422777e+01 1.297047866053224264e-04
1.283514230915060139e+01 1.298732305586837389e-04
1.284408313693697323e+01 1.300351740672514957e-04
1.285302396472334507e+01 1.301941104529495826e-04
1.286196479250971869e+01 1.303471760246694810e-04
1.287090562029609231e+01 1.304916304624690097e-04
1.287984644808246415e+01 1.306348301931354791e-04
1.288878727586883599e+01 1.307710823271905957e-04
1.289772810365521138e+01 1.309012287279252981e-04
1.290666893144158323e+01 1.310306119174882758e-04
1.291560975922795507e+01 1.311498309292726818e-04
1.292455058701432868e+01 1.312663828994651454e-04
1.293349141480070230e+01 1.313789187863838900e-04
1.294243224258707414e+01 1.314858582046668967e-04
1.295137307037344598e+01 1.315894001797613614e-04
1.296031389815981960e+01 1.316900692132919254e-04
1.296925472594619322e+01 1.317818675210032531e-04
1.297819555373256506e+01 1.318735252128387582e-04
1.298713638151893690e+01 1.319593335948370720e-04
1.299607720930531229e+01 1.320405960306571648e-04
1.300501803709168414e+01 1.321207627639360809e-04
1.301395886487805598e+01 1.321947467711611323e-04
1.302289969266442959e+01 1.322649573811514269e-04
1.303184052045080321e+01 1.323331261924110621e-04
1.304078134823717505e+01 1.323970927544192979e-04
1.304972217602354689e+01 1.324577690512816915e-04
1.305866300380992051e+01 1.325177455034240947e-04
1.306760383159629413e+01 1.325700307702848521e-04
1.307654465938266597e+01 1.326220742012016796e-04
1.308548548716903781e+01 1.326708718083638786e-04
1.309442631495541320e+01 1.327163872823145972e-04
1.310336714274178505e+01 1.327605559023384534e-04
1.311230797052815689e+01 1.327866130121716491e-04
1.312124879831453050e+01 1.327906815790851167e-04
1.313018962610090412e+01 1.327945647090113940e-04
1.313913045388727596e+01 1.327982479877762268e-04
1.314807128167364780e+01 1.328016987220587998e-04
1.315701210946002142e+01 1.328049854638438127e-04
1.316595293724639504e+01 1.328080805731446119e-04
1.317489376503276688e+01 1.328109235594730905e-04
1.318383459281914050e+01 1.328135743348399852e-04
1.319277542060551411e+01 1.328160493242109587e-04
1.320171624839188596e+01 1.328183199485707445e-04
1.321065707617825780e+01 1.328203704635781820e-04
1.321959790396462964e+01 1.328222234152129757e-04
1.322853873175100503e+01 1.328238985258370797e-04
1.323747955953737687e+01 1.328253340418234342e-04
1.324642038732374871e+01 1.328265840540252549e-04
1.325536121511012411e+01 1.328276782783460264e-04
1.326430204289649595e+01 1.328285460135322218e-04
1.327324287068286779e+01 1.328291757808920648e-04
1.328218369846923963e+01 1.328296371839788096e-04
1.329112452625561502e+01 1.328299243093494352e-04
1.330006535404198686e+01 1.328299782881467244e-04
1.330900618182835871e+01 1.328298294040524080e-04
1.331794700961473055e+01 1.328295403969497075e-04
1.332688783740110594e+01 1.328290034235374392e-04
1.333582866518747778e+01 1.328282429230773340e-04
1.334476949297384962e+01 1.328273542805283563e-04
1.335371032076022502e+01 1.328262688121862743e-04
1.336265114854659686e+01 1.328249426290908052e-04
1.337159197633296870e+01 1.328234133386182276e-04
1.338053280411934054e+01 1.328217421464641371e-04
1.338947363190571593e+01 1.328198413267020755e-04
1.339841445969208777e+01 1.328177097245952277e-04
1.340735528747845962e+01 1.328154844939826340e-04
1.341629611526483146e+01 1.328130134868854269e-04
1.342523694305120685e+01 1.328103010434365685e-04
1.343417777083757869e+01 1.328074426139438729e-04
1.344311859862395053e+01 1.328044139531696052e-04
1.345205942641032593e+01 1.328011619923779717e-04
1.346100025419669777e+01 1.327976999422356640e-04
1.346994108198306961e+01 1.327940806388142731e-04
1.347888190976944145e+01 1.327902614220075300e-04
1.348782273755581684e+01 1.327862024202628691e-04
1.349676356534218868e+01 1.327820191978114350e-04
1.350570439312856053e+01 1.327776588926277341e-04
1.351464522091493592e+01 1.327730427741938930e-04
1.352358604870130776e+01 1.327682415773045067e-04
1.353252687648767960e+01 1.327632862438061535e-04
1.354146770427405144e+01 1.327581383845889359e-04
1.355040853206042684e+01 1.327527700986529298e-04
1.355934935984679868e+01 1.327472335547884459e-04
1.356829018763317052e+01 1.327415278311151281e-04
1.357723101541954236e+01 1.327355822325291797e-04
1.358617184320591775e+01 1.327294615361002952e-04
1.359511267099228959e+01 1.327232047383355344e-04
1.360405349877866144e+01 1.327167422459491191e-04
1.361299432656503683e+01 1.327100368383953932e-04
1.362193515435140867e+01 1.327031695542353368e-04
1.363087598213778051e+01 1.326961554566606378e-04
1.363981680992415235e+01 1.326889066985784149e-04
1.364875763771052775e+01 1.326814547750441466e-04
1.365769846549689959e+01 1.326739176749601185e-04
1.366663929328327143e+01 1.326661145268242831e-04
1.367558012106964327e+01 1.326580873653935547e-04
1.368452094885601866e+01 1.326499512093574928e-04
1.369346177664239050e+01 1.326416420579069422e-04
1.370240260442876234e+01 1.326330948149213786e-04
1.371134343221513774e+01 1.326243370198813452e-04
1.372028426000150958e+01 1.326154814084040971e-04
1.372922508778788142e+01 1.326063890247686271e-04
1.373816591557425326e+01 1.325970566138420098e-04
1.374710674336062866e+01 1.325876722742987937e-04
1.375604757114700050e+01 1.325780617511104677e-04
1.376498839893337234e+01 1.325681883252182488e-04
1.377392922671974418e+01 1.325581804629519689e-04
1.378287005450611957e+01 1.325480289634561914e-04
1.379181088229249141e+01 1.325376599664492558e-04
1.380075171007886325e+01 1.325270867824178812e-04
1.380969253786523865e+01 1.325163700137554782e-04
1.381863336565161049e+01 1.325054655309226685e-04
1.382757419343798233e+01 1.324943209076180877e-04
1.383651502122435417e+01 1.324830607292102605e-04
1.384545584901072957e+01 1.324716448982237707e-04
1.385439667679710141e+01 1.324599937297119077e-04
1.386333750458347325e+01 1.324481379254647130e-04
1.387227833236984509e+01 1.324361462314877110e-04
1.388121916015622048e+01 1.324239825221389816e-04
1.389015998794259232e+01 1.324115933874850934e-04
1.389910081572896416e+01 1.323990562544879426e-04
1.390804164351533956e+01 1.323863683057303041e-04
1.391698247130171140e+01 1.323734359753216822e-04
1.392592329908808324e+01 1.323603279486550621e-04
1.393486412687445508e+01 1.323471032135321206e-04
1.394380495466083048e+01 1.323336917391839675e-04
1.395274578244720232e+01 1.323200485753831977e-04
1.396168661023357416e+01 1.323062284776137850e-04
1.397062743801994600e+01 1.322922873283219694e-04
1.397956826580632139e+01 1.322781155511050305e-04
1.398850909359269323e+01 1.322637540494223801e-04
1.399744992137906507e+01 1.322493198017488580e-04
1.400639074916544047e+01 1.322346225942008931e-04
1.401533157695181231e+01 1.322197134048070332e-04
1.402427240473818415e+01 1.322046840150766455e-04
1.403321323252455599e+01 1.321895026977175228e-04
1.404215406031093138e+01 1.321741041680702864e-04
1.405109488809730323e+01 1.321585032423581898e-04
1.406003571588367507e+01 1.321427860604119616e-04
1.406897654367004691e+01 1.321268608785460365e-04
1.407791737145642230e+01 1.321107067691992170e-04
1.408685819924279414e+01 1.320944854599073802e-04
1.409579902702916598e+01 1.320780846172012039e-04
1.410473985481554138e+01 1.320614044831732413e-04
1.411368068260191322e+01 1.320445843271319262e-04
1.412262151038828506e+01 1.320276450358997221e-04
1.413156233817465690e+01 1.320105019685577352e-04
1.414050316596103229e+01 1.319931453499612690e-04
1.414944399374740414e+01 1.319756751149190970e-04
