5.217557035160964141e+00 1.821798840709889408e-43
5.226497862947336870e+00 3.170925237812894330e-41
5.235438690733709599e+00 4.703850466316524673e-39
5.244379518520082328e+00 5.947068422861338567e-37
5.253320346306455058e+00 6.408173867800995109e-35
5.262261174092827787e+00 5.885014826882223615e-33
5.271202001879201404e+00 4.606199665955250031e-31
5.280142829665574133e+00 3.072698023193323103e-29
5.289083657451946863e+00 1.746943768495497215e-27
5.298024485238319592e+00 8.464862231305274331e-26
5.306965313024692321e+00 3.495769475595649674e-24
5.315906140811065050e+00 1.230403622004220985e-22
5.324846968597437780e+00 3.690917512418679731e-21
5.333787796383810509e+00 9.436327411430660421e-20
5.342728624170183238e+00 2.056144282047568019e-18
5.351669451956555967e+00 3.818441091037980596e-17
5.360610279742928697e+00 6.043666996317284707e-16
5.369551107529302314e+00 8.152614034528776130e-15
5.378491935315675043e+00 9.372925410223854778e-14
5.387432763102047772e+00 9.184073760135985880e-13
5.396373590888420502e+00 7.669684311288808216e-12
5.405314418674793231e+00 5.458854733320416124e-11
5.414255246461165960e+00 3.311368472871191490e-10
5.423196074247538689e+00 1.711967064249004054e-09
5.432136902033911419e+00 7.543366769037914566e-09
5.441077729820284148e+00 2.832806867636438372e-08
5.450018557606656877e+00 9.066728943852948741e-08
5.458959385393030495e+00 2.473239770839956989e-07
5.467900213179403224e+00 5.749945576217126037e-07
5.476841040965775953e+00 1.139313307216777471e-06
5.485781868752148682e+00 1.923997614686715177e-06
5.494722696538521411e+00 2.769158484185025727e-06
5.503663524324894141e+00 3.396823786492527128e-06
5.512604352111266870e+00 3.551241011113345492e-06
5.521545179897639599e+00 3.164238426239663285e-06
5.530486007684012328e+00 2.402924782200218057e-06
5.539426835470385058e+00 1.555224452807365470e-06
5.548367663256758675e+00 8.578826783741075890e-07
5.557308491043131404e+00 4.033152515495535659e-07
5.566249318829504134e+00 1.616007288108287854e-07
5.575190146615876863e+00 5.518536358258752808e-08
5.584130974402249592e+00 1.606151193225337689e-08
5.593071802188622321e+00 3.984105815939228717e-09
5.602012629974995050e+00 8.422814339140281712e-10
5.610953457761367780e+00 1.517628642370045130e-10
5.619894285547740509e+00 2.330535509276976811e-11
5.628835113334113238e+00 3.050196777112826710e-12
5.637775941120485967e+00 3.402372931998952315e-13
5.646716768906859585e+00 3.234579984340144316e-14
5.655657596693232314e+00 2.620811575966573709e-15
5.664598424479605043e+00 1.809821008665166941e-16
5.673539252265977773e+00 1.065166196739445919e-17
5.682480080052350502e+00 5.342949252375121639e-19
5.691420907838723231e+00 2.284160654158738243e-20
5.700361735625095960e+00 8.322506955052679611e-22
5.709302563411468689e+00 2.584423078660441020e-23
5.718243391197841419e+00 6.839982298742701632e-25
5.727184218984214148e+00 1.542866212308879253e-26
5.736125046770586877e+00 2.966084247329823559e-28
5.745065874556960495e+00 4.859824876060665305e-30
5.754006702343333224e+00 6.786403538923273655e-32
5.762947530129705953e+00 8.076824840612126930e-34
5.771888357916078682e+00 8.192634350573976819e-36
5.780829185702451412e+00 7.082529677040820141e-38
5.789770013488824141e+00 5.218373465730979261e-40
5.798710841275196870e+00 3.276904878067969679e-42
5.807651669061569599e+00 1.753777265304684978e-44
5.816592496847942328e+00 7.999575844093365889e-47
5.825533324634315058e+00 3.109867759175433758e-49
5.834474152420687787e+00 1.188530205635073931e-51
5.843414980207061404e+00 5.761952560198532823e-50
5.852355807993434134e+00 1.779177444756545062e-47
5.861296635779806863e+00 4.656739811706703655e-45
5.870237463566179592e+00 1.033084567820024040e-42
5.879178291352552321e+00 1.942589188025978637e-40
5.888119119138925051e+00 3.096116204445890573e-38
5.897059946925297780e+00 4.182584557104656762e-36
5.906000774711670509e+00 4.789204687559149613e-34
5.914941602498043238e+00 4.648076425156055263e-32
5.923882430284415967e+00 3.823616382051864782e-30
5.932823258070788697e+00 2.666039374008386346e-28
5.941764085857162314e+00 1.575614600681307476e-26
5.950704913643535043e+00 7.892682380943928609e-25
5.959645741429907773e+00 3.351123611801963226e-23
5.968586569216280502e+00 1.206000426780824100e-21
5.977527397002653231e+00 3.678710968585656194e-20
5.986468224789025960e+00 9.511194546490305924e-19
5.995409052575398690e+00 2.084326042764929764e-17
6.004349880361771419e+00 3.871572860318767642e-16
6.013290708148144148e+00 6.095374737559644804e-15
6.022231535934517765e+00 8.134007655098359360e-14
6.031172363720889606e+00 9.200256486878762530e-13
6.040113191507263224e+00 8.820363532688227584e-12
6.049054019293635953e+00 7.167442659435948047e-11
6.057994847080008682e+00 4.936659365221113810e-10
6.066935674866381412e+00 2.881995429777804694e-09
6.075876502652754141e+00 1.426082354298789593e-08
6.084817330439126870e+00 5.981183362306975600e-08
6.093758158225499599e+00 2.126281786386230585e-07
6.102698986011872329e+00 6.406867074112309167e-07
6.111639813798245058e+00 1.636295741770435986e-06
6.120580641584618675e+00 3.542167376376827142e-06
6.129521469370990516e+00 6.499314450634162852e-06
6.138462297157364134e+00 1.010781331871509682e-05
6.147403124943736863e+00 1.332410563474974353e-05
6.156343952730109592e+00 1.488710028830385394e-05
6.165284780516482321e+00 1.409851442417967899e-05
6.174225608302855051e+00 1.131690796470244834e-05
6.183166436089227780e+00 7.699692957203141286e-06
6.192107263875600509e+00 4.440278619298726623e-06
6.201048091661973238e+00 2.170392246661498469e-06
6.209988919448345968e+00 8.992023403090594756e-07
6.218929747234719585e+00 3.157677843650699128e-07
6.227870575021091426e+00 9.398734966432546747e-08
6.236811402807465043e+00 2.371167198656323066e-08
6.245752230593837773e+00 5.070445815031990870e-09
6.254693058380210502e+00 9.190122609307122446e-10
6.263633886166583231e+00 1.411847070723865047e-10
6.272574713952955960e+00 1.838421967160265533e-11
6.281515541739328690e+00 2.029055547272611133e-12
6.290456369525701419e+00 1.898164575651911146e-13
6.299397197312074148e+00 1.505098711482195348e-14
6.308338025098446877e+00 1.011549863467727685e-15
6.317278852884820495e+00 5.762365474954892215e-17
6.326219680671192336e+00 2.782309865572811171e-18
6.335160508457565953e+00 1.138679189898370196e-19
6.344101336243938682e+00 3.949921492423654472e-21
6.353042164030311412e+00 1.161359658011390990e-22
6.361982991816684141e+00 2.894251054064794696e-24
6.370923819603056870e+00 6.113597691925983880e-26
6.379864647389429599e+00 1.094583014813886083e-27
6.388805475175802329e+00 1.661084573920435481e-29
6.397746302962175946e+00 2.136613546118491677e-31
6.406687130748547787e+00 2.329439320328548993e-33
6.415627958534921405e+00 2.152623209519015297e-35
6.424568786321294134e+00 1.686070877372568153e-37
6.433509614107666863e+00 1.119373001375225138e-39
6.442450441894039592e+00 6.298904450352738917e-42
6.451391269680412321e+00 3.004321496430515742e-44
6.460332097466785051e+00 1.214560022351314523e-46
6.469272925253157780e+00 4.161814806485921775e-49
6.478213753039530509e+00 1.208753408946989058e-51
6.487154580825903238e+00 2.975663822111058490e-54
6.496095408612276856e+00 6.208993567943465595e-57
6.505036236398648697e+00 1.098119862608148804e-59
6.513977064185022314e+00 1.646150290562049977e-62
6.522917891971395044e+00 2.114030186674852759e-65
6.531858719757767773e+00 1.675520211441000605e-64
6.540799547544140502e+00 1.069080267272713928e-61
6.549740375330513231e+00 5.826737288958662491e-59
6.558681203116885960e+00 2.712293304043703805e-56
6.567622030903258690e+00 1.078310804031307025e-53
6.576562858689631419e+00 3.661401472207148830e-51
6.585503686476004148e+00 1.061810064344281054e-48
6.594444514262377766e+00 2.629919247517517150e-46
6.603385342048749607e+00 5.563320498766957372e-44
6.612326169835123224e+00 1.005129077587976216e-41
6.621266997621495953e+00 1.550978166938373788e-39
6.630207825407868683e+00 2.044022264685669216e-37
6.639148653194241412e+00 2.300708782206934076e-35
6.648089480980614141e+00 2.211738454493552025e-33
6.657030308766986870e+00 1.815942019244094905e-31
6.665971136553359599e+00 1.273404198391748896e-29
6.674911964339732329e+00 7.626524456489111339e-28
6.683852792126105058e+00 3.901064649278714135e-26
6.692793619912478675e+00 1.704259479507654001e-24
6.701734447698850516e+00 6.358934908793459652e-23
6.710675275485224134e+00 2.026418450645020076e-21
6.719616103271596863e+00 5.515310573433772125e-20
6.728556931057969592e+00 1.282055734331106146e-18
6.737497758844342322e+00 2.545305572822518665e-17
6.746438586630715051e+00 4.315876827153613949e-16
6.755379414417087780e+00 6.250204760921174579e-15
6.764320242203460509e+00 7.730641601063255990e-14
6.773261069989833238e+00 8.166442791442937012e-13
6.782201897776205968e+00 7.367945402578111229e-12
6.791142725562579585e+00 5.677484594375215847e-11
6.800083553348951426e+00 3.736471038828437528e-10
6.809024381135325044e+00 2.100213120523762875e-09
6.817965208921697773e+00 1.008233693732322675e-08
6.826906036708070502e+00 4.133854123406942185e-08
6.835846864494443231e+00 1.447588831650786268e-07
6.844787692280815961e+00 4.329438724370101066e-07
6.853728520067188690e+00 1.105897759359505023e-06
6.862669347853561419e+00 2.412673162974422520e-06
6.871610175639934148e+00 4.495684320260976655e-06
6.880551003426306877e+00 7.155931820727443098e-06
6.889491831212680495e+00 9.735644475634794534e-06
6.898432658999052336e+00 1.134952341335253219e-05
6.907373486785425953e+00 1.145614790201443747e-05
6.916314314571798683e+00 1.043166735079121935e-05
6.925255142358171412e+00 9.766565831911078004e-06
6.934195970144544141e+00 1.176080309932758537e-05
6.943136797930916870e+00 1.872389693542901880e-05
6.952077625717289600e+00 3.163820910480824789e-05
6.961018453503662329e+00 4.863585104430585973e-05
6.969959281290035946e+00 6.456990729319506659e-05
6.978900109076407787e+00 7.302207796298107543e-05
6.987840936862781405e+00 7.010412056766468958e-05
6.996781764649154134e+00 5.708647965568738343e-05
7.005722592435526863e+00 3.942152251607559450e-05
7.014663420221899592e+00 2.308456202480991883e-05
7.023604248008272322e+00 1.146284535328463129e-05
7.032545075794645051e+00 4.826634092418646970e-06
7.041485903581017780e+00 1.723364384492439190e-06
7.050426731367390509e+00 5.217837562500799898e-07
7.059367559153763239e+00 1.339629421723023780e-07
7.068308386940136856e+00 2.916483168913631380e-08
7.077249214726508697e+00 5.384122656488411995e-09
7.086190042512882314e+00 8.428515476466776899e-10
7.095130870299255044e+00 1.118839794970998585e-10
7.104071698085627773e+00 1.259404944930591804e-11
7.113012525872000502e+00 1.202108190427340871e-12
7.121953353658373231e+00 9.729765895154646993e-14
7.130894181444745961e+00 6.677930556923783183e-15
7.139835009231118690e+00 3.886530488513551741e-16
7.148775837017491419e+00 1.918063284355497450e-17
7.157716664803864148e+00 8.026837262707986844e-19
7.166657492590237766e+00 2.848437253800753712e-20
7.175598320376609607e+00 8.571357300619417516e-22
7.184539148162983224e+00 2.187240728203421169e-23
7.193479975949355953e+00 4.828471450143421800e-25
7.202420803735728683e+00 8.337885319217060125e-26
7.211361631522101412e+00 5.558776092998667829e-25
7.220302459308474141e+00 3.958475271653648857e-24
7.229243287094846870e+00 2.699353283682252681e-23
7.238184114881219600e+00 1.762258377143492172e-22
7.247124942667593217e+00 1.101431037377845624e-21
7.256065770453965058e+00 6.590568937114214052e-21
7.265006598240338676e+00 3.775429578128166190e-20
7.273947426026710517e+00 2.070559480266287258e-19
7.282888253813084134e+00 1.087143610902034169e-18
7.291829081599456863e+00 5.464670680034487184e-18
7.300769909385829592e+00 2.629777117946599990e-17
7.309710737172202322e+00 1.211579062207707193e-16
7.318651564958575051e+00 5.343950748683045682e-16
7.327592392744947780e+00 2.256581401474991435e-15
7.336533220531320509e+00 9.122574778572911351e-15
7.345474048317694127e+00 3.530707415337589048e-14
7.354414876104065968e+00 1.308229377769970047e-13
7.363355703890439585e+00 4.640704714317988396e-13
7.372296531676811426e+00 1.576020431365039528e-12
7.381237359463185044e+00 5.124100291774937776e-12
7.390178187249557773e+00 1.594965412298679461e-11
7.399119015035930502e+00 4.752944989918406906e-11
7.408059842822303231e+00 1.355976541307465766e-10
7.417000670608675961e+00 3.703560424459472118e-10
7.425941498395048690e+00 9.684218133686091372e-10
7.434882326181421419e+00 2.424306700695809503e-09
7.443823153967795037e+00 5.810164528079063527e-09
7.452763981754166878e+00 1.333113632120441518e-08
7.461704809540540495e+00 2.928355363734377948e-08
7.470645637326912336e+00 6.158263355873786724e-08
7.479586465113285954e+00 1.239854168596771723e-07
7.488527292899658683e+00 2.389795977315447236e-07
7.497468120686031412e+00 4.409901763425723476e-07
7.506408948472404141e+00 7.790671179473151084e-07
7.515349776258776870e+00 1.317645866585844868e-06
7.524290604045149600e+00 2.133538104187478603e-06
7.533231431831522329e+00 3.307348604718362499e-06
7.542172259617895946e+00 4.908371356961160632e-06
7.551113087404267787e+00 6.973851943881220999e-06
7.560053915190641405e+00 9.486060779955980690e-06
7.568994742977013246e+00 1.235312832899088349e-05
7.577935570763386863e+00 1.540089192522099899e-05
7.586876398549759593e+00 1.838199584124413521e-05
7.595817226336132322e+00 2.100474066461205410e-05
7.604758054122505051e+00 2.297840365782751319e-05
7.613698881908877780e+00 2.406579732661018632e-05
7.622639709695250509e+00 2.413006687705517787e-05
7.631580537481623239e+00 2.316299248763486172e-05
7.640521365267996856e+00 2.128671654795928582e-05
7.649462193054368697e+00 1.872839489813009668e-05
7.658403020840742315e+00 1.577503418890396000e-05
7.667343848627114156e+00 1.272090268545460167e-05
7.676284676413487773e+00 9.820722092548734983e-06
7.685225504199860502e+00 7.258498356834443932e-06
7.694166331986233232e+00 5.136035469032312884e-06
7.703107159772605961e+00 3.479261855745430598e-06
7.712047987558978690e+00 2.256441545860809879e-06
7.720988815345351419e+00 1.401002560861251435e-06
7.729929643131724148e+00 8.327825970245968514e-07
7.738870470918097766e+00 4.739169297176334461e-07
7.747811298704469607e+00 2.581966945751493944e-07
7.756752126490843224e+00 1.346719107524775684e-07
7.765692954277215065e+00 6.724831062707657693e-08
7.774633782063588683e+00 3.214879373310132724e-08
7.783574609849961412e+00 1.471410914752357459e-08
7.792515437636334141e+00 6.448256158821129155e-09
7.801456265422706871e+00 2.708247998426726270e-09
7.810397093209079600e+00 1.097621161734665344e-09
7.819337920995453217e+00 4.508860200927373734e-10
7.828278748781825058e+00 2.458155601904223601e-10
7.837219576568198676e+00 2.978773095397244676e-10
7.846160404354570517e+00 6.351777605418403404e-10
7.855101232140944134e+00 1.499813729846056605e-09
7.864042059927316863e+00 3.462805590600759729e-09
7.872982887713689593e+00 7.671337154594595002e-09
7.881923715500062322e+00 1.626495868885699253e-08
7.890864543286435051e+00 3.299323392734131345e-08
7.899805371072807780e+00 6.402755922887790861e-08
7.908746198859180510e+00 1.188711564539225770e-07
7.917687026645554127e+00 2.111315590604648672e-07
7.926627854431925968e+00 3.587541218981188540e-07
7.935568682218299585e+00 5.831868412144302008e-07
7.944509510004671426e+00 9.069547164262384267e-07
7.953450337791045044e+00 1.349368481605634765e-06
7.962391165577417773e+00 1.920625057365645094e-06
7.971331993363790502e+00 2.615301061670555443e-06
7.980272821150163232e+00 3.406966477038132575e-06
7.989213648936535961e+00 4.246010866215606215e-06
7.998154476722908690e+00 5.062457763496451531e-06
8.007095304509281419e+00 5.774425667913902146e-06
8.016036132295655037e+00 6.301199766195226816e-06
8.024976960082026878e+00 6.578165140107242141e-06
8.033917787868400495e+00 6.569818418070733896e-06
8.042858615654772336e+00 6.277244306478129144e-06
8.051799443441145954e+00 5.737884041997505565e-06
8.060740271227519571e+00 5.017663972921322404e-06
8.069681099013891412e+00 4.197768177890370474e-06
8.078621926800263253e+00 3.359714694465378894e-06
8.087562754586636871e+00 2.572488354693718118e-06
8.096503582373010488e+00 1.884393106092786628e-06
8.105444410159382329e+00 1.320555525445900412e-06
8.114385237945755946e+00 8.853375764531422519e-07
8.123326065732127788e+00 5.678428984508334568e-07
8.132266893518501405e+00 3.484292217338355010e-07
8.141207721304873246e+00 2.045351782702016923e-07
8.150148549091246863e+00 1.148652142848285385e-07
8.159089376877620481e+00 6.171292218248525435e-08
8.168030204663992322e+00 3.171982379607338908e-08
8.176971032450364163e+00 1.559741012052052856e-08
8.185911860236737780e+00 7.337384669205613447e-09
8.194852688023111398e+00 3.302152720061794874e-09
8.203793515809483239e+00 1.421739706369880911e-09
8.212734343595856856e+00 5.856121799945240636e-10
8.221675171382228697e+00 2.307635332993609842e-10
8.230615999168602315e+00 8.699440652623851384e-11
8.239556826954974156e+00 3.137491443937162315e-11
8.248497654741347773e+00 1.082532244745413272e-11
8.257438482527721391e+00 3.573273043770705082e-12
8.266379310314093232e+00 1.128388459138495028e-12
8.275320138100465073e+00 3.408930435624158082e-13
8.284260965886838690e+00 9.852460736399491455e-14
8.293201793673212308e+00 2.724196040896496533e-14
8.302142621459584149e+00 7.206079892392809737e-15
8.311083449245957766e+00 1.823588558771952598e-15
8.320024277032329607e+00 4.414908584647615976e-16
8.328965104818703225e+00 1.022547857013054787e-16
8.337905932605075066e+00 2.265753403272049296e-17
8.346846760391448683e+00 4.802957125011732107e-18
8.355787588177822300e+00 9.740289144964751215e-19
8.364728415964194141e+00 1.889740015883378221e-19
8.373669243750565983e+00 3.507513412314533932e-20
8.382610071536939600e+00 6.228216374506070426e-21
8.391550899323313217e+00 1.058023013382425746e-21
8.400491727109685058e+00 1.719466057700950542e-22
8.409432554896058676e+00 2.673370620250401012e-23
8.418373382682430517e+00 3.976415933266514376e-24
8.427314210468804134e+00 5.658372187479123696e-25
8.436255038255175975e+00 7.702971413808191985e-26
8.445195866041549593e+00 1.003210646988790388e-26
8.454136693827923210e+00 1.249951176940032718e-27
8.463077521614295051e+00 1.489913439586399980e-28
8.472018349400666892e+00 1.699010630688974382e-29
8.480959177187040510e+00 1.853524060131143218e-30
8.489900004973414127e+00 1.934495482385771997e-31
8.498840832759785968e+00 1.931701941855996833e-32
8.507781660546159586e+00 1.864176824298474220e-33
8.516722488332531427e+00 3.846486907556740822e-34
8.525663316118905044e+00 2.347348771756761256e-33
8.534604143905276885e+00 2.408177188573632190e-32
8.543544971691650503e+00 2.376892465005969355e-31
8.552485799478024120e+00 2.243216781534109461e-30
8.561426627264395961e+00 2.024192793015967895e-29
8.570367455050767802e+00 1.746430249061680871e-28
8.579308282837141419e+00 1.440686066629231689e-27
8.588249110623515037e+00 1.136334538943923779e-26
8.597189938409886878e+00 8.569624623291908223e-26
8.606130766196260495e+00 6.179255186021356962e-25
8.615071593982632336e+00 4.260192298173805606e-24
8.624012421769005954e+00 2.808283933590371560e-23
8.632953249555377795e+00 1.769993078481867421e-22
8.641894077341751412e+00 1.066647355781854459e-21
8.650834905128125030e+00 6.145948183280111187e-21
8.659775732914496871e+00 3.385912010779175862e-20
8.668716560700868712e+00 1.783533133536202940e-19
8.677657388487242329e+00 8.982669811382706579e-19
8.686598216273615947e+00 4.325620656016871091e-18
8.695539044059987788e+00 1.991636905138174123e-17
8.704479871846361405e+00 8.767800111439220153e-17
8.713420699632733246e+00 3.690539479075287294e-16
8.722361527419106864e+00 1.485278214693340256e-15
8.731302355205478705e+00 5.715372054132533883e-15
8.740243182991852322e+00 2.102809561644119785e-14
8.749184010778225939e+00 7.397315117599161786e-14
8.758124838564597781e+00 2.488095445792985122e-13
8.767065666350969622e+00 8.001634197865232940e-13
8.776006494137343239e+00 2.460419104955336144e-12
8.784947321923716856e+00 7.233662269097028110e-12
8.793888149710088697e+00 2.033415389448977146e-11
8.802828977496462315e+00 5.465283868478505999e-11
8.811769805282834156e+00 1.404488160989531661e-10
8.820710633069207773e+00 3.450977926651261540e-10
8.829651460855579614e+00 8.107463841927231550e-10
8.838592288641953232e+00 1.821153696867509210e-09
8.847533116428326849e+00 3.911352158090882705e-09
8.856473944214698690e+00 8.032042156870922581e-09
8.865414772001070531e+00 1.577043887284425362e-08
8.874355599787444149e+00 2.960603988317623659e-08
8.883296427573817766e+00 5.314171924024059326e-08
8.892237255360189607e+00 9.120310448009776451e-08
8.901178083146563225e+00 1.496588428334761183e-07
8.910118910932935066e+00 2.348085380206655526e-07
8.919059738719308683e+00 3.522444235193411918e-07
8.928000566505680524e+00 5.052346277540818621e-07
8.936941394292054142e+00 6.928844758309474491e-07
8.945882222078427759e+00 9.085467804723382206e-07
8.954823049864799600e+00 1.139075463062305692e-06
8.963763877651173217e+00 1.365452006868267281e-06
8.972704705437545059e+00 1.565017231544335753e-06
8.981645533223918676e+00 1.715064855311226787e-06
8.990586361010290517e+00 1.797052279636360947e-06
8.999527188796664134e+00 1.800361081460701127e-06
9.008468016583037752e+00 1.724555839314485730e-06
9.017408844369409593e+00 1.579478235714130311e-06
9.026349672155781434e+00 1.383148376356664272e-06
9.035290499942155051e+00 1.158090867531588968e-06
9.044231327728528669e+00 9.271184904972645963e-07
9.053172155514900510e+00 7.096538919741525663e-07
9.062112983301274127e+00 5.193697790056741847e-07
9.071053811087645968e+00 3.634339565727836070e-07
9.079994638874019586e+00 2.431605231893032936e-07
9.088935466660391427e+00 1.555533528456529946e-07
9.097876294446765044e+00 9.514466121871981245e-08
9.106817122233138662e+00 5.564270210941828179e-08
9.115757950019510503e+00 3.111363410516539952e-08
9.124698777805882344e+00 1.663458645664497124e-08
9.133639605592255961e+00 8.503388419589191844e-09
9.142580433378629579e+00 4.156145722498389775e-09
9.151521261165001420e+00 1.942263978129390000e-09
9.160462088951375037e+00 8.678496352558599751e-10
9.169402916737746878e+00 3.707656188611658386e-10
9.178343744524120495e+00 1.514513557386270164e-10
9.187284572310492337e+00 5.915148005830396634e-11
9.196225400096865954e+00 2.208903821482098149e-11
9.205166227883239571e+00 7.886907322991074384e-12
9.214107055669611412e+00 2.692498121003698020e-12
9.223047883455983253e+00 8.788663175307331171e-13
9.231988711242356871e+00 2.742893670972159157e-13
9.240929539028730488e+00 8.184909174965974913e-14
9.249870366815102329e+00 2.335272133932969099e-14
9.258811194601474170e+00 6.370593154048817030e-15
9.267752022387847788e+00 1.661655549939417335e-15
9.276692850174221405e+00 4.144015031456875463e-16
9.285633677960593246e+00 9.881695997240484582e-17
9.294574505746966864e+00 2.254430370021795613e-17
9.303515333533340481e+00 4.995766130607963449e-18
9.312456161319712322e+00 1.465756288370495368e-18
9.321396989106084163e+00 2.416560484192761593e-18
9.330337816892457781e+00 1.065587054229565432e-17
9.339278644678831398e+00 4.886041060001894492e-17
9.348219472465203239e+00 2.155644091847365770e-16
9.357160300251575080e+00 9.121016315433630454e-16
9.366101128037950474e+00 3.700836135647634596e-15
9.375041955824322315e+00 1.439941091512236815e-14
9.383982783610694156e+00 5.372516449260539920e-14
9.392923611397067774e+00 1.922201616758396072e-13
9.401864439183441391e+00 6.594900965343661810e-13
9.410805266969813232e+00 2.169730399680426882e-12
9.419746094756185073e+00 6.845283276809749569e-12
9.428686922542558690e+00 2.070929106686647916e-11
9.437627750328932308e+00 6.007962243628141091e-11
9.446568578115304149e+00 1.671388127943873117e-10
9.455509405901675990e+00 4.458775303048130297e-10
9.464450233688051384e+00 1.140622716017968511e-09
9.473391061474423225e+00 2.798057285814214097e-09
9.482331889260795066e+00 6.582022198075412374e-09
9.491272717047168683e+00 1.484739419748194025e-08
9.500213544833542301e+00 3.211657992972078379e-08
9.509154372619914142e+00 6.661875301890112979e-08
9.518095200406285983e+00 1.325109790479273388e-07
9.527036028192659600e+00 2.527524545906173780e-07
9.535976855979033218e+00 4.623033672881839435e-07
9.544917683765405059e+00 8.108618860304196615e-07
9.553858511551776900e+00 1.363813149061938777e-06
9.562799339338152294e+00 2.199636993913483442e-06
9.571740167124524135e+00 3.402007859109721707e-06
9.580680994910895976e+00 5.045541302729620965e-06
9.589621822697269593e+00 7.175767757593658932e-06
9.598562650483643210e+00 9.786268764573633150e-06
9.607503478270015052e+00 1.279835224261034263e-05
9.616444306056386893e+00 1.605015144248170416e-05
9.625385133842760510e+00 1.930155798959947228e-05
9.634325961629134127e+00 2.225839027405059780e-05
9.643266789415505968e+00 2.461406230899742409e-05
9.652207617201877810e+00 2.610123122479782949e-05
9.661148444988253203e+00 2.654158461159508416e-05
9.670089272774625044e+00 2.588098837109402691e-05
9.679030100560996885e+00 2.420042666792381633e-05
9.687970928347370503e+00 2.169968072015087128e-05
9.696911756133744120e+00 1.865828920880326121e-05
9.705852583920115961e+00 1.538432523990009278e-05
9.714793411706487802e+00 1.216391119023342434e-05
9.723734239492861420e+00 9.222659700174783287e-06
9.732675067279235037e+00 6.705440040881157974e-06
9.741615895065606878e+00 4.675052995842128827e-06
9.750556722851980496e+00 3.125603963138834906e-06
9.759497550638354113e+00 2.003869868923852861e-06
9.768438378424725954e+00 1.231950439805046074e-06
9.777379206211097795e+00 7.262817216994231743e-07
9.786320033997471413e+00 4.105869555278175611e-07
9.795260861783845030e+00 2.225836892383490494e-07
9.804201689570216871e+00 1.157096768930954438e-07
9.813142517356588712e+00 5.768118593730686820e-08
9.822083345142962330e+00 2.757317878248663980e-08
9.831024172929335947e+00 1.263943463255978217e-08
9.839965000715707788e+00 5.555928080123577466e-09
9.848905828502081405e+00 2.341929073065362803e-09
9.857846656288455023e+00 9.466272812441956005e-10
9.866787484074826864e+00 3.669209003238794546e-10
9.875728311861198705e+00 1.363810532728412394e-10
9.884669139647572322e+00 4.860979455217081921e-11
9.893609967433945940e+00 1.661428616755667473e-11
9.902550795220317781e+00 5.445374374133418399e-12
9.911491623006689622e+00 1.711441093166600228e-12
9.920432450793063239e+00 5.158035460967532105e-13
9.929373278579436857e+00 1.490715774703158450e-13
9.938314106365808698e+00 4.131364624454071748e-14
9.947254934152182315e+00 1.097944434017958102e-14
9.956195761938555933e+00 2.798049234144459757e-15
9.965136589724927774e+00 6.837833132769165996e-16
9.974077417511299615e+00 1.602395808177396172e-16
9.983018245297673232e+00 3.600885050114368786e-17
9.991959073084046850e+00 7.759555986281015344e-18
1.000089990087041869e+01 1.603439728198147860e-18
1.000984072865679053e+01 3.177287867316143187e-19
1.001878155644316415e+01 6.037381846545033652e-20
1.002772238422953777e+01 1.100091680717270312e-20
1.003666321201590961e+01 1.922194241676660390e-21
1.004560403980228322e+01 3.220726295316670492e-22
1.005454486758865684e+01 5.174859010039786471e-23
1.006348569537502868e+01 7.973176546674494858e-24
1.007242652316140052e+01 1.178019321933781005e-24
1.008136735094777414e+01 1.669025187231903972e-25
1.009030817873414776e+01 2.268033546313240187e-26
1.009924900652051960e+01 2.996270194059154673e-27
1.010818983430689144e+01 7.269550727307811652e-28
1.011713066209326506e+01 2.962278756577615705e-27
1.012607148987963868e+01 2.279494705508644687e-26
1.013501231766601052e+01 1.704813941784456935e-25
1.014395314545238413e+01 1.221506926513091154e-24
1.015289397323875775e+01 8.383065317916792100e-24
1.016183480102512959e+01 5.510568091791646614e-23
1.017077562881150143e+01 3.469576624638984891e-22
1.017971645659787505e+01 2.092392621555215077e-21
1.018865728438424867e+01 1.208638608718732087e-20
1.019759811217062051e+01 6.687077141193108116e-20
1.020653893995699235e+01 3.543747662660607904e-19
1.021547976774336597e+01 1.798770817028726147e-18
1.022442059552973959e+01 8.745315117387315580e-18
1.023336142331611143e+01 4.072505499151315193e-17
1.024230225110248504e+01 1.816496153486729689e-16
1.025124307888885866e+01 7.760574498832912813e-16
1.026018390667523050e+01 3.175702776687722355e-15
1.026912473446160234e+01 1.244722132449664137e-14
1.027806556224797596e+01 4.672954598407978956e-14
1.028700639003434958e+01 1.680340511048491320e-13
1.029594721782072142e+01 5.787481567062366354e-13
1.030488804560709326e+01 1.909275195480112038e-12
1.031382887339346688e+01 6.033009742697032212e-12
1.032276970117984050e+01 1.825938347370470027e-11
1.033171052896621234e+01 5.293278920880409626e-11
1.034065135675258595e+01 1.469772222127159617e-10
1.034959218453895957e+01 3.908965865069982769e-10
1.035853301232533141e+01 9.957729106611138708e-10
1.036747384011170325e+01 2.429658990774106546e-09
1.037641466789807687e+01 5.678281596138677115e-09
1.038535549568445049e+01 1.271086527282444397e-08
1.039429632347082233e+01 2.725334986220564131e-08
1.040323715125719417e+01 5.596947769058562403e-08
1.041217797904356779e+01 1.100954075118909827e-07
1.042111880682994141e+01 2.074310373308049869e-07
1.043005963461631325e+01 3.743388154205888019e-07
1.043900046240268686e+01 6.470570461937552429e-07
1.044794129018906048e+01 1.071289545279365968e-06
1.045688211797543232e+01 1.698860618687879293e-06
1.046582294576180416e+01 2.580448631880191970e-06
1.047476377354817778e+01 3.754216151822179118e-06
1.048370460133455140e+01 5.231544407875219297e-06
1.049264542912092324e+01 6.982760477621922900e-06
1.050158625690729508e+01 8.927111532648531996e-06
1.051052708469367047e+01 1.093154037091268476e-05
1.051946791248004232e+01 1.282148568691760089e-05
1.052840874026641416e+01 1.440396068780948131e-05
1.053734956805278777e+01 1.549930018285760732e-05
1.054629039583916139e+01 1.597455755269777355e-05
1.055523122362553323e+01 1.577001744571622762e-05
1.056417205141190507e+01 1.491152619702432121e-05
1.057311287919827869e+01 1.350512488417754884e-05
1.058205370698465231e+01 1.171552350975444922e-05
1.059099453477102415e+01 9.734449172842649968e-06
1.059993536255739599e+01 7.747251423425650148e-06
1.060887619034377138e+01 5.905688087480402928e-06
1.061781701813014323e+01 4.312011868959871954e-06
1.062675784591651507e+01 3.015615564088271106e-06
1.063569867370288868e+01 2.020033590574848879e-06
1.064463950148926230e+01 1.296068015127976604e-06
1.065358032927563414e+01 7.964959676759557972e-07
1.066252115706200598e+01 4.688414026395105750e-07
1.067146198484837960e+01 2.643351505644715762e-07
1.068040281263475322e+01 1.427481427872969688e-07
1.068934364042112506e+01 7.383675494002436244e-08
1.069828446820749690e+01 3.658148431025376627e-08
1.070722529599387229e+01 1.735947678698424019e-08
1.071616612378024413e+01 7.890391028731538303e-09
1.072510695156661598e+01 3.435160298840023170e-09
1.073404777935298959e+01 1.432458589746129956e-09
1.074298860713936321e+01 5.721418696168815879e-10
1.075192943492573505e+01 2.188829696290881225e-10
1.076087026271210689e+01 8.020598935898762760e-11
1.076981109049848051e+01 2.815063624727684221e-11
1.077875191828485413e+01 9.463596530206219641e-12
1.078769274607122597e+01 3.047269075390915612e-12
1.079663357385759781e+01 9.398357889833755140e-13
1.080557440164397320e+01 2.776385324978872537e-13
1.081451522943034504e+01 7.855866382582316860e-14
1.082345605721671689e+01 2.129094914566026586e-14
1.083239688500309050e+01 5.526911923904663635e-15
1.084133771278946412e+01 1.374221223721352171e-15
1.085027854057583596e+01 3.272784020344002982e-16
1.085921936836220780e+01 7.465598452412616444e-17
1.086816019614858142e+01 1.631167255814435309e-17
1.087710102393495504e+01 3.413649670625299183e-18
1.088604185172132688e+01 6.842676211701594645e-19
1.089498267950770050e+01 1.313770838635986037e-19
1.090392350729407411e+01 2.416016144258130660e-20
1.091286433508044595e+01 4.255657153987976419e-21
1.092180516286681780e+01 7.179926863135476573e-22
1.093074599065319141e+01 1.160272488156711940e-22
1.093968681843956503e+01 1.795918215400853414e-23
1.094862764622593687e+01 2.662561836539127018e-24
1.095756847401230871e+01 3.780936964428820131e-25
1.096650930179868233e+01 5.142635667390756334e-26
1.097545012958505595e+01 6.699751042334232093e-27
1.098439095737142779e+01 8.360228717234895209e-28
1.099333178515780141e+01 9.992271817744336542e-29
1.100227261294417502e+01 1.143923302103302642e-29
1.101121344073054686e+01 1.254342567266674354e-30
1.102015426851691871e+01 1.317413171584874836e-31
1.102909509630329232e+01 1.325300703184987079e-32
1.103803592408966594e+01 1.277007483163392103e-33
1.104697675187603778e+01 1.178579933818763676e-34
1.105591757966240962e+01 1.041864474527678904e-35
1.106485840744878324e+01 8.821653663021403469e-37
1.107379923523515686e+01 7.154435353080534603e-38
1.108274006302152870e+01 5.557600318663322051e-39
1.109168089080790232e+01 4.135098359837231991e-40
1.110062171859427593e+01 2.946937767478677427e-41
1.110956254638064777e+01 2.011604838455380731e-42
1.111850337416701962e+01 1.315227754856990617e-43
1.112744420195339323e+01 8.236559598165139440e-45
1.113638502973976685e+01 4.940572902255925999e-46
1.114532585752613869e+01 2.838542267474065143e-47
1.115426668531251053e+01 1.562068251414010967e-48
1.116320751309888415e+01 8.233627826675601843e-50
1.117214834088525777e+01 4.156894913333221773e-51
1.118108916867162961e+01 2.010173047417940500e-52
1.119002999645800323e+01 9.310744995226493387e-54
1.119897082424437684e+01 4.130684314630669211e-55
1.120791165203074868e+01 1.755279034012232032e-56
1.121685247981712052e+01 7.144254416268366290e-58
1.122579330760349414e+01 2.785186267019946480e-59
1.123473413538986776e+01 1.040011555951059267e-60
1.124367496317623960e+01 3.719706480701552158e-62
1.125261579096261144e+01 1.274282633711934757e-63
1.126155661874898506e+01 4.181281858740077992e-65
1.127049744653535868e+01 1.314134177867173903e-66
1.127943827432173052e+01 3.956002555957176885e-68
1.128837910210810414e+01 1.140669956768959721e-69
1.129731992989447775e+01 3.150286335354627872e-71
1.130626075768084959e+01 8.333484698235818079e-73
1.131520158546722143e+01 2.111493952234156247e-74
1.132414241325359505e+01 5.124359947274591186e-76
1.133308324103996867e+01 1.191176181672005621e-77
1.134202406882634051e+01 2.652155356142157872e-79
1.135096489661271235e+01 5.655988351577693589e-81
1.135990572439908597e+01 1.155326244920661018e-82
1.136884655218545959e+01 2.260410720890063105e-84
1.137778737997183143e+01 4.236006954449066646e-86
1.138672820775820504e+01 7.603482611160830789e-88
1.139566903554457866e+01 1.307239121323815313e-89
1.140460986333095050e+01 2.152703776095812824e-91
1.141355069111732234e+01 3.401150888182500252e-93
1.142249151890369596e+01 4.178341064673132291e-94
1.143143234669006958e+01 2.267178781833536678e-92
1.144037317447644142e+01 1.344518163100862771e-90
1.144931400226281326e+01 7.645429865383983455e-89
1.145825483004918688e+01 4.168475604241178072e-87
1.146719565783556050e+01 2.179178154098238749e-85
1.147613648562193234e+01 1.092316077098437246e-83
1.148507731340830595e+01 5.249815393670410702e-82
1.149401814119467957e+01 2.419245016460625882e-80
1.150295896898105141e+01 1.068946070452120272e-78
1.151189979676742325e+01 4.528682271670273714e-77
1.152084062455379687e+01 1.839619590730282882e-75
1.152978145234017049e+01 7.165133996422073192e-74
1.153872228012654233e+01 2.675843590557839007e-72
1.154766310791291417e+01 9.581582621791630566e-71
1.155660393569928779e+01 3.289681786617555611e-69
1.156554476348566141e+01 1.082955593419395733e-67
1.157448559127203325e+01 3.418279134640159986e-66
1.158342641905840686e+01 1.034533399577024672e-64
1.159236724684478048e+01 3.002075604989300276e-63
1.160130807463115232e+01 8.352930183914460582e-62
1.161024890241752416e+01 2.228415622350924394e-60
1.161918973020389778e+01 5.700246732343291021e-59
1.162813055799027140e+01 1.398077450572500949e-57
1.163707138577664324e+01 3.287826751425199288e-56
1.164601221356301508e+01 7.413558781384077382e-55
1.165495304134939047e+01 1.602819667783836229e-53
1.166389386913576232e+01 3.322635549370588036e-52
1.167283469692213416e+01 6.604209912138334839e-51
1.168177552470850777e+01 1.258633094615227573e-49
1.169071635249488139e+01 2.299945484668016093e-48
1.169965718028125323e+01 4.029730980548980674e-47
1.170859800806762507e+01 6.769781990488641886e-46
1.171753883585399869e+01 1.090469264094876246e-44
1.172647966364037231e+01 1.684194682810826399e-43
1.173542049142674415e+01 2.494085121788036985e-42
1.174436131921311599e+01 3.541362370389471614e-41
1.175330214699949138e+01 4.821360237035146862e-40
1.176224297478586323e+01 6.293741658399789679e-39
1.177118380257223507e+01 7.877499053598919144e-38
1.178012463035860868e+01 9.453832948775711243e-37
1.178906545814498230e+01 1.087846465851282904e-35
1.179800628593135414e+01 1.200238084831085167e-34
1.180694711371772598e+01 1.269718122631999876e-33
1.181588794150409960e+01 1.287915441563059859e-32
1.182482876929047322e+01 1.252585843537784179e-31
1.183376959707684506e+01 1.168067027830700840e-30
1.184271042486321690e+01 1.044403088689930297e-29
1.185165125264959229e+01 8.953825930725486233e-29
1.186059208043596414e+01 7.360194033650679027e-28
1.186953290822233598e+01 5.801095259019436675e-27
1.187847373600870959e+01 4.384003047184038273e-26
1.188741456379508321e+01 3.176667900315440167e-25
1.189635539158145505e+01 2.207053692774001955e-24
1.190529621936782689e+01 1.470259857253829739e-23
1.191423704715420051e+01 9.391077352272519620e-23
1.192317787494057413e+01 5.751443431538084825e-22
1.193211870272694597e+01 3.377368157352649366e-21
1.194105953051331781e+01 1.901603960076749112e-20
1.195000035829969320e+01 1.026601415537585284e-19
1.195894118608606504e+01 5.314027056325706813e-19
1.196788201387243689e+01 2.637459386208935023e-18
1.197682284165881050e+01 1.255127707962787328e-17
1.198576366944518412e+01 5.727039392580272594e-17
1.199470449723155596e+01 2.505604616382131822e-16
1.200364532501792780e+01 1.051078197517973645e-15
1.201258615280430142e+01 4.227636430198801679e-15
1.202152698059067504e+01 1.630423222797812807e-14
1.203046780837704688e+01 6.028970937593159796e-14
1.203940863616342050e+01 2.137598544643648055e-13
1.204834946394979411e+01 7.266900549955915452e-13
1.205729029173616595e+01 2.368712791496338453e-12
1.206623111952253780e+01 7.403135711943768139e-12
1.207517194730891141e+01 2.218498468231214466e-11
1.208411277509528503e+01 6.374449318179578406e-11
1.209305360288165687e+01 1.756169089013973336e-10
1.210199443066802871e+01 4.639061199147909748e-10
1.211093525845440233e+01 1.174989516791059546e-09
1.211987608624077595e+01 2.853500801139733668e-09
1.212881691402714779e+01 6.644497198937956648e-09
1.213775774181352141e+01 1.483495944657371663e-08
1.214669856959989502e+01 3.175782279988659882e-08
1.215563939738626686e+01 6.518612959780750862e-08
1.216458022517263871e+01 1.282920625213888624e-07
1.217352105295901232e+01 2.420942617408613023e-07
1.218246188074538594e+01 4.380355123574917334e-07
1.219140270853175778e+01 7.599311786880042462e-07
1.220034353631812962e+01 1.264093861562145660e-06
1.220928436410450324e+01 2.016157698530791856e-06
1.221822519189087686e+01 3.083257463509289727e-06
1.222716601967724870e+01 4.521007227774319889e-06
1.223610684746362232e+01 6.356246456445382820e-06
1.224504767524999593e+01 8.568530991523401642e-06
1.225398850303636777e+01 1.107521415047421409e-05
1.226292933082273962e+01 1.372581085908442256e-05
1.227187015860911323e+01 1.631037718798812331e-05
1.228081098639548685e+01 1.858361141982063121e-05
1.228975181418185869e+01 2.030188410038547526e-05
1.229869264196823053e+01 2.126584721397621375e-05
1.230763346975460415e+01 2.135842142844545267e-05
1.231657429754097777e+01 2.056817365950407790e-05
1.232551512532734961e+01 1.899163812170351009e-05
1.233445595311372323e+01 1.681393016228572624e-05
1.234339678090009684e+01 1.427302968266765876e-05
1.235233760868646868e+01 1.161724679739746572e-05
1.236127843647284053e+01 9.066306129706580081e-06
1.237021926425921414e+01 6.784184646559935984e-06
1.237916009204558776e+01 4.867489878214887500e-06
1.238810091983195960e+01 3.348517487805578532e-06
1.239704174761833144e+01 2.208717654898685447e-06
1.240598257540470506e+01 1.396908470346372460e-06
1.241492340319107868e+01 8.471022120279635078e-07
1.242386423097745052e+01 4.925425990827146664e-07
1.243280505876382414e+01 2.745945394360790576e-07
1.244174588655019775e+01 1.467844711414811446e-07
1.245068671433656959e+01 7.523301126358333520e-08
1.245962754212294143e+01 3.697233633403160813e-08
1.246856836990931505e+01 1.742149678073555298e-08
1.247750919769568867e+01 7.871077362587128447e-09
1.248645002548206051e+01 3.409755957689438685e-09
1.249539085326843235e+01 1.416300090866062183e-09
1.250433168105480597e+01 5.640975910821429715e-10
1.251327250884117959e+01 2.155539422789149973e-10
1.252221333662755143e+01 7.944453981249956759e-11
1.253115416441392505e+01 2.968985289495598067e-11
1.254009499220029866e+01 1.596749154534916281e-11
1.254903581998667050e+01 2.421908100751248099e-11
1.255797664777304234e+01 6.600272841762211653e-11
1.256691747555941596e+01 1.922182302291218522e-10
1.257585830334578958e+01 5.444487717916926636e-10
1.258479913113216142e+01 1.484473387386307321e-09
1.259373995891853326e+01 3.892119197139706378e-09
1.260268078670490688e+01 9.811885754870400990e-09
1.261162161449128050e+01 2.378301409281856166e-08
1.262056244227765234e+01 5.542796148133496500e-08
1.262950327006402595e+01 1.242048278349859423e-07
1.263844409785039957e+01 2.676058485509314829e-07
1.264738492563677141e+01 5.543707104667045545e-07
1.265632575342314325e+01 1.104212108485240224e-06
1.266526658120951687e+01 2.114717143385071222e-06
1.267420740899589049e+01 3.894032924490277819e-06
1.268314823678226233e+01 6.894368695794395837e-06
1.269208906456863417e+01 1.173645513198475052e-05
1.270102989235500779e+01 1.920998090697737678e-05
1.270997072014138141e+01 3.023183272999413080e-05
1.271891154792775325e+01 4.574562559692584224e-05
1.272785237571412686e+01 6.655523462407573110e-05
1.273679320350050048e+01 9.310273064429802463e-05
1.274573403128687232e+01 1.252247493633433832e-04
1.275467485907324416e+01 1.619442288768885448e-04
1.276361568685961778e+01 2.013670153641970956e-04
1.277255651464599140e+01 2.407458129511056571e-04
1.278149734243236324e+01 2.767430382492364364e-04
1.279043817021873508e+01 3.058737580075371267e-04
1.279937899800511047e+01 3.250538285899842294e-04
1.280831982579148232e+01 3.321359646440005331e-04
1.281726065357785416e+01 3.263052612984336152e-04
1.282620148136422777e+01 3.082334734120057654e-04
1.283514230915060139e+01 2.799516790645728732e-04
1.284408313693697323e+01 2.444746906881105505e-04
1.285302396472334507e+01 2.052732160083667497e-04
1.286196479250971869e+01 1.657212574521417395e-04
1.287090562029609231e+01 1.286387187626302354e-04
1.287984644808246415e+01 9.600917639825579282e-05
1.288878727586883599e+01 6.889716231385632653e-05
1.289772810365521138e+01 4.753762473393995011e-05
1.290666893144158323e+01 3.153705775581898022e-05
1.291560975922795507e+01 2.011649998958398800e-05
1.292455058701432868e+01 1.233761522242926083e-05
1.293349141480070230e+01 7.275411702515166428e-06
1.294243224258707414e+01 4.125071488415241408e-06
1.295137307037344598e+01 2.248810895893736434e-06
1.296031389815981960e+01 1.178750653998408406e-06
1.296925472594619322e+01 5.940712140233916966e-07
1.297819555373256506e+01 2.878741201529443049e-07
1.298713638151893690e+01 1.341264069600104497e-07
1.299607720930531229e+01 6.008602997519886453e-08
1.300501803709168414e+01 2.588095406495874216e-08
1.301395886487805598e+01 1.071851465748170292e-08
1.302289969266442959e+01 4.268118639011717363e-09
1.303184052045080321e+01 1.634127399296896086e-09
1.304078134823717505e+01 6.015654610884327487e-10
1.304972217602354689e+01 2.129253780824601773e-10
1.305866300380992051e+01 7.246353446893577098e-11
1.306760383159629413e+01 2.371150673665951901e-11
1.307654465938266597e+01 7.460129095729784622e-12
1.308548548716903781e+01 2.256737711503036353e-12
1.309442631495541320e+01 6.563921553541806893e-13
1.310336714274178505e+01 1.835664166604514482e-13
1.311230797052815689e+01 4.935948626104393907e-14
1.312124879831453050e+01 1.276131955239089831e-14
1.313018962610090412e+01 3.172254990091298535e-15
1.313913045388727596e+01 7.582076238583409559e-16
1.314807128167364780e+01 1.742431674192230532e-16
1.315701210946002142e+01 3.850090336775076221e-17
1.316595293724639504e+01 8.179629539945925051e-18
1.317489376503276688e+01 1.670874772876886811e-18
1.318383459281914050e+01 3.281721495902254261e-19
1.319277542060551411e+01 6.197365268363827404e-20
1.320171624839188596e+01 1.125278493006795610e-20
1.321065707617825780e+01 1.964538278713125676e-21
1.321959790396462964e+01 3.297680109317636128e-22
1.322853873175100503e+01 5.322358283242416213e-23
1.323747955953737687e+01 8.259376060071913636e-24
1.324642038732374871e+01 1.232360944517654363e-24
1.325536121511012411e+01 1.767974981938904194e-25
1.326430204289649595e+01 2.438699432680994306e-26
1.327324287068286779e+01 3.232437267500539871e-27
1.328218369846923963e+01 3.944044674706401649e-28
1.329112452625561502e+01 -1.073129533365995846e-28
1.330006535404198686e+01 -1.315387587081689453e-27
1.330900618182835871e+01 -1.058010027964429361e-26
1.331794700961473055e+01 -8.106588220507272427e-26
1.332688783740110594e+01 -5.942656562484696339e-25
1.333582866518747778e+01 -4.168155500125694225e-24
1.334476949297384962e+01 -2.797230998850062603e-23
1.335371032076022502e+01 -1.796113995399688084e-22
1.336265114854659686e+01 -1.103470192358594758e-21
1.337159197633296870e+01 -6.486470694720518727e-21
1.338053280411934054e+01 -3.648190089688495382e-20
1.338947363190571593e+01 -1.963213821740435244e-19
1.339841445969208777e+01 -1.010831789520847583e-18
1.340735528747845962e+01 -4.979793395739512417e-18
1.341629611526483146e+01 -2.347280025392085352e-17
1.342523694305120685e+01 -1.058618857794855047e-16
1.343417777083757869e+01 -4.568098857828833538e-16
1.344311859862395053e+01 -1.886046980014031174e-15
1.345205942641032593e+01 -7.450589978358358611e-15
1.346100025419669777e+01 -2.816112278550836627e-14
1.346994108198306961e+01 -1.018428192751946335e-13
1.347888190976944145e+01 -3.523968397730154162e-13
1.348782273755581684e+01 -1.166688029093292781e-12
1.349676356534218868e+01 -3.695716281818097388e-12
1.350570439312856053e+01 -1.120117673208696104e-11
1.351464522091493592e+01 -3.248252794180833442e-11
1.352358604870130776e+01 -9.012746100174719076e-11
1.353252687648767960e+01 -2.392685388056549568e-10
1.354146770427405144e+01 -6.077643236112162895e-10
1.355040853206042684e+01 -1.477086583206342491e-09
1.355934935984679868e+01 -3.434771482964895415e-09
1.356829018763317052e+01 -7.642067837493160655e-09
1.357723101541954236e+01 -1.626840866274325258e-08
1.358617184320591775e+01 -3.313602452526534103e-08
1.359511267099228959e+01 -6.457685308174233814e-08
1.360405349877866144e+01 -1.204133105442478587e-07
1.361299432656503683e+01 -2.148291750593493193e-07
1.362193515435140867e+01 -3.667187956286033869e-07
1.363087598213778051e+01 -5.989550395134768400e-07
1.363981680992415235e+01 -9.360012352125497332e-07
1.364875763771052775e+01 -1.399522113999581427e-06
1.365769846549689959e+01 -2.002185230203417998e-06
1.366663929328327143e+01 -2.740626711649429985e-06
1.367558012106964327e+01 -3.589357068851047466e-06
1.368452094885601866e+01 -4.497846050914930602e-06
1.369346177664239050e+01 -5.392791803211580651e-06
1.370240260442876234e+01 -6.186483603659243096e-06
1.371134343221513774e+01 -6.790397894967392531e-06
1.372028426000150958e+01 -7.131283880603326099e-06
1.372922508778788142e+01 -7.165745370392520043e-06
1.373816591557425326e+01 -6.889316917464478674e-06
1.374710674336062866e+01 -6.337414307623308677e-06
1.375604757114700050e+01 -5.577880205540329595e-06
1.376498839893337234e+01 -4.697290462470565162e-06
1.377392922671974418e+01 -3.784833843634094166e-06
1.378287005450611957e+01 -2.917880282180923157e-06
1.379181088229249141e+01 -2.152334204896215181e-06
1.380075171007886325e+01 -1.519060192077479381e-06
1.380969253786523865e+01 -1.025816051914942416e-06
1.381863336565161049e+01 -6.628567868733622076e-07
1.382757419343798233e+01 -4.099574216256477721e-07
1.383651502122435417e+01 -2.429457313541086491e-07
1.384545584901072957e+01 -1.386049199356434594e-07
1.385439667679710141e+01 -7.762864589832400414e-08
1.386333750458347325e+01 -4.592297258980269761e-08
1.387227833236984509e+01 -3.485067802980983114e-08
1.388121916015622048e+01 -4.103296980975032318e-08
1.389015998794259232e+01 -6.615410751456118872e-08
1.389910081572896416e+01 -1.169495567563334558e-07
1.390804164351533956e+01 -2.052676430763217821e-07
1.391698247130171140e+01 -3.478314235759018686e-07
1.392592329908808324e+01 -5.651514568024358048e-07
1.393486412687445508e+01 -8.790306533844627393e-07
1.394380495466083048e+01 -1.308341338081004154e-06
1.395274578244720232e+01 -1.863276471360050733e-06
1.396168661023357416e+01 -2.539005719492579998e-06
1.397062743801994600e+01 -3.310381789007354369e-06
1.397956826580632139e+01 -4.129714415789832727e-06
1.398850909359269323e+01 -4.929346757262723852e-06
1.399744992137906507e+01 -5.629711085642131385e-06
1.400639074916544047e+01 -6.151913587921875690e-06
1.401533157695181231e+01 -6.432232369711107887e-06
1.402427240473818415e+01 -6.434882236290533510e-06
1.403321323252455599e+01 -6.159519873041235732e-06
1.404215406031093138e+01 -5.641316908251924136e-06
1.405109488809730323e+01 -4.943579395391669189e-06
1.406003571588367507e+01 -4.145051289388172476e-06
1.406897654367004691e+01 -3.325413712505095635e-06
1.407791737145642230e+01 -2.552635690301985035e-06
1.408685819924279414e+01 -1.874819104170621110e-06
1.409579902702916598e+01 -1.317520200719194810e-06
1.410473985481554138e+01 -8.858956606830676889e-07
1.411368068260191322e+01 -5.699480149635380282e-07
1.412262151038828506e+01 -3.508450032840207619e-07
1.413156233817465690e+01 -2.066439645134601850e-07
1.414050316596103229e+01 -1.164548376185136329e-07
1.414944399374740414e+01 -6.279422753297673077e-08
