5.213000000000000078e+00 3.253270472255444246e-02
5.221946946946946611e+00 3.286556876527969157e-02
5.230893893893894031e+00 3.319922692630820904e-02
5.239840840840840563e+00 3.353372822488267374e-02
5.248787787787787984e+00 3.386896678424603652e-02
5.257734734734734516e+00 3.420498483523345262e-02
5.266681681681681937e+00 3.454183605776457722e-02
5.275628628628628469e+00 3.487943275944455773e-02
5.284575575575575890e+00 3.521777331259031557e-02
5.293522522522522422e+00 3.555690900056179132e-02
5.302469469469469843e+00 3.589686077263706115e-02
5.311416416416416375e+00 3.623753956300149182e-02
5.320363363363363796e+00 3.657893985625713940e-02
5.329310310310310328e+00 3.692120129568518538e-02
5.338257257257257749e+00 3.726418186690606121e-02
5.347204204204204281e+00 3.760787138786950146e-02
5.356151151151150813e+00 3.795238161912094926e-02
5.365098098098098234e+00 3.829766057197610957e-02
5.374045045045044766e+00 3.864361688497161551e-02
5.382991991991992187e+00 3.899031609163526590e-02
5.391938938938938719e+00 3.933783116177355654e-02
5.400885885885886140e+00 3.968604995035007049e-02
5.409832832832832672e+00 4.003495512143826623e-02
5.418779779779780092e+00 4.038467136186846274e-02
5.427726726726726625e+00 4.073509009390056945e-02
5.436673673673674045e+00 4.108619175905436904e-02
5.445620620620620578e+00 4.143804101337165979e-02
5.454567567567567998e+00 4.178608806671070541e-02
5.463514514514514531e+00 4.207614846331590719e-02
5.472461461461461951e+00 4.231268159492249797e-02
5.481408408408408484e+00 4.254833224975681366e-02
5.490355355355355016e+00 4.278306031866173365e-02
5.499302302302302436e+00 4.301681767152175373e-02
5.508249249249248969e+00 4.324967319079819211e-02
5.517196196196196389e+00 4.348160057933107142e-02
5.526143143143142922e+00 4.371255458574178215e-02
5.535090090090090342e+00 4.394255982110568948e-02
5.544037037037036875e+00 4.412336047930986993e-02
5.552983983983984295e+00 4.424431101086724605e-02
5.561930930930930828e+00 4.435081183454171738e-02
5.570877877877878248e+00 4.443430509195337580e-02
5.579824824824824780e+00 4.444041893265875814e-02
5.588771771771771313e+00 4.441623359729326287e-02
5.597718718718718733e+00 4.439016521846245872e-02
5.606665665665665266e+00 4.427701166166682356e-02
5.615612612612612686e+00 4.410760933549930096e-02
5.624559559559559219e+00 4.393530924027379270e-02
5.633506506506506639e+00 4.370115849268010888e-02
5.642453453453453172e+00 4.338995597301757712e-02
5.651400400400400592e+00 4.305622747251358629e-02
5.660347347347347124e+00 4.269108845190593832e-02
5.669294294294294545e+00 4.224958980376385814e-02
5.678241241241241077e+00 4.175912327719923101e-02
5.687188188188188498e+00 4.126471199490092806e-02
5.696135135135135030e+00 4.072221244764130665e-02
5.705082082082082451e+00 4.011229235809071758e-02
5.714029029029028983e+00 3.951135181067971097e-02
5.722975975975975516e+00 3.890052311502882609e-02
5.731922922922922936e+00 3.824210013449471507e-02
5.740869869869869468e+00 3.758970731281922883e-02
5.749816816816816889e+00 3.694742241613119260e-02
5.758763763763763421e+00 3.630905637213609205e-02
5.767710710710710842e+00 3.567841061510007572e-02
5.776657657657657374e+00 3.506103231919917296e-02
5.785604604604604795e+00 3.447684185003967866e-02
5.794551551551551327e+00 3.393555855457123377e-02
5.803498498498498748e+00 3.340321390862150547e-02
5.812445445445445280e+00 3.289406243183619349e-02
5.821392392392392701e+00 3.249316831242467229e-02
5.830339339339339233e+00 3.210084126022968304e-02
5.839286286286286654e+00 3.171325884527120137e-02
5.848233233233233186e+00 3.144825641978370862e-02
5.857180180180179718e+00 3.121999408049807093e-02
5.866127127127127139e+00 3.099615097243152775e-02
5.875074074074073671e+00 3.084555885395628277e-02
5.884021021021021092e+00 3.076105742111811744e-02
5.892967967967967624e+00 3.069047115417177993e-02
5.901914914914915045e+00 3.064423758819221841e-02
5.910861861861861577e+00 3.065616288749607732e-02
5.919808808808808998e+00 3.069012316623210418e-02
5.928755755755755530e+00 3.072485702277491168e-02
5.937702702702702950e+00 3.078410906817952153e-02
5.946649649649649483e+00 3.085917766407698937e-02
5.955596596596596903e+00 3.093334000733972619e-02
5.964543543543543436e+00 3.100650940161395891e-02
5.973490490490490856e+00 3.107874362207197275e-02
5.982437437437437389e+00 3.115010248328901887e-02
5.991384384384383921e+00 3.121923089527587486e-02
6.000331331331331342e+00 3.128468329294276096e-02
6.009278278278277874e+00 3.134772332476670059e-02
6.018225225225225294e+00 3.141140965633844317e-02
6.027172172172171827e+00 3.148142787820710359e-02
6.036119119119119247e+00 3.155958787993268927e-02
6.045066066066065780e+00 3.163692641871940908e-02
6.054013013013013200e+00 3.172324098827124933e-02
6.062959959959959733e+00 3.184199516316889300e-02
6.071906906906907153e+00 3.196000445807985202e-02
6.080853853853853686e+00 3.208236838146977243e-02
6.089800800800800218e+00 3.223784359284861262e-02
6.098747747747747638e+00 3.240421326185997236e-02
6.107694694694695059e+00 3.257101498920896010e-02
6.116641641641641591e+00 3.275489050963550225e-02
6.125588588588588124e+00 3.295734266422861714e-02
6.134535535535535544e+00 3.315960209812986864e-02
6.143482482482482077e+00 3.336479902501618411e-02
6.152429429429429497e+00 3.358082722311615115e-02
6.161376376376376029e+00 3.379741218121769253e-02
6.170323323323323450e+00 3.401380445036388672e-02
6.179270270270269982e+00 3.422808664729461853e-02
6.188217217217217403e+00 3.444162310246892678e-02
6.197164164164163935e+00 3.465473156016386086e-02
6.206111111111111356e+00 3.486699074021274575e-02
6.215058058058057888e+00 3.507840381991290946e-02
6.224005005005004421e+00 3.528910524653300351e-02
6.232951951951951841e+00 3.550627360161496410e-02
6.241898898898899262e+00 3.573522492752694707e-02
6.250845845845845794e+00 3.596834510306790716e-02
6.259792792792792326e+00 3.620694780474031232e-02
6.268739739739739747e+00 3.647877078323924493e-02
6.277686686686686279e+00 3.677296352471194629e-02
6.286633633633633700e+00 3.706698147380921293e-02
6.295580580580580232e+00 3.740230972594716513e-02
6.304527527527527653e+00 3.778710847511087406e-02
6.313474474474474185e+00 3.817810062818821626e-02
6.322421421421421606e+00 3.859818514198189165e-02
6.331368368368368138e+00 3.907756257563886615e-02
6.340315315315315559e+00 3.958529780459946190e-02
6.349262262262262091e+00 4.010873847447281315e-02
6.358209209209208623e+00 4.068276845227232486e-02
6.367156156156156044e+00 4.131058440962378370e-02
6.376103103103103464e+00 4.194627421795071170e-02
6.385050050050049997e+00 4.261244769364923302e-02
6.393996996996996529e+00 4.335417393907704808e-02
6.402943943943943950e+00 4.410357488031222545e-02
6.411890890890890482e+00 4.486814603238577226e-02
6.420837837837837903e+00 4.570371979749703051e-02
6.429784784784784435e+00 4.656008017887527939e-02
6.438731731731731855e+00 4.742642178112583401e-02
6.447678678678678388e+00 4.834368473428871105e-02
6.456625625625624920e+00 4.930158101629579515e-02
6.465572572572572341e+00 5.026881455983493729e-02
6.474519519519519761e+00 5.126533742330258159e-02
6.483466466466466294e+00 5.231520015222500958e-02
6.492413413413412826e+00 5.337768786029879059e-02
6.501360360360360247e+00 5.444959863808715439e-02
6.510307307307307667e+00 5.556763195534541316e-02
6.519254254254254199e+00 5.669903606153289810e-02
6.528201201201200732e+00 5.783319458282767944e-02
6.537148148148148152e+00 5.897436361201220667e-02
6.546095095095094685e+00 6.011687621457612735e-02
6.555042042042042105e+00 6.125370750196756225e-02
6.563988988988988638e+00 6.236592282332677206e-02
6.572935935935936058e+00 6.344270264131463000e-02
6.581882882882882591e+00 6.449038970845998031e-02
6.590829829829829123e+00 6.549592591456489254e-02
6.599776776776776543e+00 6.641765503268365345e-02
6.608723723723723964e+00 6.726310713296043686e-02
6.617670670670670496e+00 6.805551631789071021e-02
6.626617617617617029e+00 6.871216621477901909e-02
6.635564564564564449e+00 6.920754549902707886e-02
6.644511511511511870e+00 6.961793806007333940e-02
6.653458458458458402e+00 6.986139827344781117e-02
6.662405405405404935e+00 6.985392453669427015e-02
6.671352352352352355e+00 6.968215956967675762e-02
6.680299299299298887e+00 6.933080410511423264e-02
6.689246246246246308e+00 6.867179553305292894e-02
6.698193193193192840e+00 6.772918092892822595e-02
6.707140140140140261e+00 6.661509265041835881e-02
6.716087087087086793e+00 6.522232236417875584e-02
6.725034034034033326e+00 6.342536060795496422e-02
6.733980980980980746e+00 6.148695410440690318e-02
6.742927927927928167e+00 5.940413370176694796e-02
6.751874874874874699e+00 5.709822262812182941e-02
6.760821821821821231e+00 5.469608191737872216e-02
6.769768768768768652e+00 5.223216069393588762e-02
6.778715715715715184e+00 4.978404828688787892e-02
6.787662662662662605e+00 4.737199810053938781e-02
6.796609609609609137e+00 4.502906255918620593e-02
6.805556556556556558e+00 4.280352602550135249e-02
6.814503503503503090e+00 4.075519578373729135e-02
6.823450450450450511e+00 3.895951508797326074e-02
6.832397397397397043e+00 3.747471830304428819e-02
6.841344344344344464e+00 3.634944438328371885e-02
6.850291291291290996e+00 3.562201022931759525e-02
6.859238238238237528e+00 3.531880955443652409e-02
6.868185185185184949e+00 3.545391431586956965e-02
6.877132132132132369e+00 3.602891577286274766e-02
6.886079079079078902e+00 3.703283988141797822e-02
6.895026026026025434e+00 3.844234398438297479e-02
6.903972972972972855e+00 4.022256634460916191e-02
6.912919919919919387e+00 4.232822770750741675e-02
6.921866866866866808e+00 4.470573669351431134e-02
6.930813813813813340e+00 4.729647116850024813e-02
6.939760760760760760e+00 5.004023700900384758e-02
6.948707707707707293e+00 5.287825833226236089e-02
6.957654654654654713e+00 5.575622336833985226e-02
6.966601601601601246e+00 5.862615371967274530e-02
6.975548548548548666e+00 6.144723267831921076e-02
6.984495495495495199e+00 6.418600758932252459e-02
6.993442442442441731e+00 6.681610559507986102e-02
7.002389389389389152e+00 6.931762434788749094e-02
7.011336336336336572e+00 7.167565202187350937e-02
7.020283283283283104e+00 7.387955615962073230e-02
7.029230230230229637e+00 7.592201500253722979e-02
7.038177177177177057e+00 7.779776205403204914e-02
7.047124124124123590e+00 7.950304908608989141e-02
7.056071071071071010e+00 8.103498712629333967e-02
7.065018018018017543e+00 8.239084331279851459e-02
7.073964964964964963e+00 8.356756566372634809e-02
7.082911911911911496e+00 8.456152258751326034e-02
7.091858858858858028e+00 8.536828216032786576e-02
7.100805805805805448e+00 8.597753572647730269e-02
7.109752752752752869e+00 8.638661452630312654e-02
7.118699699699699401e+00 8.658920976114593826e-02
7.127646646646645934e+00 8.657772481773336193e-02
7.136593593593593354e+00 8.634485273788035375e-02
7.145540540540540775e+00 8.588492342368524157e-02
7.154487487487487307e+00 8.519552375845576564e-02
7.163434434434433840e+00 8.427965634984582732e-02
7.172381381381381260e+00 8.314866889505470593e-02
7.181328328328327792e+00 8.182598376605898505e-02
7.190275275275275213e+00 8.035075466160895852e-02
7.199222222222221745e+00 7.878130463651640547e-02
7.208169169169169166e+00 7.719710181043046293e-02
7.217116116116115698e+00 7.569793092975370119e-02
7.226063063063062231e+00 7.439883905675886977e-02
7.235010010010009651e+00 7.342065851941130539e-02
7.243956956956957072e+00 7.287706273526423084e-02
7.252903903903903604e+00 7.285966001265246905e-02
7.261850850850850136e+00 7.342466625034314853e-02
7.270797797797797557e+00 7.458526026615847071e-02
7.279744744744744978e+00 7.631040656096137187e-02
7.288691691691691510e+00 7.853042206320888508e-02
7.297638638638638042e+00 8.114914139329941489e-02
7.306585585585585463e+00 8.405767432858676780e-02
7.315532532532531995e+00 8.714767382599092338e-02
7.324479479479478528e+00 9.032152979757207545e-02
7.333426426426425948e+00 9.349849352789109391e-02
7.342373373373373369e+00 9.661698610221118588e-02
7.351320320320319901e+00 9.963334930696221559e-02
7.360267267267266433e+00 1.025196225993313393e-01
7.369214214214213854e+00 1.052604766817350213e-01
7.378161161161161274e+00 1.078497783558849954e-01
7.387108108108107807e+00 1.102879619345751572e-01
7.396055055055054339e+00 1.125801594299224717e-01
7.405002002002001760e+00 1.147341162089489802e-01
7.413948948948949180e+00 1.167589820285216268e-01
7.422895895895895713e+00 1.186615547505074919e-01
7.431842842842842245e+00 1.204543571696162912e-01
7.440789789789789666e+00 1.221480867804722314e-01
7.449736736736736198e+00 1.237516672311986532e-01
7.458683683683682730e+00 1.252735017768145942e-01
7.467630630630630151e+00 1.267212841843122217e-01
7.476577577577577571e+00 1.281019066261518125e-01
7.485524524524524104e+00 1.294215857701703776e-01
7.494471471471470636e+00 1.306825942023499276e-01
7.503418418418418057e+00 1.318681853033576712e-01
7.512365365365365477e+00 1.329998009778222967e-01
7.521312312312312010e+00 1.340896711774950123e-01
7.530259259259258542e+00 1.351364908060612158e-01
7.539206206206205962e+00 1.361439533994177886e-01
7.548153153153153383e+00 1.371174926021966334e-01
7.557100100100099915e+00 1.380561410977093340e-01
7.566047047047046448e+00 1.389607810301022039e-01
7.574993993993993868e+00 1.398389378382314252e-01
7.583940940940940401e+00 1.406860343026697935e-01
7.592887887887886933e+00 1.415056371860807793e-01
7.601834834834834354e+00 1.423046611412965845e-01
7.610781781781781774e+00 1.430695508722946152e-01
7.619728728728728306e+00 1.438149087318137398e-01
7.628675675675674839e+00 1.445363045920549927e-01
7.637622622622622259e+00 1.452324893269170969e-01
7.646569569569569680e+00 1.459091286573801771e-01
7.655516516516516212e+00 1.465651657788545059e-01
7.664463463463462745e+00 1.471889813694281790e-01
7.673410410410410165e+00 1.478010002283242086e-01
7.682357357357357586e+00 1.483843444372855702e-01
7.691304304304304118e+00 1.489438068492500711e-01
7.700251251251250650e+00 1.494909891516161549e-01
7.709198198198198071e+00 1.500036916111113505e-01
7.718145145145144603e+00 1.504957281625882159e-01
7.727092092092091136e+00 1.509686765220464022e-01
7.736039039039038556e+00 1.514136194429546445e-01
7.744985985985985977e+00 1.518367485799534955e-01
7.753932932932932509e+00 1.522467947286851864e-01
7.762879879879879041e+00 1.526056682884750215e-01
7.771826826826826462e+00 1.529578329721587859e-01
7.780773773773773883e+00 1.532777539968696034e-01
7.789720720720720415e+00 1.535675172782989539e-01
7.798667667667666947e+00 1.538434634480154162e-01
7.807614614614614368e+00 1.540821502405173571e-01
7.816561561561561788e+00 1.542853495337468406e-01
7.825508508508507433e+00 1.544729498737506812e-01
7.834455455455454853e+00 1.546242681809481823e-01
7.843402402402402274e+00 1.547430045638670537e-01
7.852349349349348806e+00 1.548556332918596956e-01
7.861296296296295338e+00 1.548959881527025573e-01
7.870243243243242759e+00 1.549263456140202999e-01
7.879190190190190179e+00 1.549238536899802676e-01
7.888137137137136712e+00 1.548822012992022157e-01
7.897084084084083244e+00 1.548198550430618936e-01
7.906031031031030665e+00 1.547246930235438855e-01
7.914977977977978085e+00 1.545705875069238733e-01
7.923924924924924618e+00 1.544077665077039363e-01
7.932871871871871150e+00 1.542019939870949707e-01
7.941818818818818571e+00 1.539492695603522088e-01
7.950765765765765103e+00 1.536934216197845815e-01
7.959712712712711635e+00 1.533648611076993962e-01
7.968659659659659056e+00 1.530129782557236862e-01
7.977606606606606476e+00 1.526359342384070450e-01
7.986553553553553009e+00 1.522149397153959027e-01
7.995500500500499541e+00 1.517640541962263778e-01
8.004447447447446962e+00 1.512950961338670186e-01
8.013394394394394382e+00 1.507451401691838888e-01
8.022341341341341803e+00 1.501898436931495273e-01
8.031288288288287447e+00 1.495886211570702784e-01
8.040235235235234867e+00 1.489424036989898115e-01
8.049182182182182288e+00 1.482882396873193009e-01
8.058129129129127932e+00 1.475766486700449687e-01
8.067076076076075353e+00 1.468255741281744020e-01
8.076023023023022773e+00 1.460583220598770660e-01
8.084969969969968417e+00 1.452499768539746161e-01
8.093916916916915838e+00 1.444046234501621118e-01
8.102863863863863259e+00 1.435621694859549047e-01
8.111810810810810679e+00 1.426263107387553686e-01
8.120757757757758100e+00 1.416929619169287335e-01
8.129704704704703744e+00 1.407281744262223466e-01
8.138651651651651164e+00 1.397233507240777106e-01
8.147598598598598585e+00 1.387069619946151577e-01
8.156545545545544229e+00 1.376568418798483073e-01
8.165492492492491650e+00 1.365574808969687304e-01
8.174439439439439070e+00 1.354542854278787400e-01
8.183386386386386491e+00 1.343198686412152565e-01
8.192333333333333911e+00 1.331457114644475082e-01
8.201280280280279555e+00 1.319818135966735195e-01
8.210227227227226976e+00 1.307513724875209449e-01
8.219174174174174397e+00 1.295076955780560812e-01
8.228121121121120041e+00 1.282488967611862263e-01
8.237068068068067461e+00 1.269605391891756863e-01
8.246015015015014882e+00 1.256593481731123341e-01
8.254961961961960526e+00 1.243493527863764048e-01
8.263908908908907947e+00 1.229884479613756049e-01
8.272855855855855367e+00 1.216377588002508919e-01
8.281802802802802788e+00 1.202639699536029727e-01
8.290749749749750208e+00 1.188604279431425270e-01
8.299696696696695852e+00 1.174698893465016269e-01
8.308643643643643273e+00 1.160407817614317744e-01
8.317590590590590693e+00 1.146002843091165485e-01
8.326537537537536338e+00 1.131598464632002921e-01
8.335484484484483758e+00 1.117020842703639327e-01
8.344431431431431179e+00 1.102314288725340513e-01
8.353378378378376823e+00 1.087746675151525788e-01
8.362325325325324243e+00 1.072666351496208703e-01
8.371272272272271664e+00 1.057746701293181962e-01
8.380219219219219084e+00 1.042749701111809202e-01
8.389166166166166505e+00 1.027576146334185370e-01
8.398113113113112149e+00 1.012524677550969698e-01
8.407060060060059570e+00 9.973258122017242266e-02
8.416007007007006990e+00 9.818996610487010224e-02
8.424953953953952634e+00 9.666028892786197868e-02
8.433900900900900055e+00 9.512540205144559557e-02
8.442847847847847476e+00 9.357748596376595784e-02
8.451794794794794896e+00 9.205791840925747760e-02
8.460741741741740540e+00 9.049931446338259355e-02
8.469688688688687961e+00 8.895895747128254594e-02
8.478635635635635381e+00 8.742496223278899137e-02
8.487582582582582802e+00 8.588446710854946708e-02
8.496529529529528446e+00 8.435541878914605551e-02
8.505476476476475867e+00 8.283394987134778953e-02
8.514423423423423287e+00 8.129742935671742388e-02
8.523370370370368931e+00 7.978469504061912188e-02
8.532317317317316352e+00 7.827854265850349436e-02
8.541264264264263772e+00 7.676086075353261151e-02
8.550211211211211193e+00 7.527741098520526752e-02
8.559158158158158614e+00 7.377905918973512445e-02
8.568105105105104258e+00 7.229528916448833831e-02
8.577052052052051678e+00 7.083001549905221239e-02
8.585998998998999099e+00 6.937028362733338449e-02
8.594945945945944743e+00 6.792167262015627593e-02
8.603892892892892164e+00 6.649840852651291156e-02
8.612839839839839584e+00 6.505879924771876266e-02
8.621786786786785228e+00 6.364917845792950057e-02
8.630733733733732649e+00 6.225462482087758959e-02
8.639680680680680069e+00 6.086409659034355824e-02
8.648627627627627490e+00 5.950504503665563633e-02
8.657574574574574910e+00 5.815341005669733693e-02
8.666521521521520555e+00 5.681595593381723319e-02
8.675468468468467975e+00 5.550587089140276292e-02
8.684415415415415396e+00 5.421295088272502782e-02
8.693362362362361040e+00 5.293252053864907353e-02
8.702309309309308460e+00 5.169038079209558462e-02
8.711256256256255881e+00 5.044394543741535786e-02
8.720203203203201525e+00 4.923012640078151120e-02
8.729150150150148946e+00 4.804126850929896914e-02
8.738097097097096366e+00 4.686781788216389660e-02
8.747044044044043787e+00 4.572277457890039365e-02
8.755990990990991207e+00 4.460054417032287277e-02
8.764937937937936852e+00 4.349451437463955350e-02
8.773884884884884272e+00 4.241943417479732831e-02
8.782831831831831693e+00 4.136928057415686227e-02
8.791778778778777337e+00 4.033426550993252091e-02
8.800725725725724757e+00 3.933462598137398708e-02
8.809672672672672178e+00 3.834503039647608330e-02
8.818619619619619598e+00 3.738324283289979483e-02
8.827566566566567019e+00 3.644943301022911947e-02
8.836513513513512663e+00 3.553772710812399399e-02
8.845460460460460084e+00 3.465092282640695048e-02
8.854407407407407504e+00 3.379212947873144746e-02
8.863354354354353148e+00 3.295185342161315728e-02
8.872301301301300569e+00 3.214011497007228380e-02
8.881248248248247990e+00 3.135350269435639020e-02
8.890195195195193634e+00 3.058646085380736443e-02
8.899142142142141054e+00 2.984821483136946771e-02
8.908089089089088475e+00 2.913071496311669603e-02
8.917036036036035895e+00 2.843639766107300751e-02
8.925982982982983316e+00 2.776709776922152428e-02
8.934929929929928960e+00 2.712002057847788528e-02
8.943876876876876381e+00 2.649386788493387004e-02
8.952823823823823801e+00 2.589262917679087395e-02
8.961770770770769445e+00 2.530963179520171608e-02
8.970717717717716866e+00 2.474899103847769469e-02
8.979664664664664286e+00 2.420984664491854926e-02
8.988611611611609931e+00 2.368970434228599015e-02
8.997558558558557351e+00 2.318896541547504214e-02
9.006505505505504772e+00 2.270446331660975342e-02
9.015452452452452192e+00 2.223830659126686121e-02
9.024399399399399613e+00 2.179097888054596158e-02
9.033346346346345257e+00 2.136149384434828102e-02
9.042293293293292678e+00 2.094870260099383069e-02
9.051240240240240098e+00 2.055295465218973452e-02
9.060187187187185742e+00 2.017297890197707055e-02
9.069134134134133163e+00 1.980876146667662208e-02
9.078081081081080583e+00 1.945994175725814651e-02
9.087028028028028004e+00 1.912591638704622468e-02
9.095974974974973648e+00 1.880592286767867466e-02
9.104921921921921069e+00 1.849968369888274275e-02
9.113868868868868489e+00 1.820704044523751425e-02
9.122815815815815910e+00 1.792681347241184206e-02
9.131762762762761554e+00 1.765873393366755237e-02
9.140709709709708974e+00 1.740320710105489749e-02
9.149656656656656395e+00 1.715833533126685795e-02
9.158603603603602039e+00 1.692487590659772639e-02
9.167550550550549460e+00 1.670186662943430600e-02
9.176497497497496880e+00 1.648874173743782728e-02
9.185444444444444301e+00 1.628540026341398356e-02
9.194391391391391721e+00 1.609396925766794217e-02
9.203338338338337365e+00 1.591570079022788797e-02
9.212285285285284786e+00 1.574666529095443065e-02
9.221232232232232207e+00 1.558524898109143499e-02
9.230179179179177851e+00 1.543144083521055289e-02
9.239126126126125271e+00 1.528591038458866277e-02
9.248073073073072692e+00 1.514808510881003947e-02
9.257020020020018336e+00 1.501756014296168860e-02
9.265966966966967533e+00 1.489384075501137654e-02
9.274913913913913177e+00 1.477587401201376112e-02
9.283860860860860598e+00 1.466371806729395086e-02
9.292807807807808018e+00 1.455799792868982777e-02
9.301754754754753662e+00 1.445662025968711198e-02
9.310701701701701083e+00 1.436150834245539069e-02
9.319648648648648503e+00 1.427093060156287008e-02
9.328595595595594148e+00 1.418469894656994822e-02
9.337542542542541568e+00 1.410353105435386764e-02
9.346489489489488989e+00 1.402626317157202283e-02
9.355436436436434633e+00 1.395302045557771098e-02
9.364383383383383830e+00 1.388416706698336958e-02
9.373330330330329474e+00 1.381853725203626392e-02
9.382277277277276895e+00 1.375616507617538273e-02
9.391224224224224315e+00 1.370208000162245060e-02
9.400171171171169959e+00 1.365523155042422214e-02
9.409118118118117380e+00 1.361212228944899683e-02
9.418065065065064800e+00 1.357187882256363429e-02
9.427012012012010445e+00 1.353410143518411247e-02
9.435958958958957865e+00 1.349921514422419352e-02
9.444905905905905286e+00 1.346985851821900192e-02
9.453852852852850930e+00 1.344286230275734510e-02
9.462799799799800127e+00 1.341864932874453978e-02
9.471746746746745771e+00 1.339629951335209387e-02
9.480693693693693191e+00 1.337586198735366688e-02
9.489640640640640612e+00 1.335835468160472689e-02
9.498587587587586256e+00 1.334197488610156315e-02
9.507534534534533677e+00 1.332777705906222979e-02
9.516481481481481097e+00 1.331559624071174119e-02
9.525428428428426741e+00 1.330469296589894927e-02
9.534375375375375938e+00 1.329535872775478023e-02
9.543322322322321583e+00 1.328824012356680413e-02
9.552269269269267227e+00 1.328188687438858033e-02
9.561216216216216424e+00 1.327751068648009257e-02
9.570163163163162068e+00 1.327445927455503556e-02
9.579110110110109488e+00 1.327238091916004004e-02
9.588057057057056909e+00 1.327691594667792900e-02
9.597004004004002553e+00 1.328714726178723340e-02
9.605950950950949974e+00 1.329868316818282742e-02
9.614897897897897394e+00 1.331161501756483734e-02
9.623844844844843038e+00 1.332532184225255004e-02
9.632791791791792235e+00 1.334010898790218697e-02
9.641738738738737879e+00 1.336150307297265596e-02
9.650685685685685300e+00 1.338313465678175884e-02
9.659632632632632721e+00 1.340631673253744362e-02
9.668579579579578365e+00 1.343046361007884347e-02
9.677526526526525785e+00 1.345522586795208468e-02
9.686473473473473206e+00 1.347963257039873179e-02
9.695420420420418850e+00 1.350362488343537226e-02
9.704367367367366271e+00 1.352835058906644641e-02
9.713314314314313691e+00 1.355411007927942620e-02
9.722261261261259335e+00 1.358052959292518035e-02
9.731208208208208532e+00 1.360798138986301850e-02
9.740155155155154176e+00 1.364609371006556340e-02
9.749102102102101597e+00 1.368432216358741668e-02
9.758049049049049017e+00 1.372365995437885809e-02
9.766995995995994662e+00 1.376393904723898984e-02
9.775942942942942082e+00 1.380462730079867230e-02
9.784889889889889503e+00 1.385114957510164002e-02
9.793836836836835147e+00 1.390279064872280805e-02
9.802783783783782567e+00 1.395472254874216209e-02
9.811730730730729988e+00 1.400769411157626147e-02
9.820677677677675632e+00 1.406160137159528575e-02
9.829624624624624829e+00 1.411605508374780792e-02
9.838571571571570473e+00 1.417268890920212604e-02
9.847518518518517894e+00 1.422979391833770202e-02
9.856465465465465314e+00 1.428787682179830099e-02
9.865412412412410958e+00 1.434680728075287716e-02
9.874359359359358379e+00 1.440622908702960878e-02
9.883306306306305800e+00 1.446652965507396436e-02
9.892253253253251444e+00 1.452807522847321745e-02
9.901200200200200641e+00 1.458976794493906798e-02
9.910147147147146285e+00 1.465270032968917294e-02
9.919094094094093705e+00 1.471646234117286040e-02
9.928041041041041126e+00 1.478064171649427251e-02
9.936987987987986770e+00 1.484588955605355837e-02
9.945934934934934191e+00 1.491197004626443681e-02
9.954881881881881611e+00 1.497873696407144538e-02
9.963828828828827255e+00 1.504634390679447653e-02
9.972775775775774676e+00 1.511474311422617359e-02
9.981722722722722096e+00 1.518888250419081140e-02
9.990669669669667741e+00 1.526730900551471169e-02
9.999616616616616938e+00 1.534615051417123101e-02
1.000856356356356258e+01 1.542613421145815587e-02
1.001751051051051000e+01 1.550709530501874316e-02
1.002645745745745742e+01 1.558991309894940808e-02
1.003540440440440307e+01 1.568046811097300805e-02
1.004435135135135049e+01 1.577233649450804354e-02
1.005329829829829791e+01 1.586486885706621733e-02
1.006224524524524355e+01 1.595852810856464646e-02
1.007119219219219097e+01 1.605335795848374797e-02
1.008013913913913839e+01 1.614892772037887503e-02
1.008908608608608404e+01 1.624589283509912316e-02
1.009803303303303323e+01 1.634369014252601282e-02
1.010697997997997888e+01 1.644270587938328337e-02
1.011592692692692630e+01 1.654272237360355710e-02
1.012487387387387372e+01 1.664357212471103895e-02
1.013382082082081936e+01 1.674577380615293459e-02
1.014276776776776678e+01 1.684916185544590300e-02
1.015171471471471421e+01 1.695326644184273757e-02
1.016066166166165985e+01 1.705871302113191879e-02
1.016960860860860905e+01 1.716535830292035755e-02
1.017855555555555469e+01 1.727048271725835707e-02
1.018750250250250033e+01 1.737590858205356401e-02
1.019644944944944953e+01 1.748252866283250134e-02
1.020539639639639518e+01 1.759010138123131770e-02
1.021434334334334260e+01 1.769865898953412037e-02
1.022329029029029002e+01 1.780745080063516478e-02
1.023223723723723566e+01 1.791384177414751325e-02
1.024118418418418308e+01 1.802132097156591145e-02
1.025013113113113050e+01 1.812975864627185130e-02
1.025907807807807615e+01 1.823934123855258313e-02
1.026802502502502534e+01 1.834994076453637379e-02
1.027697197197197099e+01 1.846144154411156688e-02
1.028591891891891841e+01 1.857409341731422470e-02
1.029486586586586583e+01 1.868787151778853947e-02
1.030381281281281147e+01 1.880253058866528104e-02
1.031275975975975889e+01 1.891827468341103491e-02
1.032170670670670631e+01 1.903516206195302735e-02
1.033065365365365196e+01 1.915303079669755659e-02
1.033960060060059938e+01 1.927182878325373744e-02
1.034854754754754680e+01 1.939177989154172027e-02
1.035749449449449244e+01 1.951282406816059328e-02
1.036644144144144164e+01 1.963476409937414333e-02
1.037538838838838728e+01 1.975822005493697853e-02
1.038433533533533470e+01 1.988308266557389792e-02
1.039328228228228213e+01 2.000878157593793949e-02
1.040222922922922777e+01 2.013552762670000815e-02
1.041117617617617519e+01 2.026345112492037095e-02
1.042012312312312261e+01 2.039274501108979606e-02
1.042907007007006825e+01 2.052386917506859865e-02
1.043801701701701568e+01 2.065590461237632250e-02
1.044696396396396310e+01 2.078931410868304838e-02
1.045591091091090874e+01 2.092367283720100030e-02
1.046485785785785794e+01 2.105894086037440188e-02
1.047380480480480358e+01 2.119569285005439702e-02
1.048275175175175100e+01 2.133350556899169664e-02
1.049169869869869842e+01 2.147211779403591231e-02
1.050064564564564407e+01 2.161215565106047384e-02
1.050959259259259149e+01 2.175337982584959334e-02
1.051853953953953891e+01 2.189562206699131874e-02
1.052748648648648455e+01 2.203910506475355302e-02
1.053643343343343375e+01 2.218391949318650885e-02
1.054538038038037939e+01 2.232993260337871183e-02
1.055432732732732681e+01 2.247711655274784934e-02
1.056327427427427423e+01 2.262577534590379247e-02
1.057222122122121988e+01 2.277441670946492996e-02
1.058116816816816730e+01 2.292411409569405575e-02
1.059011511511511472e+01 2.307519676087021673e-02
1.059906206206206036e+01 2.322782687767606033e-02
1.060800900900900778e+01 2.338197726972881738e-02
1.061695595595595520e+01 2.353595931085858753e-02
1.062590290290290085e+01 2.368884575950746391e-02
1.063484984984985005e+01 2.384356914817242420e-02
1.064379679679679569e+01 2.399986211506497172e-02
1.065274374374374311e+01 2.415781307930677316e-02
1.066169069069069053e+01 2.431780551923959713e-02
1.067063763763763617e+01 2.447969016942789025e-02
1.067958458458458360e+01 2.464311436453742177e-02
1.068853153153153102e+01 2.480930904275470764e-02
1.069747847847847666e+01 2.497749575831710242e-02
1.070642542542542408e+01 2.514777462811478015e-02
1.071537237237237150e+01 2.532050823841130657e-02
1.072431931931931715e+01 2.549580541771815159e-02
1.073326626626626634e+01 2.567347721762676740e-02
1.074221321321321199e+01 2.585437695442280304e-02
1.075116016016015941e+01 2.603766594079702859e-02
1.076010710710710683e+01 2.622419367579319552e-02
1.076905405405405247e+01 2.641245496743860333e-02
1.077800100100099989e+01 2.660284457091708146e-02
1.078694794794794731e+01 2.679804427261653701e-02
1.079589489489489296e+01 2.699636677083643369e-02
1.080484184184184215e+01 2.719786992374325502e-02
1.081378878878878780e+01 2.740076053111268478e-02
1.082273573573573344e+01 2.760354992888854053e-02
1.083168268268268264e+01 2.780948410509835253e-02
1.084062962962962828e+01 2.802182205459397349e-02
1.084957657657657570e+01 2.823749182936784868e-02
1.085852352352352312e+01 2.845808576338818008e-02
1.086747047047046877e+01 2.868414586770589442e-02
1.087641741741741619e+01 2.891437668361765412e-02
1.088536436436436361e+01 2.915095841754839975e-02
1.089431131131130925e+01 2.939342244148628047e-02
1.090325825825825845e+01 2.964094866123314839e-02
1.091220520520520409e+01 2.989498850555854029e-02
1.092115215215215152e+01 3.015579153458414555e-02
1.093009909909909894e+01 3.042103321327852689e-02
1.093904604604604458e+01 3.069669960005342105e-02
1.094799299299299200e+01 3.097785553965443431e-02
1.095693993993993942e+01 3.126607328309637807e-02
1.096588688688688507e+01 3.156512802250813210e-02
1.097483383383383249e+01 3.187151214247928299e-02
1.098378078078077991e+01 3.218602065576766508e-02
1.099272772772772555e+01 3.251055715031496429e-02
1.100167467467467475e+01 3.284265998525960628e-02
1.101062162162162039e+01 3.319290008786172225e-02
1.101956856856856781e+01 3.356233262195425227e-02
1.102851551551551523e+01 3.393949916356181484e-02
1.103746246246246088e+01 3.432955228529709080e-02
1.104640940940940830e+01 3.472928886271053894e-02
1.105535635635635572e+01 3.513916013545914652e-02
1.106430330330330136e+01 3.556114556815911237e-02
1.107325025025024878e+01 3.599437683526591353e-02
1.108219719719719620e+01 3.643833106857199966e-02
1.109114414414414185e+01 3.689646275583687712e-02
1.110009109109109104e+01 3.736588319496733646e-02
1.110903803803803669e+01 3.784784610651548836e-02
1.111798498498498411e+01 3.834358047382479401e-02
1.112693193193193153e+01 3.885193109582994048e-02
1.113587887887887717e+01 3.937430634752401432e-02
1.114482582582582459e+01 3.991048070610211940e-02
1.115377277277277202e+01 4.046065489575554480e-02
1.116271971971971766e+01 4.102486389394878474e-02
1.117166666666666686e+01 4.160380689779402674e-02
1.118061361361361250e+01 4.219741310628328385e-02
1.118956056056055992e+01 4.280628868805484710e-02
1.119850750750750734e+01 4.343059040556947192e-02
1.120745445445445299e+01 4.406542189546302363e-02
1.121640140140140041e+01 4.471254528566445674e-02
1.122534834834834783e+01 4.537616707255288928e-02
1.123429529529529347e+01 4.605516106593163239e-02
1.124324224224224089e+01 4.674992044887321674e-02
1.125218918918918831e+01 4.746199051488092513e-02
1.126113613613613396e+01 4.819028300113860352e-02
1.127008308308308315e+01 4.893400003989044345e-02
1.127903003003002880e+01 4.969716100507130807e-02
1.128797697697697622e+01 5.047369017840496602e-02
1.129692392392392364e+01 5.126840250422214779e-02
1.130587087087086928e+01 5.208088336567366639e-02
1.131481781781781670e+01 5.290949843102567968e-02
1.132376476476476412e+01 5.375597101916620296e-02
1.133271171171170977e+01 5.462057480791585734e-02
1.134165865865865719e+01 5.549933246328952324e-02
1.135060560560560461e+01 5.639840588119484494e-02
1.135955255255255025e+01 5.731519712241867764e-02
1.136849949949949945e+01 5.824533054554312944e-02
1.137744644644644509e+01 5.919871507603162442e-02
1.138639339339339251e+01 6.016500693649658865e-02
1.139534034034033994e+01 6.114931326973039455e-02
1.140428728728728558e+01 6.215411566639788415e-02
1.141323423423423300e+01 6.317535070613497505e-02
1.142218118118118042e+01 6.421322868829194841e-02
1.143112812812812606e+01 6.527392749426140506e-02
1.144007507507507526e+01 6.634553882154270443e-02
1.144902202202202091e+01 6.743911723372111866e-02
1.145796896896896655e+01 6.855207984736119697e-02
1.146691591591591575e+01 6.967935998470879688e-02
1.147586286286286139e+01 7.082990696128958763e-02
1.148480980980980881e+01 7.199664424477345004e-02
1.149375675675675623e+01 7.318068424078680301e-02
1.150270370370370188e+01 7.438734241097197386e-02
1.151165065065064930e+01 7.561322048320373579e-02
1.152059759759759672e+01 7.685455252320576303e-02
1.152954454454454236e+01 7.812407168931922996e-02
1.153849149149149156e+01 7.940377776670611010e-02
1.154743843843843720e+01 8.070768146573194246e-02
1.155638538538538462e+01 8.203495746653859111e-02
1.156533233233233204e+01 8.338012162486251044e-02
1.157427927927927769e+01 8.474867735938844404e-02
1.158322622622622511e+01 8.614031053365307777e-02
1.159217317317317253e+01 8.755056731640722956e-02
1.160112012012011817e+01 8.898248694502239320e-02
1.161006706706706559e+01 9.043763514049409091e-02
1.161901401401401301e+01 9.191041680588095397e-02
1.162796096096095866e+01 9.341477450922959502e-02
1.163690790790790786e+01 9.493872816682698279e-02
1.164585485485485350e+01 9.648915654652688578e-02
1.165480180180180092e+01 9.806802443433174088e-02
1.166374874874874834e+01 9.967226878629556475e-02
1.167269569569569398e+01 1.013034239292650573e-01
1.168164264264264141e+01 1.029662376466640439e-01
1.169058958958958883e+01 1.046544035753119994e-01
1.169953653653653447e+01 1.063745328242781951e-01
1.170848348348348189e+01 1.081267825213932943e-01
1.171743043043042931e+01 1.099076951738581498e-01
1.172637737737737496e+01 1.117240413603124149e-01
1.173532432432432415e+01 1.135724111309971140e-01
1.174427127127126980e+01 1.154552650593860669e-01
1.175321821821821722e+01 1.173747566637466794e-01
1.176216516516516464e+01 1.193304179469723836e-01
1.177111211211211028e+01 1.213221779824939367e-01
1.178005905905905770e+01 1.233547993486613231e-01
1.178900600600600512e+01 1.254245410393302340e-01
1.179795295295295077e+01 1.275352247794470095e-01
1.180689989989989996e+01 1.296886222088898533e-01
1.181584684684684561e+01 1.318836426172497467e-01
1.182479379379379303e+01 1.341225346067129731e-01
1.183374074074074045e+01 1.364065309252723013e-01
1.184268768768768609e+01 1.387360006325772388e-01
1.185163463463463351e+01 1.411125482215639937e-01
1.186058158158158093e+01 1.435372372184766654e-01
1.186952852852852658e+01 1.460103345151892718e-01
1.187847547547547400e+01 1.485344048157833663e-01
1.188742242242242142e+01 1.511084343807924391e-01
1.189636936936936706e+01 1.537349490703953103e-01
1.190531631631631626e+01 1.564151147389978846e-01
1.191426326326326190e+01 1.591484976399699935e-01
1.192321021021020933e+01 1.619369973255840034e-01
1.193215715715715675e+01 1.647819610700196891e-01
1.194110410410410239e+01 1.676824133276366424e-01
1.195005105105104981e+01 1.706411528172582237e-01
1.195899799799799723e+01 1.736591554933409332e-01
1.196794494494494288e+01 1.767331220098400102e-01
1.197689189189189030e+01 1.798699248649495985e-01
1.198583883883883772e+01 1.830642794536404272e-01
1.199478578578578336e+01 1.863029482814317905e-01
1.200373273273273256e+01 1.896022142094309360e-01
1.201267967967967820e+01 1.929615861137953248e-01
1.202162662662662562e+01 1.963811235152457257e-01
1.203057357357357304e+01 1.998683800123230436e-01
1.203952052052051869e+01 2.034079568764290968e-01
1.204846746746746611e+01 2.070082540165031626e-01
1.205741441441441353e+01 2.106760868336991221e-01
1.206636136136135917e+01 2.143964491909918779e-01
1.207530830830830837e+01 2.181864750875136538e-01
1.208425525525525401e+01 2.220365508703388280e-01
1.209320220220219966e+01 2.259450232939780867e-01
1.210214914914914885e+01 2.299210334424732494e-01
1.211109609609609450e+01 2.339603085838504737e-01
1.212004304304304192e+01 2.380464552364558450e-01
1.212898998998998934e+01 2.422133336220372302e-01
1.213793693693693498e+01 2.464176287403503085e-01
1.214688388388388240e+01 2.506867152966409384e-01
1.215583083083082983e+01 2.550251101998020631e-01
1.216477777777777547e+01 2.594044916181030280e-01
1.217372472472472467e+01 2.638449560338747557e-01
1.218267167167167031e+01 2.683461149125171419e-01
1.219161861861861773e+01 2.728811219299556168e-01
1.220056556556556515e+01 2.774777285536011995e-01
1.220951251251251080e+01 2.821407535749511641e-01
1.221845945945945822e+01 2.868103059439158220e-01
1.222740640640640564e+01 2.915653038423624555e-01
1.223635335335335128e+01 2.963415068805669295e-01
1.224530030030029870e+01 3.011614764847771464e-01
1.225424724724724612e+01 3.060429255998834974e-01
1.226319419419419177e+01 3.109521560079134272e-01
1.227214114114114096e+01 3.158898582493748219e-01
1.228108808808808661e+01 3.208916799439035517e-01
1.229003503503503403e+01 3.258998541879586930e-01
1.229898198198198145e+01 3.309511748933459119e-01
1.230792892892892709e+01 3.360621476842732269e-01
1.231687587587587451e+01 3.411432481569940944e-01
1.232582282282282193e+01 3.462917216285614774e-01
1.233476976976976758e+01 3.514525979452778337e-01
1.234371671671671500e+01 3.566259620587958756e-01
1.235266366366366242e+01 3.618421525397676475e-01
1.236161061061060806e+01 3.670787390944119100e-01
1.237055755755755726e+01 3.722884173824944631e-01
1.237950450450450290e+01 3.775692861215210749e-01
1.238845145145145032e+01 3.828025102348114883e-01
1.239739839839839775e+01 3.880501829428728566e-01
1.240634534534534339e+01 3.933459209621458785e-01
1.241529229229229081e+01 3.985892339861269451e-01
1.242423923923923823e+01 4.038570161065635489e-01
1.243318618618618387e+01 4.091296180813632777e-01
1.244213313313313307e+01 4.143719710877256102e-01
1.245108008008007872e+01 4.196289750241746219e-01
1.246002702702702614e+01 4.249088149866516173e-01
1.246897397397397356e+01 4.300905203305189217e-01
1.247792092092091920e+01 4.353389542279128555e-01
1.248686786786786662e+01 4.405236670285765932e-01
1.249581481481481404e+01 4.456918282938639453e-01
1.250476176176175969e+01 4.508840969664223430e-01
1.251370870870870711e+01 4.560162282047443005e-01
1.252265565565565453e+01 4.611146517423897473e-01
1.253160260260260017e+01 4.662252335202189402e-01
1.254054954954954937e+01 4.712713223953610697e-01
1.254949649649649501e+01 4.762978180380003645e-01
1.255844344344344243e+01 4.813526862879205503e-01
1.256739039039038985e+01 4.862510886475476246e-01
1.257633733733733550e+01 4.911925904851033309e-01
1.258528428428428292e+01 4.960671639248808718e-01
1.259423123123123034e+01 5.008894194175717018e-01
1.260317817817817598e+01 5.057078754499655382e-01
1.261212512512512340e+01 5.104742164896298728e-01
1.262107207207207082e+01 5.151451716950624649e-01
1.263001901901901647e+01 5.198334032042168928e-01
1.263896596596596567e+01 5.244268068056043841e-01
1.264791291291291131e+01 5.289638649065548925e-01
1.265685985985985873e+01 5.335169767178781219e-01
1.266580680680680615e+01 5.379242340082552865e-01
1.267475375375375179e+01 5.423214401360986203e-01
1.268370070070069922e+01 5.466669302008742015e-01
1.269264764764764664e+01 5.509347791587824172e-01
1.270159459459459228e+01 5.551715512071860870e-01
1.271054154154154148e+01 5.593775006029674257e-01
1.271948848848848712e+01 5.634343712729912301e-01
1.272843543543543277e+01 5.675171199354008822e-01
1.273738238238238196e+01 5.714852556392558958e-01
1.274632932932932761e+01 5.753893454758699511e-01
1.275527627627627503e+01 5.792904534586240661e-01
1.276422322322322245e+01 5.830727314871434475e-01
1.277317017017016809e+01 5.867963044118221783e-01
1.278211711711711551e+01 5.904889901030304644e-01
1.279106406406406293e+01 5.940933908551205844e-01
1.280001101101100858e+01 5.976443299463710668e-01
1.280895795795795777e+01 6.011921409964459118e-01
1.281790490490490342e+01 6.045558578944708605e-01
1.282685185185185084e+01 6.079381816494515700e-01
1.283579879879879826e+01 6.112361395597548652e-01
1.284474574574574390e+01 6.144602769602667269e-01
1.285369269269269132e+01 6.176634019051507885e-01
1.286263963963963874e+01 6.207845237835747376e-01
1.287158658658658439e+01 6.238124968235589929e-01
1.288053353353353181e+01 6.268281408006228794e-01
1.288948048048047923e+01 6.297592659767384804e-01
1.289842742742742487e+01 6.326233278842749996e-01
1.290737437437437407e+01 6.354886310619958234e-01
1.291632132132131972e+01 6.382045635755784208e-01
1.292526826826826714e+01 6.409091707571848984e-01
1.293421521521521456e+01 6.435591671260755264e-01
1.294316216216216020e+01 6.461394925174733794e-01
1.295210910910910762e+01 6.486871756690653079e-01
1.296105605605605504e+01 6.511912372467933974e-01
1.297000300300300069e+01 6.535877631255238018e-01
1.297894994994994811e+01 6.559865768179772294e-01
1.298789689689689553e+01 6.583127505602136553e-01
1.299684384384384117e+01 6.605762796878648091e-01
1.300579079079079037e+01 6.628377842182453517e-01
1.301473773773773601e+01 6.650043521869977159e-01
1.302368468468468343e+01 6.671356723456358662e-01
1.303263163163163085e+01 6.692381281093283674e-01
1.304157857857857650e+01 6.712857820704097866e-01
1.305052552552552392e+01 6.732976123380840505e-01
1.305947247247247134e+01 6.752964368052239985e-01
1.306841941941941698e+01 6.771953446885590200e-01
1.307736636636636618e+01 6.790990351055518071e-01
1.308631331331331182e+01 6.809552792021054124e-01
1.309526026026025924e+01 6.827678943310512283e-01
1.310420720720720666e+01 6.845716200410154606e-01
1.311315415415415231e+01 6.860439295640323731e-01
1.312210110110109973e+01 6.872378487433707939e-01
1.313104804804804715e+01 6.884327432467380881e-01
1.313999499499499279e+01 6.896290102592481652e-01
1.314894194194194021e+01 6.908264685683079831e-01
1.315788888888888764e+01 6.920247067819047526e-01
1.316683583583583328e+01 6.932242520295958110e-01
1.317578278278278248e+01 6.944250103652597206e-01
1.318472972972972812e+01 6.956266438131927243e-01
1.319367667667667554e+01 6.968293502574400833e-01
1.320262362362362296e+01 6.980333969035985575e-01
1.321157057057056861e+01 6.992386078414212225e-01
1.322051751751751780e+01 7.004445353496216997e-01
1.322946446446446345e+01 7.016515933768616708e-01
1.323841141141140909e+01 7.028601891171590843e-01
1.324735835835835829e+01 7.040695673936944177e-01
1.325630530530530393e+01 7.052799363705477553e-01
1.326525225225224958e+01 7.064918255975584094e-01
1.327419919919919877e+01 7.077045811555624510e-01
1.328314614614614442e+01 7.089181775089157256e-01
1.329209309309309006e+01 7.101330830053544929e-01
1.330104004004003926e+01 7.113494138985273496e-01
1.330998698698698490e+01 7.125665221096620927e-01
1.331893393393393410e+01 7.137843144819543406e-01
1.332788088088087974e+01 7.150040132749803101e-01
1.333682782782782539e+01 7.162244900952451365e-01
1.334577477477477458e+01 7.174457416808039945e-01
1.335472172172172023e+01 7.186685707273793300e-01
1.336366866866866587e+01 7.198924925797178798e-01
1.337261561561561507e+01 7.211171038158339375e-01
1.338156256256256071e+01 7.223428472280992718e-01
1.339050950950950636e+01 7.235700698697383748e-01
1.339945645645645556e+01 7.247982530710271876e-01
1.340840340340340120e+01 7.260272123513792364e-01
1.341735035035035040e+01 7.272576302198280329e-01
1.342629729729729604e+01 7.284891179540949890e-01
1.343524424424424168e+01 7.297214250615243758e-01
1.344419119119119088e+01 7.309549954455668574e-01
1.345313813813813653e+01 7.321898659598840009e-01
1.346208508508508217e+01 7.334256482446164238e-01
1.347103203203203137e+01 7.346622494433597828e-01
1.347997897897897701e+01 7.359001811864435139e-01
1.348892592592592266e+01 7.371393927980395278e-01
1.349787287287287185e+01 7.383793781924589128e-01
1.350681981981981750e+01 7.396206181504739741e-01
1.351576676676676669e+01 7.408630370854047964e-01
1.352471371371371234e+01 7.421063462928835230e-01
1.353366066066065798e+01 7.433506540708776367e-01
1.354260760760760718e+01 7.445962917173056805e-01
1.355155455455455282e+01 7.458431664850062592e-01
1.356050150150149847e+01 7.470907589465631826e-01
1.356944844844844766e+01 7.483392924261001999e-01
1.357839539539539331e+01 7.495894794195491206e-01
1.358734234234234250e+01 7.508404325675728241e-01
1.359628928928928815e+01 7.520922880985660974e-01
1.360523623623623379e+01 7.533457536377301533e-01
1.361418318318318299e+01 7.546000171908613385e-01
1.362313013013012863e+01 7.558550523663183363e-01
1.363207707707707428e+01 7.571113451692440544e-01
1.364102402402402348e+01 7.583691585169274330e-01
1.364997097097096912e+01 7.596277349817642799e-01
1.365891791791791476e+01 7.608869852212856166e-01
1.366786486486486396e+01 7.621479923168528181e-01
1.367681181181180960e+01 7.634098437729347486e-01
1.368575875875875880e+01 7.646724704356634428e-01
1.369470570570570445e+01 7.659365668866078281e-01
1.370365265265265009e+01 7.672018875649243563e-01
1.371259959959959929e+01 7.684677832060098357e-01
1.372154654654654493e+01 7.697347339610839390e-01
1.373049349349349058e+01 7.710031469998200881e-01
1.373944044044043977e+01 7.722725911876459071e-01
1.374838738738738542e+01 7.735427984336694651e-01
1.375733433433433106e+01 7.748143887766411053e-01
1.376628128128128026e+01 7.760870128519441469e-01
1.377522822822822590e+01 7.773604696896049271e-01
1.378417517517517510e+01 7.786350993168544843e-01
1.379312212212212074e+01 7.799110426535963425e-01
1.380206906906906639e+01 7.811880361159703190e-01
1.381101601601601558e+01 7.824656257100327528e-01
1.381996296296296123e+01 7.837444879684730692e-01
1.382890990990990687e+01 7.850247240188551467e-01
1.383785685685685607e+01 7.863057145712560869e-01
1.384680380380380171e+01 7.875878562210402167e-01
1.385575075075075091e+01 7.888712672804422121e-01
1.386469769769769655e+01 7.901554758048117133e-01
1.387364464464464220e+01 7.914406079892400969e-01
1.388259159159159140e+01 7.927270399271586498e-01
1.389153853853853704e+01 7.940147852497727587e-01
1.390048548548548268e+01 7.953032956122109143e-01
1.390943243243243188e+01 7.965924672814007623e-01
1.391837937937937753e+01 7.978834102301990416e-01
1.392732632632632317e+01 7.991751037423892035e-01
1.393627327327327237e+01 8.004676051100098055e-01
1.394522022022021801e+01 8.017617184188204904e-01
1.395416716716716721e+01 8.030567377834112452e-01
1.396311411411411285e+01 8.043523619787014134e-01
1.397206106106105850e+01 8.056491569101503769e-01
1.398100800800800769e+01 8.069475087123058055e-01
1.398995495495495334e+01 8.082466553725979885e-01
1.399890190190189898e+01 8.095465157022246894e-01
1.400784884884884818e+01 8.108478763569951786e-01
1.401679579579579382e+01 8.121501545904197261e-01
1.402574274274273947e+01 8.134532032857709760e-01
1.403468968968968866e+01 8.147576129985665272e-01
1.404363663663663431e+01 8.160632830456376885e-01
1.405258358358358350e+01 8.173696124733403900e-01
1.406153053053052915e+01 8.186767753130032022e-01
1.407047747747747479e+01 8.199853629954892975e-01
1.407942442442442399e+01 8.212950577517583728e-01
1.408837137137136963e+01 8.226054965269212760e-01
1.409731831831831528e+01 8.239172885461754081e-01
1.410626526526526447e+01 8.252299842571055866e-01
1.411521221221221012e+01 8.265435324564081032e-01
1.412415915915915576e+01 8.278581581453360316e-01
1.413310610610610496e+01 8.291740882873460672e-01
1.414205305305305060e+01 8.304911381122462855e-01
1.415099999999999980e+01 8.318087563815617091e-01
