5.242817 0.05226502 0.007426427
5.2738023 0.06634386 0.0076965247
5.3047876 0.0673501 0.0068953563
5.335773 0.06028749 0.005984339
5.3667583 0.06179985 0.0061666057
5.3977437 0.06444375 0.0064159227
5.428729 0.055743054 0.005456763
5.4597144 0.053051263 0.004882131
5.4907 0.049499486 0.0045337216
5.521685 0.054258592 0.0043984517
5.5526705 0.06182055 0.0045193005
5.5836563 0.06603002 0.004756274
5.614641 0.06424053 0.004631926
5.6456265 0.072418585 0.004663359
5.676612 0.08206993 0.0046679154
5.7075977 0.092577785 0.0049538487
5.7385826 0.09383234 0.0051268735
5.7695684 0.097215846 0.005549678
5.8005533 0.0948437 0.005794966
5.831539 0.08669515 0.0058900504
5.8625245 0.083436325 0.0061998847
5.89351 0.087335296 0.006473816
5.924495 0.09069284 0.0073368
5.9554806 0.09447449 0.007523673
5.986466 0.09261766 0.007262665
6.0174513 0.100290045 0.0071911328
6.0484366 0.12574537 0.0073830127
6.079422 0.14370887 0.0075192405
6.1104074 0.14911583 0.008075002
6.1413927 0.15457578 0.007159865
6.172378 0.18410593 0.007235296
6.2033634 0.25909296 0.008253603
6.234349 0.40068674 0.009239854
6.265334 0.49147442 0.009998414
6.2963195 0.49105865 0.010090912
6.327305 0.4166871 0.01001546
6.35829 0.34389043 0.009409757
6.3892756 0.28526545 0.008589523
6.420261 0.24724405 0.008185027
6.4512463 0.21628432 0.00791753
6.4822316 0.1935093 0.007801955
6.513217 0.17783135 0.008169588
6.5442023 0.166431 0.008733718
6.5751877 0.1617601 0.009308946
6.606173 0.15272288 0.010756064
6.6371584 0.1593251 0.01112827
6.6681437 0.1663951 0.010101589
6.699129 0.17311306 0.010309036
6.7301145 0.17147343 0.009835806
6.7611 0.17346883 0.009652788
6.792085 0.17778485 0.010008049
6.8230705 0.17851965 0.009952491
6.854056 0.17471287 0.009203639
6.885041 0.17793792 0.00909144
6.916027 0.18000896 0.008675574
6.947012 0.18701413 0.009201145
6.977998 0.20208108 0.009246606
7.0089827 0.20923331 0.009656744
7.0399685 0.2757322 0.010479584
7.070954 0.29062063 0.01082191
7.101939 0.22842976 0.009788392
7.132924 0.2338596 0.010049974
7.16391 0.25355116 0.010241393
7.1948953 0.26527783 0.013033132
7.2258806 0.26360402 0.013811649
7.256866 0.2686691 0.012726258
7.2878513 0.2847078 0.0139537295
7.3188367 0.30725133 0.015055645
7.349822 0.31733757 0.015974462
7.3808074 0.3329501 0.016714217
7.4117928 0.35614347 0.016516611
7.442778 0.3902866 0.016317554
7.4737635 0.4350545 0.016767863
7.504749 0.47248033 0.017547393
7.5337057 0.5020712 0.013018271
7.535734 0.52151793 0.0174787
7.5667195 0.5649069 0.017612766
7.5957994 0.63799953 0.015216902
7.597705 0.6236813 0.018826816
7.6578937 0.73535335 0.01588194
7.719988 0.7596595 0.015235217
7.782082 0.724664 0.014144309
7.8441763 0.71470183 0.013352901
7.9062705 0.6937011 0.012288193
7.9683647 0.63724375 0.010975029
8.030458 0.5491886 0.009634447
8.092554 0.4790152 0.008489914
8.154648 0.41966492 0.007705588
8.216742 0.38053775 0.0073645664
8.278836 0.36237013 0.0068317167
8.34093 0.35401744 0.0066832146
8.403025 0.35818997 0.0065238927
8.465118 0.3570868 0.0062840283
8.527213 0.3709085 0.0064792903
8.589307 0.41022778 0.0070761302
8.6514015 0.436403 0.0072055515
8.713495 0.42047614 0.0071064266
8.77559 0.36502793 0.00664903
8.837685 0.29590875 0.0061923442
8.899778 0.236689 0.005863279
8.961872 0.19171956 0.0057583004
9.023967 0.16605262 0.0056989593
9.0860615 0.15189935 0.005657744
9.148155 0.13584054 0.005494818
9.210249 0.12482025 0.005179218
9.272344 0.12264678 0.0048686503
9.334438 0.116380304 0.0045274026
9.396532 0.11331321 0.00441657
9.458626 0.110768676 0.0042028804
9.5207205 0.10621855 0.003891097
9.582815 0.1039235 0.0037325285
9.644909 0.1041006 0.0035506045
9.707003 0.111129016 0.0035146754
9.769097 0.12941685 0.0038326574
9.831192 0.10658879 0.0034060779
9.893286 0.097908065 0.003266549
9.95538 0.09674491 0.0032143816
10.017474 0.09556703 0.0032631087
10.079569 0.09383975 0.0032359317
10.141663 0.09370897 0.0033436744
10.203757 0.09624915 0.0033853538
10.265851 0.09286454 0.0035733008
10.327946 0.09271041 0.0036909222
10.390039 0.094343826 0.003834235
10.452134 0.09997642 0.00414127
10.514228 0.10473059 0.0044075334
10.576323 0.11661995 0.004774136
10.638416 0.13533539 0.0051698927
10.700511 0.14520848 0.005020614
10.762605 0.14677082 0.004968309
10.824699 0.14920935 0.00480048
10.886793 0.15166384 0.0047993897
10.948888 0.15289187 0.0045817024
11.010982 0.17094031 0.004713412
11.073076 0.21438989 0.0049133804
11.13517 0.2581435 0.005332729
11.197265 0.29480797 0.0053858072
11.259358 0.46196777 0.006409043
11.321453 0.7254462 0.007979877
11.383547 0.76006454 0.008083791
11.4456415 0.62512374 0.007449094
11.507735 0.4991461 0.0068418183
11.56983 0.40868223 0.0065259654
11.631924 0.34894753 0.006300417
11.694018 0.3070338 0.0061497595
11.756112 0.27958056 0.0062944787
11.818207 0.26346585 0.0061266036
11.8803005 0.26090276 0.0062727258
11.942395 0.27353916 0.006736997
12.004489 0.29472634 0.007583173
12.066584 0.31337774 0.007912157
12.128677 0.3174602 0.0078644175
12.190772 0.30807444 0.0075058034
12.252866 0.3006839 0.0072551547
12.3149605 0.2984971 0.0069349995
12.377054 0.32549247 0.006973612
12.439149 0.34805253 0.006815346
12.501243 0.36136144 0.0067050373
12.563337 0.37988788 0.006756412
12.625431 0.40825093 0.0068940623
12.687526 0.43905872 0.006807677
12.7496195 0.4629729 0.0069063
12.811714 0.48910946 0.007004696
12.873808 0.59534407 0.0077275094
12.935903 0.84067506 0.009432273
12.997997 0.58980477 0.008146881
13.060091 0.33766627 0.0065291384
13.122185 0.2917983 0.0063251685
13.184279 0.2821813 0.0066658473
13.246374 0.28163856 0.006866933
13.308468 0.27776244 0.0071677156
13.370562 0.28014803 0.007474538
13.432656 0.27510232 0.007876524
13.494751 0.27474615 0.008056564
13.556845 0.27427673 0.008241911
13.618938 0.27391294 0.007985881
13.681033 0.27448964 0.007752764
13.743128 0.26886111 0.007344528
13.805222 0.25874013 0.007099958
13.867315 0.24646261 0.006716002
13.92941 0.2438409 0.0065944907
13.991505 0.24176253 0.0064188847
14.053598 0.24725929 0.006429814
14.115693 0.24945338 0.0065037617
14.177787 0.2490105 0.0067411447
14.2398815 0.25091213 0.006443711
14.301975 0.25651062 0.0066708485
14.36407 0.25994226 0.00643715
14.426164 0.24850142 0.0063216947
14.488258 0.24443355 0.0062779197
14.550352 0.23263414 0.006298356
14.612446 0.22661975 0.0069328933
14.674541 0.21030736 0.0062950957
14.736635 0.1964958 0.0060464074
