5.242817 0.021442242 0.0014977859
5.2738023 0.024786983 0.0015445915
5.3047876 0.025589328 0.0015443944
5.335773 0.02276661 0.0012941678
5.3667583 0.02415442 0.0013239174
5.3977437 0.024325322 0.0013444059
5.428729 0.022350818 0.0010861072
5.4597144 0.020999676 0.0009976466
5.4907 0.02059011 0.0009538639
5.521685 0.022360563 0.0009367011
5.5526705 0.024436811 0.00097213854
5.5836563 0.027166395 0.0010692901
5.614641 0.025233697 0.0009992744
5.6456265 0.028940128 0.0010885753
5.676612 0.031188283 0.0010350224
5.7075977 0.035079274 0.0011197564
5.7385826 0.03477599 0.0011886028
5.7695684 0.03541425 0.0012597168
5.8005533 0.033978812 0.0013563625
5.831539 0.03045268 0.0012858898
5.8625245 0.028401252 0.0013001253
5.89351 0.030004214 0.0014203201
5.924495 0.031969022 0.0015574037
5.9554806 0.032452293 0.00166892
5.986466 0.03193428 0.0015757417
6.0174513 0.0346421 0.0015928709
6.0484366 0.04184729 0.0016305789
6.079422 0.047165204 0.0017084896
6.1104074 0.048746753 0.0015958208
6.1413927 0.05089809 0.0015456475
6.172378 0.059466362 0.0016506554
6.2033634 0.081729434 0.0018597627
6.234349 0.12699369 0.002125827
6.265334 0.15371683 0.0023001302
6.2963195 0.15399759 0.0023195725
6.327305 0.13000281 0.0023145704
6.35829 0.10876088 0.0020894927
6.3892756 0.09105997 0.0019153019
6.420261 0.07912034 0.0018741974
6.4512463 0.07056521 0.001805064
6.4822316 0.06343725 0.0018094492
6.513217 0.058934413 0.0017914941
6.5442023 0.054658294 0.0019198142
6.5751877 0.05433708 0.002114447
6.606173 0.052478716 0.0021122915
6.6371584 0.054928984 0.0022074583
6.6681437 0.05764906 0.0023576936
6.699129 0.059077628 0.002244095
6.7301145 0.05972531 0.002272802
6.7611 0.059618685 0.0021935175
6.792085 0.06144255 0.0022293993
6.8230705 0.061338875 0.0022119065
6.854056 0.058469772 0.0020146945
6.885041 0.059757914 0.00210622
6.916027 0.060246766 0.001931974
6.947012 0.06392736 0.002022201
6.977998 0.07187474 0.002096412
7.0089827 0.07080342 0.0021616074
7.0399685 0.0921646 0.0024374733
7.070954 0.097736605 0.0025735816
7.101939 0.07837101 0.0022721556
7.132924 0.08027883 0.002284464
7.16391 0.08613156 0.0023502028
7.1948953 0.09125148 0.00256287
7.2258806 0.09077614 0.0026868721
7.256866 0.09162042 0.00301517
7.2878513 0.09813388 0.0032098673
7.3188367 0.104523264 0.0035267929
7.349822 0.10899558 0.0037751477
7.3808074 0.11638903 0.0039402596
7.4117928 0.122421995 0.003896437
7.442778 0.13510275 0.0039454703
7.4737635 0.15031305 0.003957721
7.504749 0.16199943 0.0040969625
7.5337057 0.16899326 0.0031872047
7.535734 0.17752533 0.004133157
7.5667195 0.18982118 0.004235878
7.5957994 0.21625744 0.003723673
7.597705 0.20875287 0.004443224
7.6578937 0.25143257 0.0039714063
7.719988 0.25736943 0.0037305343
7.782082 0.24583557 0.0033949388
7.8441763 0.2431265 0.0032232928
7.9062705 0.23872928 0.0030966597
7.9683647 0.22099082 0.0028056288
8.030458 0.19142947 0.0025192301
8.092554 0.16881078 0.0021790487
8.154648 0.1492679 0.0020126996
8.216742 0.13607533 0.0019411666
8.278836 0.12884046 0.0017540457
8.34093 0.12583981 0.0016733251
8.403025 0.1270308 0.0017115137
8.465118 0.12649673 0.001630235
8.527213 0.1301431 0.0017006329
8.589307 0.1427995 0.0017904653
8.6514015 0.15170164 0.0018413308
8.713495 0.14526427 0.0018183279
8.77559 0.12615079 0.0017079314
8.837685 0.10265353 0.0016177865
8.899778 0.08298908 0.0015057442
8.961872 0.06911889 0.0015859914
9.023967 0.05909009 0.0014603183
9.0860615 0.05435055 0.0014598023
9.148155 0.048616756 0.0013948987
9.210249 0.044303432 0.001306124
9.272344 0.042871136 0.0012120298
9.334438 0.04103704 0.0011564037
9.396532 0.039352164 0.0011265157
9.458626 0.038273755 0.0010652484
9.5207205 0.03716058 0.00097587146
9.582815 0.036889344 0.00095411646
9.644909 0.036649216 0.0008804609
9.707003 0.03908272 0.0008952262
9.769097 0.0462459 0.0009807801
9.831192 0.03698853 0.00085773016
9.893286 0.033667404 0.0008402005
9.95538 0.033745237 0.0008111625
10.017474 0.033060826 0.00079856464
10.079569 0.032542285 0.0008127302
10.141663 0.032932647 0.0008356658
10.203757 0.034352303 0.00087236287
10.265851 0.03292973 0.0009142305
10.327946 0.033162337 0.0009738096
10.390039 0.034096505 0.0010110623
10.452134 0.036086634 0.001065551
10.514228 0.038038895 0.0011899212
10.576323 0.042995866 0.0012383469
10.638416 0.049281746 0.0013806019
10.700511 0.052743144 0.001332796
10.762605 0.053069547 0.0013068226
10.824699 0.05430402 0.0012645806
10.886793 0.055315297 0.00125984
10.948888 0.054882463 0.0012331607
11.010982 0.061106432 0.0013036248
11.073076 0.07686599 0.0013283074
11.13517 0.09242447 0.0014193724
11.197265 0.10591854 0.0014699681
11.259358 0.16784835 0.0017949847
11.321453 0.26286218 0.0022319823
11.383547 0.27729836 0.0022651963
11.4456415 0.2273289 0.0020892643
11.507735 0.18379895 0.0019384112
11.56983 0.15188673 0.0018108514
11.631924 0.13033485 0.0017707614
11.694018 0.11521027 0.0017432597
11.756112 0.10619783 0.00191858
11.818207 0.10054231 0.001700557
11.8803005 0.100233085 0.0017545907
11.942395 0.10617041 0.0018959215
12.004489 0.11477131 0.0020841865
12.066584 0.12320562 0.0022396182
12.128677 0.12580816 0.002248485
12.190772 0.1212898 0.002149081
12.252866 0.11927729 0.0020679703
12.3149605 0.118724175 0.001977321
12.377054 0.12907013 0.0020711352
12.439149 0.13905752 0.0019804225
12.501243 0.14352942 0.0019364156
12.563337 0.15014611 0.0019265538
12.625431 0.16196015 0.0019846077
12.687526 0.1737899 0.0019528664
12.7496195 0.18324302 0.0020095333
12.811714 0.19314368 0.002046572
12.873808 0.2333037 0.0022408455
12.935903 0.32472008 0.002771156
12.997997 0.23333158 0.0023815273
13.060091 0.13981414 0.0019319012
13.122185 0.12310554 0.001905673
13.184279 0.12055917 0.0019837453
13.246374 0.12083741 0.0020303535
13.308468 0.119806744 0.0021445903
13.370562 0.12165608 0.0022596547
13.432656 0.11921759 0.0023770065
13.494751 0.12099376 0.0024605028
13.556845 0.120577335 0.0024560746
13.618938 0.1198284 0.0023712115
13.681033 0.11844337 0.0022745035
13.743128 0.1165191 0.0021802676
13.805222 0.111921586 0.002214302
13.867315 0.10574956 0.0019595616
13.92941 0.10470135 0.0019348058
13.991505 0.104488276 0.0018716772
14.053598 0.10640102 0.0019130107
14.115693 0.1074213 0.0018808158
14.177787 0.10574428 0.0018910954
14.2398815 0.107185826 0.0018686694
14.301975 0.10954905 0.0019658431
14.36407 0.11155074 0.0018763014
14.426164 0.10689481 0.0018733622
14.488258 0.10526394 0.0018465574
14.550352 0.10083269 0.0018835531
14.612446 0.09818122 0.001965627
14.674541 0.093214214 0.001959843
14.736635 0.08761803 0.0018106495
