5.217557035160964141e+00 1.799962054464334480e-05
5.226497862947336870e+00 1.830474768163437168e-05
5.235438690733709599e+00 1.861010605335912816e-05
5.244379518520082328e+00 1.891564101857759529e-05
5.253320346306455058e+00 1.922117736462630668e-05
5.262261174092827787e+00 1.952676693919846787e-05
5.271202001879201404e+00 1.983258115260591982e-05
5.280142829665574133e+00 2.013844008220474702e-05
5.289083657451946863e+00 2.044423706785716236e-05
5.298024485238319592e+00 2.075026189884567160e-05
5.306965313024692321e+00 2.105646031461346588e-05
5.315906140811065050e+00 2.136262154925463712e-05
5.324846968597437780e+00 2.166874143173918850e-05
5.333787796383810509e+00 2.197505605805700568e-05
5.342728624170183238e+00 2.228147626636693311e-05
5.351669451956555967e+00 2.258778345559549612e-05
5.360610279742928697e+00 2.289423147746566214e-05
5.369551107529302314e+00 2.320095748423058504e-05
5.378491935315675043e+00 2.350743674438311799e-05
5.387432763102047772e+00 2.381401599969503743e-05
5.396373590888420502e+00 2.412078152375864119e-05
5.405314418674793231e+00 2.442754437061314695e-05
5.414255246461165960e+00 2.473428527362151543e-05
5.423196074247538689e+00 2.504103176397366666e-05
5.432136902033911419e+00 2.534788034495723095e-05
5.441077729820284148e+00 2.565467154736005042e-05
5.450018557606656877e+00 2.596151593744103572e-05
5.458959385393030495e+00 2.626508114217417358e-05
5.467900213179403224e+00 2.656276468098078857e-05
5.476841040965775953e+00 2.685737287731230645e-05
5.485781868752148682e+00 2.715156149023192193e-05
5.494722696538521411e+00 2.744534002874379105e-05
5.503663524324894141e+00 2.773866308848363125e-05
5.512604352111266870e+00 2.803150163814538331e-05
5.521545179897639599e+00 2.832381155316933169e-05
5.530486007684012328e+00 2.861574659518623039e-05
5.539426835470385058e+00 2.890516191368662952e-05
5.548367663256758675e+00 2.918756182145931311e-05
5.557308491043131404e+00 2.946434326434249558e-05
5.566249318829504134e+00 2.973943134848897521e-05
5.575190146615876863e+00 3.000879423560101825e-05
5.584130974402249592e+00 3.026794889038151172e-05
5.593071802188622321e+00 3.052590479693736845e-05
5.602012629974995050e+00 3.078088342407383029e-05
5.610953457761367780e+00 3.101937901763011571e-05
5.619894285547740509e+00 3.125572380623943650e-05
5.628835113334113238e+00 3.149023935832502211e-05
5.637775941120485967e+00 3.170881394203347171e-05
5.646716768906859585e+00 3.191949317147795679e-05
5.655657596693232314e+00 3.212817632006710936e-05
5.664598424479605043e+00 3.232590655872466149e-05
5.673539252265977773e+00 3.250969706329340865e-05
5.682480080052350502e+00 3.269011997644590635e-05
5.691420907838723231e+00 3.286562633203384941e-05
5.700361735625095960e+00 3.302543981500778074e-05
5.709302563411468689e+00 3.318002740437701675e-05
5.718243391197841419e+00 3.333250662897840574e-05
5.727184218984214148e+00 3.347474255965668578e-05
5.736125046770586877e+00 3.361101105576875495e-05
5.745065874556960495e+00 3.374502233884698211e-05
5.754006702343333224e+00 3.387631527299995277e-05
5.762947530129705953e+00 3.400474649634235630e-05
5.771888357916078682e+00 3.413102221198198482e-05
5.780829185702451412e+00 3.425768801877105259e-05
5.789770013488824141e+00 3.438755841443887675e-05
5.798710841275196870e+00 3.451873315576326948e-05
5.807651669061569599e+00 3.464951027718585506e-05
5.816592496847942328e+00 3.478840614333098875e-05
5.825533324634315058e+00 3.493694471445354911e-05
5.834474152420687787e+00 3.508399985010353871e-05
5.843414980207061404e+00 3.523856643257779360e-05
5.852355807993434134e+00 3.541054921937268005e-05
5.861296635779806863e+00 3.558426376476982867e-05
5.870237463566179592e+00 3.576132207337651212e-05
5.879178291352552321e+00 3.595390344075111025e-05
5.888119119138925051e+00 3.615542987786708322e-05
5.897059946925297780e+00 3.635720132093345268e-05
5.906000774711670509e+00 3.656625846169636276e-05
5.914941602498043238e+00 3.678752935511099309e-05
5.923882430284415967e+00 3.700822743853215502e-05
5.932823258070788697e+00 3.722920163486875329e-05
5.941764085857162314e+00 3.745795914758773970e-05
5.950704913643535043e+00 3.768628187924473612e-05
5.959645741429907773e+00 3.791392063486158641e-05
5.968586569216280502e+00 3.814094956643922956e-05
5.977527397002653231e+00 3.836748609486755106e-05
5.986468224789025960e+00 3.859346499027062040e-05
5.995409052575398690e+00 3.881828406919472817e-05
6.004349880361771419e+00 3.904196786835071974e-05
6.013290708148144148e+00 3.926491678581906322e-05
6.022231535934517765e+00 3.948814982682157524e-05
6.031172363720889606e+00 3.971326006358948942e-05
6.040113191507263224e+00 3.993860413398850481e-05
6.049054019293635953e+00 4.016349955594349504e-05
6.057994847080008682e+00 4.039436339050206295e-05
6.066935674866381412e+00 4.062800440951920225e-05
6.075876502652754141e+00 4.086123830282606086e-05
6.084817330439126870e+00 4.109911056796427669e-05
6.093758158225499599e+00 4.134188985209563059e-05
6.102698986011872329e+00 4.158567859472943584e-05
6.111639813798245058e+00 4.183119102392526784e-05
6.120580641584618675e+00 4.208061375136645815e-05
6.129521469370990516e+00 4.233221096297158653e-05
6.138462297157364134e+00 4.258397806541037517e-05
6.147403124943736863e+00 4.283699493089799132e-05
6.156343952730109592e+00 4.309136939326466549e-05
6.165284780516482321e+00 4.334551596033661572e-05
6.174225608302855051e+00 4.359933800812390494e-05
6.183166436089227780e+00 4.385250427126303146e-05
6.192107263875600509e+00 4.410532201000236767e-05
6.201048091661973238e+00 4.435791085015102967e-05
6.209988919448345968e+00 4.460996900586560490e-05
6.218929747234719585e+00 4.486157672282343133e-05
6.227870575021091426e+00 4.511316192129806554e-05
6.236811402807465043e+00 4.536689530840365994e-05
6.245752230593837773e+00 4.562328987301156699e-05
6.254693058380210502e+00 4.587927120717175702e-05
6.263633886166583231e+00 4.613726925814001079e-05
6.272574713952955960e+00 4.640737949392396787e-05
6.281515541739328690e+00 4.667722140915430329e-05
6.290456369525701419e+00 4.694680181284148512e-05
6.299397197312074148e+00 4.723477106460354625e-05
6.308338025098446877e+00 4.752637177665804851e-05
6.317278852884820495e+00 4.781816999919272367e-05
6.326219680671192336e+00 4.812364685175413983e-05
6.335160508457565953e+00 4.843979691625996647e-05
6.344101336243938682e+00 4.875814281876464379e-05
6.353042164030311412e+00 4.908350201355152160e-05
6.361982991816684141e+00 4.942290419341363941e-05
6.370923819603056870e+00 4.976751924321107679e-05
6.379864647389429599e+00 5.011410524830425481e-05
6.388805475175802329e+00 5.047419458172543887e-05
6.397746302962175946e+00 5.084247532590978200e-05
6.406687130748547787e+00 5.121128599767177457e-05
6.415627958534921405e+00 5.158894138565469262e-05
6.424568786321294134e+00 5.197610987158148325e-05
6.433509614107666863e+00 5.236540887852115346e-05
6.442450441894039592e+00 5.275941306670945259e-05
6.451391269680412321e+00 5.316199576382962919e-05
6.460332097466785051e+00 5.356911514241821171e-05
6.469272925253157780e+00 5.397822046504002671e-05
6.478213753039530509e+00 5.439382769193405352e-05
6.487154580825903238e+00 5.481636319547485983e-05
6.496095408612276856e+00 5.523894181893123615e-05
6.505036236398648697e+00 5.566375914370523992e-05
6.513977064185022314e+00 5.609544928861947589e-05
6.522917891971395044e+00 5.652623656376939466e-05
6.531858719757767773e+00 5.695588247746138509e-05
6.540799547544140502e+00 5.738513075560092706e-05
6.549740375330513231e+00 5.781222958658107112e-05
6.558681203116885960e+00 5.823591059490154561e-05
6.567622030903258690e+00 5.865153112262414383e-05
6.576562858689631419e+00 5.905867144199534259e-05
6.585503686476004148e+00 5.945979788290376388e-05
6.594444514262377766e+00 5.984921449531896984e-05
6.603385342048749607e+00 6.021755822170071906e-05
6.612326169835123224e+00 6.057546936309378985e-05
6.621266997621495953e+00 6.092213514892833444e-05
6.630207825407868683e+00 6.123001161989759808e-05
6.639148653194241412e+00 6.151867312097198228e-05
6.648089480980614141e+00 6.179026509560185882e-05
6.657030308766986870e+00 6.201541719838633338e-05
6.665971136553359599e+00 6.220157135326893276e-05
6.674911964339732329e+00 6.236044876392721572e-05
6.683852792126105058e+00 6.247129272520707580e-05
6.692793619912478675e+00 6.252021183185410493e-05
6.701734447698850516e+00 6.252528424084689872e-05
6.710675275485224134e+00 6.248650082112272997e-05
6.719616103271596863e+00 6.237048885280207079e-05
6.728556931057969592e+00 6.219080840610999685e-05
6.737497758844342322e+00 6.197266027622908675e-05
6.746438586630715051e+00 6.170366234981124393e-05
6.755379414417087780e+00 6.138363841175177235e-05
6.764320242203460509e+00 6.102797190589041377e-05
6.773261069989833238e+00 6.064639012398671288e-05
6.782201897776205968e+00 6.024978358507388035e-05
6.791142725562579585e+00 5.984241414100581848e-05
6.800083553348951426e+00 5.943374498836103846e-05
6.809024381135325044e+00 5.903832801806464131e-05
6.817965208921697773e+00 5.867594519458420489e-05
6.826906036708070502e+00 5.837116307353668309e-05
6.835846864494443231e+00 5.814602993817441875e-05
6.844787692280815961e+00 5.802097469067092389e-05
6.853728520067188690e+00 5.801342905157227378e-05
6.862669347853561419e+00 5.813564213766205218e-05
6.871610175639934148e+00 5.839329737123845451e-05
6.880551003426306877e+00 5.878452854908913105e-05
6.889491831212680495e+00 5.930044696342251612e-05
6.898432658999052336e+00 5.992774881201425063e-05
6.907373486785425953e+00 6.064608088227823950e-05
6.916314314571798683e+00 6.143284649162323338e-05
6.925255142358171412e+00 6.226686815768508077e-05
6.934195970144544141e+00 6.312847468058437235e-05
6.943136797930916870e+00 6.399993532439194764e-05
6.952077625717289600e+00 6.486672909381707057e-05
6.961018453503662329e+00 6.571771017541154145e-05
6.969959281290035946e+00 6.654423344934642069e-05
6.978900109076407787e+00 6.733983517069711293e-05
6.987840936862781405e+00 6.810051613801661912e-05
6.996781764649154134e+00 6.882387765809362277e-05
7.005722592435526863e+00 6.950871524216540687e-05
7.014663420221899592e+00 7.015458065237400792e-05
7.023604248008272322e+00 7.076185929458299415e-05
7.032545075794645051e+00 7.133114595461948274e-05
7.041485903581017780e+00 7.186256688172385149e-05
7.050426731367390509e+00 7.235725380324735173e-05
7.059367559153763239e+00 7.281597981520992417e-05
7.068308386940136856e+00 7.323902242170192726e-05
7.077249214726508697e+00 7.362653020224689635e-05
7.086190042512882314e+00 7.397835860112989903e-05
7.095130870299255044e+00 7.429412001422291522e-05
7.104071698085627773e+00 7.457316207865730454e-05
7.113012525872000502e+00 7.481438833467445428e-05
7.121953353658373231e+00 7.501674854394106630e-05
7.130894181444745961e+00 7.517865056288701279e-05
7.139835009231118690e+00 7.529790787503721377e-05
7.148775837017491419e+00 7.537378534000610509e-05
7.157716664803864148e+00 7.540541959949754991e-05
7.166657492590237766e+00 7.539259974881449416e-05
7.175598320376609607e+00 7.533695011816324803e-05
7.184539148162983224e+00 7.524250558559545255e-05
7.193479975949355953e+00 7.511649740675309188e-05
7.202420803735728683e+00 7.497040860551004542e-05
7.211361631522101412e+00 7.482124971585284818e-05
7.220302459308474141e+00 7.469196975296424400e-05
7.229243287094846870e+00 7.460836562099347035e-05
7.238184114881219600e+00 7.459748636925044756e-05
7.247124942667593217e+00 7.468492473122353926e-05
7.256065770453965058e+00 7.488907234754361292e-05
7.265006598240338676e+00 7.521834568476095111e-05
7.273947426026710517e+00 7.566993099254813292e-05
7.282888253813084134e+00 7.623027062806063132e-05
7.291829081599456863e+00 7.687808560866188801e-05
7.300769909385829592e+00 7.758874670945977076e-05
7.309710737172202322e+00 7.833769139578988263e-05
7.318651564958575051e+00 7.910268280260421400e-05
7.327592392744947780e+00 7.986564260118535251e-05
7.336533220531320509e+00 8.061292934174163060e-05
7.345474048317694127e+00 8.133628081311441527e-05
7.354414876104065968e+00 8.203023199912296882e-05
7.363355703890439585e+00 8.269201686029237816e-05
7.372296531676811426e+00 8.332144093323816110e-05
7.381237359463185044e+00 8.391885870318584694e-05
7.390178187249557773e+00 8.448551803162084311e-05
7.399119015035930502e+00 8.502404869056418544e-05
7.408059842822303231e+00 8.553673545989827975e-05
7.417000670608675961e+00 8.602564872416281188e-05
7.425941498395048690e+00 8.649292195702630527e-05
7.434882326181421419e+00 8.694018464625632428e-05
7.443823153967795037e+00 8.736999279157168640e-05
7.452763981754166878e+00 8.778385606218489456e-05
7.461704809540540495e+00 8.818345150295211067e-05
7.470645637326912336e+00 8.857036780400369858e-05
7.479586465113285954e+00 8.894521363955728091e-05
7.488527292899658683e+00 8.930919090637845536e-05
7.497468120686031412e+00 8.966101926176193873e-05
7.506408948472404141e+00 9.000050018391069374e-05
7.515349776258776870e+00 9.033094111789024031e-05
7.524290604045149600e+00 9.065390106587370379e-05
7.533231431831522329e+00 9.096836385981414599e-05
7.542172259617895946e+00 9.127591504658780046e-05
7.551113087404267787e+00 9.157751580245776014e-05
7.560053915190641405e+00 9.187223043049341602e-05
7.568994742977013246e+00 9.216172611019725174e-05
7.577935570763386863e+00 9.244516334286415049e-05
7.586876398549759593e+00 9.272264128019196432e-05
7.595817226336132322e+00 9.299553623358074585e-05
7.604758054122505051e+00 9.326409345173179287e-05
7.613698881908877780e+00 9.352601514989464313e-05
7.622639709695250509e+00 9.378480913980933545e-05
7.631580537481623239e+00 9.403733359890161674e-05
7.640521365267996856e+00 9.428502143991888734e-05
7.649462193054368697e+00 9.452948160314114494e-05
7.658403020840742315e+00 9.476831826454389476e-05
7.667343848627114156e+00 9.500252931458753164e-05
7.676284676413487773e+00 9.523243353379049034e-05
7.685225504199860502e+00 9.545669116922511340e-05
7.694166331986233232e+00 9.567663186994849144e-05
7.703107159772605961e+00 9.589425026078738127e-05
7.712047987558978690e+00 9.610253204526936861e-05
7.720988815345351419e+00 9.630888741645542389e-05
7.729929643131724148e+00 9.650884369420284438e-05
7.738870470918097766e+00 9.670320673364985126e-05
7.747811298704469607e+00 9.689429942243041024e-05
7.756752126490843224e+00 9.707985766527488377e-05
7.765692954277215065e+00 9.725816147295193541e-05
7.774633782063588683e+00 9.743281835189288129e-05
7.783574609849961412e+00 9.760055201209963253e-05
7.792515437636334141e+00 9.776200206804871160e-05
7.801456265422706871e+00 9.792146186454080744e-05
7.810397093209079600e+00 9.806991548246212192e-05
7.819337920995453217e+00 9.821465420044185721e-05
7.828278748781825058e+00 9.835263146864391809e-05
7.837219576568198676e+00 9.848340514129504998e-05
7.846160404354570517e+00 9.860944319761210471e-05
7.855101232140944134e+00 9.873076962045824947e-05
7.864042059927316863e+00 9.883994593853847070e-05
7.872982887713689593e+00 9.894668426779043059e-05
7.881923715500062322e+00 9.904386124243485178e-05
7.890864543286435051e+00 9.913318786516292101e-05
7.899805371072807780e+00 9.922027414994395928e-05
7.908746198859180510e+00 9.929571550273686960e-05
7.917687026645554127e+00 9.936397370515623524e-05
7.926627854431925968e+00 9.942600177267290316e-05
7.935568682218299585e+00 9.947924842516414840e-05
7.944509510004671426e+00 9.952549841282863456e-05
7.953450337791045044e+00 9.956976795578026125e-05
7.962391165577417773e+00 9.959581196237035693e-05
7.971331993363790502e+00 9.962949580207091217e-05
7.980272821150163232e+00 9.965821103069983245e-05
7.989213648936535961e+00 9.967758833955757489e-05
7.998154476722908690e+00 9.969337241045702811e-05
8.007095304509281419e+00 9.969947283859042066e-05
8.016036132295655037e+00 9.969068085929833273e-05
8.024976960082026878e+00 9.966497505020099359e-05
8.033917787868400495e+00 9.963015596289398696e-05
8.042858615654772336e+00 9.958582816323769706e-05
8.051799443441145954e+00 9.954088060083142984e-05
8.060740271227519571e+00 9.947802941789568967e-05
8.069681099013891412e+00 9.941216025411987300e-05
8.078621926800263253e+00 9.933956808664587250e-05
8.087562754586636871e+00 9.925758753866900457e-05
8.096503582373010488e+00 9.917037831956727054e-05
8.105444410159382329e+00 9.907715616326161646e-05
8.114385237945755946e+00 9.896983450204696695e-05
8.123326065732127788e+00 9.886121787245662207e-05
8.132266893518501405e+00 9.874375235226192434e-05
8.141207721304873246e+00 9.861620890930162034e-05
8.150148549091246863e+00 9.848812131329148052e-05
8.159089376877620481e+00 9.834636806502490666e-05
8.168030204663992322e+00 9.819364161148616283e-05
8.176971032450364163e+00 9.803500300498782527e-05
8.185911860236737780e+00 9.786795497428059235e-05
8.194852688023111398e+00 9.769453282260995709e-05
8.203793515809483239e+00 9.751958592010584893e-05
8.212734343595856856e+00 9.732103274542883088e-05
8.221675171382228697e+00 9.710375859555806942e-05
8.230615999168602315e+00 9.687966745363517276e-05
8.239556826954974156e+00 9.664711837466336821e-05
8.248497654741347773e+00 9.641324793507766058e-05
8.257438482527721391e+00 9.617066097330050230e-05
8.266379310314093232e+00 9.592034120362534760e-05
8.275320138100465073e+00 9.566825709028321833e-05
8.284260965886838690e+00 9.540964186387152271e-05
8.293201793673212308e+00 9.514375522848767853e-05
8.302142621459584149e+00 9.487979406879499557e-05
8.311083449245957766e+00 9.460016606517480410e-05
8.320024277032329607e+00 9.432057963621359774e-05
8.328965104818703225e+00 9.403703697265834119e-05
8.337905932605075066e+00 9.374661157762238664e-05
8.346846760391448683e+00 9.345400164329376730e-05
8.355787588177822300e+00 9.315739477037024538e-05
8.364728415964194141e+00 9.284765753287421860e-05
8.373669243750565983e+00 9.253748088494630957e-05
8.382610071536939600e+00 9.222286242143165819e-05
8.391550899323313217e+00 9.190006872441885358e-05
8.400491727109685058e+00 9.158031821889196583e-05
8.409432554896058676e+00 9.123920829829515531e-05
8.418373382682430517e+00 9.087596079258974794e-05
8.427314210468804134e+00 9.051140968250469168e-05
8.436255038255175975e+00 9.014183057282906331e-05
8.445195866041549593e+00 8.976937300757960412e-05
8.454136693827923210e+00 8.939766185506126063e-05
8.463077521614295051e+00 8.901522627764072262e-05
8.472018349400666892e+00 8.863518063465943247e-05
8.480959177187040510e+00 8.825200636977599848e-05
8.489900004973414127e+00 8.786305221769302851e-05
8.498840832759785968e+00 8.747671888374337359e-05
8.507781660546159586e+00 8.708436656448461245e-05
8.516722488332531427e+00 8.668889918591681334e-05
8.525663316118905044e+00 8.629458964266272360e-05
8.534604143905276885e+00 8.589734841034511097e-05
8.543544971691650503e+00 8.549641203707393044e-05
8.552485799478024120e+00 8.510085916099189803e-05
8.561426627264395961e+00 8.469243061462251355e-05
8.570367455050767802e+00 8.428764550765481664e-05
8.579308282837141419e+00 8.388280235759354062e-05
8.588249110623515037e+00 8.347429516687128535e-05
8.597189938409886878e+00 8.306773124488628054e-05
8.606130766196260495e+00 8.265326665671272530e-05
8.615071593982632336e+00 8.222436473037225127e-05
8.624012421769005954e+00 8.179900948059062285e-05
8.632953249555377795e+00 8.137373292685894230e-05
8.641894077341751412e+00 8.094467525515747013e-05
8.650834905128125030e+00 8.052252019179313659e-05
8.659775732914496871e+00 8.009418372213174210e-05
8.668716560700868712e+00 7.966886689645671579e-05
8.677657388487242329e+00 7.924643619437912571e-05
8.686598216273615947e+00 7.882350379740250520e-05
8.695539044059987788e+00 7.840233963223382132e-05
8.704479871846361405e+00 7.798524284374521419e-05
8.713420699632733246e+00 7.756510869493030136e-05
8.722361527419106864e+00 7.715034949642713812e-05
8.731302355205478705e+00 7.673808755346137099e-05
8.740243182991852322e+00 7.632498791107942215e-05
8.749184010778225939e+00 7.591864907435048795e-05
8.758124838564597781e+00 7.551215462149677695e-05
8.767065666350969622e+00 7.510863792385337630e-05
8.776006494137343239e+00 7.471030527224040987e-05
8.784947321923716856e+00 7.431463416120841637e-05
8.793888149710088697e+00 7.392131769187996364e-05
8.802828977496462315e+00 7.352935459346760557e-05
8.811769805282834156e+00 7.312895306880015840e-05
8.820710633069207773e+00 7.273494854255724241e-05
8.829651460855579614e+00 7.234621513220369250e-05
8.838592288641953232e+00 7.196015281401283619e-05
8.847533116428326849e+00 7.158028743231346729e-05
8.856473944214698690e+00 7.120444374980008006e-05
8.865414772001070531e+00 7.083244763366665386e-05
8.874355599787444149e+00 7.046687881499760656e-05
8.883296427573817766e+00 7.010647825291430415e-05
8.892237255360189607e+00 6.974969054739992784e-05
8.901178083146563225e+00 6.940080826079332978e-05
8.910118910932935066e+00 6.905471371593633354e-05
8.919059738719308683e+00 6.871495168954312326e-05
8.928000566505680524e+00 6.838157056140117980e-05
8.936941394292054142e+00 6.805314198742322320e-05
8.945882222078427759e+00 6.773039938165821463e-05
8.954823049864799600e+00 6.741399774032770791e-05
8.963763877651173217e+00 6.710251966903708659e-05
8.972704705437545059e+00 6.679716328952991892e-05
8.981645533223918676e+00 6.649801041952131057e-05
8.990586361010290517e+00 6.620380690767353456e-05
8.999527188796664134e+00 6.591030284701983885e-05
9.008468016583037752e+00 6.561639907489021616e-05
9.017408844369409593e+00 6.532842564253159192e-05
9.026349672155781434e+00 6.504659584791366628e-05
9.035290499942155051e+00 6.477040102930952379e-05
9.044231327728528669e+00 6.449974371587277469e-05
9.053172155514900510e+00 6.423387794018935854e-05
9.062112983301274127e+00 6.397343700412810755e-05
9.071053811087645968e+00 6.371854451439799643e-05
9.079994638874019586e+00 6.346935898896482802e-05
9.088935466660391427e+00 6.322572940707123354e-05
9.097876294446765044e+00 6.298732863822213007e-05
9.106817122233138662e+00 6.275431348094939906e-05
9.115757950019510503e+00 6.252672103507165972e-05
9.124698777805882344e+00 6.230421640019652766e-05
9.133639605592255961e+00 6.208660971244978717e-05
9.142580433378629579e+00 6.187437008221134715e-05
9.151521261165001420e+00 6.166664144131070013e-05
9.160462088951375037e+00 6.146419725568249767e-05
9.169402916737746878e+00 6.126624481254724767e-05
9.178343744524120495e+00 6.107286722185265276e-05
9.187284572310492337e+00 6.088434613867422325e-05
9.196225400096865954e+00 6.071120098597826924e-05
9.205166227883239571e+00 6.055107144253066010e-05
9.214107055669611412e+00 6.039562487207530750e-05
9.223047883455983253e+00 6.024371384692938844e-05
9.231988711242356871e+00 6.009558102325907318e-05
9.240929539028730488e+00 5.995263924478749979e-05
9.249870366815102329e+00 5.981653134943868929e-05
9.258811194601474170e+00 5.968468734765655431e-05
9.267752022387847788e+00 5.955637687141111678e-05
9.276692850174221405e+00 5.943127267452998964e-05
9.285633677960593246e+00 5.930975284736958653e-05
9.294574505746966864e+00 5.919162818879452394e-05
9.303515333533340481e+00 5.907628504653731266e-05
9.312456161319712322e+00 5.896477924387773044e-05
9.321396989106084163e+00 5.885587611506937954e-05
9.330337816892457781e+00 5.874966704652328532e-05
9.339278644678831398e+00 5.864724632199355318e-05
9.348219472465203239e+00 5.854683625876232282e-05
9.357160300251575080e+00 5.844939287289560879e-05
9.366101128037950474e+00 5.835484920142898149e-05
9.375041955824322315e+00 5.826252329559569059e-05
9.383982783610694156e+00 5.817250089854467229e-05
9.392923611397067774e+00 5.810054020439075768e-05
9.401864439183441391e+00 5.803918660567304339e-05
9.410805266969813232e+00 5.798099801694272626e-05
9.419746094756185073e+00 5.792466363795520720e-05
9.428686922542558690e+00 5.787007259225571311e-05
9.437627750328932308e+00 5.781928480769259020e-05
9.446568578115304149e+00 5.777727773518280595e-05
9.455509405901675990e+00 5.773714590722254906e-05
9.464450233688051384e+00 5.769937871199643236e-05
9.473391061474423225e+00 5.766293433962767169e-05
9.482331889260795066e+00 5.762793203223114032e-05
9.491272717047168683e+00 5.759577460328410282e-05
9.500213544833542301e+00 5.756420088697161480e-05
9.509154372619914142e+00 5.753493543278141427e-05
9.518095200406285983e+00 5.750716500787938660e-05
9.527036028192659600e+00 5.748052889538281056e-05
9.535976855979033218e+00 5.745570186541266999e-05
9.544917683765405059e+00 5.743236896447014364e-05
9.553858511551776900e+00 5.741004503942533554e-05
9.562799339338152294e+00 5.738966477134863433e-05
9.571740167124524135e+00 5.737028393292577651e-05
9.580680994910895976e+00 5.735176506565363853e-05
9.589621822697269593e+00 5.735278014597506565e-05
9.598562650483643210e+00 5.736241212239369711e-05
9.607503478270015052e+00 5.737354777420045749e-05
9.616444306056386893e+00 5.738603556325569838e-05
9.625385133842760510e+00 5.739930367538360363e-05
9.634325961629134127e+00 5.741607384191554708e-05
9.643266789415505968e+00 5.744490109795321995e-05
9.652207617201877810e+00 5.747403913591271016e-05
9.661148444988253203e+00 5.750490634978475807e-05
9.670089272774625044e+00 5.753671024222230013e-05
9.679030100560996885e+00 5.756903145227871947e-05
9.687970928347370503e+00 5.759789937716884686e-05
9.696911756133744120e+00 5.762510630937450274e-05
9.705852583920115961e+00 5.765324819766311069e-05
9.714793411706487802e+00 5.768267290654756168e-05
9.723734239492861420e+00 5.771262032101898354e-05
9.732675067279235037e+00 5.774848794345639519e-05
9.741615895065606878e+00 5.780530198813793965e-05
9.750556722851980496e+00 5.786206501009594878e-05
9.759497550638354113e+00 5.792033518700294420e-05
9.768438378424725954e+00 5.797945904140998114e-05
9.777379206211097795e+00 5.803901020214050820e-05
9.786320033997471413e+00 5.811606809464346684e-05
9.795260861783845030e+00 5.820003582403226989e-05
9.804201689570216871e+00 5.828459586553569820e-05
9.813142517356588712e+00 5.837037520097657566e-05
9.822083345142962330e+00 5.845687317785461023e-05
9.831024172929335947e+00 5.854432555148840299e-05
9.839965000715707788e+00 5.863564527942934687e-05
9.848905828502081405e+00 5.872701556470547810e-05
9.857846656288455023e+00 5.881949977967250182e-05
9.866787484074826864e+00 5.891294634474945229e-05
9.875728311861198705e+00 5.900687512132214593e-05
9.884669139647572322e+00 5.910167130191234201e-05
9.893609967433945940e+00 5.919772177245259903e-05
9.902550795220317781e+00 5.929402777736177582e-05
9.911491623006689622e+00 5.939149365026151137e-05
9.920432450793063239e+00 5.948980177734221065e-05
9.929373278579436857e+00 5.958842033423369353e-05
9.938314106365808698e+00 5.968850745530768215e-05
9.947254934152182315e+00 5.978899630084072783e-05
9.956195761938555933e+00 5.989028592359048586e-05
9.965136589724927774e+00 5.999253514375755197e-05
9.974077417511299615e+00 6.009525872576332713e-05
9.983018245297673232e+00 6.021353672167931544e-05
9.991959073084046850e+00 6.033731337257296250e-05
1.000089990087041869e+01 6.046123479851839261e-05
1.000984072865679053e+01 6.058635823486376921e-05
1.001878155644316415e+01 6.071234635240153616e-05
1.002772238422953777e+01 6.084431798454187107e-05
1.003666321201590961e+01 6.099026753179191012e-05
1.004560403980228322e+01 6.113712009915595622e-05
1.005454486758865684e+01 6.128470263969053550e-05
1.006348569537502868e+01 6.143324228460959055e-05
1.007242652316140052e+01 6.158260539588044746e-05
1.008136735094777414e+01 6.173252334538265312e-05
1.009030817873414776e+01 6.188392783005908400e-05
1.009924900652051960e+01 6.203571572624556180e-05
1.010818983430689144e+01 6.218848245106628806e-05
1.011713066209326506e+01 6.234217545473978771e-05
1.012607148987963868e+01 6.249645389856641668e-05
1.013501231766601052e+01 6.265157898289699283e-05
1.014395314545238413e+01 6.280776306353007049e-05
1.015289397323875775e+01 6.296449877781301282e-05
1.016183480102512959e+01 6.312208268445086235e-05
1.017077562881150143e+01 6.328054358707860619e-05
1.017971645659787505e+01 6.343360252115227494e-05
1.018865728438424867e+01 6.358655550621672068e-05
1.019759811217062051e+01 6.374006382055903610e-05
1.020653893995699235e+01 6.389434985821684147e-05
1.021547976774336597e+01 6.404938970906747572e-05
1.022442059552973959e+01 6.420160369797355991e-05
1.023336142331611143e+01 6.434847757062348353e-05
1.024230225110248504e+01 6.449616557897556632e-05
1.025124307888885866e+01 6.464428281659115013e-05
1.026018390667523050e+01 6.479305386090762424e-05
1.026912473446160234e+01 6.494251591009456853e-05
1.027806556224797596e+01 6.509248755967922732e-05
1.028700639003434958e+01 6.524300001149016992e-05
1.029594721782072142e+01 6.539413089817515672e-05
1.030488804560709326e+01 6.554589271573477345e-05
1.031382887339346688e+01 6.569810040995385022e-05
1.032276970117984050e+01 6.585084987928282259e-05
1.033171052896621234e+01 6.600421254098871534e-05
1.034065135675258595e+01 6.615803075819227052e-05
1.034959218453895957e+01 6.631235174897620339e-05
1.035853301232533141e+01 6.646718485297878896e-05
1.036747384011170325e+01 6.662258880683381585e-05
1.037641466789807687e+01 6.677953664448340026e-05
1.038535549568445049e+01 6.693698726303045309e-05
1.039429632347082233e+01 6.709504739733882796e-05
1.040323715125719417e+01 6.725359878754663364e-05
1.041217797904356779e+01 6.741251489142990514e-05
1.042111880682994141e+01 6.757286723395203266e-05
1.043005963461631325e+01 6.773515487523453220e-05
1.043900046240268686e+01 6.789765470623336378e-05
1.044794129018906048e+01 6.806070617674879995e-05
1.045688211797543232e+01 6.822430345287520297e-05
1.046582294576180416e+01 6.838836619190107166e-05
1.047476377354817778e+01 6.855282432106574240e-05
1.048370460133455140e+01 6.871782771501028751e-05
1.049264542912092324e+01 6.888327062025756463e-05
1.050158625690729508e+01 6.904924757798394782e-05
1.051052708469367047e+01 6.921566242572535065e-05
1.051946791248004232e+01 6.938259689089186380e-05
1.052840874026641416e+01 6.955018098138396917e-05
1.053734956805278777e+01 6.971807994232002883e-05
1.054629039583916139e+01 6.988655495082185618e-05
1.055523122362553323e+01 7.005580624530225679e-05
1.056417205141190507e+01 7.022549110250753677e-05
1.057311287919827869e+01 7.039281673309822544e-05
1.058205370698465231e+01 7.056079137322027975e-05
1.059099453477102415e+01 7.072936801750087969e-05
1.059993536255739599e+01 7.089852121287544247e-05
1.060887619034377138e+01 7.106842618207330638e-05
1.061781701813014323e+01 7.123541260545006900e-05
1.062675784591651507e+01 7.139878579539873070e-05
1.063569867370288868e+01 7.156293272990290678e-05
1.064463950148926230e+01 7.172802284210806243e-05
1.065358032927563414e+01 7.189387986139980050e-05
1.066252115706200598e+01 7.206059369843062544e-05
1.067146198484837960e+01 7.222824083822369974e-05
1.068040281263475322e+01 7.239664645853556330e-05
1.068934364042112506e+01 7.256659672961532901e-05
1.069828446820749690e+01 7.273723714043409854e-05
1.070722529599387229e+01 7.290908613795625407e-05
1.071616612378024413e+01 7.308231041965893373e-05
1.072510695156661598e+01 7.325639521849628072e-05
1.073404777935298959e+01 7.343183912580662277e-05
1.074298860713936321e+01 7.360913455190853450e-05
1.075192943492573505e+01 7.378737095487631703e-05
1.076087026271210689e+01 7.396708431535960388e-05
1.076981109049848051e+01 7.414566441241208052e-05
1.077875191828485413e+01 7.432521774421064641e-05
1.078769274607122597e+01 7.450725166155388387e-05
1.079663357385759781e+01 7.469063050688677717e-05
1.080557440164397320e+01 7.487585939921905605e-05
1.081451522943034504e+01 7.505659921988124168e-05
1.082345605721671689e+01 7.523314409157473440e-05
1.083239688500309050e+01 7.541141124756013529e-05
1.084133771278946412e+01 7.559280465843899136e-05
1.085027854057583596e+01 7.577534491640426097e-05
1.085921936836220780e+01 7.596033978419066334e-05
1.086816019614858142e+01 7.614805817600141388e-05
1.087710102393495504e+01 7.633720002282952833e-05
1.088604185172132688e+01 7.652946916469423506e-05
1.089498267950770050e+01 7.672431656078895431e-05
1.090392350729407411e+01 7.692131521465383516e-05
1.091286433508044595e+01 7.712106137240196135e-05
1.092180516286681780e+01 7.732360724737925731e-05
1.093074599065319141e+01 7.752792906097198569e-05
1.093968681843956503e+01 7.773698248959073085e-05
1.094862764622593687e+01 7.794779108156564215e-05
1.095756847401230871e+01 7.816179320388264831e-05
1.096650930179868233e+01 7.838311353469294349e-05
1.097545012958505595e+01 7.860674014282475433e-05
1.098439095737142779e+01 7.883367571492227088e-05
1.099333178515780141e+01 7.906463603995406337e-05
1.100227261294417502e+01 7.929809989435413983e-05
1.101121344073054686e+01 7.955136608734253998e-05
1.102015426851691871e+01 7.982057849503174920e-05
1.102909509630329232e+01 8.009226048263440919e-05
1.103803592408966594e+01 8.036891349327395786e-05
1.104697675187603778e+01 8.064859840195486387e-05
1.105591757966240962e+01 8.093183383062230749e-05
1.106485840744878324e+01 8.121908317669641571e-05
1.107379923523515686e+01 8.150980052710629588e-05
1.108274006302152870e+01 8.180403001861495866e-05
1.109168089080790232e+01 8.210288013675223762e-05
1.110062171859427593e+01 8.240493346502010346e-05
1.110956254638064777e+01 8.271068384193017099e-05
1.111850337416701962e+01 8.302073453087961664e-05
1.112744420195339323e+01 8.333417857310226743e-05
1.113638502973976685e+01 8.365164063562786890e-05
1.114532585752613869e+01 8.397283091853693991e-05
1.115426668531251053e+01 8.429782519189588975e-05
1.116320751309888415e+01 8.462598417888950490e-05
1.117214834088525777e+01 8.495784903286764545e-05
1.118108916867162961e+01 8.529344930709811692e-05
1.119002999645800323e+01 8.563282909696933853e-05
1.119897082424437684e+01 8.597580930892139534e-05
1.120791165203074868e+01 8.631434752682044570e-05
1.121685247981712052e+01 8.665199313458706802e-05
1.122579330760349414e+01 8.699329009721920808e-05
1.123473413538986776e+01 8.733761972818107958e-05
1.124367496317623960e+01 8.768529363719109848e-05
1.125261579096261144e+01 8.803659502433833607e-05
1.126155661874898506e+01 8.839093367507254461e-05
1.127049744653535868e+01 8.874808905986703662e-05
1.127943827432173052e+01 8.910938362823269993e-05
1.128837910210810414e+01 8.947237087610181562e-05
1.129731992989447775e+01 8.983883564229420146e-05
1.130626075768084959e+01 9.020842323088503162e-05
1.131520158546722143e+01 9.058060792501706560e-05
1.132414241325359505e+01 9.095583323570077274e-05
1.133308324103996867e+01 9.133386425801625578e-05
1.134202406882634051e+01 9.171375316662574041e-05
1.135096489661271235e+01 9.209717423545684171e-05
1.135990572439908597e+01 9.248315436589403852e-05
1.136884655218545959e+01 9.287021245970070822e-05
1.137778737997183143e+01 9.326176544869645211e-05
1.138672820775820504e+01 9.365397316303781747e-05
1.139566903554457866e+01 9.404865985203309875e-05
1.140460986333095050e+01 9.444656572545101936e-05
1.141355069111732234e+01 9.484621872527041874e-05
1.142249151890369596e+01 9.524775929546304323e-05
1.143143234669006958e+01 9.565271650723421192e-05
1.144037317447644142e+01 9.605792714130716029e-05
1.144931400226281326e+01 9.646636363511309044e-05
1.145825483004918688e+01 9.687702449262291019e-05
1.146719565783556050e+01 9.728854974344559783e-05
1.147613648562193234e+01 9.770369092394892295e-05
1.148507731340830595e+01 9.811990505350748045e-05
1.149401814119467957e+01 9.853778326159767971e-05
1.150295896898105141e+01 9.895874998445851258e-05
1.151189979676742325e+01 9.938163280403877276e-05
1.152084062455379687e+01 9.980547937444015142e-05
1.152978145234017049e+01 1.002335350657293544e-04
1.153872228012654233e+01 1.006612647732557739e-04
1.154766310791291417e+01 1.010919790972700954e-04
1.155660393569928779e+01 1.015252311583864602e-04
1.156554476348566141e+01 1.019602514631716081e-04
1.157448559127203325e+01 1.023978984017925100e-04
1.158342641905840686e+01 1.028377674869547043e-04
1.159236724684478048e+01 1.032792909304661990e-04
1.160130807463115232e+01 1.037173689343281525e-04
1.161024890241752416e+01 1.041557943193354395e-04
1.161918973020389778e+01 1.045951947967379279e-04
1.162813055799027140e+01 1.050389040202190686e-04
1.163707138577664324e+01 1.054838923081833491e-04
1.164601221356301508e+01 1.059312928972410198e-04
1.165495304134939047e+01 1.063812768590336475e-04
1.166389386913576232e+01 1.068337890023892328e-04
1.167283469692213416e+01 1.072889215210565860e-04
1.168177552470850777e+01 1.077475767934666371e-04
1.169071635249488139e+01 1.082085757131562163e-04
1.169965718028125323e+01 1.086731821296964642e-04
1.170859800806762507e+01 1.091411004656939280e-04
1.171753883585399869e+01 1.096115704008589426e-04
1.172647966364037231e+01 1.100864232151550624e-04
1.173542049142674415e+01 1.105642762273727290e-04
1.174436131921311599e+01 1.110454733952212080e-04
1.175330214699949138e+01 1.115309298019913120e-04
1.176224297478586323e+01 1.120201316460839146e-04
1.177118380257223507e+01 1.125127090631426291e-04
1.178012463035860868e+01 1.130097416591531608e-04
1.178906545814498230e+01 1.135106930121580380e-04
1.179800628593135414e+01 1.140156952490835226e-04
1.180694711371772598e+01 1.145248507927682169e-04
1.181588794150409960e+01 1.150385606763755313e-04
1.182482876929047322e+01 1.155566830452619149e-04
1.183376959707684506e+01 1.160790779330571543e-04
1.184271042486321690e+01 1.166060496809046416e-04
1.185165125264959229e+01 1.171377981902979690e-04
1.186059208043596414e+01 1.176741657701376327e-04
1.186953290822233598e+01 1.182150101967444826e-04
1.187847373600870959e+01 1.187609317490564173e-04
1.188741456379508321e+01 1.193116678764016137e-04
1.189635539158145505e+01 1.198670430424638220e-04
1.190529621936782689e+01 1.204274104397241364e-04
1.191423704715420051e+01 1.209928837078859306e-04
1.192317787494057413e+01 1.215631900284247328e-04
1.193211870272694597e+01 1.221383660068083726e-04
1.194105953051331781e+01 1.227184683289116347e-04
1.195000035829969320e+01 1.233038261798460888e-04
1.195894118608606504e+01 1.238940181256474571e-04
1.196788201387243689e+01 1.244884742135996133e-04
1.197682284165881050e+01 1.250889120846947504e-04
1.198576366944518412e+01 1.256935574845978096e-04
1.199470449723155596e+01 1.262805926014948297e-04
1.200364532501792780e+01 1.268693345995405603e-04
1.201258615280430142e+01 1.274624376062241052e-04
1.202152698059067504e+01 1.280594523926135249e-04
1.203046780837704688e+01 1.286616204800078889e-04
1.203940863616342050e+01 1.292636371707125260e-04
1.204834946394979411e+01 1.298642094278478279e-04
1.205729029173616595e+01 1.304691512146781223e-04
1.206623111952253780e+01 1.310768387058124725e-04
1.207517194730891141e+01 1.316894103603312384e-04
1.208411277509528503e+01 1.323050480780721373e-04
1.209305360288165687e+01 1.329235783430918563e-04
1.210199443066802871e+01 1.335464461252407111e-04
1.211093525845440233e+01 1.341728099840965613e-04
1.211987608624077595e+01 1.347999866892535573e-04
1.212881691402714779e+01 1.354327938269445271e-04
1.213775774181352141e+01 1.360658487103851933e-04
1.214669856959989502e+01 1.367017971110477724e-04
1.215563939738626686e+01 1.373413358521661176e-04
1.216458022517263871e+01 1.379816346373719709e-04
1.217352105295901232e+01 1.386242221393489682e-04
1.218246188074538594e+01 1.392692070871898960e-04
1.219140270853175778e+01 1.399064850331021681e-04
1.220034353631812962e+01 1.405457968956360445e-04
1.220928436410450324e+01 1.411880498874705557e-04
1.221822519189087686e+01 1.418255461643420153e-04
1.222716601967724870e+01 1.424686365649102725e-04
1.223610684746362232e+01 1.431076732963955627e-04
1.224504767524999593e+01 1.437441508590991772e-04
1.225398850303636777e+01 1.443829468906114664e-04
1.226292933082273962e+01 1.450203943233494355e-04
1.227187015860911323e+01 1.456556867325481473e-04
1.228081098639548685e+01 1.462936251009570843e-04
1.228975181418185869e+01 1.469273972697572226e-04
1.229869264196823053e+01 1.475611961842588802e-04
1.230763346975460415e+01 1.481966488359560074e-04
1.231657429754097777e+01 1.488245013773415912e-04
1.232551512532734961e+01 1.494550712142965292e-04
1.233445595311372323e+01 1.500825217745314357e-04
1.234339678090009684e+01 1.507064027684444814e-04
1.235233760868646868e+01 1.513306001966697653e-04
1.236127843647284053e+01 1.519531192289595234e-04
1.237021926425921414e+01 1.525675728562472116e-04
1.237916009204558776e+01 1.531856787128880201e-04
1.238810091983195960e+01 1.537840800463706990e-04
1.239704174761833144e+01 1.543794732621141296e-04
1.240598257540470506e+01 1.549752837483851526e-04
1.241492340319107868e+01 1.555627193949323363e-04
1.242386423097745052e+01 1.561478948087193972e-04
1.243280505876382414e+01 1.567261343757812169e-04
1.244174588655019775e+01 1.572932058028420532e-04
1.245068671433656959e+01 1.578579114435947140e-04
1.245962754212294143e+01 1.584217395035665977e-04
1.246856836990931505e+01 1.589713631308632084e-04
1.247750919769568867e+01 1.595240411621615421e-04
1.248645002548206051e+01 1.600679464281858327e-04
1.249539085326843235e+01 1.606063548893098204e-04
1.250433168105480597e+01 1.611434531858749880e-04
1.251327250884117959e+01 1.616726634541103551e-04
1.252221333662755143e+01 1.621945873321056655e-04
1.253115416441392505e+01 1.627150253112476079e-04
1.254009499220029866e+01 1.632262607959195945e-04
1.254903581998667050e+01 1.637328276317639140e-04
1.255797664777304234e+01 1.642386589638123720e-04
1.256691747555941596e+01 1.647282669141825954e-04
1.257585830334578958e+01 1.652185332361181462e-04
1.258479913113216142e+01 1.656932997383355659e-04
1.259373995891853326e+01 1.661602790947729492e-04
1.260268078670490688e+01 1.666243002244114214e-04
1.261162161449128050e+01 1.670823855921748724e-04
1.262056244227765234e+01 1.675284235890680770e-04
1.262950327006402595e+01 1.679702345318146567e-04
1.263844409785039957e+01 1.683978396874516036e-04
1.264738492563677141e+01 1.688183766399034514e-04
1.265632575342314325e+01 1.692378279319531450e-04
1.266526658120951687e+01 1.696439646967333058e-04
1.267420740899589049e+01 1.700460153066283653e-04
1.268314823678226233e+01 1.704387921963918700e-04
1.269208906456863417e+01 1.708228383934010347e-04
1.270102989235500779e+01 1.712021933503333755e-04
1.270997072014138141e+01 1.715784366165848222e-04
1.271891154792775325e+01 1.719392026191253302e-04
1.272785237571412686e+01 1.722967480726314603e-04
1.273679320350050048e+01 1.726418215175932536e-04
1.274573403128687232e+01 1.729796753153910898e-04
1.275467485907324416e+01 1.733151097117054085e-04
1.276361568685961778e+01 1.736409540593424582e-04
1.277255651464599140e+01 1.739595587831049438e-04
1.278149734243236324e+01 1.742747182561673301e-04
1.279043817021873508e+01 1.745813116586470923e-04
1.279937899800511047e+01 1.748823715765428471e-04
1.280831982579148232e+01 1.751825379960009839e-04
1.281726065357785416e+01 1.754663648729316904e-04
1.282620148136422777e+01 1.757505228520043572e-04
1.283514230915060139e+01 1.760277004063840823e-04
1.284408313693697323e+01 1.762977384845634138e-04
1.285302396472334507e+01 1.765647881056624485e-04
1.286196479250971869e+01 1.768258245353232668e-04
1.287090562029609231e+01 1.770775936342681111e-04
1.287984644808246415e+01 1.773279604007311832e-04
1.288878727586883599e+01 1.775709867039438608e-04
1.289772810365521138e+01 1.778079031605200996e-04
1.290666893144158323e+01 1.780440500316067922e-04
1.291560975922795507e+01 1.782690614684808827e-04
1.292455058701432868e+01 1.784917369233842354e-04
1.293349141480070230e+01 1.787101963620931454e-04
1.294243224258707414e+01 1.789224664678643680e-04
1.295137307037344598e+01 1.791313867520275287e-04
1.296031389815981960e+01 1.793378405411822642e-04
1.296925472594619322e+01 1.795344790324186778e-04
1.297819555373256506e+01 1.797307549216148738e-04
1.298713638151893690e+01 1.799216395244292502e-04
1.299607720930531229e+01 1.801076640426549174e-04
1.300501803709168414e+01 1.802924102736477927e-04
1.301395886487805598e+01 1.804708838873223681e-04
1.302289969266442959e+01 1.806455870127490673e-04
1.303184052045080321e+01 1.808181114779149415e-04
1.304078134823717505e+01 1.809861428173370902e-04
1.304972217602354689e+01 1.811511366165749601e-04
1.305866300380992051e+01 1.813158247063057773e-04
1.306760383159629413e+01 1.814718774126566068e-04
1.307654465938266597e+01 1.816280293010281597e-04
1.308548548716903781e+01 1.817812384006977830e-04
1.309442631495541320e+01 1.819309079733372647e-04
1.310336714274178505e+01 1.820792625487800014e-04
1.311230797052815689e+01 1.822080550659904783e-04
1.312124879831453050e+01 1.823127780517795377e-04
1.313018962610090412e+01 1.824172652800758047e-04
1.313913045388727596e+01 1.825217467810666416e-04
1.314807128167364780e+01 1.826269947458958125e-04
1.315701210946002142e+01 1.827320844728238755e-04
1.316595293724639504e+01 1.828368596964806934e-04
1.317489376503276688e+01 1.829421788860226511e-04
1.318383459281914050e+01 1.830476522883043818e-04
1.319277542060551411e+01 1.831529118385135063e-04
1.320171624839188596e+01 1.832583273638736115e-04
1.321065707617825780e+01 1.833642386382630283e-04
1.321959790396462964e+01 1.834700050618074221e-04
1.322853873175100503e+01 1.835754654889817548e-04
1.323747955953737687e+01 1.836814915518222412e-04
1.324642038732374871e+01 1.837878130426745342e-04
1.325536121511012411e+01 1.838939131947181906e-04
1.326430204289649595e+01 1.840001357345388160e-04
1.327324287068286779e+01 1.841065830295005349e-04
1.328218369846923963e+01 1.842131278186347654e-04
1.329112452625561502e+01 1.843195528823511565e-04
1.330006535404198686e+01 1.844262161118545801e-04
1.330900618182835871e+01 1.845334194587551003e-04
1.331794700961473055e+01 1.846402138486599655e-04
1.332688783740110594e+01 1.847469156145604985e-04
1.333582866518747778e+01 1.848543610516196480e-04
1.334476949297384962e+01 1.849617711200639682e-04
1.335371032076022502e+01 1.850689509337103127e-04
1.336265114854659686e+01 1.851764815336649425e-04
1.337159197633296870e+01 1.852843160264641632e-04
1.338053280411934054e+01 1.853919316482611969e-04
1.338947363190571593e+01 1.854994242072190418e-04
1.339841445969208777e+01 1.856077454264194705e-04
1.340735528747845962e+01 1.857160688976094824e-04
1.341629611526483146e+01 1.858239277660382832e-04
1.342523694305120685e+01 1.859322377652408264e-04
1.343417777083757869e+01 1.860408467530394038e-04
1.344311859862395053e+01 1.861493634919847038e-04
1.345205942641032593e+01 1.862579256859558149e-04
1.346100025419669777e+01 1.863668287823197207e-04
1.346994108198306961e+01 1.864758139649599878e-04
1.347888190976944145e+01 1.865845479309228574e-04
1.348782273755581684e+01 1.866935426071658600e-04
1.349676356534218868e+01 1.868031813426715719e-04
1.350570439312856053e+01 1.869126174703214711e-04
1.351464522091493592e+01 1.870217936135279457e-04
1.352358604870130776e+01 1.871314433495373068e-04
1.353252687648767960e+01 1.872413516687876150e-04
1.354146770427405144e+01 1.873510212255622852e-04
1.355040853206042684e+01 1.874607888753230818e-04
1.355934935984679868e+01 1.875713295518556772e-04
1.356829018763317052e+01 1.876814315678887468e-04
1.357723101541954236e+01 1.877912558429729243e-04
1.358617184320591775e+01 1.879020154498348431e-04
1.359511267099228959e+01 1.880128221000444948e-04
1.360405349877866144e+01 1.881233915228500847e-04
1.361299432656503683e+01 1.882340387887446642e-04
1.362193515435140867e+01 1.883451127990369296e-04
1.363087598213778051e+01 1.884561548004708490e-04
1.363981680992415235e+01 1.885670444748474420e-04
1.364875763771052775e+01 1.886784940380987997e-04
1.365769846549689959e+01 1.887901946828091397e-04
1.366663929328327143e+01 1.889014272646529651e-04
1.367558012106964327e+01 1.890129357741289332e-04
1.368452094885601866e+01 1.891249031790569212e-04
1.369346177664239050e+01 1.892368964663669487e-04
1.370240260442876234e+01 1.893488084090714726e-04
1.371134343221513774e+01 1.894607995267719831e-04
1.372028426000150958e+01 1.895732624311647534e-04
1.372922508778788142e+01 1.896854586928189003e-04
1.373816591557425326e+01 1.897975971987847402e-04
1.374710674336062866e+01 1.899107425416919008e-04
1.375604757114700050e+01 1.900235834164452475e-04
1.376498839893337234e+01 1.901359639435129772e-04
1.377392922671974418e+01 1.902489753409288291e-04
1.378287005450611957e+01 1.903623823200945194e-04
1.379181088229249141e+01 1.904755238719043611e-04
1.380075171007886325e+01 1.905886834403620553e-04
1.380969253786523865e+01 1.907023764065076386e-04
1.381863336565161049e+01 1.908159804350277285e-04
1.382757419343798233e+01 1.909293033920371886e-04
1.383651502122435417e+01 1.910433119593968256e-04
1.384545584901072957e+01 1.911575681509948782e-04
1.385439667679710141e+01 1.912715439616555777e-04
1.386333750458347325e+01 1.913854826108039116e-04
1.387227833236984509e+01 1.914998650751093695e-04
1.388121916015622048e+01 1.916144293607596727e-04
1.389015998794259232e+01 1.917288022842968359e-04
1.389910081572896416e+01 1.918434619484684093e-04
1.390804164351533956e+01 1.919585087453488752e-04
1.391698247130171140e+01 1.920732428112880460e-04
1.392592329908808324e+01 1.921880002023070944e-04
1.393486412687445508e+01 1.923033891105691831e-04
1.394380495466083048e+01 1.924189154172058778e-04
1.395274578244720232e+01 1.925340717635583493e-04
1.396168661023357416e+01 1.926492847770297349e-04
1.397062743801994600e+01 1.927652577262549036e-04
1.397956826580632139e+01 1.928809518569674422e-04
1.398850909359269323e+01 1.929964281220932442e-04
1.399744992137906507e+01 1.931129485292342460e-04
1.400639074916544047e+01 1.932290674857559728e-04
1.401533157695181231e+01 1.933449396617474168e-04
1.402427240473818415e+01 1.934612538000702849e-04
1.403321323252455599e+01 1.935779703031713676e-04
1.404215406031093138e+01 1.936946172864723774e-04
1.405109488809730323e+01 1.938110540395473103e-04
1.406003571588367507e+01 1.939278620158366021e-04
1.406897654367004691e+01 1.940449347230810146e-04
1.407791737145642230e+01 1.941617223051098616e-04
1.408685819924279414e+01 1.942789232277981242e-04
1.409579902702916598e+01 1.943965866267460677e-04
1.410473985481554138e+01 1.945138063442989208e-04
1.411368068260191322e+01 1.946310104698044808e-04
1.412262151038828506e+01 1.947486339153642787e-04
1.413156233817465690e+01 1.948666462640621228e-04
1.414050316596103229e+01 1.949844188789279242e-04
1.414944399374740414e+01 1.951020164786064330e-04
