5.217557035160964141e+00 4.271768325167603272e-05
5.226497862947336870e+00 4.423578923396266762e-05
5.235438690733709599e+00 4.522736309517839411e-05
5.244379518520082328e+00 4.560727407399244293e-05
5.253320346306455058e+00 4.535847601335006308e-05
5.262261174092827787e+00 4.453653606885149465e-05
5.271202001879201404e+00 4.325442941619654001e-05
5.280142829665574133e+00 4.165485697016993460e-05
5.289083657451946863e+00 3.988160055165235966e-05
5.298024485238319592e+00 3.805877782856319664e-05
5.306965313024692321e+00 3.628092735950544915e-05
5.315906140811065050e+00 3.461207819262038119e-05
5.324846968597437780e+00 3.309010546205006631e-05
5.333787796383810509e+00 3.173304810681981344e-05
5.342728624170183238e+00 3.054528731709063767e-05
5.351669451956555967e+00 2.952262530554376025e-05
5.360610279742928697e+00 2.865604211013503508e-05
5.369551107529302314e+00 2.793427149370169329e-05
5.378491935315675043e+00 2.734545880561381484e-05
5.387432763102047772e+00 2.687816317588261208e-05
5.396373590888420502e+00 2.652191904175948622e-05
5.405314418674793231e+00 2.626751621629833266e-05
5.414255246461165960e+00 2.610710921560293707e-05
5.423196074247538689e+00 2.603422952860939455e-05
5.432136902033911419e+00 2.604374821216548416e-05
5.441077729820284148e+00 2.613181836428393260e-05
5.450018557606656877e+00 2.629581532303664569e-05
5.458959385393030495e+00 2.653428491775448658e-05
5.467900213179403224e+00 2.684690530617186887e-05
5.476841040965775953e+00 2.723446481549141531e-05
5.485781868752148682e+00 2.769885600866523143e-05
5.494722696538521411e+00 2.824308434359959971e-05
5.503663524324894141e+00 2.887128779464665673e-05
5.512604352111266870e+00 2.958876118200608291e-05
5.521545179897639599e+00 3.040197516050825041e-05
5.530486007684012328e+00 3.131857418226273779e-05
5.539426835470385058e+00 3.234732942190896140e-05
5.548367663256758675e+00 3.349801061798272000e-05
5.557308491043131404e+00 3.478112395157145748e-05
5.566249318829504134e+00 3.620744064601694938e-05
5.575190146615876863e+00 3.778721321866280748e-05
5.584130974402249592e+00 3.952894629124776535e-05
5.593071802188622321e+00 4.143756532023117550e-05
5.602012629974995050e+00 4.351182851986626365e-05
5.610953457761367780e+00 4.574088914011555080e-05
5.619894285547740509e+00 4.810008964442547203e-05
5.628835113334113238e+00 5.054641698788429915e-05
5.637775941120485967e+00 5.301460004662616755e-05
5.646716768906859585e+00 5.541550597355500256e-05
5.655657596693232314e+00 5.763899238683254701e-05
5.664598424479605043e+00 5.956314283105905839e-05
5.673539252265977773e+00 6.107027118536250592e-05
5.682480080052350502e+00 6.206720727440469883e-05
5.691420907838723231e+00 6.250432798606171420e-05
5.700361735625095960e+00 6.238667611743585082e-05
5.709302563411468689e+00 6.177280292310237213e-05
5.718243391197841419e+00 6.076185069007995965e-05
5.727184218984214148e+00 5.947393838262800167e-05
5.736125046770586877e+00 5.803049581837297673e-05
5.745065874556960495e+00 5.653953194193406582e-05
5.754006702343333224e+00 5.508769082412012710e-05
5.762947530129705953e+00 5.373832021538734084e-05
5.771888357916078682e+00 5.253353609691706891e-05
5.780829185702451412e+00 5.149822438213250381e-05
5.789770013488824141e+00 5.064447559602530869e-05
5.798710841275196870e+00 4.997559971410404206e-05
5.807651669061569599e+00 4.948937188415058986e-05
5.816592496847942328e+00 4.918046532149431509e-05
5.825533324634315058e+00 4.904217502351632590e-05
5.834474152420687787e+00 4.906758410708759099e-05
5.843414980207061404e+00 4.925032140405624659e-05
5.852355807993434134e+00 4.958503490965058305e-05
5.861296635779806863e+00 5.006767710674189819e-05
5.870237463566179592e+00 5.069567241900874713e-05
5.879178291352552321e+00 5.146801649127576156e-05
5.888119119138925051e+00 5.238534174400176388e-05
5.897059946925297780e+00 5.344997289556225825e-05
5.906000774711670509e+00 5.466598888868463564e-05
5.914941602498043238e+00 5.603930298995584146e-05
5.923882430284415967e+00 5.757777003398935269e-05
5.932823258070788697e+00 5.929132832518950360e-05
5.941764085857162314e+00 6.119218321649871450e-05
5.950704913643535043e+00 6.329503960275932768e-05
5.959645741429907773e+00 6.561739132855649251e-05
5.968586569216280502e+00 6.817987670403032150e-05
5.977527397002653231e+00 7.100671086273993289e-05
5.986468224789025960e+00 7.412620749927652448e-05
5.995409052575398690e+00 7.757140447459408327e-05
6.004349880361771419e+00 8.138080967917449325e-05
6.013290708148144148e+00 8.559928505593740987e-05
6.022231535934517765e+00 9.027908720762498583e-05
6.031172363720889606e+00 9.548108151931415611e-05
6.040113191507263224e+00 1.012761414829552723e-04
6.049054019293635953e+00 1.077467330457164212e-04
6.057994847080008682e+00 1.149886606329202397e-04
6.066935674866381412e+00 1.231129095001867887e-04
6.075876502652754141e+00 1.322474464052988442e-04
6.084817330439126870e+00 1.425387190555859034e-04
6.093758158225499599e+00 1.541523973653293183e-04
6.102698986011872329e+00 1.672725882806440541e-04
6.111639813798245058e+00 1.820982822813762018e-04
6.120580641584618675e+00 1.988351030649403064e-04
6.129521469370990516e+00 2.176795081721786000e-04
6.138462297157364134e+00 2.387915005725722416e-04
6.147403124943736863e+00 2.622509776638626321e-04
6.156343952730109592e+00 2.879928835272162766e-04
6.165284780516482321e+00 3.157189870111570384e-04
6.174225608302855051e+00 3.447919678982464139e-04
6.183166436089227780e+00 3.741331989304779023e-04
6.192107263875600509e+00 4.021686658184325629e-04
6.201048091661973238e+00 4.268882686627803328e-04
6.209988919448345968e+00 4.460792420470237503e-04
6.218929747234719585e+00 4.577377721743091385e-04
6.227870575021091426e+00 4.605565081096208249e-04
6.236811402807465043e+00 4.542930721942536497e-04
6.245752230593837773e+00 4.398395360148940657e-04
6.254693058380210502e+00 4.189572241777060960e-04
6.263633886166583231e+00 3.938130410889251957e-04
6.272574713952955960e+00 3.665222040137509733e-04
6.281515541739328690e+00 3.388415646935879957e-04
6.290456369525701419e+00 3.120467223444711984e-04
6.299397197312074148e+00 2.869478082333330867e-04
6.308338025098446877e+00 2.639768376852598300e-04
6.317278852884820495e+00 2.432935759700311396e-04
6.326219680671192336e+00 2.248804461300335522e-04
6.335160508457565953e+00 2.086156599254952932e-04
6.344101336243938682e+00 1.943242870555609940e-04
6.353042164030311412e+00 1.818113009825433164e-04
6.361982991816684141e+00 1.708814900891866600e-04
6.370923819603056870e+00 1.613504841648716250e-04
6.379864647389429599e+00 1.530501025144363997e-04
6.388805475175802329e+00 1.458302537773299658e-04
6.397746302962175946e+00 1.395588562311283923e-04
6.406687130748547787e+00 1.341207061993218361e-04
6.415627958534921405e+00 1.294158587635480320e-04
6.424568786321294134e+00 1.253578503526699649e-04
6.433509614107666863e+00 1.218719459178951858e-04
6.442450441894039592e+00 1.188935040267523433e-04
6.451391269680412321e+00 1.163665004428334577e-04
6.460332097466785051e+00 1.142422207973606822e-04
6.469272925253157780e+00 1.124781169254765060e-04
6.478213753039530509e+00 1.110368137431290040e-04
6.487154580825903238e+00 1.098852507154317960e-04
6.496095408612276856e+00 1.089939418991140476e-04
6.505036236398648697e+00 1.083363399550058513e-04
6.513977064185022314e+00 1.078882916598328625e-04
6.522917891971395044e+00 1.076275748448653305e-04
6.531858719757767773e+00 1.075335090733656852e-04
6.540799547544140502e+00 1.075866345561813866e-04
6.549740375330513231e+00 1.077684556594499254e-04
6.558681203116885960e+00 1.080612467658139536e-04
6.567622030903258690e+00 1.084479191078358603e-04
6.576562858689631419e+00 1.089119474108538716e-04
6.585503686476004148e+00 1.094373547008123171e-04
6.594444514262377766e+00 1.100087524359133614e-04
6.603385342048749607e+00 1.106114312636196528e-04
6.612326169835123224e+00 1.112314953292404938e-04
6.621266997621495953e+00 1.118560304089802056e-04
6.630207825407868683e+00 1.124732935382700445e-04
6.639148653194241412e+00 1.130729096446969330e-04
6.648089480980614141e+00 1.136460593717524849e-04
6.657030308766986870e+00 1.141856421345288506e-04
6.665971136553359599e+00 1.146863996923201407e-04
6.674911964339732329e+00 1.151449881812914680e-04
6.683852792126105058e+00 1.155599904357947760e-04
6.692793619912478675e+00 1.159318651536639177e-04
6.701734447698850516e+00 1.162628345003636739e-04
6.710675275485224134e+00 1.165567165157695140e-04
6.719616103271596863e+00 1.168187126475282343e-04
6.728556931057969592e+00 1.170551634828467092e-04
6.737497758844342322e+00 1.172732870757763589e-04
6.746438586630715051e+00 1.174809141692795755e-04
6.755379414417087780e+00 1.176862332762821999e-04
6.764320242203460509e+00 1.178975563286764177e-04
6.773261069989833238e+00 1.181231128074714741e-04
6.782201897776205968e+00 1.183708773063201403e-04
6.791142725562579585e+00 1.186484326734438461e-04
6.800083553348951426e+00 1.189628684551485513e-04
6.809024381135325044e+00 1.193207124624618326e-04
6.817965208921697773e+00 1.197278919464896634e-04
6.826906036708070502e+00 1.201897200730072811e-04
6.835846864494443231e+00 1.207109030601185884e-04
6.844787692280815961e+00 1.212955633872274782e-04
6.853728520067188690e+00 1.219472747952043084e-04
6.862669347853561419e+00 1.226691052795623039e-04
6.871610175639934148e+00 1.234636648483753893e-04
6.880551003426306877e+00 1.243331554104896704e-04
6.889491831212680495e+00 1.252794207314474615e-04
6.898432658999052336e+00 1.263039949149966611e-04
6.907373486785425953e+00 1.274081483209747756e-04
6.916314314571798683e+00 1.285929302098175848e-04
6.925255142358171412e+00 1.298592077110525048e-04
6.934195970144544141e+00 1.312077009535759641e-04
6.943136797930916870e+00 1.326390143774069138e-04
6.952077625717289600e+00 1.341536643791019191e-04
6.961018453503662329e+00 1.357521035352354224e-04
6.969959281290035946e+00 1.374347417087925279e-04
6.978900109076407787e+00 1.392019643794908804e-04
6.987840936862781405e+00 1.410541485573666256e-04
6.996781764649154134e+00 1.429916766446575141e-04
7.005722592435526863e+00 1.450149486083987592e-04
7.014663420221899592e+00 1.471243928184264374e-04
7.023604248008272322e+00 1.493204758952717441e-04
7.032545075794645051e+00 1.516037119015025564e-04
7.041485903581017780e+00 1.539746711997970496e-04
7.050426731367390509e+00 1.564339892922954746e-04
7.059367559153763239e+00 1.589823759491230731e-04
7.068308386940136856e+00 1.616206249297104521e-04
7.077249214726508697e+00 1.643496245987547376e-04
7.086190042512882314e+00 1.671703697392622515e-04
7.095130870299255044e+00 1.700839748679215137e-04
7.104071698085627773e+00 1.730916893627479022e-04
7.113012525872000502e+00 1.761949147190924501e-04
7.121953353658373231e+00 1.793952242572519550e-04
7.130894181444745961e+00 1.826943856124411849e-04
7.139835009231118690e+00 1.860943863451083684e-04
7.148775837017491419e+00 1.895974630156811963e-04
7.157716664803864148e+00 1.932061340718999509e-04
7.166657492590237766e+00 1.969232368977706855e-04
7.175598320376609607e+00 2.007519693695745087e-04
7.184539148162983224e+00 2.046959362546455256e-04
7.193479975949355953e+00 2.087592007708059165e-04
7.202420803735728683e+00 2.129463415960361158e-04
7.211361631522101412e+00 2.172625155759689566e-04
7.220302459308474141e+00 2.217135263173828611e-04
7.229243287094846870e+00 2.263058987739570286e-04
7.238184114881219600e+00 2.310469598198414685e-04
7.247124942667593217e+00 2.359449246589232982e-04
7.256065770453965058e+00 2.410089887224294708e-04
7.265006598240338676e+00 2.462494244512930487e-04
7.273947426026710517e+00 2.516776820249519322e-04
7.282888253813084134e+00 2.573064926629943364e-04
7.291829081599456863e+00 2.631499725618890529e-04
7.300769909385829592e+00 2.692237248007860878e-04
7.309710737172202322e+00 2.755449356137227982e-04
7.318651564958575051e+00 2.821324602266709974e-04
7.327592392744947780e+00 2.890068919314830076e-04
7.336533220531320509e+00 2.961906061386005698e-04
7.345474048317694127e+00 3.037077687296669019e-04
7.354414876104065968e+00 3.115842950266954603e-04
7.363355703890439585e+00 3.198477420141629520e-04
7.372296531676811426e+00 3.285271120180663254e-04
7.381237359463185044e+00 3.376525408260780663e-04
7.390178187249557773e+00 3.472548372698616432e-04
7.399119015035930502e+00 3.573648347702829977e-04
7.408059842822303231e+00 3.680125086832533154e-04
7.417000670608675961e+00 3.792258072454305642e-04
7.425941498395048690e+00 3.910291397829027951e-04
7.434882326181421419e+00 4.034414655921959164e-04
7.443823153967795037e+00 4.164739334090480200e-04
7.452763981754166878e+00 4.301270385663160311e-04
7.461704809540540495e+00 4.443872977534109835e-04
7.470645637326912336e+00 4.592234953386681176e-04
7.479586465113285954e+00 4.745826358315075933e-04
7.488527292899658683e+00 4.903858474412173263e-04
7.497468120686031412e+00 5.065246199373675583e-04
7.506408948472404141e+00 5.228579151163212065e-04
7.515349776258776870e+00 5.392108356335528416e-04
7.524290604045149600e+00 5.553756368679883468e-04
7.533231431831522329e+00 5.711158610284865428e-04
7.542172259617895946e+00 5.861742017272180078e-04
7.551113087404267787e+00 6.002843242788237109e-04
7.560053915190641405e+00 6.131862690305039769e-04
7.568994742977013246e+00 6.246443207410390256e-04
7.577935570763386863e+00 6.344654879535638033e-04
7.586876398549759593e+00 6.425162136745954725e-04
7.595817226336132322e+00 6.487348397497091001e-04
7.604758054122505051e+00 6.531377886388689763e-04
7.613698881908877780e+00 6.558183637186607278e-04
7.622639709695250509e+00 6.569382882713497478e-04
7.631580537481623239e+00 6.567132864437706793e-04
7.640521365267996856e+00 6.553948538270762143e-04
7.649462193054368697e+00 6.532506928525751936e-04
7.658403020840742315e+00 6.505460951601961311e-04
7.667343848627114156e+00 6.475279831041660635e-04
7.676284676413487773e+00 6.444125889918766699e-04
7.685225504199860502e+00 6.413770530766883847e-04
7.694166331986233232e+00 6.385546912648949877e-04
7.703107159772605961e+00 6.360333704018749030e-04
7.712047987558978690e+00 6.338563165984366192e-04
7.720988815345351419e+00 6.320247172131987891e-04
7.729929643131724148e+00 6.305015965193568050e-04
7.738870470918097766e+00 6.292165927391109824e-04
7.747811298704469607e+00 6.280713990790148544e-04
7.756752126490843224e+00 6.269457288081064844e-04
7.765692954277215065e+00 6.257037133503861627e-04
7.774633782063588683e+00 6.242006428049402377e-04
7.783574609849961412e+00 6.222899186137377482e-04
7.792515437636334141e+00 6.198300229002406568e-04
7.801456265422706871e+00 6.166912371345234381e-04
7.810397093209079600e+00 6.127617846586705819e-04
7.819337920995453217e+00 6.079530458711309478e-04
7.828278748781825058e+00 6.022035146451116226e-04
7.837219576568198676e+00 5.954812342062385227e-04
7.846160404354570517e+00 5.877845641598434569e-04
7.855101232140944134e+00 5.791412719114125791e-04
7.864042059927316863e+00 5.696060892481031104e-04
7.872982887713689593e+00 5.592570048622681018e-04
7.881923715500062322e+00 5.481906565844811693e-04
7.890864543286435051e+00 5.365172315763158759e-04
7.899805371072807780e+00 5.243552769962000690e-04
7.908746198859180510e+00 5.118267748787026002e-04
7.917687026645554127e+00 4.990527564069014614e-04
7.926627854431925968e+00 4.861496380215010933e-04
7.935568682218299585e+00 4.732263694469516406e-04
7.944509510004671426e+00 4.603824028360453484e-04
7.953450337791045044e+00 4.477064294847253709e-04
7.962391165577417773e+00 4.352757882761088253e-04
7.971331993363790502e+00 4.231564271097443264e-04
7.980272821150163232e+00 4.114032918376876605e-04
7.989213648936535961e+00 4.000610224741863070e-04
7.998154476722908690e+00 3.891648494414541365e-04
8.007095304509281419e+00 3.787415996779721944e-04
8.016036132295655037e+00 3.688107407142686357e-04
8.024976960082026878e+00 3.593854083372200912e-04
8.033917787868400495e+00 3.504733790235330083e-04
8.042858615654772336e+00 3.420779613531840010e-04
8.051799443441145954e+00 3.341987909860479966e-04
8.060740271227519571e+00 3.268325216594915273e-04
8.069681099013891412e+00 3.199734103622398833e-04
8.078621926800263253e+00 3.136137987535314912e-04
8.087562754586636871e+00 3.077444954315778020e-04
8.096503582373010488e+00 3.023550651957523623e-04
8.105444410159382329e+00 2.974340323387611299e-04
8.114385237945755946e+00 2.929690055516090516e-04
8.123326065732127788e+00 2.889467324864206338e-04
8.132266893518501405e+00 2.853530926211726845e-04
8.141207721304873246e+00 2.821730379875065698e-04
8.150148549091246863e+00 2.793904926947105168e-04
8.159089376877620481e+00 2.769882240909353000e-04
8.168030204663992322e+00 2.749477008525582212e-04
8.176971032450364163e+00 2.732489561889883093e-04
8.185911860236737780e+00 2.718704774649526230e-04
8.194852688023111398e+00 2.707891464865276729e-04
8.203793515809483239e+00 2.699802569048204560e-04
8.212734343595856856e+00 2.694176359315727945e-04
8.221675171382228697e+00 2.690738959952751973e-04
8.230615999168602315e+00 2.689208372647315247e-04
8.239556826954974156e+00 2.689300134892412064e-04
8.248497654741347773e+00 2.690734611315520955e-04
8.257438482527721391e+00 2.693245757424657318e-04
8.266379310314093232e+00 2.696591012228462410e-04
8.275320138100465073e+00 2.700561791831543887e-04
8.284260965886838690e+00 2.704993898521569585e-04
8.293201793673212308e+00 2.709777059268687091e-04
8.302142621459584149e+00 2.714862789729712250e-04
8.311083449245957766e+00 2.720269859048990890e-04
8.320024277032329607e+00 2.726086804239544062e-04
8.328965104818703225e+00 2.732471189206430351e-04
8.337905932605075066e+00 2.739645585332349835e-04
8.346846760391448683e+00 2.747890522581115762e-04
8.355787588177822300e+00 2.757534878618594725e-04
8.364728415964194141e+00 2.768944306011744769e-04
8.373669243750565983e+00 2.782508329084546232e-04
8.382610071536939600e+00 2.798626676435179159e-04
8.391550899323313217e+00 2.817695272502007665e-04
8.400491727109685058e+00 2.840092122220256492e-04
8.409432554896058676e+00 2.866163120751580415e-04
8.418373382682430517e+00 2.896207637858318716e-04
8.427314210468804134e+00 2.930463591420070265e-04
8.436255038255175975e+00 2.969091659276346822e-04
8.445195866041549593e+00 3.012158301334322860e-04
8.454136693827923210e+00 3.059617390578445390e-04
8.463077521614295051e+00 3.111290496532019014e-04
8.472018349400666892e+00 3.166846239163628209e-04
8.480959177187040510e+00 3.225779638878034476e-04
8.489900004973414127e+00 3.287393016434794930e-04
8.498840832759785968e+00 3.350780704017761982e-04
8.507781660546159586e+00 3.414820530959583969e-04
8.516722488332531427e+00 3.478175606319964955e-04
8.525663316118905044e+00 3.539310142209079629e-04
8.534604143905276885e+00 3.596522718045470413e-04
8.543544971691650503e+00 3.647999263122984198e-04
8.552485799478024120e+00 3.691886014680439390e-04
8.561426627264395961e+00 3.726379866040071404e-04
8.570367455050767802e+00 3.749830201958284192e-04
8.579308282837141419e+00 3.760843157515882866e-04
8.588249110623515037e+00 3.758377045492614478e-04
8.597189938409886878e+00 3.741817247297272542e-04
8.606130766196260495e+00 3.711020601036604913e-04
8.615071593982632336e+00 3.666323137849491782e-04
8.624012421769005954e+00 3.608510194831327498e-04
8.632953249555377795e+00 3.538753322172791000e-04
8.641894077341751412e+00 3.458522789548801454e-04
8.650834905128125030e+00 3.369486991703717722e-04
8.659775732914496871e+00 3.273410339134440834e-04
8.668716560700868712e+00 3.172059575107775173e-04
8.677657388487242329e+00 3.067125573577322872e-04
8.686598216273615947e+00 2.960164363544785576e-04
8.695539044059987788e+00 2.852558095248799021e-04
8.704479871846361405e+00 2.745494353232965788e-04
8.713420699632733246e+00 2.639960789474533496e-04
8.722361527419106864e+00 2.536751434472117638e-04
8.731302355205478705e+00 2.436481058061578438e-04
8.740243182991852322e+00 2.339604369230941839e-04
8.749184010778225939e+00 2.246437461339860682e-04
8.758124838564597781e+00 2.157179572376548998e-04
8.767065666350969622e+00 2.071933841587061411e-04
8.776006494137343239e+00 1.990726254148749525e-04
8.784947321923716856e+00 1.913522359147562296e-04
8.793888149710088697e+00 1.840241628837711125e-04
8.802828977496462315e+00 1.770769515658967945e-04
8.811769805282834156e+00 1.704967377982758044e-04
8.820710633069207773e+00 1.642680505587512977e-04
8.829651460855579614e+00 1.583744498173401938e-04
8.838592288641953232e+00 1.527990248073871407e-04
8.847533116428326849e+00 1.475247761588280239e-04
8.856473944214698690e+00 1.425349029018311696e-04
8.865414772001070531e+00 1.378130126218502915e-04
8.874355599787444149e+00 1.333432703215667401e-04
8.883296427573817766e+00 1.291104989935219739e-04
8.892237255360189607e+00 1.251002426176248887e-04
8.901178083146563225e+00 1.212988003037151200e-04
8.910118910932935066e+00 1.176932386009489482e-04
8.919059738719308683e+00 1.142713875736730699e-04
8.928000566505680524e+00 1.110218250690112469e-04
8.936941394292054142e+00 1.079338526421789188e-04
8.945882222078427759e+00 1.049974658296301436e-04
8.954823049864799600e+00 1.022033208375678140e-04
8.963763877651173217e+00 9.954269921753951668e-05
8.972704705437545059e+00 9.700747170865892414e-05
8.981645533223918676e+00 9.459006211778246253e-05
8.990586361010290517e+00 9.228341186843221978e-05
8.999527188796664134e+00 9.008094566271022605e-05
9.008468016583037752e+00 8.797653855694807388e-05
9.017408844369409593e+00 8.596448464230367062e-05
9.026349672155781434e+00 8.403946743877510508e-05
9.035290499942155051e+00 8.219653204932591238e-05
9.044231327728528669e+00 8.043105907536939579e-05
9.053172155514900510e+00 7.873874026209870753e-05
9.062112983301274127e+00 7.711555581915241833e-05
9.071053811087645968e+00 7.555775334658081826e-05
9.079994638874019586e+00 7.406182828623198192e-05
9.088935466660391427e+00 7.262450581312372743e-05
9.097876294446765044e+00 7.124272407897008828e-05
9.106817122233138662e+00 6.991361871999097848e-05
9.115757950019510503e+00 6.863450854274635946e-05
9.124698777805882344e+00 6.740288230453898898e-05
9.133639605592255961e+00 6.621638650850750901e-05
9.142580433378629579e+00 6.507281413761100862e-05
9.151521261165001420e+00 6.397009425605737173e-05
9.160462088951375037e+00 6.290628241119925444e-05
9.169402916737746878e+00 6.187955177338721590e-05
9.178343744524120495e+00 6.088818495563714053e-05
9.187284572310492337e+00 5.993056645920928882e-05
9.196225400096865954e+00 5.900517569522148903e-05
9.205166227883239571e+00 5.811058053625923982e-05
9.214107055669611412e+00 5.724543135553873614e-05
9.223047883455983253e+00 5.640845551455361373e-05
9.231988711242356871e+00 5.559845226327758103e-05
9.240929539028730488e+00 5.481428801990957905e-05
9.249870366815102329e+00 5.405489199984743367e-05
9.258811194601474170e+00 5.331925216606834953e-05
9.267752022387847788e+00 5.260641147539269657e-05
9.276692850174221405e+00 5.191546439721802110e-05
9.285633677960593246e+00 5.124555368325051514e-05
9.294574505746966864e+00 5.059586736854424296e-05
9.303515333533340481e+00 4.996563598579164568e-05
9.312456161319712322e+00 4.935412997630146594e-05
9.321396989106084163e+00 4.876065728247291583e-05
9.330337816892457781e+00 4.818456110782920449e-05
9.339278644678831398e+00 4.762521783181920468e-05
9.348219472465203239e+00 4.708203506764553170e-05
9.357160300251575080e+00 4.655444985233910389e-05
9.366101128037950474e+00 4.604192695917786810e-05
9.375041955824322315e+00 4.554395732335140428e-05
9.383982783610694156e+00 4.506005657250471597e-05
9.392923611397067774e+00 4.458976365447398275e-05
9.401864439183441391e+00 4.413263955513654885e-05
9.410805266969813232e+00 4.368826609986305008e-05
9.419746094756185073e+00 4.325624483257654244e-05
9.428686922542558690e+00 4.283619596689601847e-05
9.437627750328932308e+00 4.242775740427359569e-05
9.446568578115304149e+00 4.203058381443292989e-05
9.455509405901675990e+00 4.164434577378022353e-05
9.464450233688051384e+00 4.126872895779441444e-05
9.473391061474423225e+00 4.090343338370835339e-05
9.482331889260795066e+00 4.054817270007383126e-05
9.491272717047168683e+00 4.020267352006601198e-05
9.500213544833542301e+00 3.986667479561612073e-05
9.509154372619914142e+00 3.953992722968279350e-05
9.518095200406285983e+00 3.922219272417266488e-05
9.527036028192659600e+00 3.891324386120808057e-05
9.535976855979033218e+00 3.861286341560807566e-05
9.544917683765405059e+00 3.832084389660823226e-05
9.553858511551776900e+00 3.803698711698956790e-05
9.562799339338152294e+00 3.776110378792179239e-05
9.571740167124524135e+00 3.749301313794906369e-05
9.580680994910895976e+00 3.723254255466057358e-05
9.589621822697269593e+00 3.697952724769762228e-05
9.598562650483643210e+00 3.673380993184274638e-05
9.607503478270015052e+00 3.649524052903045163e-05
9.616444306056386893e+00 3.626367588820281565e-05
9.625385133842760510e+00 3.603897952201164762e-05
9.634325961629134127e+00 3.582102135944192656e-05
9.643266789415505968e+00 3.560967751349905638e-05
9.652207617201877810e+00 3.540483006316637646e-05
9.661148444988253203e+00 3.520636684889779115e-05
9.670089272774625044e+00 3.501418128096671275e-05
9.679030100560996885e+00 3.482817216004234522e-05
9.687970928347370503e+00 3.464824350941613364e-05
9.696911756133744120e+00 3.447430441834374560e-05
9.705852583920115961e+00 3.430626889601282357e-05
9.714793411706487802e+00 3.414405573568724168e-05
9.723734239492861420e+00 3.398758838861723914e-05
9.732675067279235037e+00 3.383679484734091955e-05
9.741615895065606878e+00 3.369160753803871649e-05
9.750556722851980496e+00 3.355196322163474134e-05
9.759497550638354113e+00 3.341780290337254000e-05
9.768438378424725954e+00 3.328907175062296617e-05
9.777379206211097795e+00 3.316571901871221675e-05
9.786320033997471413e+00 3.304769798458855393e-05
9.795260861783845030e+00 3.293496588817396078e-05
9.804201689570216871e+00 3.282748388127656200e-05
9.813142517356588712e+00 3.272521698396747847e-05
9.822083345142962330e+00 3.262813404835469171e-05
9.831024172929335947e+00 3.253620772971487364e-05
9.839965000715707788e+00 3.244941446497277295e-05
9.848905828502081405e+00 3.236773445854819589e-05
9.857846656288455023e+00 3.229115167562023080e-05
9.866787484074826864e+00 3.221965384289008602e-05
9.875728311861198705e+00 3.215323245695653811e-05
9.884669139647572322e+00 3.209188280045258709e-05
9.893609967433945940e+00 3.203560396612753155e-05
9.902550795220317781e+00 3.198439888909711108e-05
9.911491623006689622e+00 3.193827438752557717e-05
9.920432450793063239e+00 3.189724121204669114e-05
9.929373278579436857e+00 3.186131410427832540e-05
9.938314106365808698e+00 3.183051186483578716e-05
9.947254934152182315e+00 3.180485743130456218e-05
9.956195761938555933e+00 3.178437796669379033e-05
9.965136589724927774e+00 3.176910495895720232e-05
9.974077417511299615e+00 3.175907433224139020e-05
9.983018245297673232e+00 3.175432657060092565e-05
9.991959073084046850e+00 3.175490685500821604e-05
1.000089990087041869e+01 3.176086521458349864e-05
1.000984072865679053e+01 3.177225669307962724e-05
1.001878155644316415e+01 3.178914153177683452e-05
1.002772238422953777e+01 3.181158537007763707e-05
1.003666321201590961e+01 3.183965946524324847e-05
1.004560403980228322e+01 3.187344093288234690e-05
1.005454486758865684e+01 3.191301300999228483e-05
1.006348569537502868e+01 3.195846534256765580e-05
1.007242652316140052e+01 3.200989430003175188e-05
1.008136735094777414e+01 3.206740331901849209e-05
1.009030817873414776e+01 3.213110327934123682e-05
1.009924900652051960e+01 3.220111291533328486e-05
1.010818983430689144e+01 3.227755926614195189e-05
1.011713066209326506e+01 3.236057816900832435e-05
1.012607148987963868e+01 3.245031480007884976e-05
1.013501231766601052e+01 3.254692426788054335e-05
1.014395314545238413e+01 3.265057226526167481e-05
1.015289397323875775e+01 3.276143578636501558e-05
1.016183480102512959e+01 3.287970391608059081e-05
1.017077562881150143e+01 3.300557870043266677e-05
1.017971645659787505e+01 3.313927610751470244e-05
1.018865728438424867e+01 3.328102708992155558e-05
1.019759811217062051e+01 3.343107876116638386e-05
1.020653893995699235e+01 3.358969570034525963e-05
1.021547976774336597e+01 3.375716140136531110e-05
1.022442059552973959e+01 3.393377988542449144e-05
1.023336142331611143e+01 3.411987749818077670e-05
1.024230225110248504e+01 3.431580491623129568e-05
1.025124307888885866e+01 3.452193939121257397e-05
1.026018390667523050e+01 3.473868726411431676e-05
1.026912473446160234e+01 3.496648678736080402e-05
1.027806556224797596e+01 3.520581129796539216e-05
1.028700639003434958e+01 3.545717279172650019e-05
1.029594721782072142e+01 3.572112595613422063e-05
1.030488804560709326e+01 3.599827272854426685e-05
1.031382887339346688e+01 3.628926745639365908e-05
1.032276970117984050e+01 3.659482274793183143e-05
1.033171052896621234e+01 3.691571611524636096e-05
1.034065135675258595e+01 3.725279752636568263e-05
1.034959218453895957e+01 3.760699799993132473e-05
1.035853301232533141e+01 3.797933939422604458e-05
1.036747384011170325e+01 3.837094556185763366e-05
1.037641466789807687e+01 3.878305506141785245e-05
1.038535549568445049e+01 3.921703563665354100e-05
1.039429632347082233e+01 3.967440068990859387e-05
1.040323715125719417e+01 4.015682798626494545e-05
1.041217797904356779e+01 4.066618082229604697e-05
1.042111880682994141e+01 4.120453186994350772e-05
1.043005963461631325e+01 4.177418984840626601e-05
1.043900046240268686e+01 4.237772906500252658e-05
1.044794129018906048e+01 4.301802166970100042e-05
1.045688211797543232e+01 4.369827214308909767e-05
1.046582294576180416e+01 4.442205301917415020e-05
1.047476377354817778e+01 4.519334003933361734e-05
1.048370460133455140e+01 4.601654370990767781e-05
1.049264542912092324e+01 4.689653241085436263e-05
1.050158625690729508e+01 4.783863953271688923e-05
1.051052708469367047e+01 4.884864329468258223e-05
1.051946791248004232e+01 4.993270255903262025e-05
1.052840874026641416e+01 5.109722476028274822e-05
1.053734956805278777e+01 5.234863283099820333e-05
1.054629039583916139e+01 5.369298704339425023e-05
1.055523122362553323e+01 5.513540641177231143e-05
1.056417205141190507e+01 5.667922625433378090e-05
1.057311287919827869e+01 5.832483082899543120e-05
1.058205370698465231e+01 6.006812499569708292e-05
1.059099453477102415e+01 6.189867483544533291e-05
1.059993536255739599e+01 6.379767507893249214e-05
1.060887619034377138e+01 6.573610349778904267e-05
1.061781701813014323e+01 6.767367883792424163e-05
1.062675784591651507e+01 6.955946256007227910e-05
1.063569867370288868e+01 7.133496176197452266e-05
1.064463950148926230e+01 7.294018423494434710e-05
1.065358032927563414e+01 7.432216144706850730e-05
1.066252115706200598e+01 7.544421753089797602e-05
1.067146198484837960e+01 7.629335339395379911e-05
1.068040281263475322e+01 7.688325771962224318e-05
1.068934364042112506e+01 7.725185604152619452e-05
1.069828446820749690e+01 7.745430989986876798e-05
1.070722529599387229e+01 7.755386805677554312e-05
1.071616612378024413e+01 7.761323083507130341e-05
1.072510695156661598e+01 7.768825245010772612e-05
1.073404777935298959e+01 7.782457487061273424e-05
1.074298860713936321e+01 7.805681457654385766e-05
1.075192943492573505e+01 7.840947193569926114e-05
1.076087026271210689e+01 7.889871825701587793e-05
1.076981109049848051e+01 7.953442520009090387e-05
1.077875191828485413e+01 8.032205611958468164e-05
1.078769274607122597e+01 8.126424554825308999e-05
1.079663357385759781e+01 8.236202652942310330e-05
1.080557440164397320e+01 8.361573618368101047e-05
1.081451522943034504e+01 8.502565818489287916e-05
1.082345605721671689e+01 8.659246512001112352e-05
1.083239688500309050e+01 8.831751675267555024e-05
1.084133771278946412e+01 9.020305948605921624e-05
1.085027854057583596e+01 9.225236161690202833e-05
1.085921936836220780e+01 9.446980986694532235e-05
1.086816019614858142e+01 9.686098557791839492e-05
1.087710102393495504e+01 9.943273373581218617e-05
1.088604185172132688e+01 1.021932343334855067e-04
1.089498267950770050e+01 1.051520831483605237e-04
1.090392350729407411e+01 1.083203875106026194e-04
1.091286433508044595e+01 1.117108818392793459e-04
1.092180516286681780e+01 1.153380674672351263e-04
1.093074599065319141e+01 1.192183814538990354e-04
1.093968681843956503e+01 1.233703996397513382e-04
1.094862764622593687e+01 1.278150801060581345e-04
1.095756847401230871e+01 1.325760544809082009e-04
1.096650930179868233e+01 1.376799762190506458e-04
1.097545012958505595e+01 1.431569371474882154e-04
1.098439095737142779e+01 1.490409663066302487e-04
1.099333178515780141e+01 1.553706285477986866e-04
1.100227261294417502e+01 1.621897446105700089e-04
1.101121344073054686e+01 1.695482596407137923e-04
1.102015426851691871e+01 1.775032934359353244e-04
1.102909509630329232e+01 1.861204131411910308e-04
1.103803592408966594e+01 1.954751774472296476e-04
1.104697675187603778e+01 2.056550098778686057e-04
1.105591757966240962e+01 2.167614658175960780e-04
1.106485840744878324e+01 2.289129600087184957e-04
1.107379923523515686e+01 2.422480113405720112e-04
1.108274006302152870e+01 2.569290265003680682e-04
1.109168089080790232e+01 2.731465586470927139e-04
1.110062171859427593e+01 2.911237967753522505e-04
1.110956254638064777e+01 3.111206866525748223e-04
1.111850337416701962e+01 3.334364204172703843e-04
1.112744420195339323e+01 3.584078421820038624e-04
1.113638502973976685e+01 3.863992842637470880e-04
1.114532585752613869e+01 4.177760979695549059e-04
1.115426668531251053e+01 4.528494847126039984e-04
1.116320751309888415e+01 4.917749251247311056e-04
1.117214834088525777e+01 5.343840462108432558e-04
1.118108916867162961e+01 5.799394664337275979e-04
1.119002999645800323e+01 6.268412455453556929e-04
1.119897082424437684e+01 6.723989511958162807e-04
1.120791165203074868e+01 7.128958568447869197e-04
1.121685247981712052e+01 7.441988413870364921e-04
1.122579330760349414e+01 7.629278340555745467e-04
1.123473413538986776e+01 7.676987607225511760e-04
1.124367496317623960e+01 7.596530264320476306e-04
1.125261579096261144e+01 7.418875427317604600e-04
1.126155661874898506e+01 7.182079479346693482e-04
1.127049744653535868e+01 6.919900609841622393e-04
1.127943827432173052e+01 6.656083095312345611e-04
1.128837910210810414e+01 6.403976582482293761e-04
1.129731992989447775e+01 6.168931059042024852e-04
1.130626075768084959e+01 5.951258640630482759e-04
1.131520158546722143e+01 5.748672181713221103e-04
1.132414241325359505e+01 5.557936130788182450e-04
1.133308324103996867e+01 5.375837502247808510e-04
1.134202406882634051e+01 5.199676425372952654e-04
1.135096489661271235e+01 5.027452816020336552e-04
1.135990572439908597e+01 4.857876252401789694e-04
1.136884655218545959e+01 4.690282474225935584e-04
1.137778737997183143e+01 4.524508719964240896e-04
1.138672820775820504e+01 4.360759486413341756e-04
1.139566903554457866e+01 4.199480927007280735e-04
1.140460986333095050e+01 4.041253400253554985e-04
1.141355069111732234e+01 3.886705989639602211e-04
1.142249151890369596e+01 3.736453170910539667e-04
1.143143234669006958e+01 3.591051612060724963e-04
1.144037317447644142e+01 3.450973953983273537e-04
1.144931400226281326e+01 3.316596026363858251e-04
1.145825483004918688e+01 3.188194052385983994e-04
1.146719565783556050e+01 3.065948784920158256e-04
1.147613648562193234e+01 2.949954042625378236e-04
1.148507731340830595e+01 2.840227669585654357e-04
1.149401814119467957e+01 2.736723459707199324e-04
1.150295896898105141e+01 2.639343031704492054e-04
1.151189979676742325e+01 2.547946999251069411e-04
1.152084062455379687e+01 2.462365055306055955e-04
1.152978145234017049e+01 2.382404789266273019e-04
1.153872228012654233e+01 2.307859193350996450e-04
1.154766310791291417e+01 2.238512903890436847e-04
1.155660393569928779e+01 2.174147276186493623e-04
1.156554476348566141e+01 2.114544418657297138e-04
1.157448559127203325e+01 2.059490321282393351e-04
1.158342641905840686e+01 2.008777211186290516e-04
1.159236724684478048e+01 1.962205259105618052e-04
1.160130807463115232e+01 1.919583747695772634e-04
1.161024890241752416e+01 1.880731798319507358e-04
1.161918973020389778e+01 1.845478738521750487e-04
1.162813055799027140e+01 1.813664178679408226e-04
1.163707138577664324e+01 1.785137853787767870e-04
1.164601221356301508e+01 1.759759275219270288e-04
1.165495304134939047e+01 1.737397227619713505e-04
1.166389386913576232e+01 1.717929137852901224e-04
1.167283469692213416e+01 1.701240335981372791e-04
1.168177552470850777e+01 1.687223222578960427e-04
1.169071635249488139e+01 1.675776352113428065e-04
1.169965718028125323e+01 1.666803438638376014e-04
1.170859800806762507e+01 1.660212287542095326e-04
1.171753883585399869e+01 1.655913655594801279e-04
1.172647966364037231e+01 1.653820041026317507e-04
1.173542049142674415e+01 1.653844405890938553e-04
1.174436131921311599e+01 1.655898834598657594e-04
1.175330214699949138e+01 1.659893135289065445e-04
1.176224297478586323e+01 1.665733394775975552e-04
1.177118380257223507e+01 1.673320503160344774e-04
1.178012463035860868e+01 1.682548670917949091e-04
1.178906545814498230e+01 1.693303969265773877e-04
1.179800628593135414e+01 1.705462933737070177e-04
1.180694711371772598e+01 1.718891280835520318e-04
1.181588794150409960e+01 1.733442797888265735e-04
1.182482876929047322e+01 1.748958476036040015e-04
1.183376959707684506e+01 1.765265964694997516e-04
1.184271042486321690e+01 1.782179431557211842e-04
1.185165125264959229e+01 1.799499913820163234e-04
1.186059208043596414e+01 1.817016242296397538e-04
1.186953290822233598e+01 1.834506608855623270e-04
1.187847373600870959e+01 1.851740828072238323e-04
1.188741456379508321e+01 1.868483315329145492e-04
1.189635539158145505e+01 1.884496766151770109e-04
1.190529621936782689e+01 1.899546476526536658e-04
1.191423704715420051e+01 1.913405194002661179e-04
1.192317787494057413e+01 1.925858338395952175e-04
1.193211870272694597e+01 1.936709383901257301e-04
1.194105953051331781e+01 1.945785156972835344e-04
1.195000035829969320e+01 1.952940781937077385e-04
1.195894118608606504e+01 1.958064003478872221e-04
1.196788201387243689e+01 1.961078634581987106e-04
1.197682284165881050e+01 1.961946920387884019e-04
1.198576366944518412e+01 1.960670670116324271e-04
1.199470449723155596e+01 1.957291085326731738e-04
1.200364532501792780e+01 1.951887296002991780e-04
1.201258615280430142e+01 1.944573697804742650e-04
1.202152698059067504e+01 1.935496256145078167e-04
1.203046780837704688e+01 1.924827998724071916e-04
1.203940863616342050e+01 1.912763953273990611e-04
1.204834946394979411e+01 1.899515799838989586e-04
1.205729029173616595e+01 1.885306497957671466e-04
1.206623111952253780e+01 1.870365121978260798e-04
1.207517194730891141e+01 1.854922097288784889e-04
1.208411277509528503e+01 1.839204982036683029e-04
1.209305360288165687e+01 1.823434888346477675e-04
1.210199443066802871e+01 1.807823588746588768e-04
1.211093525845440233e+01 1.792571310949515667e-04
1.211987608624077595e+01 1.777865189453718177e-04
1.212881691402714779e+01 1.763878316577439909e-04
1.213775774181352141e+01 1.750769318397249052e-04
1.214669856959989502e+01 1.738682371804819429e-04
1.215563939738626686e+01 1.727747576216665979e-04
1.216458022517263871e+01 1.718081595876218639e-04
1.217352105295901232e+01 1.709788494682086806e-04
1.218246188074538594e+01 1.702960693704730810e-04
1.219140270853175778e+01 1.697679990881339226e-04
1.220034353631812962e+01 1.694018591918245256e-04
1.220928436410450324e+01 1.692040110541637708e-04
1.221822519189087686e+01 1.691800504500353742e-04
1.222716601967724870e+01 1.693348920902899737e-04
1.223610684746362232e+01 1.696728430472598209e-04
1.224504767524999593e+01 1.701976635145282840e-04
1.225398850303636777e+01 1.709126137202692723e-04
1.226292933082273962e+01 1.718204860973185030e-04
1.227187015860911323e+01 1.729236220209330360e-04
1.228081098639548685e+01 1.742239125760957610e-04
1.228975181418185869e+01 1.757227829302942276e-04
1.229869264196823053e+01 1.774211599859433378e-04
1.230763346975460415e+01 1.793194230907398470e-04
1.231657429754097777e+01 1.814173377167397337e-04
1.232551512532734961e+01 1.837139722033337961e-04
1.233445595311372323e+01 1.862075979200240948e-04
1.234339678090009684e+01 1.888955735672806524e-04
1.235233760868646868e+01 1.917742148233196121e-04
1.236127843647284053e+01 1.948386511861675092e-04
1.237021926425921414e+01 1.980826726761675401e-04
1.237916009204558776e+01 2.014985700713518195e-04
1.238810091983195960e+01 2.050769735556920632e-04
1.239704174761833144e+01 2.088066960639776352e-04
1.240598257540470506e+01 2.126745891847999241e-04
1.241492340319107868e+01 2.166654211887825002e-04
1.242386423097745052e+01 2.207617885069744588e-04
1.243280505876382414e+01 2.249440736843290713e-04
1.244174588655019775e+01 2.291904643284620657e-04
1.245068671433656959e+01 2.334770486823141758e-04
1.245962754212294143e+01 2.377780039601323921e-04
1.246856836990931505e+01 2.420658932744511468e-04
1.247750919769568867e+01 2.463120856296624819e-04
1.248645002548206051e+01 2.504873108837799576e-04
1.249539085326843235e+01 2.545623576703624638e-04
1.250433168105480597e+01 2.585089170112460301e-04
1.251327250884117959e+01 2.623005678339028154e-04
1.252221333662755143e+01 2.659138930310696661e-04
1.253115416441392505e+01 2.693297062989124320e-04
1.254009499220029866e+01 2.725343609047682050e-04
1.254903581998667050e+01 2.755211015853784354e-04
1.255797664777304234e+01 2.782914091033793832e-04
1.256691747555941596e+01 2.808562715447172225e-04
1.257585830334578958e+01 2.832372932829585054e-04
1.258479913113216142e+01 2.854675149491682365e-04
1.259373995891853326e+01 2.875917552517819769e-04
1.260268078670490688e+01 2.896661831758347446e-04
1.261162161449128050e+01 2.917566683374830157e-04
1.262056244227765234e+01 2.939352206292726610e-04
1.262950327006402595e+01 2.962735163209327324e-04
1.263844409785039957e+01 2.988321664399209965e-04
1.264738492563677141e+01 3.016441863288152792e-04
1.265632575342314325e+01 3.046914775624152863e-04
1.266526658120951687e+01 3.078747775357609014e-04
1.267420740899589049e+01 3.109814507108671160e-04
1.268314823678226233e+01 3.136621731634871096e-04
1.269208906456863417e+01 3.154351583380207865e-04
1.270102989235500779e+01 3.157387361761584770e-04
1.270997072014138141e+01 3.140401627232002795e-04
1.271891154792775325e+01 3.099771191713456605e-04
1.272785237571412686e+01 3.034749422090626445e-04
1.273679320350050048e+01 2.947795195486320398e-04
1.274573403128687232e+01 2.843874317209836014e-04
1.275467485907324416e+01 2.729117346211776133e-04
1.276361568685961778e+01 2.609474791250588352e-04
1.277255651464599140e+01 2.489829201697161079e-04
1.278149734243236324e+01 2.373664404050431940e-04
1.279043817021873508e+01 2.263142630506682451e-04
1.279937899800511047e+01 2.159378744854464341e-04
1.280831982579148232e+01 2.062753042108579334e-04
1.281726065357785416e+01 1.973180679059335994e-04
1.282620148136422777e+01 1.890312193449698809e-04
1.283514230915060139e+01 1.813668966593816431e-04
1.284408313693697323e+01 1.742727987611861012e-04
1.285302396472334507e+01 1.676971099295680701e-04
1.286196479250971869e+01 1.615911080196794016e-04
1.287090562029609231e+01 1.559103452235167551e-04
1.287984644808246415e+01 1.506149954451326055e-04
1.288878727586883599e+01 1.456697453592637750e-04
1.289772810365521138e+01 1.410434587125116985e-04
1.290666893144158323e+01 1.367087481133021077e-04
1.291560975922795507e+01 1.326415292016490204e-04
1.292455058701432868e+01 1.288205962497664147e-04
1.293349141480070230e+01 1.252272372519335928e-04
1.294243224258707414e+01 1.218448946982553233e-04
1.295137307037344598e+01 1.186588718480499464e-04
1.296031389815981960e+01 1.156560811590100327e-04
1.296925472594619322e+01 1.128248302063478847e-04
1.297819555373256506e+01 1.101546401136894060e-04
1.298713638151893690e+01 1.076360917271598414e-04
1.299607720930531229e+01 1.052606952151200831e-04
1.300501803709168414e+01 1.030207793116137216e-04
1.301395886487805598e+01 1.009093969579535335e-04
1.302289969266442959e+01 9.892024459276461609e-05
1.303184052045080321e+01 9.704759277881356465e-05
1.304078134823717505e+01 9.528622623098195483e-05
1.304972217602354689e+01 9.363139162639487251e-05
1.305866300380992051e+01 9.207875184062152044e-05
1.306760383159629413e+01 9.062434546994914820e-05
1.307654465938266597e+01 8.926455067575573199e-05
1.308548548716903781e+01 8.799605252936113951e-05
1.309442631495541320e+01 8.681581315005483296e-05
1.310336714274178505e+01 8.572104402017501198e-05
1.311230797052815689e+01 8.470917993336877388e-05
1.312124879831453050e+01 8.377785408916115168e-05
1.313018962610090412e+01 8.292487389180772106e-05
1.313913045388727596e+01 8.214819704696652589e-05
1.314807128167364780e+01 8.144590757855987601e-05
1.315701210946002142e+01 8.081619141277588162e-05
1.316595293724639504e+01 8.025731119894950446e-05
1.317489376503276688e+01 7.976758006056557679e-05
1.318383459281914050e+01 7.934533399660873801e-05
1.319277542060551411e+01 7.898890268681277305e-05
1.320171624839188596e+01 7.869657849728840956e-05
1.321065707617825780e+01 7.846658353902874732e-05
1.321959790396462964e+01 7.829703470460390891e-05
1.322853873175100503e+01 7.818590670187597195e-05
1.323747955953737687e+01 7.813099322157535077e-05
1.324642038732374871e+01 7.812986652156225082e-05
1.325536121511012411e+01 7.817983588720842016e-05
1.326430204289649595e+01 7.827790563589706802e-05
1.327324287068286779e+01 7.842073357333805852e-05
1.328218369846923963e+01 7.860459107646341744e-05
1.329112452625561502e+01 7.882532626436423117e-05
1.330006535404198686e+01 7.907833201236957345e-05
1.330900618182835871e+01 7.935852084644960983e-05
1.331794700961473055e+01 7.966030900082359206e-05
1.332688783740110594e+01 7.997761209980852571e-05
1.333582866518747778e+01 8.030385499905056984e-05
1.334476949297384962e+01 8.063199825154413771e-05
1.335371032076022502e+01 8.095458341070375105e-05
1.336265114854659686e+01 8.126379891187785333e-05
1.337159197633296870e+01 8.155156756226157155e-05
1.338053280411934054e+01 8.180965571288531784e-05
1.338947363190571593e+01 8.202980300639367583e-05
1.339841445969208777e+01 8.220387024251501150e-05
1.340735528747845962e+01 8.232400146432973563e-05
1.341629611526483146e+01 8.238279495807050679e-05
1.342523694305120685e+01 8.237347661525026984e-05
1.343417777083757869e+01 8.229006817504111958e-05
1.344311859862395053e+01 8.212754238368857537e-05
1.345205942641032593e+01 8.188195718202359455e-05
1.346100025419669777e+01 8.155056171675636426e-05
1.346994108198306961e+01 8.113186825588632981e-05
1.347888190976944145e+01 8.062568589208360262e-05
1.348782273755581684e+01 8.003311409374788828e-05
1.349676356534218868e+01 7.935649651629853886e-05
1.350570439312856053e+01 7.859933779719700418e-05
1.351464522091493592e+01 7.776618811437443341e-05
1.352358604870130776e+01 7.686250191056914695e-05
1.353252687648767960e+01 7.589447825355962753e-05
1.354146770427405144e+01 7.486889076101270945e-05
1.355040853206042684e+01 7.379291488472964830e-05
1.355934935984679868e+01 7.267395969857700993e-05
1.356829018763317052e+01 7.151951028636422043e-05
1.357723101541954236e+01 7.033698552192152909e-05
1.358617184320591775e+01 6.913361461728640377e-05
1.359511267099228959e+01 6.791633441543032976e-05
1.360405349877866144e+01 6.669170812437805271e-05
1.361299432656503683e+01 6.546586510139317471e-05
1.362193515435140867e+01 6.424446043840859543e-05
1.363087598213778051e+01 6.303265248399272784e-05
1.363981680992415235e+01 6.183509605124300234e-05
1.364875763771052775e+01 6.065594887785959437e-05
1.365769846549689959e+01 5.949888888827471143e-05
1.366663929328327143e+01 5.836713991887047451e-05
1.367558012106964327e+01 5.726350376801045828e-05
1.368452094885601866e+01 5.619039668884995666e-05
1.369346177664239050e+01 5.514988872639769410e-05
1.370240260442876234e+01 5.414374458891787291e-05
1.371134343221513774e+01 5.317346502135814512e-05
1.372028426000150958e+01 5.224032790412964499e-05
1.372922508778788142e+01 5.134542852772685715e-05
1.373816591557425326e+01 5.048971868906845968e-05
1.374710674336062866e+01 4.967404441801030491e-05
1.375604757114700050e+01 4.889918227257320860e-05
1.376498839893337234e+01 4.816587423969343216e-05
1.377392922671974418e+01 4.747486134512650348e-05
1.378287005450611957e+01 4.682691611057373512e-05
1.379181088229249141e+01 4.622287399527672382e-05
1.380075171007886325e+01 4.566366391716091238e-05
1.380969253786523865e+01 4.515033785479080842e-05
1.381863336565161049e+01 4.468409936959382621e-05
1.382757419343798233e+01 4.426633063374112891e-05
1.383651502122435417e+01 4.389861716785537393e-05
1.384545584901072957e+01 4.358276893588172761e-05
1.385439667679710141e+01 4.332083564687173947e-05
1.386333750458347325e+01 4.311511299103688589e-05
1.387227833236984509e+01 4.296813498798496831e-05
1.388121916015622048e+01 4.288264553590099290e-05
1.389015998794259232e+01 4.286153952088802991e-05
1.389910081572896416e+01 4.290776043688123050e-05
1.390804164351533956e+01 4.302413749895282286e-05
1.391698247130171140e+01 4.321314115895690000e-05
1.392592329908808324e+01 4.347653281460976991e-05
1.393486412687445508e+01 4.381488440624962141e-05
1.394380495466083048e+01 4.422695003543643494e-05
1.395274578244720232e+01 4.470888995341923313e-05
1.396168661023357416e+01 4.525338375488225723e-05
1.397062743801994600e+01 4.584872996246456406e-05
1.397956826580632139e+01 4.647811297916321343e-05
1.398850909359269323e+01 4.711931076218314496e-05
1.399744992137906507e+01 4.774517926287853264e-05
1.400639074916544047e+01 4.832522021727870030e-05
1.401533157695181231e+01 4.882835185813036048e-05
1.402427240473818415e+01 4.922664007640436070e-05
1.403321323252455599e+01 4.949930077411014836e-05
1.404215406031093138e+01 4.963596078437985243e-05
1.405109488809730323e+01 4.963819474265453960e-05
1.406003571588367507e+01 4.951881776429685347e-05
1.406897654367004691e+01 4.929912975819344462e-05
1.407791737145642230e+01 4.900492821302975416e-05
1.408685819924279414e+01 4.866234957717118165e-05
1.409579902702916598e+01 4.829442460308902574e-05
1.410473985481554138e+01 4.791881929109085273e-05
1.411368068260191322e+01 4.754681585592576785e-05
1.412262151038828506e+01 4.718331631997360403e-05
1.413156233817465690e+01 4.682755120111290088e-05
1.414050316596103229e+01 4.647419621155315190e-05
1.414944399374740414e+01 4.611467255618864435e-05
