5.217557035160964141e+00 4.031587325050468919e-06
5.226497862947336870e+00 4.233341919003866600e-06
5.235438690733709599e+00 4.434814310770809202e-06
5.244379518520082328e+00 4.636004189172903152e-06
5.253320346306455058e+00 4.836911234096606756e-06
5.262261174092827787e+00 5.037535116190780997e-06
5.271202001879201404e+00 5.237875496552378470e-06
5.280142829665574133e+00 5.437932026399699582e-06
5.289083657451946863e+00 5.637704346732858545e-06
5.298024485238319592e+00 5.837192087980563860e-06
5.306965313024692321e+00 6.036394869632836364e-06
5.315906140811065050e+00 6.235312299858955018e-06
5.324846968597437780e+00 6.433943877024421821e-06
5.333787796383810509e+00 6.632289252222368581e-06
5.342728624170183238e+00 6.830348014730346068e-06
5.351669451956555967e+00 7.028119722476919216e-06
5.360610279742928697e+00 7.225603919867286601e-06
5.369551107529302314e+00 7.422800137294360330e-06
5.378491935315675043e+00 7.619707890629277405e-06
5.387432763102047772e+00 7.816326680690581971e-06
5.396373590888420502e+00 8.012655992690729094e-06
5.405314418674793231e+00 8.208695295659060504e-06
5.414255246461165960e+00 8.404444041840057145e-06
5.423196074247538689e+00 8.599901666065572561e-06
5.432136902033911419e+00 8.795067585099871453e-06
5.441077729820284148e+00 8.989941196956052058e-06
5.450018557606656877e+00 9.184521880182470029e-06
5.458959385393030495e+00 9.375273681949171118e-06
5.467900213179403224e+00 9.559695624672552141e-06
5.476841040965775953e+00 9.740700931632014336e-06
5.485781868752148682e+00 9.920934974802669791e-06
5.494722696538521411e+00 1.010039907415654664e-05
5.503663524324894141e+00 1.027909452461924590e-05
5.512604352111266870e+00 1.045702259525827889e-05
5.521545179897639599e+00 1.063418452843379815e-05
5.530486007684012328e+00 1.081058153890982439e-05
5.539426835470385058e+00 1.098415053445473232e-05
5.548367663256758675e+00 1.115015860034141881e-05
5.557308491043131404e+00 1.130995346579108832e-05
5.566249318829504134e+00 1.146782644100985715e-05
5.575190146615876863e+00 1.161958508933006853e-05
5.584130974402249592e+00 1.176044240810623718e-05
5.593071802188622321e+00 1.189975626820495333e-05
5.602012629974995050e+00 1.203580536326730761e-05
5.610953457761367780e+00 1.215447426562675820e-05
5.619894285547740509e+00 1.227071236643112734e-05
5.628835113334113238e+00 1.238489586545946152e-05
5.637775941120485967e+00 1.248225468855660469e-05
5.646716768906859585e+00 1.257118713373968236e-05
5.655657596693232314e+00 1.265785548499900363e-05
5.664598424479605043e+00 1.273300711489720956e-05
5.673539252265977773e+00 1.279351859028840401e-05
5.682480080052350502e+00 1.285035250944140011e-05
5.691420907838723231e+00 1.290188786991637448e-05
5.700361735625095960e+00 1.293690613857997510e-05
5.709302563411468689e+00 1.296634803663920243e-05
5.718243391197841419e+00 1.299349745111951587e-05
5.727184218984214148e+00 1.300982179739261811e-05
5.736125046770586877e+00 1.301979763101376750e-05
5.745065874556960495e+00 1.302723687308196971e-05
5.754006702343333224e+00 1.303164116038673502e-05
5.762947530129705953e+00 1.303297231960660905e-05
5.771888357916078682e+00 1.303196131056148073e-05
5.780829185702451412e+00 1.303111722953793726e-05
5.789770013488824141e+00 1.303339502314003981e-05
5.798710841275196870e+00 1.303683882310140781e-05
5.807651669061569599e+00 1.303969567857938287e-05
5.816592496847942328e+00 1.305087544484086922e-05
5.825533324634315058e+00 1.307182332322339218e-05
5.834474152420687787e+00 1.309105906249745891e-05
5.843414980207061404e+00 1.311789867712885275e-05
5.852355807993434134e+00 1.316254574687023689e-05
5.861296635779806863e+00 1.320882823965816674e-05
5.870237463566179592e+00 1.325848875422373090e-05
5.879178291352552321e+00 1.332401677932397467e-05
5.888119119138925051e+00 1.339852927204130727e-05
5.897059946925297780e+00 1.347316626454663487e-05
5.906000774711670509e+00 1.355521629623310778e-05
5.914941602498043238e+00 1.364977001272204245e-05
5.923882430284415967e+00 1.374353114720507791e-05
5.932823258070788697e+00 1.383748899710969572e-05
5.941764085857162314e+00 1.393932590125514531e-05
5.950704913643535043e+00 1.404045678895876594e-05
5.959645741429907773e+00 1.414087953545232447e-05
5.968586569216280502e+00 1.424058492169839848e-05
5.977527397002653231e+00 1.433957759474144577e-05
5.986468224789025960e+00 1.443785799099029983e-05
5.995409052575398690e+00 1.453483746742753206e-05
6.004349880361771419e+00 1.463051952365204652e-05
6.013290708148144148e+00 1.472537692021463624e-05
6.022231535934517765e+00 1.482041180365056890e-05
6.031172363720889606e+00 1.491729774898226364e-05
6.040113191507263224e+00 1.501423693939599258e-05
6.049054019293635953e+00 1.511057041998560517e-05
6.057994847080008682e+00 1.521306751880950282e-05
6.066935674866381412e+00 1.531834535983960812e-05
6.075876502652754141e+00 1.542304939462719042e-05
6.084817330439126870e+00 1.553242322335379952e-05
6.093758158225499599e+00 1.564677749063717813e-05
6.102698986011872329e+00 1.576206758419440124e-05
6.111639813798245058e+00 1.587907450609722307e-05
6.120580641584618675e+00 1.600005913623639368e-05
6.129521469370990516e+00 1.612320265373371375e-05
6.138462297157364134e+00 1.624633708009611837e-05
6.147403124943736863e+00 1.637067752115648161e-05
6.156343952730109592e+00 1.649646563903908541e-05
6.165284780516482321e+00 1.662193522950469510e-05
6.174225608302855051e+00 1.674692529661563623e-05
6.183166436089227780e+00 1.687119755026714163e-05
6.192107263875600509e+00 1.699507847094215915e-05
6.201048091661973238e+00 1.711854794666468343e-05
6.209988919448345968e+00 1.724152452594540305e-05
6.218929747234719585e+00 1.736403297879827613e-05
6.227870575021091426e+00 1.748637959784805318e-05
6.236811402807465043e+00 1.761083820252348531e-05
6.245752230593837773e+00 1.773800227950312290e-05
6.254693058380210502e+00 1.786478749074595966e-05
6.263633886166583231e+00 1.799357597152159797e-05
6.272574713952955960e+00 1.813475397099133951e-05
6.281515541739328690e+00 1.827564307345930431e-05
6.290456369525701419e+00 1.841617910611042025e-05
6.299397197312074148e+00 1.857556494071930457e-05
6.308338025098446877e+00 1.873876739858208756e-05
6.317278852884820495e+00 1.890214048444185870e-05
6.326219680671192336e+00 1.907949867861641436e-05
6.335160508457565953e+00 1.926775477933869370e-05
6.344101336243938682e+00 1.945824552082806646e-05
6.353042164030311412e+00 1.965604415108232917e-05
6.361982991816684141e+00 1.986819986182305516e-05
6.370923819603056870e+00 2.008565795636293772e-05
6.379864647389429599e+00 2.030519914081604325e-05
6.388805475175802329e+00 2.053850219911324321e-05
6.397746302962175946e+00 2.078019393530208692e-05
6.406687130748547787e+00 2.102256042986995073e-05
6.415627958534921405e+00 2.127398161571747656e-05
6.424568786321294134e+00 2.153508840367874554e-05
6.433509614107666863e+00 2.179835114838113834e-05
6.442450441894039592e+00 2.206647684121045352e-05
6.451391269680412321e+00 2.234345648048327817e-05
6.460332097466785051e+00 2.262507352257028600e-05
6.469272925253157780e+00 2.290875937240997957e-05
6.478213753039530509e+00 2.319908880465784050e-05
6.487154580825903238e+00 2.349647399070982053e-05
6.496095408612276856e+00 2.379392587656320364e-05
6.505036236398648697e+00 2.409380563091122356e-05
6.513977064185022314e+00 2.440072746960641166e-05
6.522917891971395044e+00 2.470665299038548137e-05
6.531858719757767773e+00 2.501138230643836318e-05
6.540799547544140502e+00 2.531578064940778150e-05
6.549740375330513231e+00 2.561803308832852591e-05
6.558681203116885960e+00 2.591674911152867173e-05
6.567622030903258690e+00 2.620727244506967322e-05
6.576562858689631419e+00 2.648907887383348647e-05
6.585503686476004148e+00 2.676463714536984328e-05
6.594444514262377766e+00 2.702823891754596385e-05
6.603385342048749607e+00 2.727041671030429879e-05
6.612326169835123224e+00 2.750183523462100513e-05
6.621266997621495953e+00 2.772165705079777703e-05
6.630207825407868683e+00 2.790177556234089043e-05
6.639148653194241412e+00 2.806217169558948489e-05
6.648089480980614141e+00 2.820517910672578694e-05
6.657030308766986870e+00 2.830059750556990355e-05
6.665971136553359599e+00 2.835605810193094154e-05
6.674911964339732329e+00 2.838354242796320190e-05
6.683852792126105058e+00 2.836172462572653376e-05
6.692793619912478675e+00 2.827650604708701129e-05
6.701734447698850516e+00 2.814654973368838504e-05
6.710675275485224134e+00 2.797157419669136437e-05
6.719616103271596863e+00 2.771740111889105154e-05
6.728556931057969592e+00 2.739807185868848837e-05
6.737497758844342322e+00 2.703932839485270967e-05
6.746438586630715051e+00 2.662861913633035244e-05
6.755379414417087780e+00 2.616572995530423430e-05
6.764320242203460509e+00 2.566646582443725231e-05
6.773261069989833238e+00 2.514063353207997981e-05
6.782201897776205968e+00 2.459942519251368082e-05
6.791142725562579585e+00 2.404757244190035138e-05
6.800083553348951426e+00 2.349458121937482316e-05
6.809024381135325044e+00 2.295520988506597815e-05
6.817965208921697773e+00 2.244992461563236093e-05
6.826906036708070502e+00 2.200387079657246624e-05
6.835846864494443231e+00 2.163955992168270609e-05
6.844787692280815961e+00 2.137817208664048767e-05
6.853728520067188690e+00 2.123749624500860690e-05
6.862669347853561419e+00 2.122999856935678322e-05
6.871610175639934148e+00 2.136136894472664177e-05
6.880551003426306877e+00 2.162983719628058202e-05
6.889491831212680495e+00 2.202640887676742047e-05
6.898432658999052336e+00 2.253731660147571293e-05
6.907373486785425953e+00 2.314156525559026372e-05
6.916314314571798683e+00 2.381609990807813859e-05
6.925255142358171412e+00 2.453916384026848038e-05
6.934195970144544141e+00 2.529044563458612423e-05
6.943136797930916870e+00 2.605209266796517007e-05
6.952077625717289600e+00 2.680923453022013498e-05
6.961018453503662329e+00 2.755009697878802580e-05
6.969959281290035946e+00 2.826582178887062738e-05
6.978900109076407787e+00 2.895010890869319963e-05
6.987840936862781405e+00 2.959877793633320398e-05
6.996781764649154134e+00 3.020931864694844889e-05
7.005722592435526863e+00 3.078047380954974775e-05
7.014663420221899592e+00 3.131187625056829901e-05
7.023604248008272322e+00 3.180374723100309339e-05
7.032545075794645051e+00 3.225665405768234046e-05
7.041485903581017780e+00 3.267132008450833631e-05
7.050426731367390509e+00 3.304847847147560812e-05
7.059367559153763239e+00 3.338876111679959016e-05
7.068308386940136856e+00 3.369261526286810758e-05
7.077249214726508697e+00 3.396024191477826904e-05
7.086190042512882314e+00 3.419155216235512327e-05
7.095130870299255044e+00 3.438613970577972652e-05
7.104071698085627773e+00 3.454327042436233059e-05
7.113012525872000502e+00 3.466189286012429452e-05
7.121953353658373231e+00 3.474067722274155857e-05
7.130894181444745961e+00 3.477809515143315131e-05
7.139835009231118690e+00 3.477255803859462073e-05
7.148775837017491419e+00 3.472263788892945309e-05
7.157716664803864148e+00 3.462740030687132237e-05
7.166657492590237766e+00 3.448688166099749995e-05
7.175598320376609607e+00 3.430273686021142928e-05
7.184539148162983224e+00 3.407906264166066777e-05
7.193479975949355953e+00 3.382335350369525398e-05
7.202420803735728683e+00 3.354746409515899330e-05
7.211361631522101412e+00 3.326850449727124340e-05
7.220302459308474141e+00 3.300991912977408301e-05
7.229243287094846870e+00 3.279842780560667469e-05
7.238184114881219600e+00 3.266206670352052825e-05
7.247124942667593217e+00 3.262645581538376480e-05
7.256065770453965058e+00 3.271051715835069984e-05
7.265006598240338676e+00 3.292298363967366073e-05
7.273947426026710517e+00 3.326086770747435048e-05
7.282888253813084134e+00 3.371039309043627377e-05
7.291829081599456863e+00 3.424997904043074767e-05
7.300769909385829592e+00 3.485421439614099295e-05
7.309710737172202322e+00 3.549765501568407630e-05
7.318651564958575051e+00 3.615763823477552181e-05
7.327592392744947780e+00 3.681583431247246048e-05
7.336533220531320509e+00 3.745867816191061976e-05
7.345474048317694127e+00 3.807703175634114955e-05
7.354414876104065968e+00 3.866544532508590606e-05
7.363355703890439585e+00 3.922130004309063621e-05
7.372296531676811426e+00 3.974400439450096893e-05
7.381237359463185044e+00 4.023432437201216870e-05
7.390178187249557773e+00 4.069386732293229695e-05
7.399119015035930502e+00 4.112470703683720737e-05
7.408059842822303231e+00 4.152912470592717278e-05
7.417000670608675961e+00 4.190943837732017036e-05
7.425941498395048690e+00 4.226789663481246562e-05
7.434882326181421419e+00 4.260661707074496371e-05
7.443823153967795037e+00 4.292755491278633240e-05
7.452763981754166878e+00 4.323249125137734088e-05
7.461704809540540495e+00 4.352303350052425055e-05
7.470645637326912336e+00 4.380062308676763427e-05
7.479586465113285954e+00 4.406654705040127004e-05
7.488527292899658683e+00 4.432195141939231710e-05
7.497468120686031412e+00 4.456503246404272967e-05
7.506408948472404141e+00 4.479559131044521598e-05
7.515349776258776870e+00 4.501716209194610670e-05
7.524290604045149600e+00 4.523142255325336139e-05
7.533231431831522329e+00 4.543779472093218184e-05
7.542172259617895946e+00 4.563726546848699968e-05
7.551113087404267787e+00 4.583111531620531054e-05
7.560053915190641405e+00 4.601794520893634494e-05
7.568994742977013246e+00 4.619952924067658850e-05
7.577935570763386863e+00 4.637583871655453653e-05
7.586876398549759593e+00 4.654666447765457184e-05
7.595817226336132322e+00 4.671286760343248647e-05
7.604758054122505051e+00 4.687482443024745772e-05
7.613698881908877780e+00 4.703036003210125455e-05
7.622639709695250509e+00 4.718292871557558372e-05
7.631580537481623239e+00 4.733012514102142215e-05
7.640521365267996856e+00 4.747273008966864836e-05
7.649462193054368697e+00 4.761224827076677616e-05
7.658403020840742315e+00 4.774612814164365149e-05
7.667343848627114156e+00 4.787548742961158420e-05
7.676284676413487773e+00 4.800145643174667001e-05
7.685225504199860502e+00 4.812229036111326366e-05
7.694166331986233232e+00 4.823881798858498988e-05
7.703107159772605961e+00 4.835321953753982240e-05
7.712047987558978690e+00 4.845843639117839070e-05
7.720988815345351419e+00 4.856193649594501936e-05
7.729929643131724148e+00 4.866016905589920136e-05
7.738870470918097766e+00 4.875305180014410873e-05
7.747811298704469607e+00 4.884277715951332229e-05
7.756752126490843224e+00 4.892692879572657329e-05
7.765692954277215065e+00 4.900391957420289514e-05
7.774633782063588683e+00 4.907851099079800809e-05
7.783574609849961412e+00 4.914655732644974072e-05
7.792515437636334141e+00 4.920832415977007869e-05
7.801456265422706871e+00 4.926852914183769684e-05
7.810397093209079600e+00 4.931756930300968452e-05
7.819337920995453217e+00 4.936323314417533352e-05
7.828278748781825058e+00 4.940358338347175364e-05
7.837219576568198676e+00 4.943681147367026766e-05
7.846160404354570517e+00 4.946536011012066605e-05
7.855101232140944134e+00 4.948928100386743928e-05
7.864042059927316863e+00 4.950103559841379658e-05
7.872982887713689593e+00 4.951174456019218805e-05
7.881923715500062322e+00 4.951336587165694404e-05
7.890864543286435051e+00 4.950718111227313359e-05
7.899805371072807780e+00 4.949902243156007646e-05
7.908746198859180510e+00 4.947910196056223825e-05
7.917687026645554127e+00 4.945235744482754146e-05
7.926627854431925968e+00 4.942106258860409247e-05
7.935568682218299585e+00 4.938106860134391197e-05
7.944509510004671426e+00 4.933401206329189945e-05
7.953450337791045044e+00 4.928507090896296641e-05
7.962391165577417773e+00 4.921793597392060804e-05
7.971331993363790502e+00 4.915003866244962733e-05
7.980272821150163232e+00 4.907361951467059089e-05
7.989213648936535961e+00 4.898797503933396459e-05
7.998154476722908690e+00 4.889885950441947188e-05
8.007095304509281419e+00 4.879991388116478599e-05
8.016036132295655037e+00 4.869000692182191050e-05
8.024976960082026878e+00 4.857715068749752688e-05
8.033917787868400495e+00 4.845511324925237911e-05
8.042858615654772336e+00 4.832346607447396181e-05
8.051799443441145954e+00 4.819150297031004764e-05
8.060740271227519571e+00 4.804137874237454935e-05
8.069681099013891412e+00 4.788839662225105321e-05
8.078621926800263253e+00 4.772872504622849445e-05
8.087562754586636871e+00 4.755965405180642447e-05
8.096503582373010488e+00 4.738544279591114472e-05
8.105444410159382329e+00 4.720521138392028208e-05
8.114385237945755946e+00 4.701067179042698327e-05
8.123326065732127788e+00 4.681520594680476733e-05
8.132266893518501405e+00 4.661080648680409960e-05
8.141207721304873246e+00 4.639611310163323709e-05
8.150148549091246863e+00 4.618123335466943361e-05
8.159089376877620481e+00 4.595249062250143009e-05
8.168030204663992322e+00 4.571801097396006771e-05
8.176971032450364163e+00 4.547931850858576044e-05
8.185911860236737780e+00 4.523228369798966420e-05
8.194852688023111398e+00 4.497878649081778690e-05
8.203793515809483239e+00 4.472378246344475063e-05
8.212734343595856856e+00 4.445240478967358276e-05
8.221675171382228697e+00 4.418115586724669737e-05
8.230615999168602315e+00 4.390289151183189440e-05
8.239556826954974156e+00 4.361606505550834074e-05
8.248497654741347773e+00 4.332803633232286113e-05
8.257438482527721391e+00 4.303108990804432247e-05
8.266379310314093232e+00 4.272627486285187037e-05
8.275320138100465073e+00 4.241977785063092679e-05
8.284260965886838690e+00 4.210669586174710307e-05
8.293201793673212308e+00 4.178612095528767221e-05
8.302142621459584149e+00 4.146757129141915443e-05
8.311083449245957766e+00 4.113306438828510291e-05
8.320024277032329607e+00 4.079870633436180659e-05
8.328965104818703225e+00 4.046021616976172640e-05
8.337905932605075066e+00 4.011471855635950344e-05
8.346846760391448683e+00 3.976711144577187558e-05
8.355787588177822300e+00 3.941534673241301910e-05
8.364728415964194141e+00 3.905398770993878796e-05
8.373669243750565983e+00 3.869329971671602194e-05
8.382610071536939600e+00 3.832803468408451237e-05
8.391550899323313217e+00 3.795412722569069914e-05
8.400491727109685058e+00 3.758352409313898653e-05
8.409432554896058676e+00 3.720174496679030777e-05
8.418373382682430517e+00 3.681813777386409349e-05
8.427314210468804134e+00 3.643299995456333157e-05
8.436255038255175975e+00 3.604257945443502140e-05
8.445195866041549593e+00 3.564904375608274524e-05
8.454136693827923210e+00 3.525600600825662542e-05
8.463077521614295051e+00 3.485173904221031864e-05
8.472018349400666892e+00 3.444995461796629486e-05
8.480959177187040510e+00 3.404463685429076712e-05
8.489900004973414127e+00 3.363305966386927838e-05
8.498840832759785968e+00 3.322413698664392398e-05
8.507781660546159586e+00 3.280879904207559657e-05
8.516722488332531427e+00 3.238996461140690230e-05
8.525663316118905044e+00 3.197212672546918035e-05
8.534604143905276885e+00 3.155119631906004476e-05
8.543544971691650503e+00 3.112613473245578273e-05
8.552485799478024120e+00 3.070634442591247380e-05
8.561426627264395961e+00 3.027408466220132366e-05
8.570367455050767802e+00 2.984556073308012586e-05
8.579308282837141419e+00 2.941661174751072536e-05
8.588249110623515037e+00 2.898363372596169161e-05
8.597189938409886878e+00 2.855259234559196304e-05
8.606130766196260495e+00 2.812032730066905891e-05
8.615071593982632336e+00 2.768370919288490130e-05
8.624012421769005954e+00 2.725058195338958317e-05
8.632953249555377795e+00 2.681733412181805710e-05
8.641894077341751412e+00 2.637956755770736714e-05
8.650834905128125030e+00 2.594875032273692846e-05
8.659775732914496871e+00 2.551124945006462885e-05
8.668716560700868712e+00 2.507654333285776869e-05
8.677657388487242329e+00 2.464444432895606448e-05
8.686598216273615947e+00 2.421152138808269779e-05
8.695539044059987788e+00 2.378023743084874757e-05
8.704479871846361405e+00 2.335280773115912831e-05
8.713420699632733246e+00 2.292176403572441365e-05
8.722361527419106864e+00 2.249634293869102450e-05
8.731302355205478705e+00 2.207312933377528422e-05
8.740243182991852322e+00 2.164854592769689188e-05
8.749184010778225939e+00 2.123094483910375053e-05
8.758124838564597781e+00 2.081296202550377055e-05
8.767065666350969622e+00 2.039769240405996860e-05
8.776006494137343239e+00 1.998755880017361413e-05
8.784947321923716856e+00 1.958013931570675958e-05
8.793888149710088697e+00 1.917486349913305685e-05
8.802828977496462315e+00 1.877706995209801826e-05
8.811769805282834156e+00 1.837800216943676892e-05
8.820710633069207773e+00 1.798541861903489149e-05
8.829651460855579614e+00 1.759795904036461081e-05
8.838592288641953232e+00 1.721294804061458314e-05
8.847533116428326849e+00 1.683428877153314620e-05
8.856473944214698690e+00 1.645997880394407098e-05
8.865414772001070531e+00 1.608930219782053403e-05
8.874355599787444149e+00 1.572517907421905534e-05
8.883296427573817766e+00 1.536646553052649309e-05
8.892237255360189607e+00 1.501111846963697229e-05
8.901178083146563225e+00 1.466389249205243535e-05
8.910118910932935066e+00 1.431954461820457851e-05
8.919059738719308683e+00 1.398167885799946771e-05
8.928000566505680524e+00 1.365024365960523327e-05
8.936941394292054142e+00 1.332387984035084206e-05
8.945882222078427759e+00 1.300353255468149330e-05
8.954823049864799600e+00 1.268966486161491049e-05
8.963763877651173217e+00 1.238068246829961782e-05
8.972704705437545059e+00 1.207839690368237031e-05
8.981645533223918676e+00 1.178247339488421611e-05
8.990586361010290517e+00 1.149151232193736998e-05
8.999527188796664134e+00 1.120757759716860869e-05
9.008468016583037752e+00 1.092922551952832096e-05
9.017408844369409593e+00 1.065693407353058210e-05
9.026349672155781434e+00 1.039097321544924600e-05
9.035290499942155051e+00 1.013099531491550943e-05
9.044231327728528669e+00 9.876841851150620579e-06
9.053172155514900510e+00 9.628936747439201658e-06
9.062112983301274127e+00 9.386776189759397630e-06
9.071053811087645968e+00 9.150525851639812014e-06
9.079994638874019586e+00 8.920193118095932807e-06
9.088935466660391427e+00 8.695662888459443032e-06
9.097876294446765044e+00 8.476748101219589460e-06
9.106817122233138662e+00 8.263606064607703722e-06
9.115757950019510503e+00 8.056090246484708909e-06
9.124698777805882344e+00 7.853936829246596670e-06
9.133639605592255961e+00 7.657226348205469445e-06
9.142580433378629579e+00 7.466109934369742808e-06
9.151521261165001420e+00 7.279721175832826717e-06
9.160462088951375037e+00 7.099198485677816145e-06
9.169402916737746878e+00 6.923481198762577469e-06
9.178343744524120495e+00 6.752536573553318069e-06
9.187284572310492337e+00 6.586845208456344789e-06
9.196225400096865954e+00 6.425755342948759440e-06
9.205166227883239571e+00 6.269255430910735492e-06
9.214107055669611412e+00 6.117786926534803378e-06
9.223047883455983253e+00 5.970448857693901387e-06
9.231988711242356871e+00 5.827248916799492240e-06
9.240929539028730488e+00 5.689320442920853703e-06
9.249870366815102329e+00 5.554625640973443280e-06
9.258811194601474170e+00 5.424752679639440528e-06
9.267752022387847788e+00 5.298782136229345590e-06
9.276692850174221405e+00 5.176337867127424387e-06
9.285633677960593246e+00 5.057987915111524591e-06
9.294574505746966864e+00 4.943540343754196966e-06
9.303515333533340481e+00 4.832121138542325648e-06
9.312456161319712322e+00 4.725051863540362402e-06
9.321396989106084163e+00 4.621037366283771826e-06
9.330337816892457781e+00 4.520012586770876689e-06
9.339278644678831398e+00 4.423217249323343450e-06
9.348219472465203239e+00 4.328821825595169218e-06
9.357160300251575080e+00 4.237866722161643423e-06
9.366101128037950474e+00 4.150112670493756562e-06
9.375041955824322315e+00 4.064857779862593876e-06
9.383982783610694156e+00 3.982449223118868074e-06
9.392923611397067774e+00 3.903510581179880293e-06
9.401864439183441391e+00 3.826182138878259770e-06
9.410805266969813232e+00 3.752657165860277181e-06
9.419746094756185073e+00 3.681338281351895675e-06
9.428686922542558690e+00 3.612006644097735596e-06
9.437627750328932308e+00 3.545838295881453086e-06
9.446568578115304149e+00 3.481681781838527394e-06
9.455509405901675990e+00 3.419709628818756699e-06
9.464450233688051384e+00 3.360428801686983339e-06
9.473391061474423225e+00 3.302928551331815080e-06
9.482331889260795066e+00 3.247170737392153020e-06
9.491272717047168683e+00 3.194694106480917455e-06
9.500213544833542301e+00 3.143049584467306909e-06
9.509154372619914142e+00 3.094197228720087758e-06
9.518095200406285983e+00 3.047134658779372119e-06
9.527036028192659600e+00 3.001430274594629932e-06
9.535976855979033218e+00 2.957958561908515912e-06
9.544917683765405059e+00 2.916396349456033572e-06
9.553858511551776900e+00 2.876009842027715334e-06
9.562799339338152294e+00 2.837970811332495026e-06
9.571740167124524135e+00 2.801280151460884040e-06
9.580680994910895976e+00 2.765645232990396670e-06
9.589621822697269593e+00 2.732840838467333515e-06
9.598562650483643210e+00 2.700637292606686281e-06
9.607503478270015052e+00 2.670296904657958115e-06
9.616444306056386893e+00 2.641554682385259360e-06
9.625385133842760510e+00 2.613804284413621589e-06
9.634325961629134127e+00 2.587504439938297264e-06
9.643266789415505968e+00 2.563208008749376521e-06
9.652207617201877810e+00 2.539322083541413020e-06
9.661148444988253203e+00 2.517576159509067078e-06
9.670089272774625044e+00 2.496996879096337914e-06
9.679030100560996885e+00 2.477053282321357216e-06
9.687970928347370503e+00 2.459237753092342836e-06
9.696911756133744120e+00 2.442208798307828327e-06
9.705852583920115961e+00 2.426313886993595204e-06
9.714793411706487802e+00 2.411913825259934726e-06
9.723734239492861420e+00 2.398343591563416059e-06
9.732675067279235037e+00 2.385572461548447084e-06
9.741615895065606878e+00 2.374996421779511887e-06
9.750556722851980496e+00 2.364456229124622174e-06
9.759497550638354113e+00 2.355718787593111760e-06
9.768438378424725954e+00 2.347973468528347079e-06
9.777379206211097795e+00 2.340740521126674855e-06
9.786320033997471413e+00 2.335033826419067195e-06
9.795260861783845030e+00 2.330393479365308706e-06
9.804201689570216871e+00 2.326345926412801098e-06
9.813142517356588712e+00 2.323714984209700391e-06
9.822083345142962330e+00 2.321893818510088721e-06
9.831024172929335947e+00 2.320408476172424238e-06
9.839965000715707788e+00 2.321189252374451966e-06
9.848905828502081405e+00 2.322014268677297334e-06
9.857846656288455023e+00 2.324062994959245889e-06
9.866787484074826864e+00 2.327129268159575500e-06
9.875728311861198705e+00 2.330715063815742372e-06
9.884669139647572322e+00 2.335309723264079164e-06
9.893609967433945940e+00 2.341241527138548014e-06
9.902550795220317781e+00 2.347410124798415427e-06
9.911491623006689622e+00 2.354893005478920932e-06
9.920432450793063239e+00 2.363259434924485123e-06
9.929373278579436857e+00 2.371900156187983121e-06
9.938314106365808698e+00 2.382200684537382877e-06
9.947254934152182315e+00 2.392936216374165022e-06
9.956195761938555933e+00 2.404465392538273183e-06
9.965136589724927774e+00 2.416993845521548167e-06
9.974077417511299615e+00 2.430112828118301474e-06
9.983018245297673232e+00 2.443831501987486712e-06
9.991959073084046850e+00 2.459041817679965071e-06
1.000089990087041869e+01 2.474336054482146711e-06
1.000984072865679053e+01 2.490841768787072163e-06
1.001878155644316415e+01 2.508116471827541765e-06
1.002772238422953777e+01 2.525736662468596015e-06
1.003666321201590961e+01 2.544502357485554782e-06
1.004560403980228322e+01 2.563986931932635854e-06
1.005454486758865684e+01 2.583983009691042345e-06
1.006348569537502868e+01 2.604883859299430632e-06
1.007242652316140052e+01 2.626435257264030181e-06
1.008136735094777414e+01 2.648318667494323950e-06
1.009030817873414776e+01 2.671636190261643140e-06
1.009924900652051960e+01 2.695147605405294714e-06
1.010818983430689144e+01 2.719461282020613307e-06
1.011713066209326506e+01 2.744497170954969346e-06
1.012607148987963868e+01 2.769972535121668823e-06
1.013501231766601052e+01 2.796178158314693258e-06
1.014395314545238413e+01 2.823187485629422294e-06
1.015289397323875775e+01 2.850565526260763710e-06
1.016183480102512959e+01 2.878671426375035239e-06
1.017077562881150143e+01 2.907409320619237234e-06
1.017971645659787505e+01 2.936479091502665170e-06
1.018865728438424867e+01 2.966465873104145743e-06
1.019759811217062051e+01 2.996846516974048938e-06
1.020653893995699235e+01 3.027750670599396551e-06
1.021547976774336597e+01 3.059233948713605121e-06
1.022442059552973959e+01 3.091177852544509902e-06
1.023336142331611143e+01 3.123582542723646536e-06
1.024230225110248504e+01 3.156633307921027835e-06
1.025124307888885866e+01 3.190028299401384994e-06
1.026018390667523050e+01 3.223931296186712088e-06
1.026912473446160234e+01 3.258310589022256192e-06
1.027806556224797596e+01 3.293060834365851195e-06
1.028700639003434958e+01 3.328277929277494188e-06
1.029594721782072142e+01 3.363906851870346328e-06
1.030488804560709326e+01 3.399909813242059747e-06
1.031382887339346688e+01 3.436295814639748197e-06
1.032276970117984050e+01 3.473063949068175383e-06
1.033171052896621234e+01 3.510197777345233856e-06
1.034065135675258595e+01 3.547626551723042564e-06
1.034959218453895957e+01 3.585440107591217477e-06
1.035853301232533141e+01 3.623541696434348084e-06
1.036747384011170325e+01 3.661943556469138160e-06
1.037641466789807687e+01 3.700705766861061874e-06
1.038535549568445049e+01 3.739705299820684096e-06
1.039429632347082233e+01 3.778955071853139968e-06
1.040323715125719417e+01 3.818544804771288140e-06
1.041217797904356779e+01 3.858357752114459813e-06
1.042111880682994141e+01 3.898417601717052800e-06
1.043005963461631325e+01 3.938867098841062603e-06
1.043900046240268686e+01 3.979326309621884598e-06
1.044794129018906048e+01 4.020155002546706506e-06
1.045688211797543232e+01 4.061222074296140081e-06
1.046582294576180416e+01 4.102492610652220646e-06
1.047476377354817778e+01 4.144069029238846398e-06
1.048370460133455140e+01 4.185896196634538837e-06
1.049264542912092324e+01 4.227836908570380173e-06
1.050158625690729508e+01 4.270159349413405471e-06
1.051052708469367047e+01 4.312703517845029044e-06
1.051946791248004232e+01 4.355457174187608406e-06
1.052840874026641416e+01 4.398613561737847090e-06
1.053734956805278777e+01 4.441935829337901811e-06
1.054629039583916139e+01 4.485587307189126045e-06
1.055523122362553323e+01 4.529596615351281409e-06
1.056417205141190507e+01 4.573928398835663483e-06
1.057311287919827869e+01 4.618613967265165861e-06
1.058205370698465231e+01 4.663710184884232532e-06
1.059099453477102415e+01 4.709187926285220754e-06
1.059993536255739599e+01 4.755090961192965266e-06
1.060887619034377138e+01 4.801491689631807304e-06
1.061781701813014323e+01 4.848393997458079825e-06
1.062675784591651507e+01 4.895750195588956045e-06
1.063569867370288868e+01 4.943771528911200830e-06
1.064463950148926230e+01 4.992408993388086523e-06
1.065358032927563414e+01 5.041617509720348185e-06
1.066252115706200598e+01 5.091578517624332298e-06
1.067146198484837960e+01 5.142281275959444204e-06
1.068040281263475322e+01 5.193469474494645570e-06
1.068934364042112506e+01 5.246087101303876623e-06
1.069828446820749690e+01 5.299243195308600473e-06
1.070722529599387229e+01 5.353383246334571939e-06
1.071616612378024413e+01 5.408644113985369959e-06
1.072510695156661598e+01 5.464703907954991792e-06
1.073404777935298959e+01 5.521968411725450367e-06
1.074298860713936321e+01 5.580781765805111406e-06
1.075192943492573505e+01 5.640394252711831384e-06
1.076087026271210689e+01 5.701450840804686316e-06
1.076981109049848051e+01 5.764173862013582238e-06
1.077875191828485413e+01 5.827565418335140899e-06
1.078769274607122597e+01 5.893491765480818330e-06
1.079663357385759781e+01 5.960627764218299522e-06
1.080557440164397320e+01 6.029250461010628356e-06
1.081451522943034504e+01 6.099849574882957382e-06
1.082345605721671689e+01 6.172055890259218797e-06
1.083239688500309050e+01 6.245757815547583460e-06
1.084133771278946412e+01 6.322572563183903488e-06
1.085027854057583596e+01 6.400445673210025773e-06
1.085921936836220780e+01 6.480729769736885146e-06
1.086816019614858142e+01 6.563644268661497369e-06
1.087710102393495504e+01 6.647825404206043671e-06
1.088604185172132688e+01 6.735230077466925279e-06
1.089498267950770050e+01 6.825089631736329410e-06
1.090392350729407411e+01 6.916891156857031646e-06
1.091286433508044595e+01 7.011498398500499940e-06
1.092180516286681780e+01 7.108907379245448558e-06
1.093074599065319141e+01 7.207845829282873386e-06
1.093968681843956503e+01 7.311575110273556211e-06
1.094862764622593687e+01 7.417027229668346983e-06
1.095756847401230871e+01 7.525359686066479871e-06
1.096650930179868233e+01 7.637151625164765356e-06
1.097545012958505595e+01 7.751260672279964157e-06
1.098439095737142779e+01 7.868720065525646609e-06
1.099333178515780141e+01 7.989963368124428976e-06
1.100227261294417502e+01 8.113607838273083816e-06
1.101121344073054686e+01 8.240583948960178057e-06
1.102015426851691871e+01 8.371473411004117028e-06
1.102909509630329232e+01 8.504411553631370874e-06
1.103803592408966594e+01 8.642246313212516965e-06
1.104697675187603778e+01 8.782907013368886382e-06
1.105591757966240962e+01 8.926719987927488574e-06
1.106485840744878324e+01 9.074302599277896572e-06
1.107379923523515686e+01 9.225189281808741733e-06
1.108274006302152870e+01 9.379262026165955171e-06
1.109168089080790232e+01 9.537652372255776625e-06
1.110062171859427593e+01 9.698954584424932941e-06
1.110956254638064777e+01 9.863750003832073832e-06
1.111850337416701962e+01 1.003254363409909668e-05
1.112744420195339323e+01 1.020426703358981448e-05
1.113638502973976685e+01 1.037984867024378441e-05
1.114532585752613869e+01 1.055891399140553086e-05
1.115426668531251053e+01 1.074124527591849011e-05
1.116320751309888415e+01 1.092702826711106624e-05
1.117214834088525777e+01 1.111631066274288232e-05
1.118108916867162961e+01 1.130883672897284219e-05
1.119002999645800323e+01 1.150469032739035799e-05
1.119897082424437684e+01 1.170389998157966415e-05
1.120791165203074868e+01 1.190626437626027479e-05
1.121685247981712052e+01 1.211168583502669592e-05
1.122579330760349414e+01 1.232049563855991385e-05
1.123473413538986776e+01 1.253212895796513025e-05
1.124367496317623960e+01 1.274661520367121035e-05
1.125261579096261144e+01 1.296434874819448377e-05
1.126155661874898506e+01 1.318486331218821630e-05
1.127049744653535868e+01 1.340782411376559782e-05
1.127943827432173052e+01 1.363450793478802085e-05
1.128837910210810414e+01 1.386237208287839412e-05
1.129731992989447775e+01 1.409347889805098306e-05
1.130626075768084959e+01 1.432732272240395941e-05
1.131520158546722143e+01 1.456309228936770784e-05
1.132414241325359505e+01 1.480164790539988289e-05
1.133308324103996867e+01 1.504266828107976553e-05
1.134202406882634051e+01 1.528486405359219961e-05
1.135096489661271235e+01 1.553017130307389406e-05
1.135990572439908597e+01 1.577776511989165988e-05
1.136884655218545959e+01 1.602588090644084014e-05
1.137778737997183143e+01 1.627784242703826057e-05
1.138672820775820504e+01 1.653004232424826189e-05
1.139566903554457866e+01 1.678440772779826794e-05
1.140460986333095050e+01 1.704123764205572075e-05
1.141355069111732234e+01 1.729933097579505470e-05
1.142249151890369596e+01 1.755893437719028194e-05
1.143143234669006958e+01 1.782142476617736490e-05
1.144037317447644142e+01 1.808342630354799703e-05
1.144931400226281326e+01 1.834824179605281286e-05
1.145825483004918688e+01 1.861488325214430740e-05
1.146719565783556050e+01 1.888165783641638693e-05
1.147613648562193234e+01 1.915145421486502019e-05
1.148507731340830595e+01 1.942190664930523955e-05
1.149401814119467957e+01 1.969342313960896625e-05
1.150295896898105141e+01 1.996735654353822765e-05
1.151189979676742325e+01 2.024270390769420115e-05
1.152084062455379687e+01 2.051851489682333802e-05
1.152978145234017049e+01 2.079796988922224038e-05
1.153872228012654233e+01 2.107622958091662099e-05
1.154766310791291417e+01 2.135713325081451891e-05
1.155660393569928779e+01 2.164019947249803475e-05
1.156554476348566141e+01 2.192391452330006874e-05
1.157448559127203325e+01 2.220988507526815191e-05
1.158342641905840686e+01 2.249768530642658827e-05
1.159236724684478048e+01 2.278628407921623757e-05
1.160130807463115232e+01 2.307749551632418318e-05
1.161024890241752416e+01 2.337090041668014200e-05
1.161918973020389778e+01 2.366472073349463708e-05
1.162813055799027140e+01 2.396215367439299637e-05
1.163707138577664324e+01 2.426029684283901051e-05
1.164601221356301508e+01 2.456082479148376360e-05
1.165495304134939047e+01 2.486405687460725882e-05
1.166389386913576232e+01 2.516916653816645203e-05
1.167283469692213416e+01 2.547649257888420066e-05
1.168177552470850777e+01 2.578684398702606973e-05
1.169071635249488139e+01 2.609882116365113170e-05
1.169965718028125323e+01 2.641385406392333577e-05
1.170859800806762507e+01 2.673183426205056405e-05
1.171753883585399869e+01 2.705178109934960106e-05
1.172647966364037231e+01 2.737525360844279381e-05
1.173542049142674415e+01 2.770137624954382410e-05
1.174436131921311599e+01 2.803043693536610035e-05
1.175330214699949138e+01 2.836289019615483801e-05
1.176224297478586323e+01 2.869854860633478394e-05
1.177118380257223507e+01 2.903722479369296109e-05
1.178012463035860868e+01 2.937973050587857065e-05
1.178906545814498230e+01 2.972529249847685279e-05
1.179800628593135414e+01 3.007454177247325522e-05
1.180694711371772598e+01 3.042758718032179918e-05
1.181588794150409960e+01 3.078417286816961010e-05
1.182482876929047322e+01 3.114465032808568624e-05
1.183376959707684506e+01 3.150901854190556590e-05
1.184271042486321690e+01 3.187724707429396003e-05
1.185165125264959229e+01 3.224954568667697251e-05
1.186059208043596414e+01 3.262594453884868555e-05
1.186953290822233598e+01 3.300631459357827462e-05
1.187847373600870959e+01 3.339100667767751424e-05
1.188741456379508321e+01 3.377974391378327240e-05
1.189635539158145505e+01 3.417275931679245038e-05
1.190529621936782689e+01 3.457010054612585096e-05
1.191423704715420051e+01 3.497162692793326751e-05
1.192317787494057413e+01 3.537747521619754627e-05
1.193211870272694597e+01 3.578769374316903248e-05
1.194105953051331781e+01 3.620200651656359150e-05
1.195000035829969320e+01 3.662076324278706511e-05
1.195894118608606504e+01 3.704392551635037788e-05
1.196788201387243689e+01 3.747078792028687549e-05
1.197682284165881050e+01 3.790239440001881923e-05
1.198576366944518412e+01 3.833773971059776977e-05
1.199470449723155596e+01 3.877718411105310218e-05
1.200364532501792780e+01 3.922099047691131850e-05
1.201258615280430142e+01 3.966857571823009500e-05
1.202152698059067504e+01 4.011970760426643404e-05
1.203046780837704688e+01 4.057545928437140937e-05
1.203940863616342050e+01 4.103382476737027008e-05
1.204834946394979411e+01 4.149616362863981634e-05
1.205729029173616595e+01 4.196261390318147986e-05
1.206623111952253780e+01 4.243102473947160766e-05
1.207517194730891141e+01 4.290367214592842582e-05
1.208411277509528503e+01 4.337906353542155880e-05
1.209305360288165687e+01 4.385683705477734745e-05
1.210199443066802871e+01 4.433823332751853536e-05
1.211093525845440233e+01 4.482257229433628877e-05
1.211987608624077595e+01 4.530731631195529844e-05
1.212881691402714779e+01 4.579714818672076990e-05
1.213775774181352141e+01 4.628624997508725759e-05
1.214669856959989502e+01 4.677797675137333494e-05
1.215563939738626686e+01 4.727292365063164367e-05
1.216458022517263871e+01 4.776748767572276043e-05
1.217352105295901232e+01 4.826387458949933494e-05
1.218246188074538594e+01 4.876231707034315096e-05
1.219140270853175778e+01 4.925987232576077644e-05
1.220034353631812962e+01 4.975937033984784109e-05
1.220928436410450324e+01 5.026148016614009000e-05
1.221822519189087686e+01 5.075830730015047252e-05
1.222716601967724870e+01 5.125987208214059012e-05
1.223610684746362232e+01 5.175867394412229206e-05
1.224504767524999593e+01 5.225709152605671033e-05
1.225398850303636777e+01 5.275713768518781887e-05
1.226292933082273962e+01 5.325510395866268681e-05
1.227187015860911323e+01 5.375041607323388247e-05
1.228081098639548685e+01 5.424795067458515333e-05
1.228975181418185869e+01 5.474055036071628428e-05
1.229869264196823053e+01 5.523245366852647440e-05
1.230763346975460415e+01 5.572572865259785968e-05
1.231657429754097777e+01 5.621070046462027243e-05
1.232551512532734961e+01 5.669744014526266717e-05
1.233445595311372323e+01 5.718066158734419192e-05
1.234339678090009684e+01 5.765989065153711890e-05
1.235233760868646868e+01 5.813858217915636228e-05
1.236127843647284053e+01 5.861486105626044350e-05
1.237021926425921414e+01 5.908263929055864952e-05
1.237916009204558776e+01 5.955361978339340746e-05
1.238810091983195960e+01 6.001517641745785224e-05
1.239704174761833144e+01 6.047370395710529711e-05
1.240598257540470506e+01 6.093238660217099720e-05
1.241492340319107868e+01 6.138165582899255399e-05
1.242386423097745052e+01 6.182813109684879508e-05
1.243280505876382414e+01 6.227156386964823975e-05
1.244174588655019775e+01 6.270763951382370019e-05
1.245068671433656959e+01 6.314067474704004271e-05
1.245962754212294143e+01 6.357239455443454152e-05
1.246856836990931505e+01 6.398941979319280188e-05
1.247750919769568867e+01 6.440896004283968408e-05
1.248645002548206051e+01 6.481889001685523367e-05
1.249539085326843235e+01 6.522303523855925835e-05
1.250433168105480597e+01 6.562543867799639006e-05
1.251327250884117959e+01 6.601911496514697325e-05
1.252221333662755143e+01 6.640495043254253317e-05
1.253115416441392505e+01 6.678905376733948517e-05
1.254009499220029866e+01 6.716331222998117557e-05
1.254903581998667050e+01 6.753200418734220801e-05
1.255797664777304234e+01 6.789977349817232736e-05
1.256691747555941596e+01 6.825091300817149925e-05
1.257585830334578958e+01 6.860181670383821398e-05
1.258479913113216142e+01 6.894474884134163333e-05
1.259373995891853326e+01 6.927964475303770135e-05
1.260268078670490688e+01 6.961089964587825361e-05
1.261162161449128050e+01 6.993553761711346621e-05
1.262056244227765234e+01 7.024772116178483699e-05
1.262950327006402595e+01 7.055984883416685516e-05
1.263844409785039957e+01 7.086063837081262788e-05
1.264738492563677141e+01 7.115384644273666306e-05
1.265632575342314325e+01 7.144581770557976584e-05
1.266526658120951687e+01 7.172373836382716944e-05
1.267420740899589049e+01 7.199721070252387801e-05
1.268314823678226233e+01 7.226496337396424551e-05
1.269208906456863417e+01 7.252359308534524966e-05
1.270102989235500779e+01 7.277695055594130089e-05
1.270997072014138141e+01 7.302661895445305474e-05
1.271891154792775325e+01 7.326044425594931565e-05
1.272785237571412686e+01 7.349476132850581091e-05
1.273679320350050048e+01 7.371844847545273936e-05
1.274573403128687232e+01 7.393471300158680880e-05
1.275467485907324416e+01 7.414847198641428953e-05
1.276361568685961778e+01 7.435173977854829552e-05
1.277255651464599140e+01 7.454722998428042931e-05
1.278149734243236324e+01 7.473932290567838262e-05
1.279043817021873508e+01 7.492240143762267119e-05
1.279937899800511047e+01 7.509908436771861552e-05
1.280831982579148232e+01 7.527466599421826809e-05
1.281726065357785416e+01 7.543363575521308973e-05
1.282620148136422777e+01 7.559222892559193374e-05
1.283514230915060139e+01 7.574342066970228863e-05
1.284408313693697323e+01 7.588725288460275789e-05
1.285302396472334507e+01 7.602764063741119832e-05
1.286196479250971869e+01 7.616137055117948057e-05
1.287090562029609231e+01 7.628537349985958630e-05
1.287984644808246415e+01 7.640794947992967235e-05
1.288878727586883599e+01 7.652262076956735208e-05
1.289772810365521138e+01 7.663039763297486268e-05
1.290666893144158323e+01 7.673729066294453986e-05
1.291560975922795507e+01 7.683263272294970280e-05
1.292455058701432868e+01 7.692496851359936815e-05
1.293349141480070230e+01 7.701277080988655477e-05
1.294243224258707414e+01 7.709419793090487884e-05
1.295137307037344598e+01 7.717173884644558314e-05
1.296031389815981960e+01 7.724603248394498951e-05
1.296925472594619322e+01 7.731029060859125838e-05
1.297819555373256506e+01 7.737432389869762538e-05
1.298713638151893690e+01 7.743175212682928054e-05
1.299607720930531229e+01 7.748403217249294679e-05
1.300501803709168414e+01 7.753499327339641409e-05
1.301395886487805598e+01 7.757894602908560304e-05
1.302289969266442959e+01 7.761864604241635560e-05
1.303184052045080321e+01 7.765600171075812532e-05
1.304078134823717505e+01 7.768855105085761944e-05
1.304972217602354689e+01 7.771736793796099770e-05
1.305866300380992051e+01 7.774537497829214576e-05
1.306760383159629413e+01 7.776461857812221946e-05
1.307654465938266597e+01 7.778358340599581932e-05
1.308548548716903781e+01 7.779887160677041746e-05
1.309442631495541320e+01 7.781038809699044624e-05
1.310336714274178505e+01 7.782033150312223167e-05
1.311230797052815689e+01 7.780981182371513147e-05
1.312124879831453050e+01 7.777446263884611462e-05
1.313018962610090412e+01 7.773884391017453661e-05
1.313913045388727596e+01 7.770295563898406573e-05
1.314807128167364780e+01 7.766679782654981859e-05
1.315701210946002142e+01 7.763037047413883450e-05
1.316595293724639504e+01 7.759367358300975023e-05
1.317489376503276688e+01 7.755670715441322007e-05
1.318383459281914050e+01 7.751947118959168551e-05
1.319277542060551411e+01 7.748196568977961914e-05
1.320171624839188596e+01 7.744419065206798456e-05
1.321065707617825780e+01 7.740614607732747743e-05
1.321959790396462964e+01 7.736783197135651939e-05
1.322853873175100503e+01 7.732924833535717894e-05
1.323747955953737687e+01 7.729039517052370477e-05
1.324642038732374871e+01 7.725127247804271550e-05
1.325536121511012411e+01 7.721188025909328100e-05
1.326430204289649595e+01 7.717221851484699013e-05
1.327324287068286779e+01 7.713228724646792366e-05
1.328218369846923963e+01 7.709208645511273557e-05
1.329112452625561502e+01 7.705161614193088346e-05
1.330006535404198686e+01 7.701087630806437102e-05
1.330900618182835871e+01 7.696986695464811399e-05
1.331794700961473055e+01 7.692858808280984525e-05
1.332688783740110594e+01 7.688703969367010130e-05
1.333582866518747778e+01 7.684522178834247974e-05
1.334476949297384962e+01 7.680313436793347666e-05
1.335371032076022502e+01 7.676077743354273056e-05
1.336265114854659686e+01 7.671815098626296814e-05
1.337159197633296870e+01 7.667525502718003144e-05
1.338053280411934054e+01 7.663208955737302688e-05
1.338947363190571593e+01 7.658865457791431172e-05
1.339841445969208777e+01 7.654495008986958893e-05
1.340735528747845962e+01 7.650097609429788010e-05
1.341629611526483146e+01 7.645673259225174224e-05
1.342523694305120685e+01 7.641221958477701032e-05
1.343417777083757869e+01 7.636743707291327159e-05
1.344311859862395053e+01 7.632238505769351324e-05
1.345205942641032593e+01 7.627706354014447470e-05
1.346100025419669777e+01 7.623147252128640379e-05
1.346994108198306961e+01 7.618561200213350387e-05
1.347888190976944145e+01 7.613948198369354086e-05
1.348782273755581684e+01 7.609308246696812783e-05
1.349676356534218868e+01 7.604641345295286054e-05
1.350570439312856053e+01 7.599947494263715477e-05
1.351464522091493592e+01 7.595226693543631385e-05
1.352358604870130776e+01 7.590478942842430652e-05
1.353252687648767960e+01 7.585704242812709472e-05
1.354146770427405144e+01 7.580902593550940154e-05
1.355040853206042684e+01 7.576073995153002763e-05
1.355934935984679868e+01 7.571218447714208157e-05
1.356829018763317052e+01 7.566335951329281723e-05
1.357723101541954236e+01 7.561426506092376934e-05
1.358617184320591775e+01 7.556490112097082122e-05
1.359511267099228959e+01 7.551526769436420477e-05
1.360405349877866144e+01 7.546536478202856826e-05
1.361299432656503683e+01 7.541519238488294922e-05
1.362193515435140867e+01 7.536475050384097772e-05
1.363087598213778051e+01 7.531403913981071373e-05
1.363981680992415235e+01 7.526305829369482332e-05
1.364875763771052775e+01 7.521180796639056511e-05
1.365769846549689959e+01 7.516028815878985801e-05
1.366663929328327143e+01 7.510849887177933545e-05
1.367558012106964327e+01 7.505644010624034539e-05
1.368452094885601866e+01 7.500411186304889607e-05
1.369346177664239050e+01 7.495151414307600840e-05
1.370240260442876234e+01 7.489864694718736363e-05
1.371134343221513774e+01 7.484551027624361497e-05
1.372028426000150958e+01 7.479210413110030638e-05
1.372922508778788142e+01 7.473842851260795379e-05
1.373816591557425326e+01 7.468448342161203160e-05
1.374710674336062866e+01 7.463026885895305401e-05
1.375604757114700050e+01 7.457578482546664274e-05
1.376498839893337234e+01 7.452103132198351348e-05
1.377392922671974418e+01 7.446600834932944881e-05
1.378287005450611957e+01 7.441071590832542019e-05
1.379181088229249141e+01 7.435515399978775053e-05
1.380075171007886325e+01 7.429932262452776186e-05
1.380969253786523865e+01 7.424322178335226324e-05
1.381863336565161049e+01 7.418685147706327967e-05
1.382757419343798233e+01 7.413021170645820118e-05
1.383651502122435417e+01 7.407330246674981441e-05
1.384545584901072957e+01 7.401612376417992546e-05
1.385439667679710141e+01 7.395867559972469577e-05
1.386333750458347325e+01 7.390095797416260960e-05
1.387227833236984509e+01 7.384297088826755691e-05
1.388121916015622048e+01 7.378471434280913150e-05
1.389015998794259232e+01 7.372618833855249551e-05
1.389910081572896416e+01 7.366739287625831162e-05
1.390804164351533956e+01 7.360832795668293283e-05
1.391698247130171140e+01 7.354899358057845663e-05
1.392592329908808324e+01 7.348938974869263015e-05
1.393486412687445508e+01 7.342951646176886372e-05
1.394380495466083048e+01 7.336937372054644769e-05
1.395274578244720232e+01 7.330896152576047114e-05
1.396168661023357416e+01 7.324827987814169989e-05
1.397062743801994600e+01 7.318732877841694240e-05
1.397956826580632139e+01 7.312610822730873812e-05
1.398850909359269323e+01 7.306461822553564204e-05
1.399744992137906507e+01 7.300285877381208917e-05
1.400639074916544047e+01 7.294082987284850300e-05
1.401533157695181231e+01 7.287853152335130899e-05
1.402427240473818415e+01 7.281596372602301595e-05
1.403321323252455599e+01 7.275312648156202625e-05
1.404215406031093138e+01 7.269001979066293403e-05
1.405109488809730323e+01 7.262664365401651158e-05
1.406003571588367507e+01 7.256299807230949257e-05
1.406897654367004691e+01 7.249908304622497857e-05
1.407791737145642230e+01 7.243489857644200541e-05
1.408685819924279414e+01 7.237044466363608524e-05
1.409579902702916598e+01 7.230572130847877290e-05
1.410473985481554138e+01 7.224072851163801823e-05
1.411368068260191322e+01 7.217546627377800349e-05
1.412262151038828506e+01 7.210993459555923820e-05
1.413156233817465690e+01 7.204413347763864045e-05
1.414050316596103229e+01 7.197806292066932007e-05
1.414944399374740414e+01 7.191172292192406137e-05
