5.217557035160964141e+00 3.499063157569695592e-43
5.226497862947336870e+00 5.887640697522083828e-41
5.235438690733709599e+00 8.452422667300088447e-39
5.244379518520082328e+00 1.035312609863215274e-36
5.253320346306455058e+00 1.081962457171920510e-34
5.262261174092827787e+00 9.647244149283207925e-33
5.271202001879201404e+00 7.339132661103524159e-31
5.280142829665574133e+00 4.763614369360859171e-29
5.289083657451946863e+00 2.638024626731720711e-27
5.298024485238319592e+00 1.246440306914903589e-25
5.306965313024692321e+00 5.024750637499014917e-24
5.315906140811065050e+00 1.728255443944585383e-22
5.324846968597437780e+00 5.071678828638636057e-21
5.333787796383810509e+00 1.269831053662391883e-19
5.342728624170183238e+00 2.712629833828125976e-18
5.351669451956555967e+00 4.944080284806496722e-17
5.360610279742928697e+00 7.688309984410462050e-16
5.369551107529302314e+00 1.020062181178375823e-14
5.378491935315675043e+00 1.154709656543213048e-13
5.387432763102047772e+00 1.115242571928895959e-12
5.396373590888420502e+00 9.190016076870098460e-12
5.405314418674793231e+00 6.461206082062168790e-11
5.414255246461165960e+00 3.875799528344178668e-10
5.423196074247538689e+00 1.983624246166127805e-09
5.432136902033911419e+00 8.661794998387824231e-09
5.441077729820284148e+00 3.227058096049351020e-08
5.450018557606656877e+00 1.025784322561432786e-07
5.458959385393030495e+00 2.781991001166126213e-07
5.467900213179403224e+00 6.437330022424206626e-07
5.476841040965775953e+00 1.270884897220042574e-06
5.485781868752148682e+00 2.140706131634035505e-06
5.494722696538521411e+00 3.076509620944300979e-06
5.503663524324894141e+00 3.772331867030695151e-06
5.512604352111266870e+00 3.946498094044260333e-06
5.521545179897639599e+00 3.522607802280021135e-06
5.530486007684012328e+00 2.682668922728449903e-06
5.539426835470385058e+00 1.743091776552254163e-06
5.548367663256758675e+00 9.663263453230699343e-07
5.557308491043131404e+00 4.570648001289453469e-07
5.566249318829504134e+00 1.844514708996718091e-07
5.575190146615876863e+00 6.350923180172648564e-08
5.584130974402249592e+00 1.865700752193205236e-08
5.593071802188622321e+00 4.676247660086856628e-09
5.602012629974995050e+00 1.000007855082292479e-09
5.610953457761367780e+00 1.824566552259808292e-10
5.619894285547740509e+00 2.840314279347769549e-11
5.628835113334113238e+00 3.772449852967537165e-12
5.637775941120485967e+00 4.274949058575298947e-13
5.646716768906859585e+00 4.133222669261682883e-14
5.655657596693232314e+00 3.409549906169295361e-15
5.664598424479605043e+00 2.399693034572896700e-16
5.673539252265977773e+00 1.441002453974272377e-17
5.682480080052350502e+00 7.382851620792649598e-19
5.691420907838723231e+00 3.227259962396113414e-20
5.700361735625095960e+00 1.203633177574481091e-21
5.709302563411468689e+00 3.830052621531467851e-23
5.718243391197841419e+00 1.039838089174561379e-24
5.727184218984214148e+00 2.408668829759189959e-26
5.736125046770586877e+00 4.760349657830994259e-28
5.745065874556960495e+00 8.026958270214278612e-30
5.754006702343333224e+00 1.154818006311436729e-31
5.762947530129705953e+00 1.417511134309898094e-33
5.771888357916078682e+00 1.484532812104267845e-35
5.780829185702451412e+00 1.326488574325880415e-37
5.789770013488824141e+00 1.011271146703050001e-39
5.798710841275196870e+00 6.577821881521675674e-42
5.807651669061569599e+00 3.650454943144745454e-44
5.816592496847942328e+00 1.728471670387936030e-46
5.825533324634315058e+00 6.982807851595266003e-49
5.834474152420687787e+00 3.759499585541765336e-51
5.843414980207061404e+00 4.471431368888848344e-49
5.852355807993434134e+00 1.255580077860881483e-46
5.861296635779806863e+00 2.995080081584292483e-44
5.870237463566179592e+00 6.069204385555235774e-42
5.879178291352552321e+00 1.044754831588509016e-39
5.888119119138925051e+00 1.527764150028497835e-37
5.897059946925297780e+00 1.897831027501711105e-35
5.906000774711670509e+00 2.002710024403901443e-33
5.914941602498043238e+00 1.795303600816642971e-31
5.923882430284415967e+00 1.367152728326325451e-29
5.932823258070788697e+00 8.844137099552689853e-28
5.941764085857162314e+00 4.860189471803873690e-26
5.950704913643535043e+00 2.268873254164657408e-24
5.959645741429907773e+00 8.997597721494828737e-23
5.968586569216280502e+00 3.031113577624580379e-21
5.977527397002653231e+00 8.674354145221996279e-20
5.986468224789025960e+00 2.108780559639889121e-18
5.995409052575398690e+00 4.354967625163020868e-17
6.004349880361771419e+00 7.640077668342371625e-16
6.013290708148144148e+00 1.138596691803019506e-14
6.022231535934517765e+00 1.441455909380858433e-13
6.031172363720889606e+00 1.550215623283437793e-12
6.040113191507263224e+00 1.416257286368930431e-11
6.049054019293635953e+00 1.099136186587247311e-10
6.057994847080008682e+00 7.246364180018615488e-10
6.066935674866381412e+00 4.058337005034245758e-09
6.075876502652754141e+00 1.930791422771990662e-08
6.084817330439126870e+00 7.803364883518998680e-08
6.093758158225499599e+00 2.679092879955603094e-07
6.102698986011872329e+00 7.813631521091375505e-07
6.111639813798245058e+00 1.935875325967909766e-06
6.120580641584618675e+00 4.074376361558394209e-06
6.129521469370990516e+00 7.284574744275297954e-06
6.138462297157364134e+00 1.106385729102607193e-05
6.147403124943736863e+00 1.427474070145741308e-05
6.156343952730109592e+00 1.564549082088647049e-05
6.165284780516482321e+00 1.456697776749002461e-05
6.174225608302855051e+00 1.152149999341476748e-05
6.183166436089227780e+00 7.741192936934685920e-06
6.192107263875600509e+00 4.418410484036600544e-06
6.201048091661973238e+00 2.142315998164558196e-06
6.209988919448345968e+00 8.823894409445196986e-07
6.218929747234719585e+00 3.087424707113799428e-07
6.227870575021091426e+00 9.176810196294338489e-08
6.236811402807465043e+00 2.317108789170355983e-08
6.245752230593837773e+00 4.970045916941903596e-09
6.254693058380210502e+00 9.055942969535414684e-10
6.263633886166583231e+00 1.401736098901898824e-10
6.272574713952955960e+00 1.843139209819413899e-11
6.281515541739328690e+00 2.058777056147604446e-12
6.290456369525701419e+00 1.953528728919081352e-13
6.299397197312074148e+00 1.574670119186689756e-14
6.308338025098446877e+00 1.078248025893652871e-15
6.317278852884820495e+00 6.272014564997556795e-17
6.326219680671192336e+00 3.099236698636752442e-18
6.335160508457565953e+00 1.300953383572381771e-19
6.344101336243938682e+00 4.639039017395512829e-21
6.353042164030311412e+00 1.405250073721571209e-22
6.361982991816684141e+00 3.616083992694154666e-24
6.370923819603056870e+00 7.904651062921413162e-26
6.379864647389429599e+00 1.467865282409766615e-27
6.388805475175802329e+00 2.315522446037181365e-29
6.397746302962175946e+00 3.102923674982583452e-31
6.406687130748547787e+00 3.532258607023672680e-33
6.415627958534921405e+00 3.415805962617027115e-35
6.424568786321294134e+00 2.806035711185763622e-37
6.433509614107666863e+00 1.958179485977632079e-39
6.442450441894039592e+00 1.160836621516215526e-41
6.451391269680412321e+00 5.845868014421830586e-44
6.460332097466785051e+00 2.500841757492152528e-46
6.469272925253157780e+00 9.088301373379153265e-49
6.478213753039530509e+00 2.805682537103958751e-51
6.487154580825903238e+00 7.357895903432146497e-54
6.496095408612276856e+00 1.639185300370610599e-56
6.505036236398648697e+00 3.102142641975107603e-59
6.513977064185022314e+00 4.987176949159496902e-62
6.522917891971395044e+00 6.811607695596366317e-65
6.531858719757767773e+00 5.521245917792104501e-66
6.540799547544140502e+00 3.792105825813533645e-63
6.549740375330513231e+00 2.256824863051414279e-60
6.558681203116885960e+00 1.147173447393050746e-57
6.567622030903258690e+00 4.980513540898590907e-55
6.576562858689631419e+00 1.846855744745231251e-52
6.585503686476004148e+00 5.849323414775623804e-50
6.594444514262377766e+00 1.582311939183650796e-47
6.603385342048749607e+00 3.655883820524171772e-45
6.612326169835123224e+00 7.214503980095183226e-43
6.621266997621495953e+00 1.216002251971065898e-40
6.630207825407868683e+00 1.750556335634839350e-38
6.639148653194241412e+00 2.152442776801975960e-36
6.648089480980614141e+00 2.260481451723041307e-34
6.657030308766986870e+00 2.027608446102992937e-32
6.665971136553359599e+00 1.553391934706665733e-30
6.674911964339732329e+00 1.016463552638156819e-28
6.683852792126105058e+00 5.680890078290070792e-27
6.692793619912478675e+00 2.711781988196962413e-25
6.701734447698850516e+00 1.105622754104497968e-23
6.710675275485224134e+00 3.850108555426774195e-22
6.719616103271596863e+00 1.145124725444603976e-20
6.728556931057969592e+00 2.909018075121252392e-19
6.737497758844342322e+00 6.311809139575238455e-18
6.746438586630715051e+00 1.169701661000507062e-16
6.755379414417087780e+00 1.851442231485703906e-15
6.764320242203460509e+00 2.502989544301992516e-14
6.773261069989833238e+00 2.890158865451906426e-13
6.782201897776205968e+00 2.850350099227655569e-12
6.791142725562579585e+00 2.400979807221095401e-11
6.800083553348951426e+00 1.727398825146297840e-10
6.809024381135325044e+00 1.061476893676085706e-09
6.817965208921697773e+00 5.571117121003563314e-09
6.826906036708070502e+00 2.497398668019587658e-08
6.835846864494443231e+00 9.561970524835368040e-08
6.844787692280815961e+00 3.126952106545821673e-07
6.853728520067188690e+00 8.733951490975793117e-07
6.862669347853561419e+00 2.083634188897714928e-06
6.871610175639934148e+00 4.245943122730182864e-06
6.880551003426306877e+00 7.391771260687337206e-06
6.889491831212680495e+00 1.100139154962275384e-05
6.898432658999052336e+00 1.403515094032384549e-05
6.907373486785425953e+00 1.549938603975021037e-05
6.916314314571798683e+00 1.533701176948965163e-05
6.925255142358171412e+00 1.506170767234039038e-05
6.934195970144544141e+00 1.761565882476599931e-05
6.943136797930916870e+00 2.625014455180562232e-05
6.952077625717289600e+00 4.254678155593127621e-05
6.961018453503662329e+00 6.431495686339219905e-05
6.969959281290035946e+00 8.504368081773034955e-05
6.978900109076407787e+00 9.646015984573551945e-05
6.987840936862781405e+00 9.333949952727653952e-05
6.996781764649154134e+00 7.694027231562201581e-05
7.005722592435526863e+00 5.400572866543997983e-05
7.014663420221899592e+00 3.227580612351604178e-05
7.023604248008272322e+00 1.642301444359109020e-05
7.032545075794645051e+00 7.114816847782160246e-06
7.041485903581017780e+00 2.624271184714382175e-06
7.050426731367390509e+00 8.241145463366173640e-07
7.059367559153763239e+00 2.203435077776621029e-07
7.068308386940136856e+00 5.015875285169185979e-08
7.077249214726508697e+00 9.721359116407632179e-09
7.086190042512882314e+00 1.604135420872404306e-09
7.095130870299255044e+00 2.253662378694754804e-10
7.104071698085627773e+00 2.695693215158825903e-11
7.113012525872000502e+00 2.745275033780803059e-12
7.121953353658373231e+00 2.380318323269218516e-13
7.130894181444745961e+00 1.757187087608597071e-14
7.139835009231118690e+00 1.104421241939034976e-15
7.148775837017491419e+00 5.909970092879397673e-17
7.157716664803864148e+00 2.692586100243314817e-18
7.166657492590237766e+00 1.044450110558095227e-19
7.175598320376609607e+00 3.449368469160635559e-21
7.184539148162983224e+00 9.698989927749514704e-23
7.193479975949355953e+00 2.324261054869035868e-24
7.202420803735728683e+00 6.627815746832800506e-26
7.211361631522101412e+00 1.468492406772633881e-25
7.220302459308474141e+00 1.077088041519307693e-24
7.229243287094846870e+00 7.604909703347863589e-24
7.238184114881219600e+00 5.140191278388483822e-23
7.247124942667593217e+00 3.325844908810235027e-22
7.256065770453965058e+00 2.059976148122166599e-21
7.265006598240338676e+00 1.221405513250669706e-20
7.273947426026710517e+00 6.932582488863351666e-20
7.282888253813084134e+00 3.766757843662824013e-19
7.291829081599456863e+00 1.959195805812854384e-18
7.300769909385829592e+00 9.754959465770719645e-18
7.309710737172202322e+00 4.649546350964310552e-17
7.318651564958575051e+00 2.121451851881364826e-16
7.327592392744947780e+00 9.266020638824301551e-16
7.336533220531320509e+00 3.874278464501050009e-15
7.345474048317694127e+00 1.550693217832786270e-14
7.354414876104065968e+00 5.941531829417231331e-14
7.363355703890439585e+00 2.179257023038925611e-13
7.372296531676811426e+00 7.651665322899731048e-13
7.381237359463185044e+00 2.571822334898132441e-12
7.390178187249557773e+00 8.274913196830292519e-12
7.399119015035930502e+00 2.548727562562812162e-11
7.408059842822303231e+00 7.514859580636536554e-11
7.417000670608675961e+00 2.121073949133396285e-10
7.425941498395048690e+00 5.730971328484949267e-10
7.434882326181421419e+00 1.482306957536090474e-09
7.443823153967795037e+00 3.670164617511639687e-09
7.452763981754166878e+00 8.699021949779167814e-09
7.461704809540540495e+00 1.973752962817964140e-08
7.470645637326912336e+00 4.286991760853060077e-08
7.479586465113285954e+00 8.913535292607097143e-08
7.488527292899658683e+00 1.774127442031101624e-07
7.497468120686031412e+00 3.380314624923565084e-07
7.506408948472404141e+00 6.165480391232758307e-07
7.515349776258776870e+00 1.076500418410038504e-06
7.524290604045149600e+00 1.799280903774609243e-06
7.533231431831522329e+00 2.878864498268150987e-06
7.542172259617895946e+00 4.409414877717132132e-06
7.551113087404267787e+00 6.465143780933982721e-06
7.560053915190641405e+00 9.074295088994172373e-06
7.568994742977013246e+00 1.219228466544827513e-05
7.577935570763386863e+00 1.568175901250818706e-05
7.586876398549759593e+00 1.930820685149933061e-05
7.595817226336132322e+00 2.275760712322060647e-05
7.604758054122505051e+00 2.567726328411435368e-05
7.613698881908877780e+00 2.773373479902852874e-05
7.622639709695250509e+00 2.867513479706781772e-05
7.631580537481623239e+00 2.838180837782245977e-05
7.640521365267996856e+00 2.689132147882506739e-05
7.649462193054368697e+00 2.439055660881262480e-05
7.658403020840742315e+00 2.117721099581061693e-05
7.667343848627114156e+00 1.760164678329706901e-05
7.676284676413487773e+00 1.400474886070862240e-05
7.685225504199860502e+00 1.066681675782803633e-05
7.694166331986233232e+00 7.777353325842659135e-06
7.703107159772605961e+00 5.428330856032827071e-06
7.712047987558978690e+00 3.626922504055571984e-06
7.720988815345351419e+00 2.319784957777506120e-06
7.729929643131724148e+00 1.420347677704736733e-06
7.738870470918097766e+00 8.324901220617674734e-07
7.747811298704469607e+00 4.670904641010731309e-07
7.756752126490843224e+00 2.508767522085427980e-07
7.765692954277215065e+00 1.289904235310047079e-07
7.774633782063588683e+00 6.348820819569722747e-08
7.783574609849961412e+00 2.991395975259823912e-08
7.792515437636334141e+00 1.349424213435305504e-08
7.801456265422706871e+00 5.832689369830709974e-09
7.810397093209079600e+00 2.429820208317357569e-09
7.819337920995453217e+00 1.016092847865323771e-09
7.828278748781825058e+00 5.350687272555934218e-10
7.837219576568198676e+00 5.886151161020870934e-10
7.846160404354570517e+00 1.196102136509479645e-09
7.855101232140944134e+00 2.782384157315851008e-09
7.864042059927316863e+00 6.372093440675858762e-09
7.872982887713689593e+00 1.401854987739797975e-08
7.881923715500062322e+00 2.952369466062952198e-08
7.890864543286435051e+00 5.949434417608095798e-08
7.899805371072807780e+00 1.147067742791353768e-07
7.908746198859180510e+00 2.115957086283626673e-07
7.917687026645554127e+00 3.734465853627853219e-07
7.926627854431925968e+00 6.305999063721303978e-07
7.935568682218299585e+00 1.018786243939270662e-06
7.944509510004671426e+00 1.574765901661581879e-06
7.953450337791045044e+00 2.328909927519521266e-06
7.962391165577417773e+00 3.295286213544808087e-06
7.971331993363790502e+00 4.461052663318979339e-06
7.980272821150163232e+00 5.778103521480322909e-06
7.989213648936535961e+00 7.160396082627163585e-06
7.998154476722908690e+00 8.489703709601215530e-06
8.007095304509281419e+00 9.630565304495920098e-06
8.016036132295655037e+00 1.045237029247855190e-05
8.024976960082026878e+00 1.085379345634381675e-05
8.033917787868400495e+00 1.078330969648602769e-05
8.042858615654772336e+00 1.025005895469962581e-05
8.051799443441145954e+00 9.321899314467744623e-06
8.060740271227519571e+00 8.111220578357500685e-06
8.069681099013891412e+00 6.752611677052540874e-06
8.078621926800263253e+00 5.378499078207687063e-06
8.087562754586636871e+00 4.098775967749999607e-06
8.096503582373010488e+00 2.988484607562352393e-06
8.105444410159382329e+00 2.084738683175339161e-06
8.114385237945755946e+00 1.391412774220442330e-06
8.123326065732127788e+00 8.885136556908032560e-07
8.132266893518501405e+00 5.428451814605204938e-07
8.141207721304873246e+00 3.173157486034240678e-07
8.150148549091246863e+00 1.774643105948360536e-07
8.159089376877620481e+00 9.495857421258124846e-08
8.168030204663992322e+00 4.861397166330496472e-08
8.176971032450364163e+00 2.381177561409236476e-08
8.185911860236737780e+00 1.115902418497832428e-08
8.194852688023111398e+00 5.003390686205155911e-09
8.203793515809483239e+00 2.146378810622578790e-09
8.212734343595856856e+00 8.809516803256915930e-10
8.221675171382228697e+00 3.459406234867492106e-10
8.230615999168602315e+00 1.299734954652414277e-10
8.239556826954974156e+00 4.672096382858302760e-11
8.248497654741347773e+00 1.606839678995840323e-11
8.257438482527721391e+00 5.287337842795818217e-12
8.266379310314093232e+00 1.664582537853870140e-12
8.275320138100465073e+00 5.013919617147227388e-13
8.284260965886838690e+00 1.444951131157427376e-13
8.293201793673212308e+00 3.984122755468116883e-14
8.302142621459584149e+00 1.051032202039966336e-14
8.311083449245957766e+00 2.652791352488532343e-15
8.320024277032329607e+00 6.406103093721010486e-16
8.328965104818703225e+00 1.480091325651925464e-16
8.337905932605075066e+00 3.271800864038094199e-17
8.346846760391448683e+00 6.919727172969328466e-18
8.355787588177822300e+00 1.400215368663650497e-18
8.364728415964194141e+00 2.710843637939954612e-19
8.373669243750565983e+00 5.021319497208687832e-20
8.382610071536939600e+00 8.898872873723499504e-21
8.391550899323313217e+00 1.508884193951894495e-21
8.400491727109685058e+00 2.447826179602179442e-22
8.409432554896058676e+00 3.799347356548027185e-23
8.418373382682430517e+00 5.642105284157223207e-24
8.427314210468804134e+00 8.016358493015983605e-25
8.436255038255175975e+00 1.089724800448550410e-25
8.445195866041549593e+00 1.417295142277140689e-26
8.454136693827923210e+00 1.763630179169144059e-27
8.463077521614295051e+00 2.099706074329542562e-28
8.472018349400666892e+00 2.391736035894273292e-29
8.480959177187040510e+00 2.606584210577657477e-30
8.489900004973414127e+00 2.717911885275482196e-31
8.498840832759785968e+00 2.712454376406046086e-32
8.507781660546159586e+00 2.703404101268748831e-33
8.516722488332531427e+00 1.491788544581450282e-33
8.525663316118905044e+00 1.308882214904125937e-32
8.534604143905276885e+00 1.301229807719806570e-31
8.543544971691650503e+00 1.239361501076634603e-30
8.552485799478024120e+00 1.129182086510641734e-29
8.561426627264395961e+00 9.841160646016292035e-29
8.570367455050767802e+00 8.204365097055464506e-28
8.579308282837141419e+00 6.542744346425830341e-27
8.588249110623515037e+00 4.991042162533116582e-26
8.597189938409886878e+00 3.641990777989393051e-25
8.606130766196260495e+00 2.542159293192711246e-24
8.615071593982632336e+00 1.697395294880499289e-23
8.624012421769005954e+00 1.084125458562366426e-22
8.632953249555377795e+00 6.623574225972427292e-22
8.641894077341751412e+00 3.870985881003046989e-21
8.650834905128125030e+00 2.164048961129583808e-20
8.659775732914496871e+00 1.157254538778195432e-19
8.668716560700868712e+00 5.919799783837855736e-19
8.677657388487242329e+00 2.896686261591876062e-18
8.686598216273615947e+00 1.355851781101609620e-17
8.695539044059987788e+00 6.070707214198575943e-17
8.704479871846361405e+00 2.600055837197903892e-16
8.713420699632733246e+00 1.065227518116563240e-15
8.722361527419106864e+00 4.174633893358705313e-15
8.731302355205478705e+00 1.564986976523991358e-14
8.740243182991852322e+00 5.612022145769153381e-14
8.749184010778225939e+00 1.925060309091804443e-13
8.758124838564597781e+00 6.316632621081025069e-13
8.767065666350969622e+00 1.982637029289694458e-12
8.776006494137343239e+00 5.952742860176119246e-12
8.784947321923716856e+00 1.709650539973407435e-11
8.793888149710088697e+00 4.696927840185224869e-11
8.802828977496462315e+00 1.234345515981882267e-10
8.811769805282834156e+00 3.102958124560243000e-10
8.820710633069207773e+00 7.461590330702105629e-10
8.829651460855579614e+00 1.716339520081350547e-09
8.838592288641953232e+00 3.776515917380853075e-09
8.847533116428326849e+00 7.948693514301195568e-09
8.856473944214698690e+00 1.600355620243706240e-08
8.865414772001070531e+00 3.082148519901182786e-08
8.874355599787444149e+00 5.678151038314264933e-08
8.883296427573817766e+00 1.000637176489289818e-07
8.892237255360189607e+00 1.686796312790335744e-07
8.901178083146563225e+00 2.719975343808237385e-07
8.910118910932935066e+00 4.195498853863810416e-07
8.919059738719308683e+00 6.190397851744607596e-07
8.928000566505680524e+00 8.737150806630696313e-07
8.936941394292054142e+00 1.179607207326025197e-06
8.945882222078427759e+00 1.523425841874640217e-06
8.954823049864799600e+00 1.882008300124491797e-06
8.963763877651173217e+00 2.224016812360078585e-06
8.972704705437545059e+00 2.514032645235182224e-06
8.981645533223918676e+00 2.718442022011539829e-06
8.990586361010290517e+00 2.811807289223622193e-06
8.999527188796664134e+00 2.782065465437863084e-06
9.008468016583037752e+00 2.633088482442270817e-06
9.017408844369409593e+00 2.383855226883639335e-06
9.026349672155781434e+00 2.064479694544352205e-06
9.035290499942155051e+00 1.710242402437372687e-06
9.044231327728528669e+00 1.355255065622040792e-06
9.053172155514900510e+00 1.027308127484941437e-06
9.062112983301274127e+00 7.448978557518918848e-07
9.071053811087645968e+00 5.166649964971094886e-07
9.079994638874019586e+00 3.427975192031895711e-07
9.088935466660391427e+00 2.175617865213692046e-07
9.097876294446765044e+00 1.320820734056361156e-07
9.106817122233138662e+00 7.670460795217788803e-08
9.115757950019510503e+00 4.261037404807461471e-08
9.124698777805882344e+00 2.264256139435432901e-08
9.133639605592255961e+00 1.150938390889154537e-08
9.142580433378629579e+00 5.596221745968228715e-09
9.151521261165001420e+00 2.602879530865859357e-09
9.160462088951375037e+00 1.158055935397494837e-09
9.169402916737746878e+00 4.928574444649129755e-10
9.178343744524120495e+00 2.006454982383597697e-10
9.187284572310492337e+00 7.813647860005919904e-11
9.196225400096865954e+00 2.910680690987733005e-11
9.205166227883239571e+00 1.037173973469426177e-11
9.214107055669611412e+00 3.535289397968779682e-12
9.223047883455983253e+00 1.152695630294025011e-12
9.231988711242356871e+00 3.595179991898179626e-13
9.240929539028730488e+00 1.072612724561312778e-13
9.249870366815102329e+00 3.061128542078867209e-14
9.258811194601474170e+00 8.356732585382298501e-15
9.267752022387847788e+00 2.182266476932024982e-15
9.276692850174221405e+00 5.451247862366544427e-16
9.285633677960593246e+00 1.302609041750546547e-16
9.294574505746966864e+00 2.979794785164608672e-17
9.303515333533340481e+00 6.645733613888246228e-18
9.312456161319712322e+00 2.067516661005048985e-18
9.321396989106084163e+00 3.785210165083992781e-18
9.330337816892457781e+00 1.681554419508605499e-17
9.339278644678831398e+00 7.673666705189695422e-17
9.348219472465203239e+00 3.368357760661700550e-16
9.357160300251575080e+00 1.418286746396512781e-15
9.366101128037950474e+00 5.727863078359548947e-15
9.375041955824322315e+00 2.218717736465958190e-14
9.383982783610694156e+00 8.243131926534467884e-14
9.392923611397067774e+00 2.937400814693301553e-13
9.401864439183441391e+00 1.003956593710369595e-12
9.410805266969813232e+00 3.291148107440607831e-12
9.419746094756185073e+00 1.034810155185301017e-11
9.428686922542558690e+00 3.120719267271521442e-11
9.437627750328932308e+00 9.026709944292660393e-11
9.446568578115304149e+00 2.504292412076499953e-10
9.455509405901675990e+00 6.663790771166775807e-10
9.464450233688051384e+00 1.700741984043830408e-09
9.473391061474423225e+00 4.163286302873264034e-09
9.482331889260795066e+00 9.774957719973503026e-09
9.491272717047168683e+00 2.201274803088508679e-08
9.500213544833542301e+00 4.754604556936417060e-08
9.509154372619914142e+00 9.849979055035220075e-08
9.518095200406285983e+00 1.957207975038403045e-07
9.527036028192659600e+00 3.730090865029179206e-07
9.535976855979033218e+00 6.818402127416633698e-07
9.544917683765405059e+00 1.195436674934507173e-06
9.553858511551776900e+00 2.010255712649557286e-06
9.562799339338152294e+00 3.242326899459111469e-06
9.571740167124524135e+00 5.015832888213164506e-06
9.580680994910895976e+00 7.442349876862072826e-06
9.589621822697269593e+00 1.059150979796579545e-05
9.598562650483643210e+00 1.445727448232981856e-05
9.607503478270015052e+00 1.892760855486288110e-05
9.616444306056386893e+00 2.376762735859992931e-05
9.625385133842760510e+00 2.862573712688566146e-05
9.634325961629134127e+00 3.306802770177563614e-05
9.643266789415505968e+00 3.663875195965149168e-05
9.652207617201877810e+00 3.893622255110700670e-05
9.661148444988253203e+00 3.968695003391634903e-05
9.670089272774625044e+00 3.879916669325763912e-05
9.679030100560996885e+00 3.638126844988877931e-05
9.687970928347370503e+00 3.272005616848755021e-05
9.696911756133744120e+00 2.822480883312900282e-05
9.705852583920115961e+00 2.335225060662614855e-05
9.714793411706487802e+00 1.853135778925664613e-05
9.723734239492861420e+00 1.410478610527186616e-05
9.732675067279235037e+00 1.029690089952262147e-05
9.741615895065606878e+00 7.209868210560457857e-06
9.750556722851980496e+00 4.842045705727855055e-06
9.759497550638354113e+00 3.118970074020248097e-06
9.768438378424725954e+00 1.926967082919953755e-06
9.777379206211097795e+00 1.141873907198973259e-06
9.786320033997471413e+00 6.489971163339096739e-07
9.795260861783845030e+00 3.537921154887281533e-07
9.804201689570216871e+00 1.849840561755947494e-07
9.813142517356588712e+00 9.276864451075445563e-08
9.822083345142962330e+00 4.462198529825623486e-08
9.831024172929335947e+00 2.058625421900185553e-08
9.839965000715707788e+00 9.109332179639211329e-09
9.848905828502081405e+00 3.866130522646408454e-09
9.857846656288455023e+00 1.573791696412933678e-09
9.866787484074826864e+00 6.144672661379059076e-10
9.875728311861198705e+00 2.301076301161486265e-10
9.884669139647572322e+00 8.265022726273407126e-11
9.893609967433945940e+00 2.847330298522503881e-11
9.902550795220317781e+00 9.408327179705304776e-12
9.911491623006689622e+00 2.981726046804790116e-12
9.920432450793063239e+00 9.063664708741621349e-13
9.929373278579436857e+00 2.642534636926521599e-13
9.938314106365808698e+00 7.389555420745421009e-14
9.947254934152182315e+00 1.981968271218206474e-14
9.956195761938555933e+00 5.098657620969947415e-15
9.965136589724927774e+00 1.258043814262288767e-15
9.974077417511299615e+00 2.977257846979326637e-16
9.983018245297673232e+00 6.757995456013090174e-17
9.991959073084046850e+00 1.471296179410249843e-17
1.000089990087041869e+01 3.072296201829319426e-18
1.000984072865679053e+01 6.153282095311941375e-19
1.001878155644316415e+01 1.182037711110185637e-19
1.002772238422953777e+01 2.177893325011458369e-20
1.003666321201590961e+01 3.848776040863876475e-21
1.004560403980228322e+01 6.523631811447049076e-22
1.005454486758865684e+01 1.060564310102395885e-22
1.006348569537502868e+01 1.653732797657466500e-23
1.007242652316140052e+01 2.473286566749027907e-24
1.008136735094777414e+01 3.547843845147532335e-25
1.009030817873414776e+01 4.881452254345017393e-26
1.009924900652051960e+01 6.456292704572403934e-27
1.010818983430689144e+01 9.474155569690224744e-28
1.011713066209326506e+01 1.227366420043365538e-27
1.012607148987963868e+01 9.234812685927854826e-27
1.013501231766601052e+01 7.214976292526279274e-26
1.014395314545238413e+01 5.401116299771007320e-25
1.015289397323875775e+01 3.869497293733524258e-24
1.016183480102512959e+01 2.653020123063710931e-23
1.017077562881150143e+01 1.740770078851481708e-22
1.017971645659787505e+01 1.093093100583393427e-21
1.018865728438424867e+01 6.568826085346819030e-21
1.019759811217062051e+01 3.777750268416517853e-20
1.020653893995699235e+01 2.079187220739847138e-19
1.021547976774336597e+01 1.095137927664352541e-18
1.022442059552973959e+01 5.520252125280365595e-18
1.023336142331611143e+01 2.662955308827414722e-17
1.024230225110248504e+01 1.229373119594905013e-16
1.025124307888885866e+01 5.431482927384292369e-16
1.026018390667523050e+01 2.296508172660411958e-15
1.026912473446160234e+01 9.292497278106277004e-15
1.027806556224797596e+01 3.598419243123471822e-14
1.028700639003434958e+01 1.333539699873862397e-13
1.029594721782072142e+01 4.729497592916760750e-13
1.030488804560709326e+01 1.605236177629736765e-12
1.031382887339346688e+01 5.214080595923795988e-12
1.032276970117984050e+01 1.620807402876713270e-11
1.033171052896621234e+01 4.821697428763283956e-11
1.034065135675258595e+01 1.372724444012965381e-10
1.034959218453895957e+01 3.740086538817776872e-10
1.035853301232533141e+01 9.752024995144996507e-10
1.036747384011170325e+01 2.433452262999451453e-09
1.037641466789807687e+01 5.811198725088724177e-09
1.038535549568445049e+01 1.328077729462617326e-08
1.039429632347082233e+01 2.904665534890267919e-08
1.040323715125719417e+01 6.079720862016945131e-08
1.041217797904356779e+01 1.217828179527417034e-07
1.042111880682994141e+01 2.334550478519823792e-07
1.043005963461631325e+01 4.282874902564984439e-07
1.043900046240268686e+01 7.519386020669368908e-07
1.044794129018906048e+01 1.263409803972359024e-06
1.045688211797543232e+01 2.031519406719284535e-06
1.046582294576180416e+01 3.126169912166438102e-06
1.047476377354817778e+01 4.603827609877765381e-06
1.048370460133455140e+01 6.488441570376102344e-06
1.049264542912092324e+01 8.751381445176182117e-06
1.050158625690729508e+01 1.129607845974533313e-05
1.051052708469367047e+01 1.395383738159142222e-05
1.051946791248004232e+01 1.649584188950200118e-05
1.052840874026641416e+01 1.866251560822090229e-05
1.053734956805278777e+01 2.020601882833637740e-05
1.054629039583916139e+01 2.093660181556814473e-05
1.055523122362553323e+01 2.076091566799192801e-05
1.056417205141190507e+01 1.970160855307104698e-05
1.057311287919827869e+01 1.789252934885203844e-05
1.058205370698465231e+01 1.555094055807485696e-05
1.059099453477102415e+01 1.293470282177231276e-05
1.059993536255739599e+01 1.029606130252438793e-05
1.060887619034377138e+01 7.843333017510951193e-06
1.061781701813014323e+01 5.718011980835280342e-06
1.062675784591651507e+01 3.989370186397112267e-06
1.063569867370288868e+01 2.663658137084484425e-06
1.064463950148926230e+01 1.702031147456682664e-06
1.065358032927563414e+01 1.040809847156274285e-06
1.066252115706200598e+01 6.091021776222712498e-07
1.067146198484837960e+01 3.411330385365419498e-07
1.068040281263475322e+01 1.828404509722254021e-07
1.068934364042112506e+01 9.378549084463526803e-08
1.069828446820749690e+01 4.603772966262320866e-08
1.070722529599387229e+01 2.162753441552244520e-08
1.071616612378024413e+01 9.723329337103392705e-09
1.072510695156661598e+01 4.183481480470794073e-09
1.073404777935298959e+01 1.722564832021681844e-09
1.074298860713936321e+01 6.787786484075442387e-10
1.075192943492573505e+01 2.559738731506205962e-10
1.076087026271210689e+01 9.238000419733100256e-11
1.076981109049848051e+01 3.190620756813043488e-11
1.077875191828485413e+01 1.054598782211741929e-11
1.078769274607122597e+01 3.335909157387198644e-12
1.079663357385759781e+01 1.009848061872649417e-12
1.080557440164397320e+01 2.925585048381498274e-13
1.081451522943034504e+01 8.111184685312328471e-14
1.082345605721671689e+01 2.152141008976429109e-14
1.083239688500309050e+01 5.464771743766485351e-15
1.084133771278946412e+01 1.327969807878630946e-15
1.085027854057583596e+01 3.088298328765699630e-16
1.085921936836220780e+01 6.873297820847767103e-17
1.086816019614858142e+01 1.463949005641172534e-17
1.087710102393495504e+01 2.984019153619236328e-18
1.088604185172132688e+01 5.820926755056318382e-19
1.089498267950770050e+01 1.086669639491145318e-19
1.090392350729407411e+01 1.941412417426850973e-20
1.091286433508044595e+01 3.319349201996401395e-21
1.092180516286681780e+01 5.431289528084985066e-22
1.093074599065319141e+01 8.504873068945996643e-23
1.093968681843956503e+01 1.274522741146255975e-23
1.094862764622593687e+01 1.827856983066808988e-24
1.095756847401230871e+01 2.508717193647864579e-25
1.096650930179868233e+01 3.295156691888097506e-26
1.097545012958505595e+01 4.142049709064284721e-27
1.098439095737142779e+01 4.982753614406663094e-28
1.099333178515780141e+01 5.736386298931790328e-29
1.100227261294417502e+01 6.320075080224742482e-30
1.101121344073054686e+01 6.663784685059438412e-31
1.102015426851691871e+01 6.724105909213440677e-32
1.102909509630329232e+01 6.493263172147116978e-33
1.103803592408966594e+01 6.000761082517672641e-34
1.104697675187603778e+01 5.307188795529474826e-35
1.105591757966240962e+01 4.491977884891219620e-36
1.106485840744878324e+01 3.638526584132930299e-37
1.107379923523515686e+01 2.820514689952489751e-38
1.108274006302152870e+01 2.092406451200816263e-39
1.109168089080790232e+01 1.485520349726573947e-40
1.110062171859427593e+01 1.009313381790960495e-41
1.110956254638064777e+01 6.562787283195575991e-43
1.111850337416701962e+01 4.083809689205001486e-44
1.112744420195339323e+01 2.431966191810979930e-45
1.113638502973976685e+01 1.386003867254032128e-46
1.114532585752613869e+01 7.559380770885914491e-48
1.115426668531251053e+01 3.945689188681691261e-49
1.116320751309888415e+01 1.970944489769890884e-50
1.117214834088525777e+01 9.421949769848349953e-52
1.118108916867162961e+01 4.310444395459619569e-53
1.119002999645800323e+01 1.887201096904964284e-54
1.119897082424437684e+01 7.907317627898428604e-56
1.120791165203074868e+01 3.170699316156907816e-57
1.121685247981712052e+01 1.216734449341760047e-58
1.122579330760349414e+01 4.468393594284604992e-60
1.123473413538986776e+01 1.570442021379916501e-61
1.124367496317623960e+01 5.282107858786476632e-63
1.125261579096261144e+01 1.700229289795428678e-64
1.126155661874898506e+01 5.237482593250318554e-66
1.127049744653535868e+01 1.544018723375024388e-67
1.127943827432173052e+01 4.356095607244957926e-69
1.128837910210810414e+01 1.176134838234742392e-70
1.129731992989447775e+01 3.039006972146825827e-72
1.130626075768084959e+01 7.514864413365230037e-74
1.131520158546722143e+01 1.778383715018868371e-75
1.132414241325359505e+01 4.027584557992364100e-77
1.133308324103996867e+01 8.729286190106531248e-79
1.134202406882634051e+01 1.810621478353670450e-80
1.135096489661271235e+01 3.594110906269415057e-82
1.135990572439908597e+01 6.827632729067336753e-84
1.136884655218545959e+01 1.241262684340990224e-85
1.137778737997183143e+01 2.159594030050249400e-87
1.138672820775820504e+01 3.595799003178799062e-89
1.139566903554457866e+01 5.729722223610309552e-91
1.140460986333095050e+01 8.737493751241945762e-93
1.141355069111732234e+01 1.279145673613051483e-94
1.142249151890369596e+01 2.927114930454242978e-95
1.143143234669006958e+01 1.803423228707190706e-93
1.144037317447644142e+01 1.133668269084056039e-91
1.144931400226281326e+01 6.829061339761879436e-90
1.145825483004918688e+01 3.942003433149807096e-88
1.146719565783556050e+01 2.180489217952196017e-86
1.147613648562193234e+01 1.155771150357498022e-84
1.148507731340830595e+01 5.870440851877908265e-83
1.149401814119467957e+01 2.857265151773896284e-81
1.150295896898105141e+01 1.332635361179990505e-79
1.151189979676742325e+01 5.955977965450398945e-78
1.152084062455379687e+01 2.550796383518632491e-76
1.152978145234017049e+01 1.046837962720500164e-74
1.153872228012654233e+01 4.116841012664788892e-73
1.154766310791291417e+01 1.551421079587516529e-71
1.155660393569928779e+01 5.602427452842371327e-70
1.156554476348566141e+01 1.938669401161529258e-68
1.157448559127203325e+01 6.428538226949027708e-67
1.158342641905840686e+01 2.042686255123503056e-65
1.159236724684478048e+01 6.219737604925343853e-64
1.160130807463115232e+01 1.814777644636343842e-62
1.161024890241752416e+01 5.074061643488390951e-61
1.161918973020389778e+01 1.359468090140595469e-59
1.162813055799027140e+01 3.490304024739130331e-58
1.163707138577664324e+01 8.586940601601475110e-57
1.164601221356301508e+01 2.024392036802067800e-55
1.165495304134939047e+01 4.573321602063561777e-54
1.166389386913576232e+01 9.900333531656508146e-53
1.167283469692213416e+01 2.053756115783787897e-51
1.168177552470850777e+01 4.082525202853767902e-50
1.169071635249488139e+01 7.776601415197064470e-49
1.169965718028125323e+01 1.419488133851601989e-47
1.170859800806762507e+01 2.482873845086659775e-46
1.171753883585399869e+01 4.161582432919683006e-45
1.172647966364037231e+01 6.684105720672459739e-44
1.173542049142674415e+01 1.028748180262968427e-42
1.174436131921311599e+01 1.517245333475947943e-41
1.175330214699949138e+01 2.144289908240480187e-40
1.176224297478586323e+01 2.903970188564795803e-39
1.177118380257223507e+01 3.768614949239983761e-38
1.178012463035860868e+01 4.686540130334578225e-37
1.178906545814498230e+01 5.584751772812396658e-36
1.179800628593135414e+01 6.377292987509398879e-35
1.180694711371772598e+01 6.978303052991381395e-34
1.181588794150409960e+01 7.317188495891348067e-33
1.182482876929047322e+01 7.352239073536899388e-32
1.183376959707684506e+01 7.079065962943671157e-31
1.184271042486321690e+01 6.531504921610396664e-30
1.185165125264959229e+01 5.774727808009239817e-29
1.186059208043596414e+01 4.892498931670294350e-28
1.186953290822233598e+01 3.972015378060579764e-27
1.187847373600870959e+01 3.090096654144208585e-26
1.188741456379508321e+01 2.303637646054906478e-25
1.189635539158145505e+01 1.645649080030094117e-24
1.190529621936782689e+01 1.126526095201808044e-23
1.191423704715420051e+01 7.389690376415889559e-23
1.192317787494057413e+01 4.645069204372656514e-22
1.193211870272694597e+01 2.797944503369296287e-21
1.194105953051331781e+01 1.614979315566908671e-20
1.195000035829969320e+01 8.932556941613343519e-20
1.195894118608606504e+01 4.734406926296094369e-19
1.196788201387243689e+01 2.404563961525764280e-18
1.197682284165881050e+01 1.170275317311838110e-17
1.198576366944518412e+01 5.457838964782073200e-17
1.199470449723155596e+01 2.439126645806577803e-16
1.200364532501792780e+01 1.044549305078484274e-15
1.201258615280430142e+01 4.286516493853803963e-15
1.202152698059067504e+01 1.685625197413550366e-14
1.203046780837704688e+01 6.351824512777595098e-14
1.203940863616342050e+01 2.293596029269298426e-13
1.204834946394979411e+01 7.936268016569760453e-13
1.205729029173616595e+01 2.631459466200471099e-12
1.206623111952253780e+01 8.360995780713190686e-12
1.207517194730891141e+01 2.545659332256212645e-11
1.208411277509528503e+01 7.427172756978793378e-11
1.209305360288165687e+01 2.076479881738440290e-10
1.210199443066802871e+01 5.563049067178552618e-10
1.211093525845440233e+01 1.428167066733154207e-09
1.211987608624077595e+01 3.513387877600608022e-09
1.212881691402714779e+01 8.282360765402767395e-09
1.213775774181352141e+01 1.870954171511097309e-08
1.214669856959989502e+01 4.049982219316180202e-08
1.215563939738626686e+01 8.400865742969657944e-08
1.216458022517263871e+01 1.669844123693886270e-07
1.217352105295901232e+01 3.180598002368884269e-07
1.218246188074538594e+01 5.805272253044131227e-07
1.219140270853175778e+01 1.015353716404787810e-06
1.220034353631812962e+01 1.701739558058935998e-06
1.220928436410450324e+01 2.733063907230708244e-06
1.221822519189087686e+01 4.206175992197399130e-06
1.222716601967724870e+01 6.203061033349432803e-06
1.223610684746362232e+01 8.766084026304100170e-06
1.224504767524999593e+01 1.187096883793674969e-05
1.225398850303636777e+01 1.540450194844305618e-05
1.226292933082273962e+01 1.915535119644502519e-05
1.227187015860911323e+01 2.282514456951338625e-05
1.228081098639548685e+01 2.606261063538437155e-05
1.228975181418185869e+01 2.851696191759234169e-05
1.229869264196823053e+01 2.989988763479249721e-05
1.230763346975460415e+01 3.004116824810905767e-05
1.231657429754097777e+01 2.892311336381863149e-05
1.232551512532734961e+01 2.668420219551969014e-05
1.233445595311372323e+01 2.359089222855805402e-05
1.234339678090009684e+01 1.998552085754760942e-05
1.235233760868646868e+01 1.622435859465316021e-05
1.236127843647284053e+01 1.262119750355952912e-05
1.237021926425921414e+01 9.408373498336522586e-06
1.237916009204558776e+01 6.720622440745924060e-06
1.238810091983195960e+01 4.600292077963318479e-06
1.239704174761833144e+01 3.017465239967912723e-06
1.240598257540470506e+01 1.896619040349848546e-06
1.241492340319107868e+01 1.142349240426932509e-06
1.242386423097745052e+01 6.593236423282162475e-07
1.243280505876382414e+01 3.646526397951279498e-07
1.244174588655019775e+01 1.932595817780906198e-07
1.245068671433656959e+01 9.814850068739246277e-08
1.245962754212294143e+01 4.776472317755466153e-08
1.246856836990931505e+01 2.227469795357594623e-08
1.247750919769568867e+01 9.953993815625907313e-09
1.248645002548206051e+01 4.262497182763322118e-09
1.249539085326843235e+01 1.749098037700624472e-09
1.250433168105480597e+01 6.878103874446310582e-10
1.251327250884117959e+01 2.593232382579856495e-10
1.252221333662755143e+01 9.420646016401246919e-11
1.253115416441392505e+01 3.460134898950074392e-11
1.254009499220029866e+01 1.822513614731902668e-11
1.254903581998667050e+01 2.763556106454953105e-11
1.255797664777304234e+01 7.633001461164599059e-11
1.256691747555941596e+01 2.252000947977562967e-10
1.257585830334578958e+01 6.457061773146419748e-10
1.258479913113216142e+01 1.781290491323005771e-09
1.259373995891853326e+01 4.723221080468721072e-09
1.260268078670490688e+01 1.203659350691594127e-08
1.261162161449128050e+01 2.947994267771364321e-08
1.262056244227765234e+01 6.939161598091057756e-08
1.262950327006402595e+01 1.569801196880806254e-07
1.263844409785039957e+01 3.413025982745590263e-07
1.264738492563677141e+01 7.131679488564442184e-07
1.265632575342314325e+01 1.432192262444558163e-06
1.266526658120951687e+01 2.764191409846400432e-06
1.267420740899589049e+01 5.127340822848993064e-06
1.268314823678226233e+01 9.140575581652122652e-06
1.269208906456863417e+01 1.566073660396148716e-05
1.270102989235500779e+01 2.578743285702171271e-05
1.270997072014138141e+01 4.080950423591256761e-05
1.271891154792775325e+01 6.206858022512460910e-05
1.272785237571412686e+01 9.072763442490522974e-05
1.273679320350050048e+01 1.274572803676503568e-04
1.274573403128687232e+01 1.720865750480397903e-04
1.275467485907324416e+01 2.232989179368308512e-04
1.276361568685961778e+01 2.784732797249324550e-04
1.277255651464599140e+01 3.337626421195628509e-04
1.278149734243236324e+01 3.844582664991994013e-04
1.279043817021873508e+01 4.256160196095343457e-04
1.279937899800511047e+01 4.528391974603190569e-04
1.280831982579148232e+01 4.630494172761012500e-04
1.281726065357785416e+01 4.550592594271521863e-04
1.282620148136422777e+01 4.297994477790064967e-04
1.283514230915060139e+01 3.901404983332170599e-04
1.284408313693697323e+01 3.403560692110899218e-04
1.285302396472334507e+01 2.853666704155943010e-04
1.286196479250971869e+01 2.299483409292430629e-04
1.287090562029609231e+01 1.780797743621292018e-04
1.287984644808246415e+01 1.325428170137290293e-04
1.288878727586883599e+01 9.481020386113539250e-05
1.289772810365521138e+01 6.517953350614156139e-05
1.290666893144158323e+01 4.306502454610619090e-05
1.291560975922795507e+01 2.734610229558680512e-05
1.292455058701432868e+01 1.668873631520812584e-05
1.293349141480070230e+01 9.788333441707389849e-06
1.294243224258707414e+01 5.517614337529421144e-06
1.295137307037344598e+01 2.989174105963736392e-06
1.296031389815981960e+01 1.556353924779773002e-06
1.296925472594619322e+01 7.787943689341348973e-07
1.297819555373256506e+01 3.745368244309887708e-07
1.298713638151893690e+01 1.731105470988744391e-07
1.299607720930531229e+01 7.689707450059064258e-08
1.300501803709168414e+01 3.282867769533600549e-08
1.301395886487805598e+01 1.346958596616150978e-08
1.302289969266442959e+01 5.311441302585714910e-09
1.303184052045080321e+01 2.012926003115320554e-09
1.304078134823717505e+01 7.331629628993025115e-10
1.304972217602354689e+01 2.566436415430062611e-10
1.305866300380992051e+01 8.634114106593146668e-11
1.306760383159629413e+01 2.791658835171563616e-11
1.307654465938266597e+01 8.674894167512207203e-12
1.308548548716903781e+01 2.590736903524686619e-12
1.309442631495541320e+01 7.436005827214107389e-13
1.310336714274178505e+01 2.051225539451881980e-13
1.311230797052815689e+01 5.438064980003202842e-14
1.312124879831453050e+01 1.385583343674339240e-14
1.313018962610090412e+01 3.392955775511595020e-15
1.313913045388727596e+01 7.985112290362181701e-16
1.314807128167364780e+01 1.806097287139844713e-16
1.315701210946002142e+01 3.926074501649584937e-17
1.316595293724639504e+01 8.202254048952240380e-18
1.317489376503276688e+01 1.646892229271034783e-18
1.318383459281914050e+01 3.178003915130226882e-19
1.319277542060551411e+01 5.893875519578774108e-20
1.320171624839188596e+01 1.050521086606598986e-20
1.321065707617825780e+01 1.799558101167767898e-21
1.321959790396462964e+01 2.962676656000492934e-22
1.322853873175100503e+01 4.687701204456797669e-23
1.323747955953737687e+01 7.128413299866712778e-24
1.324642038732374871e+01 1.041796998372065982e-24
1.325536121511012411e+01 1.463289783436177693e-25
1.326430204289649595e+01 1.975216770817705671e-26
1.327324287068286779e+01 2.553835475783109649e-27
1.328218369846923963e+01 2.395775922974569374e-28
1.329112452625561502e+01 -6.516153959148520554e-28
1.330006535404198686e+01 -5.689269153500225115e-27
1.330900618182835871e+01 -4.494244835063659207e-26
1.331794700961473055e+01 -3.393089515264971828e-25
1.332688783740110594e+01 -2.450161986179046405e-24
1.333582866518747778e+01 -1.692231166376132549e-23
1.334476949297384962e+01 -1.117866795059702481e-22
1.335371032076022502e+01 -7.062946211791474990e-22
1.336265114854659686e+01 -4.268224138423897794e-21
1.337159197633296870e+01 -2.467027622894230767e-20
1.338053280411934054e+01 -1.363848978826935531e-19
1.338947363190571593e+01 -7.211473790489208885e-19
1.339841445969208777e+01 -3.647096477726435117e-18
1.340735528747845962e+01 -1.764151793256919302e-17
1.341629611526483146e+01 -8.161878490474924129e-17
1.342523694305120685e+01 -3.611684250709074007e-16
1.343417777083757869e+01 -1.528603683413554726e-15
1.344311859862395053e+01 -6.187931594750953516e-15
1.345205942641032593e+01 -2.395860802979464628e-14
1.346100025419669777e+01 -8.872441339061400060e-14
1.346994108198306961e+01 -3.142607675362638168e-13
1.347888190976944145e+01 -1.064639739811384813e-12
1.348782273755581684e+01 -3.449694650211147014e-12
1.349676356534218868e+01 -1.069114237896304673e-11
1.350570439312856053e+01 -3.169078866933280443e-11
1.351464522091493592e+01 -8.984780203992837294e-11
1.352358604870130776e+01 -2.436393001584935258e-10
1.353252687648767960e+01 -6.319063291742133224e-10
1.354146770427405144e+01 -1.567557727063787723e-09
1.355040853206042684e+01 -3.719288412244613358e-09
1.355934935984679868e+01 -8.440373141908873750e-09
1.356829018763317052e+01 -1.832014525027006992e-08
1.357723101541954236e+01 -3.803309378695602410e-08
1.358617184320591775e+01 -7.551963322371509559e-08
1.359511267099228959e+01 -1.434245730415381136e-07
1.360405349877866144e+01 -2.605269980658258223e-07
1.361299432656503683e+01 -4.526342164144192251e-07
1.362193515435140867e+01 -7.521552694532856821e-07
1.363087598213778051e+01 -1.195454634257618721e-06
1.363981680992415235e+01 -1.817289734622523877e-06
1.364875763771052775e+01 -2.642291470259254620e-06
1.365769846549689959e+01 -3.674538044001282910e-06
1.366663929328327143e+01 -4.887539153508694366e-06
1.367558012106964327e+01 -6.217892749950885182e-06
1.368452094885601866e+01 -7.565918870697897450e-06
1.369346177664239050e+01 -8.805329441688324984e-06
1.370240260442876234e+01 -9.801555749061557048e-06
1.371134343221513774e+01 -1.043541909948654250e-05
1.372028426000150958e+01 -1.062650014940039696e-05
1.372922508778788142e+01 -1.034989838109963368e-05
1.373816591557425326e+01 -9.641561925528423192e-06
1.374710674336062866e+01 -8.590613513016975982e-06
1.375604757114700050e+01 -7.320933222270190902e-06
1.376498839893337234e+01 -5.967249523240271468e-06
1.377392922671974418e+01 -4.652083280293128686e-06
1.378287005450611957e+01 -3.468857579696471895e-06
1.379181088229249141e+01 -2.473955763650742897e-06
1.380075171007886325e+01 -1.687590882092524065e-06
1.380969253786523865e+01 -1.101099334067786193e-06
1.381863336565161049e+01 -6.872770245732537420e-07
1.382757419343798233e+01 -4.106302155010041104e-07
1.383651502122435417e+01 -2.354716373457458384e-07
1.384545584901072957e+01 -1.310719221410298002e-07
1.385439667679710141e+01 -7.411541344670916372e-08
1.386333750458347325e+01 -4.929102807058020828e-08
1.387227833236984509e+01 -4.898041290361277431e-08
1.388121916015622048e+01 -7.281790464715657741e-08
1.389015998794259232e+01 -1.275397956557366574e-07
1.389910081572896416e+01 -2.271258337590643353e-07
1.390804164351533956e+01 -3.928359400271676871e-07
1.391698247130171140e+01 -6.524266039125297024e-07
1.392592329908808324e+01 -1.037689307844697992e-06
1.393486412687445508e+01 -1.579610296889174910e-06
1.394380495466083048e+01 -2.301005769687366959e-06
1.395274578244720232e+01 -3.207424041465624868e-06
1.396168661023357416e+01 -4.278215976487531311e-06
1.397062743801994600e+01 -5.460544261730676035e-06
1.397956826580632139e+01 -6.669232950872441307e-06
1.398850909359269323e+01 -7.794397174690107798e-06
1.399744992137906507e+01 -8.716775427549327158e-06
1.400639074916544047e+01 -9.328157294057556090e-06
1.401533157695181231e+01 -9.552180970750547424e-06
1.402427240473818415e+01 -9.360001115913790240e-06
1.403321323252455599e+01 -8.776390463275826300e-06
1.404215406031093138e+01 -7.874493897246925291e-06
1.405109488809730323e+01 -6.760768142467859898e-06
1.406003571588367507e+01 -5.554386687396278661e-06
1.406897654367004691e+01 -4.366594445765927753e-06
1.407791737145642230e+01 -3.284855594372494755e-06
1.408685819924279414e+01 -2.364592915839006052e-06
1.409579902702916598e+01 -1.628782758951919028e-06
1.410473985481554138e+01 -1.073585458904787844e-06
1.411368068260191322e+01 -6.771373276133852934e-07
1.412262151038828506e+01 -4.086801719237508015e-07
1.413156233817465690e+01 -2.360244841899030714e-07
1.414050316596103229e+01 -1.304359256569023568e-07
1.414944399374740414e+01 -6.897696311317687069e-08
