5.217557035160964141e+00 4.502931787875645803e-05
5.226497862947336870e+00 4.679385689595537374e-05
5.235438690733709599e+00 4.805216748745315327e-05
5.244379518520082328e+00 4.869437444746390573e-05
5.253320346306455058e+00 4.867610795047533367e-05
5.262261174092827787e+00 4.803058385675528023e-05
5.271202001879201404e+00 4.685919714462486385e-05
5.280142829665574133e+00 4.530528168226229390e-05
5.289083657451946863e+00 4.352271854798771971e-05
5.298024485238319592e+00 4.165049138164415794e-05
5.306965313024692321e+00 3.979847074009774119e-05
5.315906140811065050e+00 3.804378498159458614e-05
5.324846968597437780e+00 3.643411901358367357e-05
5.333787796383810509e+00 3.499408713131663796e-05
5.342728624170183238e+00 3.373199881593940059e-05
5.351669451956555967e+00 3.264565543877426962e-05
5.360610279742928697e+00 3.172675001193115611e-05
5.369551107529302314e+00 3.096394023168276875e-05
5.378491935315675043e+00 3.034485729174024154e-05
5.387432763102047772e+00 2.985733987235876779e-05
5.396373590888420502e+00 2.949014028740938210e-05
5.405314418674793231e+00 2.923328967187167698e-05
5.414255246461165960e+00 2.907825387350963239e-05
5.423196074247538689e+00 2.901796843326124358e-05
5.432136902033911419e+00 2.904680985882998753e-05
5.441077729820284148e+00 2.916053907990419215e-05
5.450018557606656877e+00 2.935623891195961088e-05
5.458959385393030495e+00 2.963225830652476336e-05
5.467900213179403224e+00 2.998817041805000070e-05
5.476841040965775953e+00 3.042474783268879886e-05
5.485781868752148682e+00 3.094395579490894264e-05
5.494722696538521411e+00 3.154896227411610617e-05
5.503663524324894141e+00 3.224416169587393305e-05
5.512604352111266870e+00 3.303520660994304649e-05
5.521545179897639599e+00 3.392903791712562951e-05
5.530486007684012328e+00 3.493389884037631412e-05
5.539426835470385058e+00 3.605930972844155849e-05
5.548367663256758675e+00 3.731596893536817590e-05
5.557308491043131404e+00 3.871552818847375052e-05
5.566249318829504134e+00 4.027016791640818046e-05
5.575190146615876863e+00 4.199186863061280987e-05
5.584130974402249592e+00 4.389124057140644103e-05
5.593071802188622321e+00 4.597574238689922831e-05
5.602012629974995050e+00 4.824710706192083257e-05
5.610953457761367780e+00 5.069783162880928676e-05
5.619894285547740509e+00 5.330672878588446547e-05
5.628835113334113238e+00 5.603385222586589683e-05
5.637775941120485967e+00 5.881564948625134595e-05
5.646716768906859585e+00 6.156193616922260310e-05
5.655657596693232314e+00 6.415698702985258553e-05
5.664598424479605043e+00 6.646716758579957959e-05
5.673539252265977773e+00 6.835637312392449242e-05
5.682480080052350502e+00 6.970774816763468601e-05
5.691420907838723231e+00 7.044652324773803488e-05
5.700361735625095960e+00 7.055647260931711257e-05
5.709302563411468689e+00 7.008368190715946841e-05
5.718243391197841419e+00 6.912613028163604005e-05
5.727184218984214148e+00 6.781331572808722526e-05
5.736125046770586877e+00 6.628330634895106472e-05
5.745065874556960495e+00 6.466382732231829272e-05
5.754006702343333224e+00 6.306071578791378656e-05
5.762947530129705953e+00 6.155370770908688842e-05
5.771888357916078682e+00 6.019755902182295239e-05
5.780829185702451412e+00 5.902607212248233023e-05
5.789770013488824141e+00 5.805708197566994855e-05
5.798710841275196870e+00 5.729720559141551170e-05
5.807651669061569599e+00 5.674579999336692028e-05
5.816592496847942328e+00 5.639799134188494708e-05
5.825533324634315058e+00 5.624685533159500336e-05
5.834474152420687787e+00 5.628491248381353035e-05
5.843414980207061404e+00 5.650511193640278930e-05
5.852355807993434134e+00 5.690145471269073484e-05
5.861296635779806863e+00 5.746937528336505435e-05
5.870237463566179592e+00 5.820596949214124657e-05
5.879178291352552321e+00 5.911013167941290604e-05
5.888119119138925051e+00 6.018264478680064692e-05
5.897059946925297780e+00 6.142625363037514303e-05
5.906000774711670509e+00 6.284574226193638926e-05
5.914941602498043238e+00 6.444803031000479452e-05
5.923882430284415967e+00 6.624229951715544242e-05
5.932823258070788697e+00 6.824015970099312248e-05
5.941764085857162314e+00 7.045586258739078614e-05
5.950704913643535043e+00 7.290657207055607010e-05
5.959645741429907773e+00 7.561270022571403495e-05
5.968586569216280502e+00 7.859831968648741470e-05
5.977527397002653231e+00 8.189166468550956011e-05
5.986468224789025960e+00 8.552573502920916121e-05
5.995409052575398690e+00 8.953901938187956255e-05
6.004349880361771419e+00 9.397635621974712288e-05
6.013290708148144148e+00 9.888995225271786230e-05
6.022231535934517765e+00 1.043405782591468858e-04
6.031172363720889606e+00 1.103989598798248986e-04
6.040113191507263224e+00 1.171473738705100124e-04
6.049054019293635953e+00 1.246814451625667967e-04
6.057994847080008682e+00 1.331121112324212049e-04
6.066935674866381412e+00 1.425676688147676661e-04
6.075876502652754141e+00 1.531957299754727140e-04
6.084817330439126870e+00 1.651647687634614787e-04
6.093758158225499599e+00 1.786647049514452907e-04
6.102698986011872329e+00 1.939056047140360012e-04
6.111639813798245058e+00 2.111130259876421830e-04
6.120580641584618675e+00 2.305177463914576347e-04
6.129521469370990516e+00 2.523365687451164098e-04
6.138462297157364134e+00 2.767397112390807814e-04
6.147403124943736863e+00 3.037993603823706972e-04
6.156343952730109592e+00 3.334142838191850896e-04
6.165284780516482321e+00 3.652088804785155675e-04
6.174225608302855051e+00 3.984145656692657527e-04
6.183166436089227780e+00 4.317596131621290732e-04
6.192107263875600509e+00 4.634191632930753126e-04
6.201048091661973238e+00 4.910981728546927241e-04
6.209988919448345968e+00 5.123104714453328382e-04
6.218929747234719585e+00 5.248491421002668585e-04
6.227870575021091426e+00 5.273251321467998338e-04
6.236811402807465043e+00 5.195564163785253110e-04
6.245752230593837773e+00 5.026181960186842804e-04
6.254693058380210502e+00 4.785290485261443644e-04
6.263633886166583231e+00 4.497313166734713888e-04
6.272574713952955960e+00 4.185896459927420732e-04
6.281515541739328690e+00 3.870598025859822472e-04
6.290456369525701419e+00 3.565591729715347725e-04
6.299397197312074148e+00 3.279876090747082195e-04
6.308338025098446877e+00 3.018252366391959004e-04
6.317278852884820495e+00 2.782497668188960854e-04
6.326219680671192336e+00 2.572414855224945630e-04
6.335160508457565953e+00 2.386642464703886716e-04
6.344101336243938682e+00 2.223221796058408913e-04
6.353042164030311412e+00 2.079965206579809816e-04
6.361982991816684141e+00 1.954679077691407580e-04
6.370923819603056870e+00 1.845288095485112813e-04
6.379864647389429599e+00 1.749896178111039668e-04
6.388805475175802329e+00 1.666808731313669002e-04
6.397746302962175946e+00 1.594532561424847380e-04
6.406687130748547787e+00 1.531763808573702844e-04
6.415627958534921405e+00 1.477370236479110205e-04
6.424568786321294134e+00 1.430371603068262101e-04
6.433509614107666863e+00 1.389920192891849955e-04
6.442450441894039592e+00 1.355282586790159999e-04
6.451391269680412321e+00 1.325823146871946633e-04
6.460332097466785051e+00 1.300989352944798450e-04
6.469272925253157780e+00 1.280298941448332784e-04
6.478213753039530509e+00 1.263328707280116884e-04
6.487154580825903238e+00 1.249704793840922007e-04
6.496095408612276856e+00 1.239094293362825452e-04
6.505036236398648697e+00 1.231197993734641893e-04
6.513977064185022314e+00 1.225744131005136717e-04
6.522917891971395044e+00 1.222483033399765766e-04
6.531858719757767773e+00 1.221182569910321048e-04
6.540799547544140502e+00 1.221624342270351206e-04
6.549740375330513231e+00 1.223600581886280026e-04
6.558681203116885960e+00 1.226911731716086936e-04
6.567622030903258690e+00 1.231364705875114852e-04
6.576562858689631419e+00 1.236771825643305305e-04
6.585503686476004148e+00 1.242950428455816172e-04
6.594444514262377766e+00 1.249723135679388353e-04
6.603385342048749607e+00 1.256918745497837334e-04
6.612326169835123224e+00 1.264373690031954812e-04
6.621266997621495953e+00 1.271933963102154933e-04
6.630207825407868683e+00 1.279457390287445820e-04
6.639148653194241412e+00 1.286816080706282566e-04
6.648089480980614141e+00 1.293898875394480677e-04
6.657030308766986870e+00 1.300613595245607033e-04
6.665971136553359599e+00 1.306888896052116051e-04
6.674911964339732329e+00 1.312675561065448622e-04
6.683852792126105058e+00 1.317947101863781222e-04
6.692793619912478675e+00 1.322699592573762400e-04
6.701734447698850516e+00 1.326950724680169686e-04
6.710675275485224134e+00 1.330738132424423732e-04
6.719616103271596863e+00 1.334117094678321396e-04
6.728556931057969592e+00 1.337157761917225659e-04
6.737497758844342322e+00 1.339942082453851472e-04
6.746438586630715051e+00 1.342560609102861973e-04
6.755379414417087780e+00 1.345109357261644245e-04
6.764320242203460509e+00 1.347686861450460077e-04
6.773261069989833238e+00 1.350391544333928782e-04
6.782201897776205968e+00 1.353319475137385128e-04
6.791142725562579585e+00 1.356562557686049480e-04
6.800083553348951426e+00 1.360207155524846578e-04
6.809024381135325044e+00 1.364333134958798765e-04
6.817965208921697773e+00 1.369013287390460042e-04
6.826906036708070502e+00 1.374313079994831288e-04
6.835846864494443231e+00 1.380290677801507303e-04
6.844787692280815961e+00 1.386997179461891747e-04
6.853728520067188690e+00 1.394477012021498195e-04
6.862669347853561419e+00 1.402768435593298069e-04
6.871610175639934148e+00 1.411904115806220095e-04
6.880551003426306877e+00 1.421911729383842427e-04
6.889491831212680495e+00 1.432814575535773147e-04
6.898432658999052336e+00 1.444632172586108438e-04
6.907373486785425953e+00 1.457380825173422900e-04
6.916314314571798683e+00 1.471074152332493682e-04
6.925255142358171412e+00 1.485723570808279053e-04
6.934195970144544141e+00 1.501338731121856264e-04
6.943136797930916870e+00 1.517927906307931342e-04
6.952077625717289600e+00 1.535498334991757690e-04
6.961018453503662329e+00 1.554056521688934134e-04
6.969959281290035946e+00 1.573608498006560572e-04
6.978900109076407787e+00 1.594160048897783402e-04
6.987840936862781405e+00 1.615716908358541548e-04
6.996781764649154134e+00 1.638284929025087704e-04
7.005722592435526863e+00 1.661870230089983658e-04
7.014663420221899592e+00 1.686479327845899251e-04
7.023604248008272322e+00 1.712119253024386718e-04
7.032545075794645051e+00 1.738797658945102681e-04
7.041485903581017780e+00 1.766522924347053189e-04
7.050426731367390509e+00 1.795304254649447533e-04
7.059367559153763239e+00 1.825151785292681477e-04
7.068308386940136856e+00 1.856076690744163542e-04
7.077249214726508697e+00 1.888091302720214834e-04
7.086190042512882314e+00 1.921209241173425146e-04
7.095130870299255044e+00 1.955445561622123094e-04
7.104071698085627773e+00 1.990816922451409978e-04
7.113012525872000502e+00 2.027341775887702281e-04
7.121953353658373231e+00 2.065040586435623235e-04
7.130894181444745961e+00 2.103936080658781022e-04
7.139835009231118690e+00 2.144053532276300115e-04
7.148775837017491419e+00 2.185421086623927053e-04
7.157716664803864148e+00 2.228070128579990314e-04
7.166657492590237766e+00 2.272035698067563167e-04
7.175598320376609607e+00 2.317356957196988680e-04
7.184539148162983224e+00 2.364077712986670265e-04
7.193479975949355953e+00 2.412246999367416293e-04
7.202420803735728683e+00 2.461919721805861305e-04
7.211361631522101412e+00 2.513157367333682156e-04
7.220302459308474141e+00 2.566028781992445336e-04
7.229243287094846870e+00 2.620611016634200431e-04
7.238184114881219600e+00 2.676990240574878672e-04
7.247124942667593217e+00 2.735262720677998313e-04
7.256065770453965058e+00 2.795535860918622558e-04
7.265006598240338676e+00 2.857929294174899547e-04
7.273947426026710517e+00 2.922576013703258009e-04
7.282888253813084134e+00 2.989623526205903350e-04
7.291829081599456863e+00 3.059235001255274089e-04
7.300769909385829592e+00 3.131590382681041004e-04
7.309710737172202322e+00 3.206887415830360984e-04
7.318651564958575051e+00 3.285342529756654899e-04
7.327592392744947780e+00 3.367191494630900430e-04
7.336533220531320509e+00 3.452689751148494096e-04
7.345474048317694127e+00 3.542112279480841286e-04
7.354414876104065968e+00 3.635752839423978477e-04
7.363355703890439585e+00 3.733922369942934446e-04
7.372296531676811426e+00 3.836946284704362449e-04
7.381237359463185044e+00 3.945160340456006233e-04
7.390178187249557773e+00 4.058904688399079825e-04
7.399119015035930502e+00 4.178515648057235204e-04
7.408059842822303231e+00 4.304314674579129809e-04
7.417000670608675961e+00 4.436593934348127257e-04
7.425941498395048690e+00 4.575597876843743922e-04
7.434882326181421419e+00 4.721500217778745452e-04
7.443823153967795037e+00 4.874375864576250997e-04
7.452763981754166878e+00 5.034167566168223831e-04
7.461704809540540495e+00 5.200647510258141161e-04
7.470645637326912336e+00 5.373374781369412087e-04
7.479586465113285954e+00 5.551650580983042045e-04
7.488527292899658683e+00 5.734474412002222308e-04
7.497468120686031412e+00 5.920505989938345658e-04
7.506408948472404141e+00 6.108039295992099323e-04
7.515349776258776870e+00 6.294996611628351450e-04
7.524290604045149600e+00 6.478951078639436914e-04
7.533231431831522329e+00 6.657185693535167372e-04
7.542172259617895946e+00 6.826794059876106638e-04
7.551113087404267787e+00 6.984823328810567562e-04
7.560053915190641405e+00 7.128452758149454640e-04
7.568994742977013246e+00 7.255193224813241866e-04
7.577935570763386863e+00 7.363085667226950022e-04
7.586876398549759593e+00 7.450872090427529057e-04
7.595817226336132322e+00 7.518113399116366138e-04
7.604758054122505051e+00 7.565234693577509552e-04
7.613698881908877780e+00 7.593489761462792267e-04
7.622639709695250509e+00 7.604849680073294234e-04
7.631580537481623239e+00 7.601832311890233248e-04
7.640521365267996856e+00 7.587297129582850535e-04
7.649462193054368697e+00 7.564231843046458634e-04
7.658403020840742315e+00 7.535554117509416557e-04
7.667343848627114156e+00 7.503945022710108463e-04
7.676284676413487773e+00 7.471722998217525434e-04
7.685225504199860502e+00 7.440760014594105911e-04
7.694166331986233232e+00 7.412436441531424381e-04
7.703107159772605961e+00 7.387628257562741350e-04
7.712047987558978690e+00 7.366719383034918108e-04
7.720988815345351419e+00 7.349632496987043573e-04
7.729929643131724148e+00 7.335873052858976444e-04
7.738870470918097766e+00 7.324582776057679762e-04
7.747811298704469607e+00 7.314600307588392351e-04
7.756752126490843224e+00 7.304527615606362006e-04
7.765692954277215065e+00 7.292801233663086073e-04
7.774633782063588683e+00 7.277767312986142953e-04
7.783574609849961412e+00 7.257758993161657086e-04
7.792515437636334141e+00 7.231173861583991029e-04
7.801456265422706871e+00 7.196548489535643670e-04
7.810397093209079600e+00 7.152626418410718652e-04
7.819337920995453217e+00 7.098415718485058404e-04
7.828278748781825058e+00 7.033232489071715140e-04
7.837219576568198676e+00 6.956727453060776402e-04
7.846160404354570517e+00 6.868894050546795653e-04
7.855101232140944134e+00 6.770057984052398710e-04
7.864042059927316863e+00 6.660849774245941168e-04
7.872982887713689593e+00 6.542163299393532897e-04
7.881923715500062322e+00 6.415104306142694777e-04
7.890864543286435051e+00 6.280933370856957602e-04
7.899805371072807780e+00 6.141007740147882629e-04
7.908746198859180510e+00 5.996725961532444870e-04
7.917687026645554127e+00 5.849478370420979016e-04
7.926627854431925968e+00 5.700605494432814000e-04
7.935568682218299585e+00 5.551365426996097713e-04
7.944509510004671426e+00 5.402910330602375254e-04
7.953450337791045044e+00 5.256271530254488398e-04
7.962391165577417773e+00 5.112352177750985934e-04
7.971331993363790502e+00 4.971926198770685451e-04
7.980272821150163232e+00 4.835642144517653942e-04
7.989213648936535961e+00 4.704030613817073228e-04
7.998154476722908690e+00 4.577514044526455848e-04
8.007095304509281419e+00 4.456417854679488050e-04
8.016036132295655037e+00 4.340982112171514655e-04
8.024976960082026878e+00 4.231373104602985532e-04
8.033917787868400495e+00 4.127694354185132072e-04
8.042858615654772336e+00 4.029996769308605634e-04
8.051799443441145954e+00 3.938287742424910129e-04
8.060740271227519571e+00 3.852539094562043619e-04
8.069681099013891412e+00 3.772693833290086270e-04
8.078621926800263253e+00 3.698671737408308732e-04
8.087562754586636871e+00 3.630373812422376225e-04
8.096503582373010488e+00 3.567685680250023430e-04
8.105444410159382329e+00 3.510479978404965930e-04
8.114385237945755946e+00 3.458617851596469217e-04
8.123326065732127788e+00 3.411949625231643210e-04
8.132266893518501405e+00 3.370314758276118016e-04
8.141207721304873246e+00 3.333541184430426530e-04
8.150148549091246863e+00 3.301444167226841265e-04
8.159089376877620481e+00 3.273824817423715569e-04
8.168030204663992322e+00 3.250468450086871591e-04
8.176971032450364163e+00 3.231142992950012684e-04
8.185911860236737780e+00 3.215597694459404639e-04
8.194852688023111398e+00 3.203562414891228546e-04
8.203793515809483239e+00 3.194747810585403113e-04
8.212734343595856856e+00 3.188846731235153329e-04
8.221675171382228697e+00 3.185537133570384358e-04
8.230615999168602315e+00 3.184486761949828579e-04
8.239556826954974156e+00 3.185359749679259446e-04
8.248497654741347773e+00 3.187825151378566725e-04
8.257438482527721391e+00 3.191567231024562408e-04
8.266379310314093232e+00 3.196297116640428398e-04
8.275320138100465073e+00 3.201765215339238816e-04
8.284260965886838690e+00 3.207773593915328727e-04
8.293201793673212308e+00 3.214187405711202341e-04
8.302142621459584149e+00 3.220944414830666127e-04
8.311083449245957766e+00 3.228061751895121745e-04
8.320024277032329607e+00 3.235639230045092140e-04
8.328965104818703225e+00 3.243858832499934945e-04
8.337905932605075066e+00 3.252980311634743227e-04
8.346846760391448683e+00 3.263333161663526413e-04
8.355787588177822300e+00 3.275305490994177664e-04
8.364728415964194141e+00 3.289330486576222596e-04
8.373669243750565983e+00 3.305871211326028881e-04
8.382610071536939600e+00 3.325404409417702769e-04
8.391550899323313217e+00 3.348403834620596172e-04
8.400491727109685058e+00 3.375323398504111931e-04
8.409432554896058676e+00 3.406580197967735177e-04
8.418373382682430517e+00 3.442537263703551254e-04
8.427314210468804134e+00 3.483485706317787059e-04
8.436255038255175975e+00 3.529625852349332275e-04
8.445195866041549593e+00 3.581046980857435476e-04
8.454136693827923210e+00 3.637705412128475636e-04
8.463077521614295051e+00 3.699400980918332387e-04
8.472018349400666892e+00 3.765752361616302147e-04
8.480959177187040510e+00 3.836172307178915115e-04
8.489900004973414127e+00 3.909844604275623239e-04
8.498840832759785968e+00 3.985705387169103829e-04
8.507781660546159586e+00 4.062432295635620412e-04
8.516722488332531427e+00 4.138445646845580281e-04
8.525663316118905044e+00 4.211926090596397739e-04
8.534604143905276885e+00 4.280852860344360237e-04
8.543544971691650503e+00 4.343065460234716885e-04
8.552485799478024120e+00 4.396349288474161901e-04
8.561426627264395961e+00 4.438542360438618478e-04
8.570367455050767802e+00 4.467656352307566229e-04
8.579308282837141419e+00 4.482001370697984350e-04
8.588249110623515037e+00 4.480301128127565100e-04
8.597189938409886878e+00 4.461784503366327133e-04
8.606130766196260495e+00 4.426241359734372311e-04
8.615071593982632336e+00 4.374034902809551570e-04
8.624012421769005954e+00 4.306068969130773813e-04
8.632953249555377795e+00 4.223715102567460341e-04
8.641894077341751412e+00 4.128709636030516495e-04
8.650834905128125030e+00 4.023034151350753638e-04
8.659775732914496871e+00 3.908793210492769623e-04
8.668716560700868712e+00 3.788101424795897992e-04
8.677657388487242329e+00 3.662988553864277952e-04
8.686598216273615947e+00 3.535327380146311132e-04
8.695539044059987788e+00 3.406785443072349925e-04
8.704479871846361405e+00 3.278798888202265620e-04
8.713420699632733246e+00 3.152564903521210818e-04
8.722361527419106864e+00 3.029048417904997722e-04
8.731302355205478705e+00 2.908998709011300829e-04
8.740243182991852322e+00 2.792972040721351324e-04
8.749184010778225939e+00 2.681357176948197187e-04
8.758124838564597781e+00 2.574401411140571274e-04
8.767065666350969622e+00 2.472235488084483131e-04
8.776006494137343239e+00 2.374896413578272416e-04
8.784947321923716856e+00 2.282347627473064338e-04
8.793888149710088697e+00 2.194496362087168452e-04
8.802828977496462315e+00 2.111208240390562813e-04
8.811769805282834156e+00 2.032319310648523386e-04
8.820710633069207773e+00 1.957645789890862127e-04
8.829651460855579614e+00 1.886991817908432740e-04
8.838592288641953232e+00 1.820155522598679342e-04
8.847533116428326849e+00 1.756933678460908404e-04
8.856473944214698690e+00 1.697125211429102970e-04
8.865414772001070531e+00 1.640533770786145856e-04
8.874355599787444149e+00 1.586969556275622439e-04
8.883296427573817766e+00 1.536250557862927474e-04
8.892237255360189607e+00 1.488203338008211869e-04
8.901178083146563225e+00 1.442663462240196322e-04
8.910118910932935066e+00 1.399475663284155532e-04
8.919059738719308683e+00 1.358493806782082552e-04
8.928000566505680524e+00 1.319580712412268386e-04
8.936941394292054142e+00 1.282607872582688512e-04
8.945882222078427759e+00 1.247455101456650768e-04
8.954823049864799600e+00 1.214010139508436798e-04
8.963763877651173217e+00 1.182168232782643085e-04
8.972704705437545059e+00 1.151831701262632135e-04
8.981645533223918676e+00 1.122909507004650725e-04
8.990586361010290517e+00 1.095316829766319200e-04
8.999527188796664134e+00 1.068974655586455526e-04
9.008468016583037752e+00 1.043809382024491204e-04
9.017408844369409593e+00 1.019752442431745391e-04
9.026349672155781434e+00 9.967399506170484700e-05
9.035290499942155051e+00 9.747123665140981525e-05
9.044231327728528669e+00 9.536141829019926857e-05
9.053172155514900510e+00 9.333936328286797574e-05
9.062112983301274127e+00 9.140024171044152377e-05
9.071053811087645968e+00 8.953954510408288197e-05
9.079994638874019586e+00 8.775306294889175711e-05
9.088935466660391427e+00 8.603686091594923524e-05
9.097876294446765044e+00 8.438726071783251290e-05
9.106817122233138662e+00 8.280082148259487284e-05
9.115757950019510503e+00 8.127432254298398826e-05
9.124698777805882344e+00 7.980474754093388199e-05
9.133639605592255961e+00 7.838926975157328985e-05
9.142580433378629579e+00 7.702523853582412454e-05
9.151521261165001420e+00 7.571016683584158807e-05
9.160462088951375037e+00 7.444171963288175541e-05
9.169402916737746878e+00 7.321770329251702468e-05
9.178343744524120495e+00 7.203605572734644294e-05
9.187284572310492337e+00 7.089483731242701042e-05
9.196225400096865954e+00 6.979222249347614266e-05
9.205166227883239571e+00 6.872649203250498235e-05
9.214107055669611412e+00 6.769602583984906980e-05
9.223047883455983253e+00 6.669929634562214737e-05
9.231988711242356871e+00 6.573486236738503930e-05
9.240929539028730488e+00 6.480136343432754621e-05
9.249870366815102329e+00 6.389751453150248925e-05
9.258811194601474170e+00 6.302210123065000937e-05
9.267752022387847788e+00 6.217397517690845157e-05
9.276692850174221405e+00 6.135204990324962828e-05
9.285633677960593246e+00 6.055529694680758236e-05
9.294574505746966864e+00 5.978274224341505064e-05
9.303515333533340481e+00 5.903346277862582704e-05
9.312456161319712322e+00 5.830658347529573516e-05
9.321396989106084163e+00 5.760127429944896502e-05
9.330337816892457781e+00 5.691674756766149665e-05
9.339278644678831398e+00 5.625225544057474853e-05
9.348219472465203239e+00 5.560708758841384865e-05
9.357160300251575080e+00 5.498056901554187071e-05
9.366101128037950474e+00 5.437205803213794706e-05
9.375041955824322315e+00 5.378094436205409505e-05
9.383982783610694156e+00 5.320664737678562698e-05
9.392923611397067774e+00 5.264861444630841687e-05
9.401864439183441391e+00 5.210631939826819496e-05
9.410805266969813232e+00 5.157926107768892945e-05
9.419746094756185073e+00 5.106696199998881936e-05
9.428686922542558690e+00 5.056896709066026693e-05
9.437627750328932308e+00 5.008484250549104173e-05
9.446568578115304149e+00 4.961417452568221887e-05
9.455509405901675990e+00 4.915656852265619343e-05
9.464450233688051384e+00 4.871164798775182321e-05
9.473391061474423225e+00 4.827905362236992095e-05
9.482331889260795066e+00 4.785844248447232278e-05
9.491272717047168683e+00 4.744948718765125027e-05
9.500213544833542301e+00 4.705187514926854463e-05
9.509154372619914142e+00 4.666530788442943263e-05
9.518095200406285983e+00 4.628950034279712508e-05
9.527036028192659600e+00 4.592418028547893129e-05
9.535976855979033218e+00 4.556908769941805736e-05
9.544917683765405059e+00 4.522397424691606204e-05
9.553858511551776900e+00 4.488860274808518884e-05
9.562799339338152294e+00 4.456274669419225406e-05
9.571740167124524135e+00 4.424618979000347920e-05
9.580680994910895976e+00 4.393872552337735690e-05
9.589621822697269593e+00 4.364015676048236414e-05
9.598562650483643210e+00 4.335029536513210224e-05
9.607503478270015052e+00 4.306896184084054395e-05
9.616444306056386893e+00 4.279598499430220640e-05
9.625385133842760510e+00 4.253120161909635375e-05
9.634325961629134127e+00 4.227445619850098824e-05
9.643266789415505968e+00 4.202560062638511959e-05
9.652207617201877810e+00 4.178449394522303295e-05
9.661148444988253203e+00 4.155100210034690355e-05
9.670089272774625044e+00 4.132499770961768772e-05
9.679030100560996885e+00 4.110635984775877098e-05
9.687970928347370503e+00 4.089497384465440430e-05
9.696911756133744120e+00 4.069073109696973249e-05
9.705852583920115961e+00 4.049352889250016924e-05
9.714793411706487802e+00 4.030327024670796355e-05
9.723734239492861420e+00 4.011986375094883721e-05
9.732675067279235037e+00 3.994322343193650656e-05
9.741615895065606878e+00 3.977326862203319342e-05
9.750556722851980496e+00 3.960992383999578187e-05
9.759497550638354113e+00 3.945311868184528593e-05
9.768438378424725954e+00 3.930278772156336315e-05
9.777379206211097795e+00 3.915887042135706141e-05
9.786320033997471413e+00 3.902131105126696256e-05
9.795260861783845030e+00 3.889005861792856056e-05
9.804201689570216871e+00 3.876506680233027480e-05
9.813142517356588712e+00 3.864629390644543446e-05
9.822083345142962330e+00 3.853370280864846901e-05
9.831024172929335947e+00 3.842726092785955625e-05
9.839965000715707788e+00 3.832694019639546135e-05
9.848905828502081405e+00 3.823271704153891981e-05
9.857846656288455023e+00 3.814457237587518418e-05
9.866787484074826864e+00 3.806249159647902150e-05
9.875728311861198705e+00 3.798646459307504904e-05
9.884669139647572322e+00 3.791648576533325260e-05
9.893609967433945940e+00 3.785255404950317864e-05
9.902550795220317781e+00 3.779467295463386943e-05
9.911491623006689622e+00 3.774285060867465445e-05
9.920432450793063239e+00 3.769709981480109310e-05
9.929373278579436857e+00 3.765743811836415393e-05
9.938314106365808698e+00 3.762388788491979094e-05
9.947254934152182315e+00 3.759647638985794501e-05
9.956195761938555933e+00 3.757523592021969885e-05
9.965136589724927774e+00 3.756020388936556162e-05
9.974077417511299615e+00 3.755142296524070593e-05
9.983018245297673232e+00 3.754894121307302278e-05
9.991959073084046850e+00 3.755281225344014217e-05
1.000089990087041869e+01 3.756309543675164723e-05
1.000984072865679053e+01 3.757985603531584148e-05
1.001878155644316415e+01 3.760316545429622485e-05
1.002772238422953777e+01 3.763310146301525978e-05
1.003666321201590961e+01 3.766974844823282133e-05
1.004560403980228322e+01 3.771319769121657639e-05
1.005454486758865684e+01 3.776354767063555817e-05
1.006348569537502868e+01 3.782090439354736372e-05
1.007242652316140052e+01 3.788538175702021576e-05
1.008136735094777414e+01 3.795710194323565504e-05
1.009030817873414776e+01 3.803619585126267723e-05
1.009924900652051960e+01 3.812280356908385797e-05
1.010818983430689144e+01 3.821707488989774677e-05
1.011713066209326506e+01 3.831916987722404670e-05
1.012607148987963868e+01 3.842925948391117232e-05
1.013501231766601052e+01 3.854752623079928093e-05
1.014395314545238413e+01 3.867416495153619752e-05
1.015289397323875775e+01 3.880938361089732072e-05
1.016183480102512959e+01 3.895340420493663636e-05
1.017077562881150143e+01 3.910646375241660352e-05
1.017971645659787505e+01 3.926881538825069753e-05
1.018865728438424867e+01 3.944072957117338745e-05
1.019759811217062051e+01 3.962249541955676588e-05
1.020653893995699235e+01 3.981442219125921585e-05
1.021547976774336597e+01 4.001684092566073440e-05
1.022442059552973959e+01 4.023010626866366121e-05
1.023336142331611143e+01 4.045459850447048045e-05
1.024230225110248504e+01 4.069072582146384992e-05
1.025124307888885866e+01 4.093892684357877378e-05
1.026018390667523050e+01 4.119967346327060035e-05
1.026912473446160234e+01 4.147347401763674805e-05
1.027806556224797596e+01 4.176087685556813532e-05
1.028700639003434958e+01 4.206247435111148887e-05
1.029594721782072142e+01 4.237890742666150788e-05
1.030488804560709326e+01 4.271087065931866483e-05
1.031382887339346688e+01 4.305911805490709310e-05
1.032276970117984050e+01 4.342446958689512862e-05
1.033171052896621234e+01 4.380781861193291525e-05
1.034065135675258595e+01 4.421014028999582568e-05
1.034959218453895957e+01 4.463250115519815325e-05
1.035853301232533141e+01 4.507607000305488689e-05
1.036747384011170325e+01 4.554213028089680745e-05
1.037641466789807687e+01 4.603209418946215399e-05
1.038535549568445049e+01 4.654751872392806237e-05
1.039429632347082233e+01 4.709012389934253882e-05
1.040323715125719417e+01 4.766181341462397668e-05
1.041217797904356779e+01 4.826469800478860937e-05
1.042111880682994141e+01 4.890112170325084854e-05
1.043005963461631325e+01 4.957369117031668716e-05
1.043900046240268686e+01 5.028530811839248491e-05
1.044794129018906048e+01 5.103920464627221534e-05
1.045688211797543232e+01 5.183898093602944693e-05
1.046582294576180416e+01 5.268864419645301149e-05
1.047476377354817778e+01 5.359264685607554403e-05
1.048370460133455140e+01 5.455592067477984457e-05
1.049264542912092324e+01 5.558390146036687674e-05
1.050158625690729508e+01 5.668253618532049197e-05
1.051052708469367047e+01 5.785826017114554663e-05
1.051946791248004232e+01 5.911792626465842902e-05
1.052840874026641416e+01 6.046866021046672486e-05
1.053734956805278777e+01 6.191760654593292910e-05
1.054629039583916139e+01 6.347151765461786336e-05
1.055523122362553323e+01 6.513612662461741554e-05
1.056417205141190507e+01 6.691523601832594179e-05
1.057311287919827869e+01 6.880945709026625625e-05
1.058205370698465231e+01 7.081456037571005793e-05
1.059099453477102415e+01 7.291946803937471061e-05
1.059993536255739599e+01 7.510405305437543204e-05
1.060887619034377138e+01 7.733712368977200202e-05
1.061781701813014323e+01 7.957524402325949465e-05
1.062675784591651507e+01 8.176328368213767270e-05
1.063569867370288868e+01 8.383762299286316602e-05
1.064463950148926230e+01 8.573253397355574577e-05
1.065358032927563414e+01 8.738929046319818467e-05
1.066252115706200598e+01 8.876624573100513449e-05
1.067146198484837960e+01 8.984709698124911732e-05
1.068040281263475322e+01 9.064460840959669130e-05
1.068934364042112506e+01 9.119846456610970580e-05
1.069828446820749690e+01 9.156804947004400241e-05
1.070722529599387229e+01 9.182262772654130897e-05
1.071616612378024413e+01 9.203181350564392513e-05
1.072510695156661598e+01 9.225841095692676960e-05
1.073404777935298959e+01 9.255440343510649753e-05
1.074298860713936321e+01 9.295977933360551851e-05
1.075192943492573505e+01 9.350333490088224295e-05
1.076087026271210689e+01 9.420453262992772002e-05
1.076981109049848051e+01 9.507569858269681023e-05
1.077875191828485413e+01 9.612411483527430890e-05
1.078769274607122597e+01 9.735379351641059429e-05
1.079663357385759781e+01 9.876687247190422145e-05
1.080557440164397320e+01 1.003646568105611022e-04
1.081451522943034504e+01 1.021483665036975472e-04
1.082345605721671689e+01 1.041196579469251158e-04
1.083239688500309050e+01 1.062809813742215709e-04
1.084133771278946412e+01 1.086358249553442766e-04
1.085027854057583596e+01 1.111888848627848444e-04
1.085921936836220780e+01 1.139461905542475483e-04
1.086816019614858142e+01 1.169152065817952911e-04
1.087710102393495504e+01 1.201049263523216608e-04
1.088604185172132688e+01 1.235259691174543162e-04
1.089498267950770050e+01 1.271906887070484832e-04
1.090392350729407411e+01 1.311133008206001767e-04
1.091286433508044595e+01 1.353100348048802545e-04
1.092180516286681780e+01 1.397993155939055766e-04
1.093074599065319141e+01 1.446019817521650033e-04
1.093968681843956503e+01 1.497415462797733446e-04
1.094862764622593687e+01 1.552445079897431994e-04
1.095756847401230871e+01 1.611407228719339614e-04
1.096650930179868233e+01 1.674638469697396423e-04
1.097545012958505595e+01 1.742518650013601946e-04
1.098439095737142779e+01 1.815477223767276646e-04
1.099333178515780141e+01 1.894000825422971848e-04
1.100227261294417502e+01 1.978642368992874470e-04
1.101121344073054686e+01 2.070032010599892787e-04
1.102015426851691871e+01 2.168890390653029163e-04
1.102909509630329232e+01 2.276044663920792383e-04
1.103803592408966594e+01 2.392447928384025437e-04
1.104697675187603778e+01 2.519202767652389688e-04
1.105591757966240962e+01 2.657589705190434391e-04
1.106485840744878324e+01 2.809101385925923101e-04
1.107379923523515686e+01 2.975483161593188495e-04
1.108274006302152870e+01 3.158780288107220511e-04
1.109168089080790232e+01 3.361390827031203953e-04
1.110062171859427593e+01 3.586121001349799669e-04
1.110956254638064777e+01 3.836235172272427891e-04
1.111850337416701962e+01 4.115484054978092374e-04
1.112744420195339323e+01 4.428079513731971589e-04
1.113638502973976685e+01 4.778558266792397769e-04
1.114532585752613869e+01 5.171435456381738224e-04
1.115426668531251053e+01 5.610490319438868681e-04
1.116320751309888415e+01 6.097460857791160010e-04
1.117214834088525777e+01 6.629899194620030673e-04
1.118108916867162961e+01 7.198075626403464648e-04
1.119002999645800323e+01 7.781336117847406772e-04
1.119897082424437684e+01 8.345413951981073709e-04
1.120791165203074868e+01 8.843579317695002100e-04
1.121685247981712052e+01 9.224696887052426632e-04
1.122579330760349414e+01 9.448024673255507730e-04
1.123473413538986776e+01 9.498322328524775975e-04
1.124367496317623960e+01 9.391551467699686857e-04
1.125261579096261144e+01 9.167004281844944816e-04
1.126155661874898506e+01 8.871667137620227895e-04
1.127049744653535868e+01 8.546499327097768946e-04
1.127943827432173052e+01 8.219876618235468554e-04
1.128837910210810414e+01 7.907469410261365114e-04
1.129731992989447775e+01 7.615336526518384991e-04
1.130626075768084959e+01 7.343582811559241225e-04
1.131520158546722143e+01 7.089316470467662027e-04
1.132414241325359505e+01 6.848625380185125030e-04
1.133308324103996867e+01 6.617722285553839616e-04
1.134202406882634051e+01 6.393507908592037641e-04
1.135096489661271235e+01 6.173768462969282536e-04
1.135990572439908597e+01 5.957162734582297338e-04
1.136884655218545959e+01 5.743100628667045402e-04
1.137778737997183143e+01 5.531576993341663986e-04
1.138672820775820504e+01 5.322999112227961866e-04
1.139566903554457866e+01 5.118029582718676765e-04
1.140460986333095050e+01 4.917455343880166143e-04
1.141355069111732234e+01 4.722086479618700888e-04
1.142249151890369596e+01 4.532683942900117167e-04
1.143143234669006958e+01 4.349912780065641905e-04
1.144037317447644142e+01 4.174316238478849262e-04
1.144931400226281326e+01 4.006305884508819530e-04
1.145825483004918688e+01 3.846163192841299560e-04
1.146719565783556050e+01 3.694048720139789179e-04
1.147613648562193234e+01 3.550015748788117888e-04
1.148507731340830595e+01 3.414026049938195632e-04
1.149401814119467957e+01 3.285966094691007938e-04
1.150295896898105141e+01 3.165662604234038206e-04
1.151189979676742325e+01 3.052896767737843498e-04
1.152084062455379687e+01 2.947416780444429688e-04
1.152978145234017049e+01 2.848948581100076930e-04
1.153872228012654233e+01 2.757204817419332604e-04
1.154766310791291417e+01 2.671892159384061326e-04
1.155660393569928779e+01 2.592717129094866441e-04
1.156554476348566141e+01 2.519390635706200829e-04
1.157448559127203325e+01 2.451631404765029993e-04
1.158342641905840686e+01 2.389168480443499003e-04
1.159236724684478048e+01 2.331742961947326682e-04
1.160130807463115232e+01 2.279109115345276057e-04
1.161024890241752416e+01 2.231034981499208851e-04
1.161918973020389778e+01 2.187302581075432472e-04
1.162813055799027140e+01 2.147707799562197594e-04
1.163707138577664324e+01 2.112060019165044953e-04
1.164601221356301508e+01 2.080181550498540861e-04
1.165495304134939047e+01 2.051906905081071059e-04
1.166389386913576232e+01 2.027081939626464114e-04
1.167283469692213416e+01 2.005562894837175508e-04
1.168177552470850777e+01 1.987215344663231245e-04
1.169071635249488139e+01 1.971913066638170510e-04
1.169965718028125323e+01 1.959536839812760895e-04
1.170859800806762507e+01 1.949973173886221964e-04
1.171753883585399869e+01 1.943112971331606225e-04
1.172647966364037231e+01 1.938850123613551082e-04
1.173542049142674415e+01 1.937080043024598194e-04
1.174436131921311599e+01 1.937698133272583196e-04
1.175330214699949138e+01 1.940598204807518685e-04
1.176224297478586323e+01 1.945670845059774474e-04
1.177118380257223507e+01 1.952801759337698454e-04
1.178012463035860868e+01 1.961870105128287909e-04
1.178906545814498230e+01 1.972746850918056009e-04
1.179800628593135414e+01 1.985293200250519191e-04
1.180694711371772598e+01 1.999359132262285412e-04
1.181588794150409960e+01 2.014782120892662589e-04
1.182482876929047322e+01 2.031386105611905060e-04
1.183376959707684506e+01 2.048980795865150200e-04
1.184271042486321690e+01 2.067361398227641870e-04
1.185165125264959229e+01 2.086308858027546734e-04
1.186059208043596414e+01 2.105590704298311035e-04
1.186953290822233598e+01 2.124962576770124108e-04
1.187847373600870959e+01 2.144170494833844620e-04
1.188741456379508321e+01 2.162953900158948531e-04
1.189635539158145505e+01 2.181049466885914758e-04
1.190529621936782689e+01 2.198195627121156501e-04
1.191423704715420051e+01 2.214137707238343384e-04
1.192317787494057413e+01 2.228633516008535589e-04
1.193211870272694597e+01 2.241459173831544978e-04
1.194105953051331781e+01 2.252414929094397663e-04
1.195000035829969320e+01 2.261330678819250411e-04
1.195894118608606504e+01 2.268070901405888531e-04
1.196788201387243689e+01 2.272538722882872972e-04
1.197682284165881050e+01 2.274678875676212019e-04
1.198576366944518412e+01 2.274479368604610959e-04
1.199470449723155596e+01 2.271971763830815075e-04
1.200364532501792780e+01 2.267230043658459730e-04
1.201258615280430142e+01 2.260368138740772247e-04
1.202152698059067504e+01 2.251536270631826465e-04
1.203046780837704688e+01 2.240916327899178970e-04
1.203940863616342050e+01 2.228716540593895764e-04
1.204834946394979411e+01 2.215165739888897280e-04
1.205729029173616595e+01 2.200507488238999778e-04
1.206623111952253780e+01 2.184994343186461344e-04
1.207517194730891141e+01 2.168882479557080638e-04
1.208411277509528503e+01 2.152426845928221929e-04
1.209305360288165687e+01 2.135876977724836462e-04
1.210199443066802871e+01 2.119473536354030065e-04
1.211093525845440233e+01 2.103445595580834661e-04
1.211987608624077595e+01 2.088008655704697166e-04
1.212881691402714779e+01 2.073363334510985965e-04
1.213775774181352141e+01 2.059694661762398829e-04
1.214669856959989502e+01 2.047171890576664525e-04
1.215563939738626686e+01 2.035948733219268222e-04
1.216458022517263871e+01 2.026163929115050888e-04
1.217352105295901232e+01 2.017942057658453478e-04
1.218246188074538594e+01 2.011394516174854331e-04
1.219140270853175778e+01 2.006620592849470933e-04
1.220034353631812962e+01 2.003708574538904232e-04
1.220928436410450324e+01 2.002736839320062151e-04
1.221822519189087686e+01 2.003774892862700383e-04
1.222716601967724870e+01 2.006884315897941226e-04
1.223610684746362232e+01 2.012119597029520045e-04
1.224504767524999593e+01 2.019528830863316605e-04
1.225398850303636777e+01 2.029154265974307384e-04
1.226292933082273962e+01 2.041032690716165169e-04
1.227187015860911323e+01 2.055195647477450511e-04
1.228081098639548685e+01 2.071669467897401700e-04
1.228975181418185869e+01 2.090475122990371960e-04
1.229869264196823053e+01 2.111627883317126347e-04
1.230763346975460415e+01 2.135136785523119955e-04
1.231657429754097777e+01 2.161003902986180720e-04
1.232551512532734961e+01 2.189223420240338799e-04
1.233445595311372323e+01 2.219780513540923464e-04
1.234339678090009684e+01 2.252650043694211853e-04
1.235233760868646868e+01 2.287795072384563424e-04
1.236127843647284053e+01 2.325165219981477989e-04
1.237021926425921414e+01 2.364694891469737957e-04
1.237916009204558776e+01 2.406301407944963467e-04
1.238810091983195960e+01 2.449883094202402636e-04
1.239704174761833144e+01 2.495317388345589561e-04
1.240598257540470506e+01 2.542459056899053454e-04
1.241492340319107868e+01 2.591138618231773817e-04
1.242386423097745052e+01 2.641161097480439895e-04
1.243280505876382414e+01 2.692305256532947859e-04
1.244174588655019775e+01 2.744323461509564949e-04
1.245068671433656959e+01 2.796942365663877177e-04
1.245962754212294143e+01 2.849864595444936977e-04
1.246856836990931505e+01 2.902771629094404670e-04
1.247750919769568867e+01 2.955328048022399221e-04
1.248645002548206051e+01 3.007187318972699523e-04
1.249539085326843235e+01 3.057999227891315566e-04
1.250433168105480597e+01 3.107419033617464760e-04
1.251327250884117959e+01 3.155118341368335884e-04
1.252221333662755143e+01 3.200797614019214071e-04
1.253115416441392505e+01 3.244200145669335028e-04
1.254009499220029866e+01 3.285127218824684492e-04
1.254903581998667050e+01 3.323454053097946279e-04
1.255797664777304234e+01 3.359146023001326024e-04
1.256691747555941596e+01 3.392274457352250933e-04
1.257585830334578958e+01 3.423031096598117950e-04
1.258479913113216142e+01 3.451739912198128232e-04
1.259373995891853326e+01 3.478864379184102434e-04
1.260268078670490688e+01 3.505007283220049280e-04
1.261162161449128050e+01 3.530898528538248412e-04
1.262056244227765234e+01 3.557363963406533279e-04
1.262950327006402595e+01 3.585264820017453362e-04
1.263844409785039957e+01 3.615393237590104007e-04
1.264738492563677141e+01 3.648305812101302237e-04
1.265632575342314325e+01 3.684077708396693422e-04
1.266526658120951687e+01 3.721971760976206444e-04
1.267420740899589049e+01 3.760051352980496760e-04
1.268314823678226233e+01 3.794832998608278578e-04
1.269208906456863417e+01 3.821167494804812562e-04
1.270102989235500779e+01 3.832605235834665811e-04
1.270997072014138141e+01 3.822433941032451479e-04
1.271891154792775325e+01 3.785281971712331083e-04
1.272785237571412686e+01 3.718744350647054100e-04
1.273679320350050048e+01 3.624255971776243405e-04
1.274573403128687232e+01 3.506731655125864600e-04
1.275467485907324416e+01 3.373175917327431638e-04
1.276361568685961778e+01 3.230979129951033475e-04
1.277255651464599140e+01 3.086591891967478143e-04
1.278149734243236324e+01 2.944870859263747000e-04
1.279043817021873508e+01 2.809007838572736833e-04
1.279937899800511047e+01 2.680793895104947194e-04
1.280831982579148232e+01 2.560993794437620304e-04
1.281726065357785416e+01 2.449696878427754594e-04
1.282620148136422777e+01 2.346591062324564431e-04
1.283514230915060139e+01 2.251154204946665001e-04
1.284408313693697323e+01 2.162777203825268679e-04
1.285302396472334507e+01 2.080837576531618005e-04
1.286196479250971869e+01 2.004739966188010252e-04
1.287090562029609231e+01 1.933935858859899882e-04
1.287984644808246415e+01 1.867930921286204728e-04
1.288878727586883599e+01 1.806285386786015410e-04
1.289772810365521138e+01 1.748610840518832158e-04
1.290666893144158323e+01 1.694565391849400349e-04
1.291560975922795507e+01 1.643848362496590687e-04
1.292455058701432868e+01 1.596195095200355154e-04
1.293349141480070230e+01 1.551372177574799238e-04
1.294243224258707414e+01 1.509173198325471164e-04
1.295137307037344598e+01 1.469415055747026418e-04
1.296031389815981960e+01 1.431934788602433784e-04
1.296925472594619322e+01 1.396586877013401254e-04
1.297819555373256506e+01 1.363240953752226981e-04
1.298713638151893690e+01 1.331779867149634003e-04
1.299607720930531229e+01 1.302098041563409900e-04
1.300501803709168414e+01 1.274100087642083547e-04
1.301395886487805598e+01 1.247699621191006140e-04
1.302289969266442959e+01 1.222818255657891423e-04
1.303184052045080321e+01 1.199384738807846452e-04
1.304078134823717505e+01 1.177334208962415175e-04
1.304972217602354689e+01 1.156607550242598291e-04
1.305866300380992051e+01 1.137150829643414563e-04
1.306760383159629413e+01 1.118914801557698837e-04
1.307654465938266597e+01 1.101854467643868004e-04
1.308548548716903781e+01 1.085928681775959962e-04
1.309442631495541320e+01 1.071099791295489445e-04
1.310336714274178505e+01 1.057333306965777865e-04
1.311230797052815689e+01 1.044597594963514274e-04
1.312124879831453050e+01 1.032863584975151077e-04
1.313018962610090412e+01 1.022104489035414131e-04
1.313913045388727596e+01 1.012295526186396806e-04
1.314807128167364780e+01 1.003413648378031098e-04
1.315701210946002142e+01 9.954372633022001422e-05
1.316595293724639504e+01 9.883459500804294068e-05
1.317489376503276688e+01 9.821201639358192743e-05
1.318383459281914050e+01 9.767409262024772114e-05
1.319277542060551411e+01 9.721894962906543639e-05
1.320171624839188596e+01 9.684470225671035334e-05
1.321065707617825780e+01 9.654941695657401747e-05
1.321959790396462964e+01 9.633107195546039884e-05
1.322853873175100503e+01 9.618751472970344621e-05
1.323747955953737687e+01 9.611641679053411894e-05
1.324642038732374871e+01 9.611522590423922754e-05
1.325536121511012411e+01 9.618111604260525937e-05
1.326430204289649595e+01 9.631093556712589081e-05
1.327324287068286779e+01 9.650115439884925919e-05
1.328218369846923963e+01 9.674781121465428888e-05
1.329112452625561502e+01 9.704646203697213705e-05
1.330006535404198686e+01 9.739213193975651604e-05
1.330900618182835871e+01 9.777927196536276028e-05
1.331794700961473055e+01 9.820172371441783857e-05
1.332688783740110594e+01 9.865269440546546478e-05
1.333582866518747778e+01 9.912474546670318662e-05
1.334476949297384962e+01 9.960979787464553160e-05
1.335371032076022502e+01 1.000991574447860548e-04
1.336265114854659686e+01 1.005835630563361028e-04
1.337159197633296870e+01 1.010532603097938310e-04
1.338053280411934054e+01 1.014981023365569765e-04
1.338947363190571593e+01 1.019076783880285984e-04
1.339841445969208777e+01 1.022714694404232039e-04
1.340735528747845962e+01 1.025790284101135442e-04
1.341629611526483146e+01 1.028201807733376458e-04
1.342523694305120685e+01 1.029852395548109558e-04
1.343417777083757869e+01 1.030652269571812149e-04
1.344311859862395053e+01 1.030520935314496907e-04
1.345205942641032593e+01 1.029389249191972714e-04
1.346100025419669777e+01 1.027201259843648056e-04
1.346994108198306961e+01 1.023915726947298714e-04
1.347888190976944145e+01 1.019507234342736522e-04
1.348782273755581684e+01 1.013966834621543063e-04
1.349676356534218868e+01 1.007302188292977740e-04
1.350570439312856053e+01 9.995371899469182423e-05
1.351464522091493592e+01 9.907111038095265624e-05
1.352358604870130776e+01 9.808772589462923404e-05
1.353252687648767960e+01 9.701013776189159688e-05
1.354146770427405144e+01 9.584596270645852540e-05
1.355040853206042684e+01 9.460364941763196368e-05
1.355934935984679868e+01 9.329225840526715521e-05
1.356829018763317052e+01 9.192124378112254319e-05
1.357723101541954236e+01 9.050024537272150806e-05
1.358617184320591775e+01 8.903889803694435177e-05
1.359511267099228959e+01 8.754666328013950343e-05
1.360405349877866144e+01 8.603268648372784677e-05
1.361299432656503683e+01 8.450568132578605040e-05
1.362193515435140867e+01 8.297384148870501743e-05
1.363087598213778051e+01 8.144477851844398090e-05
1.363981680992415235e+01 7.992548378125362816e-05
1.364875763771052775e+01 7.842231184591978981e-05
1.365769846549689959e+01 7.694098227693305634e-05
1.366663929328327143e+01 7.548659671480160960e-05
1.367558012106964327e+01 7.406366819533979689e-05
1.368452094885601866e+01 7.267615987063607771e-05
1.369346177664239050e+01 7.132753059480006076e-05
1.370240260442876234e+01 7.002078518806410063e-05
1.371134343221513774e+01 6.875852756163075520e-05
1.372028426000150958e+01 6.754301524872486338e-05
1.372922508778788142e+01 6.637621422761386840e-05
1.373816591557425326e+01 6.525985322883528822e-05
1.374710674336062866e+01 6.419547698493289253e-05
1.375604757114700050e+01 6.318449810334304665e-05
1.376498839893337234e+01 6.222824742007977315e-05
1.377392922671974418e+01 6.132802282243904053e-05
1.378287005450611957e+01 6.048513661103403674e-05
1.379181088229249141e+01 5.970096150086742391e-05
1.380075171007886325e+01 5.897697532975777285e-05
1.380969253786523865e+01 5.831480443661471707e-05
1.381863336565161049e+01 5.771626547015389010e-05
1.382757419343798233e+01 5.718340505829718395e-05
1.383651502122435417e+01 5.671853626294337493e-05
1.384545584901072957e+01 5.632426999870637405e-05
1.385439667679710141e+01 5.600353851949987959e-05
1.386333750458347325e+01 5.575960655920516527e-05
1.387227833236984509e+01 5.559606361230672765e-05
1.388121916015622048e+01 5.551678800166024282e-05
1.389015998794259232e+01 5.552586966099069674e-05
1.389910081572896416e+01 5.562747389525231210e-05
1.390804164351533956e+01 5.582562291560248335e-05
1.391698247130171140e+01 5.612386625703510919e-05
1.392592329908808324e+01 5.652480666350214545e-05
1.393486412687445508e+01 5.702944739619653222e-05
1.394380495466083048e+01 5.763633487646456602e-05
1.395274578244720232e+01 5.834049418505295339e-05
1.396168661023357416e+01 5.913220314366039043e-05
1.397062743801994600e+01 5.999573156855895014e-05
1.397956826580632139e+01 6.090828633634011642e-05
1.398850909359269323e+01 6.183953179610956487e-05
1.399744992137906507e+01 6.275214888081517221e-05
1.400639074916544047e+01 6.360387072134878969e-05
1.401533157695181231e+01 6.435119499275216380e-05
1.402427240473818415e+01 6.495448974099455903e-05
1.403321323252455599e+01 6.538358937420199707e-05
1.404215406031093138e+01 6.562249771817078490e-05
1.405109488809730323e+01 6.567180126120120305e-05
1.406003571588367507e+01 6.554798673681630689e-05
1.406897654367004691e+01 6.527983797048889298e-05
1.407791737145642230e+01 6.490298370021967958e-05
1.408685819924279414e+01 6.445406562818604859e-05
1.409579902702916598e+01 6.396580247573857103e-05
1.410473985481554138e+01 6.346366845443248436e-05
1.411368068260191322e+01 6.296431308946252056e-05
1.412262151038828506e+01 6.247544697328312067e-05
1.413156233817465690e+01 6.199675659093353385e-05
1.414050316596103229e+01 6.152142674817946027e-05
1.414944399374740414e+01 6.103794600365275132e-05
