5.217557035160964141e+00 3.468492879434231460e-06
5.226497862947336870e+00 3.642068276938921988e-06
5.235438690733709599e+00 3.815400887621607272e-06
5.244379518520082328e+00 3.988490443766385426e-06
5.253320346306455058e+00 4.161336669970184979e-06
5.262261174092827787e+00 4.333939282882552538e-06
5.271202001879201404e+00 4.506297990935255736e-06
5.280142829665574133e+00 4.678412494061158925e-06
5.289083657451946863e+00 4.850282483402128944e-06
5.298024485238319592e+00 5.021907641005140028e-06
5.306965313024692321e+00 5.193287639506289013e-06
5.315906140811065050e+00 5.364422141802109284e-06
5.324846968597437780e+00 5.535310716321720566e-06
5.333787796383810509e+00 5.705953062890308993e-06
5.342728624170183238e+00 5.876348828151298353e-06
5.351669451956555967e+00 6.046497631777659283e-06
5.360610279742928697e+00 6.216399081807815163e-06
5.369551107529302314e+00 6.386052774225008946e-06
5.378491935315675043e+00 6.555458292518973768e-06
5.387432763102047772e+00 6.724615207229253448e-06
5.396373590888420502e+00 6.893523075469018343e-06
5.405314418674793231e+00 7.062181440428629510e-06
5.414255246461165960e+00 7.230589830857942330e-06
5.423196074247538689e+00 7.398747760526214582e-06
5.432136902033911419e+00 7.566654727658628789e-06
5.441077729820284148e+00 7.734310214348186232e-06
5.450018557606656877e+00 7.901713685941805419e-06
5.458959385393030495e+00 8.065823058460177251e-06
5.467900213179403224e+00 8.224486667498947943e-06
5.476841040965775953e+00 8.380210844531586642e-06
5.485781868752148682e+00 8.535271480694599342e-06
5.494722696538521411e+00 8.689669711598649773e-06
5.503663524324894141e+00 8.843406651306242634e-06
5.512604352111266870e+00 8.996483391633385576e-06
5.521545179897639599e+00 9.148901001418979247e-06
5.530486007684012328e+00 9.300660525760159986e-06
5.539426835470385058e+00 9.449987025870268747e-06
5.548367663256758675e+00 9.592808636325999546e-06
5.557308491043131404e+00 9.730284848124388401e-06
5.566249318829504134e+00 9.866107601360803227e-06
5.575190146615876863e+00 9.996670019746375916e-06
5.584130974402249592e+00 1.011785370443444905e-05
5.593071802188622321e+00 1.023770950633074922e-05
5.602012629974995050e+00 1.035475653506436088e-05
5.610953457761367780e+00 1.045685087400786310e-05
5.619894285547740509e+00 1.055685392304360899e-05
5.628835113334113238e+00 1.065508933788079444e-05
5.637775941120485967e+00 1.073884999030776758e-05
5.646716768906859585e+00 1.081536118254997239e-05
5.655657596693232314e+00 1.088992450835155264e-05
5.664598424479605043e+00 1.095457966081722376e-05
5.673539252265977773e+00 1.100663945875693277e-05
5.682480080052350502e+00 1.105553534714998399e-05
5.691420907838723231e+00 1.109987273003038243e-05
5.700361735625095960e+00 1.112999997414465826e-05
5.709302563411468689e+00 1.115532970299387046e-05
5.718243391197841419e+00 1.117868714094905695e-05
5.727184218984214148e+00 1.119273145507264226e-05
5.736125046770586877e+00 1.120131395746974449e-05
5.745065874556960495e+00 1.120771415571960538e-05
5.754006702343333224e+00 1.121150329332816949e-05
5.762947530129705953e+00 1.121264852866682656e-05
5.771888357916078682e+00 1.121177872791805282e-05
5.780829185702451412e+00 1.121105254024462259e-05
5.789770013488824141e+00 1.121301219292053276e-05
5.798710841275196870e+00 1.121597499508284394e-05
5.807651669061569599e+00 1.121843283168267574e-05
5.816592496847942328e+00 1.122805111265869498e-05
5.825533324634315058e+00 1.124607318712985611e-05
5.834474152420687787e+00 1.126262225808465885e-05
5.843414980207061404e+00 1.128571316613899208e-05
5.852355807993434134e+00 1.132412435036992147e-05
5.861296635779806863e+00 1.136394253703797014e-05
5.870237463566179592e+00 1.140666693496665528e-05
5.879178291352552321e+00 1.146304261782768173e-05
5.888119119138925051e+00 1.152714790182167971e-05
5.897059946925297780e+00 1.159136029663663808e-05
5.906000774711670509e+00 1.166195034658881536e-05
5.914941602498043238e+00 1.174329768348714478e-05
5.923882430284415967e+00 1.182396313882811670e-05
5.932823258070788697e+00 1.190479783421873134e-05
5.941764085857162314e+00 1.199241111117725426e-05
5.950704913643535043e+00 1.207941698147338511e-05
5.959645741429907773e+00 1.216581361710666538e-05
5.968586569216280502e+00 1.225159308666867433e-05
5.977527397002653231e+00 1.233675938814812303e-05
5.986468224789025960e+00 1.242131289700033761e-05
5.995409052575398690e+00 1.250474718636416123e-05
6.004349880361771419e+00 1.258706526704723442e-05
6.013290708148144148e+00 1.266867386882417831e-05
6.022231535934517765e+00 1.275043516776646923e-05
6.031172363720889606e+00 1.283378898957560508e-05
6.040113191507263224e+00 1.291718861969125351e-05
6.049054019293635953e+00 1.300006713987114265e-05
6.057994847080008682e+00 1.308824840168441705e-05
6.066935674866381412e+00 1.317882201761633893e-05
6.075876502652754141e+00 1.326890197119993596e-05
6.084817330439126870e+00 1.336299948554063354e-05
6.093758158225499599e+00 1.346138181731869020e-05
6.102698986011872329e+00 1.356056926790120222e-05
6.111639813798245058e+00 1.366123375628838572e-05
6.120580641584618675e+00 1.376532038379395202e-05
6.129521469370990516e+00 1.387126436544455411e-05
6.138462297157364134e+00 1.397720052572501264e-05
6.147403124943736863e+00 1.408417425583965960e-05
6.156343952730109592e+00 1.419239346480539520e-05
6.165284780516482321e+00 1.430033863528735823e-05
6.174225608302855051e+00 1.440787125775607513e-05
6.183166436089227780e+00 1.451478632424197812e-05
6.192107263875600509e+00 1.462136471548485469e-05
6.201048091661973238e+00 1.472758912856158092e-05
6.209988919448345968e+00 1.483338948836577098e-05
6.218929747234719585e+00 1.493878710526729071e-05
6.227870575021091426e+00 1.504404549179912332e-05
6.236811402807465043e+00 1.515112088153923252e-05
6.245752230593837773e+00 1.526052386849256111e-05
6.254693058380210502e+00 1.536960090613500931e-05
6.263633886166583231e+00 1.548040141534086193e-05
6.272574713952955960e+00 1.560186099103973021e-05
6.281515541739328690e+00 1.572307202017051960e-05
6.290456369525701419e+00 1.584397929297732451e-05
6.299397197312074148e+00 1.598110360354070244e-05
6.308338025098446877e+00 1.612151146708515299e-05
6.317278852884820495e+00 1.626206612690235591e-05
6.326219680671192336e+00 1.641465258578454309e-05
6.335160508457565953e+00 1.657661483346005552e-05
6.344101336243938682e+00 1.674049960816123390e-05
6.353042164030311412e+00 1.691067157401098363e-05
6.361982991816684141e+00 1.709319535750023403e-05
6.370923819603056870e+00 1.728028093736609373e-05
6.379864647389429599e+00 1.746915866061089957e-05
6.388805475175802329e+00 1.766987612775491930e-05
6.397746302962175946e+00 1.787781062064814299e-05
6.406687130748547787e+00 1.808632562797507368e-05
6.415627958534921405e+00 1.830263065191254694e-05
6.424568786321294134e+00 1.852726848356468951e-05
6.433509614107666863e+00 1.875376114806604147e-05
6.442450441894039592e+00 1.898443754954029736e-05
6.451391269680412321e+00 1.922273126095184998e-05
6.460332097466785051e+00 1.946501466608530599e-05
6.469272925253157780e+00 1.970907792723590289e-05
6.478213753039530509e+00 1.995885685728283120e-05
6.487154580825903238e+00 2.021470605937288406e-05
6.496095408612276856e+00 2.047061264525933794e-05
6.505036236398648697e+00 2.072860799765557062e-05
6.513977064185022314e+00 2.099266186185998770e-05
6.522917891971395044e+00 2.125585856452501908e-05
6.531858719757767773e+00 2.151802613716244134e-05
6.540799547544140502e+00 2.177990896394401573e-05
6.549740375330513231e+00 2.203994560650269726e-05
6.558681203116885960e+00 2.229693976684366045e-05
6.567622030903258690e+00 2.254688551586295816e-05
6.576562858689631419e+00 2.278933185591187216e-05
6.585503686476004148e+00 2.302640272295084935e-05
6.594444514262377766e+00 2.325318706273633957e-05
6.603385342048749607e+00 2.346153972435923457e-05
6.612326169835123224e+00 2.366063587161969554e-05
6.621266997621495953e+00 2.384975503057128608e-05
6.630207825407868683e+00 2.400471627148494347e-05
6.639148653194241412e+00 2.414270977161446150e-05
6.648089480980614141e+00 2.426574324385269270e-05
6.657030308766986870e+00 2.434783449235459110e-05
6.665971136553359599e+00 2.439554887085066510e-05
6.674911964339732329e+00 2.441919444304170640e-05
6.683852792126105058e+00 2.440042394755160472e-05
6.692793619912478675e+00 2.432710790367725447e-05
6.701734447698850516e+00 2.421530267379673265e-05
6.710675275485224134e+00 2.406476608480153433e-05
6.719616103271596863e+00 2.384609352746503059e-05
6.728556931057969592e+00 2.357136519445199194e-05
6.737497758844342322e+00 2.326272766547514222e-05
6.746438586630715051e+00 2.290938243843490104e-05
6.755379414417087780e+00 2.251114529288674259e-05
6.764320242203460509e+00 2.208161371059678767e-05
6.773261069989833238e+00 2.162922475935536936e-05
6.782201897776205968e+00 2.116360734350226615e-05
6.791142725562579585e+00 2.068883222847370194e-05
6.800083553348951426e+00 2.021307765265153213e-05
6.809024381135325044e+00 1.974904066632685991e-05
6.817965208921697773e+00 1.931432892184255053e-05
6.826906036708070502e+00 1.893057573221411735e-05
6.835846864494443231e+00 1.861714839613632299e-05
6.844787692280815961e+00 1.839226877143333483e-05
6.853728520067188690e+00 1.827124121685779628e-05
6.862669347853561419e+00 1.826479074648126053e-05
6.871610175639934148e+00 1.837781253537014735e-05
6.880551003426306877e+00 1.860878365016729516e-05
6.889491831212680495e+00 1.894996590396770753e-05
6.898432658999052336e+00 1.938951481171124940e-05
6.907373486785425953e+00 1.990936766003763655e-05
6.916314314571798683e+00 2.048968961525078847e-05
6.925255142358171412e+00 2.111176273384471997e-05
6.934195970144544141e+00 2.175811250725727847e-05
6.943136797930916870e+00 2.241337979999397928e-05
6.952077625717289600e+00 2.306477116181201122e-05
6.961018453503662329e+00 2.370215686632872148e-05
6.969959281290035946e+00 2.431791592281272015e-05
6.978900109076407787e+00 2.490662821185223337e-05
6.987840936862781405e+00 2.546469721100276350e-05
6.996781764649154134e+00 2.598996330017204302e-05
7.005722592435526863e+00 2.648134484664763915e-05
7.014663420221899592e+00 2.693852596023389102e-05
7.023604248008272322e+00 2.736169699826096791e-05
7.032545075794645051e+00 2.775134603144034401e-05
7.041485903581017780e+00 2.810809538236039203e-05
7.050426731367390509e+00 2.843257581007839843e-05
7.059367559153763239e+00 2.872533095517165443e-05
7.068308386940136856e+00 2.898674559339037241e-05
7.077249214726508697e+00 2.921699265531792206e-05
7.086190042512882314e+00 2.941599564892179755e-05
7.095130870299255044e+00 2.958340502254522427e-05
7.104071698085627773e+00 2.971858919061662338e-05
7.113012525872000502e+00 2.982064355298278099e-05
7.121953353658373231e+00 2.988842405200628033e-05
7.130894181444745961e+00 2.992061579405873135e-05
7.139835009231118690e+00 2.991585205340161705e-05
7.148775837017491419e+00 2.987290428377796278e-05
7.157716664803864148e+00 2.979096859726296413e-05
7.166657492590237766e+00 2.967007628281086723e-05
7.175598320376609607e+00 2.951165110711326912e-05
7.184539148162983224e+00 2.931921761335368946e-05
7.193479975949355953e+00 2.909922353838268318e-05
7.202420803735728683e+00 2.886186778446573237e-05
7.211361631522101412e+00 2.862187065655747283e-05
7.220302459308474141e+00 2.839940207691965825e-05
7.229243287094846870e+00 2.821744988469531784e-05
7.238184114881219600e+00 2.810013442716354529e-05
7.247124942667593217e+00 2.806949733512656759e-05
7.256065770453965058e+00 2.814181777519363879e-05
7.265006598240338676e+00 2.832460892373410324e-05
7.273947426026710517e+00 2.861530050219973268e-05
7.282888253813084134e+00 2.900204038012334562e-05
7.291829081599456863e+00 2.946626200662008982e-05
7.300769909385829592e+00 2.998610341393901683e-05
7.309710737172202322e+00 3.053967426018032254e-05
7.318651564958575051e+00 3.110747719024239749e-05
7.327592392744947780e+00 3.167374259012054570e-05
7.336533220531320509e+00 3.222680001752884659e-05
7.345474048317694127e+00 3.275878775990721955e-05
7.354414876104065968e+00 3.326501721962210492e-05
7.363355703890439585e+00 3.374323534463201217e-05
7.372296531676811426e+00 3.419293323648985684e-05
7.381237359463185044e+00 3.461476990118883345e-05
7.390178187249557773e+00 3.501012818678437367e-05
7.399119015035930502e+00 3.538079223530227305e-05
7.408059842822303231e+00 3.572872462333218416e-05
7.417000670608675961e+00 3.605591963483093985e-05
7.425941498395048690e+00 3.636431179242134183e-05
7.434882326181421419e+00 3.665572292293332223e-05
7.443823153967795037e+00 3.693183516610482124e-05
7.452763981754166878e+00 3.719418084630669684e-05
7.461704809540540495e+00 3.744414286897683778e-05
7.470645637326912336e+00 3.768296133566556198e-05
7.479586465113285954e+00 3.791174352490478855e-05
7.488527292899658683e+00 3.813147539818395165e-05
7.497468120686031412e+00 3.834060515391479442e-05
7.506408948472404141e+00 3.853896169503909680e-05
7.515349776258776870e+00 3.872958554018101328e-05
7.524290604045149600e+00 3.891392010234485813e-05
7.533231431831522329e+00 3.909146813402453500e-05
7.542172259617895946e+00 3.926307867145488256e-05
7.551113087404267787e+00 3.942985338381509560e-05
7.560053915190641405e+00 3.959058862290481124e-05
7.568994742977013246e+00 3.974681069384856783e-05
7.577935570763386863e+00 3.989849490960638935e-05
7.586876398549759593e+00 4.004546132462556815e-05
7.595817226336132322e+00 4.018845075082958760e-05
7.604758054122505051e+00 4.032778696143156919e-05
7.613698881908877780e+00 4.046159880377375511e-05
7.622639709695250509e+00 4.059285811917224412e-05
7.631580537481623239e+00 4.071949552334422774e-05
7.640521365267996856e+00 4.084218274529316788e-05
7.649462193054368697e+00 4.096221433054090323e-05
7.658403020840742315e+00 4.107739511205360956e-05
7.667343848627114156e+00 4.118868670343687056e-05
7.676284676413487773e+00 4.129706153243291805e-05
7.685225504199860502e+00 4.140101850764163932e-05
7.694166331986233232e+00 4.150127064496524830e-05
7.703107159772605961e+00 4.159969365455268737e-05
7.712047987558978690e+00 4.169021480124204902e-05
7.720988815345351419e+00 4.177925897850026698e-05
7.729929643131724148e+00 4.186377133238445420e-05
7.738870470918097766e+00 4.194368108282790037e-05
7.747811298704469607e+00 4.202087444241186609e-05
7.756752126490843224e+00 4.209327256440833831e-05
7.765692954277215065e+00 4.215950999036410151e-05
7.774633782063588683e+00 4.222368317488610703e-05
7.783574609849961412e+00 4.228222543421238712e-05
7.792515437636334141e+00 4.233536525341600039e-05
7.801456265422706871e+00 4.238716136615563925e-05
7.810397093209079600e+00 4.242935205585605566e-05
7.819337920995453217e+00 4.246863799837962517e-05
7.828278748781825058e+00 4.250335249329171292e-05
7.837219576568198676e+00 4.253193959434112346e-05
7.846160404354570517e+00 4.255650082401621424e-05
7.855101232140944134e+00 4.257708067084598912e-05
7.864042059927316863e+00 4.258719349346334849e-05
7.872982887713689593e+00 4.259640672752719719e-05
7.881923715500062322e+00 4.259780158935640729e-05
7.890864543286435051e+00 4.259248065937171478e-05
7.899805371072807780e+00 4.258546150694434757e-05
7.908746198859180510e+00 4.256832334119466956e-05
7.917687026645554127e+00 4.254531424951176822e-05
7.926627854431925968e+00 4.251839036638030867e-05
7.935568682218299585e+00 4.248398236554891931e-05
7.944509510004671426e+00 4.244349824502645428e-05
7.953450337791045044e+00 4.240139273381838300e-05
7.962391165577417773e+00 4.234363457918067716e-05
7.971331993363790502e+00 4.228522052973008975e-05
7.980272821150163232e+00 4.221947489443725468e-05
7.989213648936535961e+00 4.214579243913679492e-05
7.998154476722908690e+00 4.206912372942601703e-05
8.007095304509281419e+00 4.198399790626013535e-05
8.016036132295655037e+00 4.188944172400597678e-05
8.024976960082026878e+00 4.179234819394112336e-05
8.033917787868400495e+00 4.168735580472816480e-05
8.042858615654772336e+00 4.157409587718564501e-05
8.051799443441145954e+00 4.146056414632208438e-05
8.060740271227519571e+00 4.133140786775423394e-05
8.069681099013891412e+00 4.119979286067449717e-05
8.078621926800263253e+00 4.106242271838809240e-05
8.087562754586636871e+00 4.091696598063417230e-05
8.096503582373010488e+00 4.076708692509803096e-05
8.105444410159382329e+00 4.061202855261621429e-05
8.114385237945755946e+00 4.044466043172573378e-05
8.123326065732127788e+00 4.027649543066929352e-05
8.132266893518501405e+00 4.010064457729266984e-05
8.141207721304873246e+00 3.991593755802514608e-05
8.150148549091246863e+00 3.973107020623853076e-05
8.159089376877620481e+00 3.953427612148256942e-05
8.168030204663992322e+00 3.933254639922540075e-05
8.176971032450364163e+00 3.912719226702511576e-05
8.185911860236737780e+00 3.891466097043111178e-05
8.194852688023111398e+00 3.869656988442911306e-05
8.203793515809483239e+00 3.847718243679163706e-05
8.212734343595856856e+00 3.824370826068634589e-05
8.221675171382228697e+00 3.801034485314064228e-05
8.230615999168602315e+00 3.777094586273317483e-05
8.239556826954974156e+00 3.752418064566594218e-05
8.248497654741347773e+00 3.727638108313783123e-05
8.257438482527721391e+00 3.702090936067657770e-05
8.266379310314093232e+00 3.675866803274473865e-05
8.275320138100465073e+00 3.649497965922230167e-05
8.284260965886838690e+00 3.622562603704593330e-05
8.293201793673212308e+00 3.594982603800563352e-05
8.302142621459584149e+00 3.567576841459540809e-05
8.311083449245957766e+00 3.538798230999267087e-05
8.320024277032329607e+00 3.510032426473380407e-05
8.328965104818703225e+00 3.480911124340622893e-05
8.337905932605075066e+00 3.451186950824620855e-05
8.346846760391448683e+00 3.421281291075609472e-05
8.355787588177822300e+00 3.391017940560036670e-05
8.364728415964194141e+00 3.359929163477538524e-05
8.373669243750565983e+00 3.328898117010625963e-05
8.382610071536939600e+00 3.297473294412423651e-05
8.391550899323313217e+00 3.265304938565385826e-05
8.400491727109685058e+00 3.233420863566822983e-05
8.409432554896058676e+00 3.200575285026851125e-05
8.418373382682430517e+00 3.167572432554899325e-05
8.427314210468804134e+00 3.134437895804443897e-05
8.436255038255175975e+00 3.100848874520793200e-05
8.445195866041549593e+00 3.066991843592634500e-05
8.454136693827923210e+00 3.033177652809438091e-05
8.463077521614295051e+00 2.998397379431518435e-05
8.472018349400666892e+00 2.963830686409669047e-05
8.480959177187040510e+00 2.928960009828226785e-05
8.489900004973414127e+00 2.893550816396044500e-05
8.498840832759785968e+00 2.858369998523580791e-05
8.507781660546159586e+00 2.822637256376513774e-05
8.516722488332531427e+00 2.786603701270075597e-05
8.525663316118905044e+00 2.750655881831122923e-05
8.534604143905276885e+00 2.714442003781261317e-05
8.543544971691650503e+00 2.677872708176596620e-05
8.552485799478024120e+00 2.641756916263724562e-05
8.561426627264395961e+00 2.604568340360080848e-05
8.570367455050767802e+00 2.567701169268718473e-05
8.579308282837141419e+00 2.530797429323822337e-05
8.588249110623515037e+00 2.493547059590716351e-05
8.597189938409886878e+00 2.456463304781184080e-05
8.606130766196260495e+00 2.419274274519396376e-05
8.615071593982632336e+00 2.381710737485941663e-05
8.624012421769005954e+00 2.344447530095048821e-05
8.632953249555377795e+00 2.307173947813971211e-05
8.641894077341751412e+00 2.269511605712692015e-05
8.650834905128125030e+00 2.232447134789597093e-05
8.659775732914496871e+00 2.194807650902412625e-05
8.668716560700868712e+00 2.157408608028905947e-05
8.677657388487242329e+00 2.120233862763406250e-05
8.686598216273615947e+00 2.082988231782457593e-05
8.695539044059987788e+00 2.045883607373473966e-05
8.704479871846361405e+00 2.009110576051038345e-05
8.713420699632733246e+00 1.972026622069671315e-05
8.722361527419106864e+00 1.935426396727834157e-05
8.731302355205478705e+00 1.899016088410586883e-05
8.740243182991852322e+00 1.862487932079745666e-05
8.749184010778225939e+00 1.826560485011210279e-05
8.758124838564597781e+00 1.790600197020194654e-05
8.767065666350969622e+00 1.754873332912019852e-05
8.776006494137343239e+00 1.719588335465543869e-05
8.784947321923716856e+00 1.684536841677092565e-05
8.793888149710088697e+00 1.649669773927910362e-05
8.802828977496462315e+00 1.615446427783259102e-05
8.811769805282834156e+00 1.581113455408542486e-05
8.820710633069207773e+00 1.547338340562558613e-05
8.829651460855579614e+00 1.514004056040528203e-05
8.838592288641953232e+00 1.480880429948164328e-05
8.847533116428326849e+00 1.448303261883864184e-05
8.856473944214698690e+00 1.416100276989627162e-05
8.865414772001070531e+00 1.384209880844078484e-05
8.874355599787444149e+00 1.352883300030570460e-05
8.883296427573817766e+00 1.322022121250604495e-05
8.892237255360189607e+00 1.291450570864857708e-05
8.901178083146563225e+00 1.261577701106505311e-05
8.910118910932935066e+00 1.231952443058184160e-05
8.919059738719308683e+00 1.202884860267790656e-05
8.928000566505680524e+00 1.174370517579954291e-05
8.936941394292054142e+00 1.146292480521073170e-05
8.945882222078427759e+00 1.118732063501548293e-05
8.954823049864799600e+00 1.091729104847483671e-05
8.963763877651173217e+00 1.065146442866542033e-05
8.972704705437545059e+00 1.039139928709799981e-05
8.981645533223918676e+00 1.013680760884116359e-05
8.990586361010290517e+00 9.886485259765900865e-06
8.999527188796664134e+00 9.642207884210795155e-06
9.008468016583037752e+00 9.402733423798609344e-06
9.017408844369409593e+00 9.168473102632881437e-06
9.026349672155781434e+00 8.939659172017652862e-06
9.035290499942155051e+00 8.715992555345707452e-06
9.044231327728528669e+00 8.497336872539426020e-06
9.053172155514900510e+00 8.284056837240254159e-06
9.062112983301274127e+00 8.075719003461171361e-06
9.071053811087645968e+00 7.872465905000391222e-06
9.079994638874019586e+00 7.674303895403446655e-06
9.088935466660391427e+00 7.481133950187848989e-06
9.097876294446765044e+00 7.292795134846728233e-06
9.106817122233138662e+00 7.109422786267578057e-06
9.115757950019510503e+00 6.930890838551284626e-06
9.124698777805882344e+00 6.756972321671607054e-06
9.133639605592255961e+00 6.587736522520786108e-06
9.142580433378629579e+00 6.423313463540184468e-06
9.151521261165001420e+00 6.262957745142397606e-06
9.160462088951375037e+00 6.107648777508630571e-06
9.169402916737746878e+00 5.956474039292740529e-06
9.178343744524120495e+00 5.809405361992429632e-06
9.187284572310492337e+00 5.666856218519419352e-06
9.196225400096865954e+00 5.528265880170470437e-06
9.205166227883239571e+00 5.393624413479883822e-06
9.214107055669611412e+00 5.263311614443614935e-06
9.223047883455983253e+00 5.136552350302446906e-06
9.231988711242356871e+00 5.013353239063688863e-06
9.240929539028730488e+00 4.894689325585564931e-06
9.249870366815102329e+00 4.778807434959383779e-06
9.258811194601474170e+00 4.667073915305958566e-06
9.267752022387847788e+00 4.558697760305792868e-06
9.276692850174221405e+00 4.453355362568637854e-06
9.285633677960593246e+00 4.351535425965032090e-06
9.294574505746966864e+00 4.253072821954226207e-06
9.303515333533340481e+00 4.157215610203328845e-06
9.312456161319712322e+00 4.065100771057224476e-06
9.321396989106084163e+00 3.975614046845465111e-06
9.330337816892457781e+00 3.888699464539473903e-06
9.339278644678831398e+00 3.805423595351894500e-06
9.348219472465203239e+00 3.724212442360622039e-06
9.357160300251575080e+00 3.645961097872273392e-06
9.366101128037950474e+00 3.570463712150196335e-06
9.375041955824322315e+00 3.497116428003888970e-06
9.383982783610694156e+00 3.426217928424325534e-06
9.392923611397067774e+00 3.358304698373141298e-06
9.401864439183441391e+00 3.291776770320001201e-06
9.410805266969813232e+00 3.228521078501325873e-06
9.419746094756185073e+00 3.167163349363357935e-06
9.428686922542558690e+00 3.107515307352371257e-06
9.437627750328932308e+00 3.050588735724847140e-06
9.446568578115304149e+00 2.995393004072321978e-06
9.455509405901675990e+00 2.942076542306336659e-06
9.464450233688051384e+00 2.891075507176593590e-06
9.473391061474423225e+00 2.841606354497359537e-06
9.482331889260795066e+00 2.793636270996783173e-06
9.491272717047168683e+00 2.748489085539242912e-06
9.500213544833542301e+00 2.704057787783898024e-06
9.509154372619914142e+00 2.662028672601406861e-06
9.518095200406285983e+00 2.621539362668078678e-06
9.527036028192659600e+00 2.582218539795484260e-06
9.535976855979033218e+00 2.544818549729112856e-06
9.544917683765405059e+00 2.509061358746485953e-06
9.553858511551776900e+00 2.474315661296267270e-06
9.562799339338152294e+00 2.441589566964353047e-06
9.571740167124524135e+00 2.410023515618848699e-06
9.580680994910895976e+00 2.379365749580615028e-06
9.589621822697269593e+00 2.351143166353803881e-06
9.598562650483643210e+00 2.323437510862689900e-06
9.607503478270015052e+00 2.297334784796073733e-06
9.616444306056386893e+00 2.272607007557433827e-06
9.625385133842760510e+00 2.248732525869284815e-06
9.634325961629134127e+00 2.226105997919341401e-06
9.643266789415505968e+00 2.205203065208246519e-06
9.652207617201877810e+00 2.184653302838536603e-06
9.661148444988253203e+00 2.165944646276827569e-06
9.670089272774625044e+00 2.148239687455294716e-06
9.679030100560996885e+00 2.131081625920942885e-06
9.687970928347370503e+00 2.115754403342820505e-06
9.696911756133744120e+00 2.101103893840695580e-06
9.705852583920115961e+00 2.087429035213649759e-06
9.714793411706487802e+00 2.075040239545930944e-06
9.723734239492861420e+00 2.063365369289202951e-06
9.732675067279235037e+00 2.052377991378768071e-06
9.741615895065606878e+00 2.043279114020156663e-06
9.750556722851980496e+00 2.034211076985664594e-06
9.759497550638354113e+00 2.026693999642898800e-06
9.768438378424725954e+00 2.020030474371312075e-06
9.777379206211097795e+00 2.013807757476618843e-06
9.786320033997471413e+00 2.008898120561288823e-06
9.795260861783845030e+00 2.004905893823682527e-06
9.804201689570216871e+00 2.001423665246447827e-06
9.813142517356588712e+00 1.999160188466233890e-06
9.822083345142962330e+00 1.997593386174212320e-06
9.831024172929335947e+00 1.996315502574941361e-06
9.839965000715707788e+00 1.996987227252796602e-06
9.848905828502081405e+00 1.997697012987574892e-06
9.857846656288455023e+00 1.999459592326163629e-06
9.866787484074826864e+00 2.002097597137732143e-06
9.875728311861198705e+00 2.005182562363028093e-06
9.884669139647572322e+00 2.009135482713024420e-06
9.893609967433945940e+00 2.014238787650252274e-06
9.902550795220317781e+00 2.019545813229581882e-06
9.911491623006689622e+00 2.025983555058147454e-06
9.920432450793063239e+00 2.033181439816320781e-06
9.929373278579436857e+00 2.040615305874336558e-06
9.938314106365808698e+00 2.049477152674060506e-06
9.947254934152182315e+00 2.058713245738806656e-06
9.956195761938555933e+00 2.068632134307207283e-06
9.965136589724927774e+00 2.079410730046113014e-06
9.974077417511299615e+00 2.090697375740111615e-06
9.983018245297673232e+00 2.102499953433242452e-06
9.991959073084046850e+00 2.115585834357983846e-06
1.000089990087041869e+01 2.128743915076000669e-06
1.000984072865679053e+01 2.142944265439463361e-06
1.001878155644316415e+01 2.157806199377470968e-06
1.002772238422953777e+01 2.172965366436317822e-06
1.003666321201590961e+01 2.189110044523661543e-06
1.004560403980228322e+01 2.205873195679679766e-06
1.005454486758865684e+01 2.223076408144085299e-06
1.006348569537502868e+01 2.241058022380833639e-06
1.007242652316140052e+01 2.259599322458248861e-06
1.008136735094777414e+01 2.278426262430474685e-06
1.009030817873414776e+01 2.298487011501184836e-06
1.009924900652051960e+01 2.318714571872869940e-06
1.010818983430689144e+01 2.339632341330348688e-06
1.011713066209326506e+01 2.361171451238635263e-06
1.012607148987963868e+01 2.383088654585355487e-06
1.013501231766601052e+01 2.405634121201287952e-06
1.014395314545238413e+01 2.428871038057176336e-06
1.015289397323875775e+01 2.452425169798940689e-06
1.016183480102512959e+01 2.476605500412322696e-06
1.017077562881150143e+01 2.501329554121043909e-06
1.017971645659787505e+01 2.526339131041145075e-06
1.018865728438424867e+01 2.552137639190929637e-06
1.019759811217062051e+01 2.578274998607811457e-06
1.020653893995699235e+01 2.604862748829275122e-06
1.021547976774336597e+01 2.631948736842448302e-06
1.022442059552973959e+01 2.659431014676388377e-06
1.023336142331611143e+01 2.687309720527116846e-06
1.024230225110248504e+01 2.715744263674593394e-06
1.025124307888885866e+01 2.744474954794358650e-06
1.026018390667523050e+01 2.773642697784997302e-06
1.026912473446160234e+01 2.803220212244163764e-06
1.027806556224797596e+01 2.833116868031308688e-06
1.028700639003434958e+01 2.863415168201171114e-06
1.029594721782072142e+01 2.894067775809930842e-06
1.030488804560709326e+01 2.925042179956012797e-06
1.031382887339346688e+01 2.956346124676443048e-06
1.032276970117984050e+01 2.987978829656604469e-06
1.033171052896621234e+01 3.019926151785736327e-06
1.034065135675258595e+01 3.052127224700299355e-06
1.034959218453895957e+01 3.084659336422128360e-06
1.035853301232533141e+01 3.117439251364408586e-06
1.036747384011170325e+01 3.150477498424090399e-06
1.037641466789807687e+01 3.183825765470205868e-06
1.038535549568445049e+01 3.217378208085353432e-06
1.039429632347082233e+01 3.251145938717923607e-06
1.040323715125719417e+01 3.285206147676334917e-06
1.041217797904356779e+01 3.319458394554642042e-06
1.042111880682994141e+01 3.353923058691877456e-06
1.043005963461631325e+01 3.388722948025681694e-06
1.043900046240268686e+01 3.423531194303481100e-06
1.044794129018906048e+01 3.458657316911919251e-06
1.045688211797543232e+01 3.493988523818206620e-06
1.046582294576180416e+01 3.529494777296099265e-06
1.047476377354817778e+01 3.565264190232796731e-06
1.048370460133455140e+01 3.601249329727957094e-06
1.049264542912092324e+01 3.637332154922882053e-06
1.050158625690729508e+01 3.673743392698185054e-06
1.051052708469367047e+01 3.710345389224376993e-06
1.051946791248004232e+01 3.747127614347618607e-06
1.052840874026641416e+01 3.784256320946633299e-06
1.053734956805278777e+01 3.821527739020121796e-06
1.054629039583916139e+01 3.859082386333102784e-06
1.055523122362553323e+01 3.896944885562819504e-06
1.056417205141190507e+01 3.935084819775029125e-06
1.057311287919827869e+01 3.973529125557059511e-06
1.058205370698465231e+01 4.012326724887043883e-06
1.059099453477102415e+01 4.051452560322123189e-06
1.059993536255739599e+01 4.090944288240962888e-06
1.060887619034377138e+01 4.130864196509021750e-06
1.061781701813014323e+01 4.171215628242532129e-06
1.062675784591651507e+01 4.211957555124139404e-06
1.063569867370288868e+01 4.253271717328739631e-06
1.064463950148926230e+01 4.295115955245550755e-06
1.065358032927563414e+01 4.337451485830600996e-06
1.066252115706200598e+01 4.380434406996063417e-06
1.067146198484837960e+01 4.424055477823497166e-06
1.068040281263475322e+01 4.468094187099920060e-06
1.068934364042112506e+01 4.513362675465917334e-06
1.069828446820749690e+01 4.559094422961082959e-06
1.070722529599387229e+01 4.605672697555058325e-06
1.071616612378024413e+01 4.653215243580835164e-06
1.072510695156661598e+01 4.701445129362548009e-06
1.073404777935298959e+01 4.750711462337161852e-06
1.074298860713936321e+01 4.801310316682550828e-06
1.075192943492573505e+01 4.852596688448972122e-06
1.076087026271210689e+01 4.905125462841811928e-06
1.076981109049848051e+01 4.959087918544527084e-06
1.077875191828485413e+01 5.013625534622291636e-06
1.078769274607122597e+01 5.070343905627444628e-06
1.079663357385759781e+01 5.128102975393282870e-06
1.080557440164397320e+01 5.187141095121667343e-06
1.081451522943034504e+01 5.247879584460348674e-06
1.082345605721671689e+01 5.310000796414900359e-06
1.083239688500309050e+01 5.373408725464306483e-06
1.084133771278946412e+01 5.439494706922933277e-06
1.085027854057583596e+01 5.506491228602299371e-06
1.085921936836220780e+01 5.575561992716714187e-06
1.086816019614858142e+01 5.646895769200959724e-06
1.087710102393495504e+01 5.719319270337771589e-06
1.088604185172132688e+01 5.794516075564072418e-06
1.089498267950770050e+01 5.871824886958517844e-06
1.090392350729407411e+01 5.950804432861909214e-06
1.091286433508044595e+01 6.032197819021336184e-06
1.092180516286681780e+01 6.116001623544552437e-06
1.093074599065319141e+01 6.201121275381132642e-06
1.093968681843956503e+01 6.290362619669889537e-06
1.094862764622593687e+01 6.381086172393009745e-06
1.095756847401230871e+01 6.474287763561281061e-06
1.096650930179868233e+01 6.570465649212237907e-06
1.097545012958505595e+01 6.668637010883819783e-06
1.098439095737142779e+01 6.769690773644674285e-06
1.099333178515780141e+01 6.873999944657780766e-06
1.100227261294417502e+01 6.980374910574378918e-06
1.101121344073054686e+01 7.089616184610510968e-06
1.102015426851691871e+01 7.202224229653092005e-06
1.102909509630329232e+01 7.316594814718383464e-06
1.103803592408966594e+01 7.435178103036403211e-06
1.104697675187603778e+01 7.556192630956245476e-06
1.105591757966240962e+01 7.679919153045290284e-06
1.106485840744878324e+01 7.806888804283291226e-06
1.107379923523515686e+01 7.936701044913136821e-06
1.108274006302152870e+01 8.069254348024635073e-06
1.109168089080790232e+01 8.205522210603251288e-06
1.110062171859427593e+01 8.344295237016290424e-06
1.110956254638064777e+01 8.486073572121532506e-06
1.111850337416701962e+01 8.631291685353817590e-06
1.112744420195339323e+01 8.779030365020971759e-06
1.113638502973976685e+01 8.930088399336545894e-06
1.114532585752613869e+01 9.084143549660083760e-06
1.115426668531251053e+01 9.241008504091743463e-06
1.116320751309888415e+01 9.400843063067436414e-06
1.117214834088525777e+01 9.563688262369426219e-06
1.118108916867162961e+01 9.729324086669902778e-06
1.119002999645800323e+01 9.897822684555099694e-06
1.119897082424437684e+01 1.006920859570152458e-05
1.120791165203074868e+01 1.024330862266594998e-05
1.121685247981712052e+01 1.042003873157048703e-05
1.122579330760349414e+01 1.059968393290615677e-05
1.123473413538986776e+01 1.078175828780031382e-05
1.124367496317623960e+01 1.096628709890793709e-05
1.125261579096261144e+01 1.115360965647736544e-05
1.126155661874898506e+01 1.134332480670401384e-05
1.127049744653535868e+01 1.153514452690675623e-05
1.127943827432173052e+01 1.173016726998708276e-05
1.128837910210810414e+01 1.192620548307971674e-05
1.129731992989447775e+01 1.212503345781664446e-05
1.130626075768084959e+01 1.232621616186679285e-05
1.131520158546722143e+01 1.252905563879436131e-05
1.132414241325359505e+01 1.273429203548987325e-05
1.133308324103996867e+01 1.294164893723669728e-05
1.134202406882634051e+01 1.315001706736964228e-05
1.135096489661271235e+01 1.336106209244303888e-05
1.135990572439908597e+01 1.357407431849313453e-05
1.136884655218545959e+01 1.378753561041995547e-05
1.137778737997183143e+01 1.400430550019845214e-05
1.138672820775820504e+01 1.422128047237172210e-05
1.139566903554457866e+01 1.444011849319434418e-05
1.140460986333095050e+01 1.466107680489766798e-05
1.141355069111732234e+01 1.488312207345528845e-05
1.142249151890369596e+01 1.510646649752899329e-05
1.143143234669006958e+01 1.533229468174430925e-05
1.144037317447644142e+01 1.555770229256902613e-05
1.144931400226281326e+01 1.578553083156894316e-05
1.145825483004918688e+01 1.601493030062391259e-05
1.146719565783556050e+01 1.624444430375918138e-05
1.147613648562193234e+01 1.647655804509666011e-05
1.148507731340830595e+01 1.670923621065514007e-05
1.149401814119467957e+01 1.694282981469685714e-05
1.150295896898105141e+01 1.717850276045301418e-05
1.151189979676742325e+01 1.741539217768373860e-05
1.152084062455379687e+01 1.765268046508357860e-05
1.152978145234017049e+01 1.789310379542673790e-05
1.153872228012654233e+01 1.813249877349867384e-05
1.154766310791291417e+01 1.837416844360450387e-05
1.155660393569928779e+01 1.861769862046984932e-05
1.156554476348566141e+01 1.886178700406522350e-05
1.157448559127203325e+01 1.910781586149962755e-05
1.158342641905840686e+01 1.935541884563195505e-05
1.159236724684478048e+01 1.960370883856217588e-05
1.160130807463115232e+01 1.985424658327196586e-05
1.161024890241752416e+01 2.010667142877944419e-05
1.161918973020389778e+01 2.035945366925625459e-05
1.162813055799027140e+01 2.061534395624196894e-05
1.163707138577664324e+01 2.087184527282799303e-05
1.164601221356301508e+01 2.113039828579844860e-05
1.165495304134939047e+01 2.139127774501162015e-05
1.166389386913576232e+01 2.165377254176971950e-05
1.167283469692213416e+01 2.191817415283512694e-05
1.168177552470850777e+01 2.218517857627248457e-05
1.169071635249488139e+01 2.245358169604280495e-05
1.169965718028125323e+01 2.272461374453451502e-05
1.170859800806762507e+01 2.299818143985699702e-05
1.171753883585399869e+01 2.327344109256842793e-05
1.172647966364037231e+01 2.355173398418238461e-05
1.173542049142674415e+01 2.383230686212867890e-05
1.174436131921311599e+01 2.411540742616322325e-05
1.175330214699949138e+01 2.440142672199380566e-05
1.176224297478586323e+01 2.469020350189817621e-05
1.177118380257223507e+01 2.498157656406323009e-05
1.178012463035860868e+01 2.527624427881165940e-05
1.178906545814498230e+01 2.557354140128320099e-05
1.179800628593135414e+01 2.587401080014185446e-05
1.180694711371772598e+01 2.617774612434801886e-05
1.181588794150409960e+01 2.648452725532421176e-05
1.182482876929047322e+01 2.679465659201166487e-05
1.183376959707684506e+01 2.710813325845360378e-05
1.184271042486321690e+01 2.742493107023799852e-05
1.185165125264959229e+01 2.774523049127498129e-05
1.186059208043596414e+01 2.806905746892043575e-05
1.186953290822233598e+01 2.839630098865817860e-05
1.187847373600870959e+01 2.872726287708911647e-05
1.188741456379508321e+01 2.906170492849299776e-05
1.189635539158145505e+01 2.939982761242326229e-05
1.190529621936782689e+01 2.974167193167816351e-05
1.191423704715420051e+01 3.008711686041639214e-05
1.192317787494057413e+01 3.043628005210232532e-05
1.193211870272694597e+01 3.078920308838923122e-05
1.194105953051331781e+01 3.114564852501628268e-05
1.195000035829969320e+01 3.150591722466627271e-05
1.195894118608606504e+01 3.186997614596997298e-05
1.196788201387243689e+01 3.223721839801107781e-05
1.197682284165881050e+01 3.260854211767010789e-05
1.198576366944518412e+01 3.298308246321979807e-05
1.199470449723155596e+01 3.336114937607464836e-05
1.200364532501792780e+01 3.374296901576397486e-05
1.201258615280430142e+01 3.412803973290008490e-05
1.202152698059067504e+01 3.451616173256015100e-05
1.203046780837704688e+01 3.490825827662161191e-05
1.203940863616342050e+01 3.530260355201263683e-05
1.204834946394979411e+01 3.570036724132551865e-05
1.205729029173616595e+01 3.610166810012253283e-05
1.206623111952253780e+01 3.650465568772286846e-05
1.207517194730891141e+01 3.691128812095634617e-05
1.208411277509528503e+01 3.732028128331594998e-05
1.209305360288165687e+01 3.773132386189806918e-05
1.210199443066802871e+01 3.814548320152445532e-05
1.211093525845440233e+01 3.856217422721591428e-05
1.211987608624077595e+01 3.897921372999756806e-05
1.212881691402714779e+01 3.940063046558139583e-05
1.213775774181352141e+01 3.982141908641239367e-05
1.214669856959989502e+01 4.024446606137878325e-05
1.215563939738626686e+01 4.067028340263010081e-05
1.216458022517263871e+01 4.109577134600024106e-05
1.217352105295901232e+01 4.152282757399769291e-05
1.218246188074538594e+01 4.195165226666205412e-05
1.219140270853175778e+01 4.237971365325735447e-05
1.220034353631812962e+01 4.280944645214464526e-05
1.220928436410450324e+01 4.324142626971362038e-05
1.221822519189087686e+01 4.366886123209611241e-05
1.222716601967724870e+01 4.410037213205805285e-05
1.223610684746362232e+01 4.452950601086109442e-05
1.224504767524999593e+01 4.495830928226306802e-05
1.225398850303636777e+01 4.538851366641664562e-05
1.226292933082273962e+01 4.581692866390758346e-05
1.227187015860911323e+01 4.624306021060951957e-05
1.228081098639548685e+01 4.667110382790545521e-05
1.228975181418185869e+01 4.709490179282637388e-05
1.229869264196823053e+01 4.751810064304312230e-05
1.230763346975460415e+01 4.794247958659812546e-05
1.231657429754097777e+01 4.835971506758946653e-05
1.232551512532734961e+01 4.877847149783126970e-05
1.233445595311372323e+01 4.919420108419927636e-05
1.234339678090009684e+01 4.960649591071659064e-05
1.235233760868646868e+01 5.001832827874599170e-05
1.236127843647284053e+01 5.042808497273990292e-05
1.237021926425921414e+01 5.083052831428337974e-05
1.237916009204558776e+01 5.123572665281355001e-05
1.238810091983195960e+01 5.163281736910807582e-05
1.239704174761833144e+01 5.202730206658927954e-05
1.240598257540470506e+01 5.242192020581328021e-05
1.241492340319107868e+01 5.280843970509263520e-05
1.242386423097745052e+01 5.319255547948764488e-05
1.243280505876382414e+01 5.357405370610571698e-05
1.244174588655019775e+01 5.394922237907954154e-05
1.245068671433656959e+01 5.432177529728682335e-05
1.245962754212294143e+01 5.469319651605944027e-05
1.246856836990931505e+01 5.505197556623401617e-05
1.247750919769568867e+01 5.541291835407701947e-05
1.248645002548206051e+01 5.576559313978857239e-05
1.249539085326843235e+01 5.611329113333761480e-05
1.250433168105480597e+01 5.645949062049124425e-05
1.251327250884117959e+01 5.679818188244146804e-05
1.252221333662755143e+01 5.713012745707389723e-05
1.253115416441392505e+01 5.746058282720368994e-05
1.254009499220029866e+01 5.778256836492846215e-05
1.254903581998667050e+01 5.809976487481564536e-05
1.255797664777304234e+01 5.841616760481796157e-05
1.256691747555941596e+01 5.871826322917724780e-05
1.257585830334578958e+01 5.902015597554655942e-05
1.258479913113216142e+01 5.931519055650899829e-05
1.259373995891853326e+01 5.960331133659279635e-05
1.260268078670490688e+01 5.988829964131239971e-05
1.261162161449128050e+01 6.016759521420669333e-05
1.262056244227765234e+01 6.043617587846295935e-05
1.262950327006402595e+01 6.070470847414915919e-05
1.263844409785039957e+01 6.096348653895297144e-05
1.264738492563677141e+01 6.121574204718470110e-05
1.265632575342314325e+01 6.146693349227092017e-05
1.266526658120951687e+01 6.170603678991975203e-05
1.267420740899589049e+01 6.194131306772675369e-05
1.268314823678226233e+01 6.217166854795406919e-05
1.269208906456863417e+01 6.239417527793639717e-05
1.270102989235500779e+01 6.261214614446175607e-05
1.270997072014138141e+01 6.282694319402011747e-05
1.271891154792775325e+01 6.302810996231309306e-05
1.272785237571412686e+01 6.322969981567981199e-05
1.273679320350050048e+01 6.342214443211798903e-05
1.274573403128687232e+01 6.360820315006005215e-05
1.275467485907324416e+01 6.379210627729291682e-05
1.276361568685961778e+01 6.396698352359595689e-05
1.277255651464599140e+01 6.413516948409045328e-05
1.278149734243236324e+01 6.430043266118168007e-05
1.279043817021873508e+01 6.445794049450589264e-05
1.279937899800511047e+01 6.460994600388615195e-05
1.280831982579148232e+01 6.476100402946567052e-05
1.281726065357785416e+01 6.489777037968953732e-05
1.282620148136422777e+01 6.503421273795569773e-05
1.283514230915060139e+01 6.516428743201419947e-05
1.284408313693697323e+01 6.528803050713393081e-05
1.285302396472334507e+01 6.540881021044094165e-05
1.286196479250971869e+01 6.552386197945275672e-05
1.287090562029609231e+01 6.563054535496922544e-05
1.287984644808246415e+01 6.573600106751724512e-05
1.288878727586883599e+01 6.583465614292945221e-05
1.289772810365521138e+01 6.592737974114447515e-05
1.290666893144158323e+01 6.601934295151753247e-05
1.291560975922795507e+01 6.610136852347617633e-05
1.292455058701432868e+01 6.618080771369174082e-05
1.293349141480070230e+01 6.625634660567548669e-05
1.294243224258707414e+01 6.632640074730104080e-05
1.295137307037344598e+01 6.639311147231663338e-05
1.296031389815981960e+01 6.645702846874452369e-05
1.296925472594619322e+01 6.651231161898077155e-05
1.297819555373256506e+01 6.656740133746476859e-05
1.298713638151893690e+01 6.661680852731169866e-05
1.299607720930531229e+01 6.666178658471209612e-05
1.300501803709168414e+01 6.670562991523194710e-05
1.301395886487805598e+01 6.674344376070967793e-05
1.302289969266442959e+01 6.677759884714316689e-05
1.303184052045080321e+01 6.680973702478967238e-05
1.304078134823717505e+01 6.683774017721152527e-05
1.304972217602354689e+01 6.686253219079497077e-05
1.305866300380992051e+01 6.688662746943597093e-05
1.306760383159629413e+01 6.690318330305778391e-05
1.307654465938266597e+01 6.691949930098506610e-05
1.308548548716903781e+01 6.693265218873144869e-05
1.309442631495541320e+01 6.694256016320989527e-05
1.310336714274178505e+01 6.695111476728634876e-05
1.311230797052815689e+01 6.694206437840086849e-05
1.312124879831453050e+01 6.691165243736458862e-05
1.313018962610090412e+01 6.688100859988545103e-05
1.313913045388727596e+01 6.685013286706776984e-05
1.314807128167364780e+01 6.681902524000862213e-05
1.315701210946002142e+01 6.678768571979805120e-05
1.316595293724639504e+01 6.675611430751890397e-05
1.317489376503276688e+01 6.672431100424711559e-05
1.318383459281914050e+01 6.669227581105165517e-05
1.319277542060551411e+01 6.666000872899455296e-05
1.320171624839188596e+01 6.662750975557309087e-05
1.321065707617825780e+01 6.659477889153631708e-05
1.321959790396462964e+01 6.656181614187282197e-05
1.322853873175100503e+01 6.652862150761677178e-05
1.323747955953737687e+01 6.649519498979559714e-05
1.324642038732374871e+01 6.646153658943020992e-05
1.325536121511012411e+01 6.642764630753497613e-05
1.326430204289649595e+01 6.639352414511783787e-05
1.327324287068286779e+01 6.635917010318032690e-05
1.328218369846923963e+01 6.632458418271751041e-05
1.329112452625561502e+01 6.628976638471830276e-05
1.330006535404198686e+01 6.625471671016523506e-05
1.330900618182835871e+01 6.621943516003468558e-05
1.331794700961473055e+01 6.618392173529686620e-05
1.332688783740110594e+01 6.614817643691580881e-05
1.333582866518747778e+01 6.611219926584959578e-05
1.334476949297384962e+01 6.607599022305017016e-05
1.335371032076022502e+01 6.603954930946357967e-05
1.336265114854659686e+01 6.600287652602993601e-05
1.337159197633296870e+01 6.596597187368340132e-05
1.338053280411934054e+01 6.592883535335237793e-05
1.338947363190571593e+01 6.589146696595945412e-05
1.339841445969208777e+01 6.585386671242145836e-05
1.340735528747845962e+01 6.581603459364952704e-05
1.341629611526483146e+01 6.577797061054917226e-05
1.342523694305120685e+01 6.573967476402021407e-05
1.343417777083757869e+01 6.570114705495697018e-05
1.344311859862395053e+01 6.566238748424820177e-05
1.345205942641032593e+01 6.562339605277720835e-05
1.346100025419669777e+01 6.558417276142177355e-05
1.346994108198306961e+01 6.554471761105440906e-05
1.347888190976944145e+01 6.550503060254215138e-05
1.348782273755581684e+01 6.546511173674672438e-05
1.349676356534218868e+01 6.542496101452463422e-05
1.350570439312856053e+01 6.538457843672712869e-05
1.351464522091493592e+01 6.534396400285117864e-05
1.352358604870130776e+01 6.530311771037942926e-05
1.353252687648767960e+01 6.526203956492632663e-05
1.354146770427405144e+01 6.522072956732190882e-05
1.355040853206042684e+01 6.517918771839102329e-05
1.355934935984679868e+01 6.513741401895365216e-05
1.356829018763317052e+01 6.509540846982477663e-05
1.357723101541954236e+01 6.505317107181439061e-05
1.358617184320591775e+01 6.501070182572769038e-05
1.359511267099228959e+01 6.496800073236495268e-05
1.360405349877866144e+01 6.492506779252169729e-05
1.361299432656503683e+01 6.488190300698863286e-05
1.362193515435140867e+01 6.483850637655171111e-05
1.363087598213778051e+01 6.479487790199220810e-05
1.363981680992415235e+01 6.475101758408671076e-05
1.364875763771052775e+01 6.470692542360714393e-05
1.365769846549689959e+01 6.466260142132085169e-05
1.366663929328327143e+01 6.461804557799066514e-05
1.367558012106964327e+01 6.457325789437479396e-05
1.368452094885601866e+01 6.452823837122690775e-05
1.369346177664239050e+01 6.448298700929635282e-05
1.370240260442876234e+01 6.443750380932793543e-05
1.371134343221513774e+01 6.439178877206208434e-05
1.372028426000150958e+01 6.434584189823483729e-05
1.372922508778788142e+01 6.429966318857793588e-05
1.373816591557425326e+01 6.425325264381875781e-05
1.374710674336062866e+01 6.420661026468043881e-05
1.375604757114700050e+01 6.415973605188185914e-05
1.376498839893337234e+01 6.411263000613771131e-05
1.377392922671974418e+01 6.406529212815845946e-05
1.378287005450611957e+01 6.401772241865042064e-05
1.379181088229249141e+01 6.396992087831584615e-05
1.380075171007886325e+01 6.392188750785281312e-05
1.380969253786523865e+01 6.387362230795538712e-05
1.381863336565161049e+01 6.382512527931358151e-05
1.382757419343798233e+01 6.377639642261342522e-05
1.383651502122435417e+01 6.372743573373635946e-05
1.384545584901072957e+01 6.367824321805236982e-05
1.385439667679710141e+01 6.362881887640127931e-05
1.386333750458347325e+01 6.357916270945281317e-05
1.387227833236984509e+01 6.352927471787282059e-05
1.388121916015622048e+01 6.347915490232339676e-05
1.389015998794259232e+01 6.342880326346280145e-05
1.389910081572896416e+01 6.337821980194547266e-05
1.390804164351533956e+01 6.332740451842213498e-05
1.391698247130171140e+01 6.327635741353982671e-05
1.392592329908808324e+01 6.322507848794183211e-05
1.393486412687445508e+01 6.317356774226780334e-05
1.394380495466083048e+01 6.312182517715370631e-05
1.395274578244720232e+01 6.306985079323195614e-05
1.396168661023357416e+01 6.301764459113130877e-05
1.397062743801994600e+01 6.296520657147699649e-05
1.397956826580632139e+01 6.291253673489070083e-05
1.398850909359269323e+01 6.285963508199057966e-05
1.399744992137906507e+01 6.280650161339126718e-05
1.400639074916544047e+01 6.275313632970399593e-05
1.401533157695181231e+01 6.269953923153651543e-05
1.402427240473818415e+01 6.264571031949318707e-05
1.403321323252455599e+01 6.259164959417491637e-05
1.404215406031093138e+01 6.253735705617926134e-05
1.405109488809730323e+01 6.248283270610048676e-05
1.406003571588367507e+01 6.242807654452944214e-05
1.406897654367004691e+01 6.237308857205381928e-05
1.407791737145642230e+01 6.231786878925778630e-05
1.408685819924279414e+01 6.226241719672251623e-05
1.409579902702916598e+01 6.220673379502579395e-05
1.410473985481554138e+01 6.215081858474224663e-05
1.411368068260191322e+01 6.209467156644330301e-05
1.412262151038828506e+01 6.203829274069722055e-05
1.413156233817465690e+01 6.198168210806912610e-05
1.414050316596103229e+01 6.192483966912098873e-05
1.414944399374740414e+01 6.186776542150643232e-05
