5.217557035160964141e+00 2.282613412778226341e-05
5.226497862947336870e+00 2.314274414630916807e-05
5.235438690733709599e+00 2.345977488083267635e-05
5.244379518520082328e+00 2.377732123915576241e-05
5.253320346306455058e+00 2.409507678740660852e-05
5.262261174092827787e+00 2.441292696734052224e-05
5.271202001879201404e+00 2.473116181699893903e-05
5.280142829665574133e+00 2.504979440117477909e-05
5.289083657451946863e+00 2.536838445706368324e-05
5.298024485238319592e+00 2.568726189577289390e-05
5.306965313024692321e+00 2.600674221751662541e-05
5.315906140811065050e+00 2.632638278474696560e-05
5.324846968597437780e+00 2.664584556108970620e-05
5.333787796383810509e+00 2.696570648056975821e-05
5.342728624170183238e+00 2.728609773596954132e-05
5.351669451956555967e+00 2.760644223786692497e-05
5.360610279742928697e+00 2.792677560255712768e-05
5.369551107529302314e+00 2.824798860171660178e-05
5.378491935315675043e+00 2.856901935558061185e-05
5.387432763102047772e+00 2.888999656417570532e-05
5.396373590888420502e+00 2.921150710540035056e-05
5.405314418674793231e+00 2.953333929968325589e-05
5.414255246461165960e+00 2.985518716302639457e-05
5.423196074247538689e+00 3.017694447015679049e-05
5.432136902033911419e+00 3.049916503868867565e-05
5.441077729820284148e+00 3.082157127415274757e-05
5.450018557606656877e+00 3.114391745528718693e-05
5.458959385393030495e+00 3.146383223783962409e-05
5.467900213179403224e+00 3.177908584219721008e-05
5.476841040965775953e+00 3.209170289467651278e-05
5.485781868752148682e+00 3.240406444430437503e-05
5.494722696538521411e+00 3.271637135372761106e-05
5.503663524324894141e+00 3.302851871135944480e-05
5.512604352111266870e+00 3.334025623750920010e-05
5.521545179897639599e+00 3.365150072286552144e-05
5.530486007684012328e+00 3.396287250810102427e-05
5.539426835470385058e+00 3.427212865351421985e-05
5.548367663256758675e+00 3.457549285940086090e-05
5.557308491043131404e+00 3.487457376043774610e-05
5.566249318829504134e+00 3.517230710341424693e-05
5.575190146615876863e+00 3.546513860888439364e-05
5.584130974402249592e+00 3.574959280227600974e-05
5.593071802188622321e+00 3.603337547257377376e-05
5.602012629974995050e+00 3.631472690024085758e-05
5.610953457761367780e+00 3.658220685993395692e-05
5.619894285547740509e+00 3.684810590120221277e-05
5.628835113334113238e+00 3.711265056031456245e-05
5.637775941120485967e+00 3.736376138797714255e-05
5.646716768906859585e+00 3.760845819884236260e-05
5.655657596693232314e+00 3.785173094536478276e-05
5.664598424479605043e+00 3.808579909345966155e-05
5.673539252265977773e+00 3.830812384374526980e-05
5.682480080052350502e+00 3.852784221471481773e-05
5.691420907838723231e+00 3.874367291808267715e-05
5.700361735625095960e+00 3.894626988263270390e-05
5.709302563411468689e+00 3.914459969348561504e-05
5.718243391197841419e+00 3.934127947590707904e-05
5.727184218984214148e+00 3.952937844736144839e-05
5.736125046770586877e+00 3.971248568193579240e-05
5.745065874556960495e+00 3.989388735955051610e-05
5.754006702343333224e+00 4.007317162309796991e-05
5.762947530129705953e+00 4.024991765247466530e-05
5.771888357916078682e+00 4.042481227221885137e-05
5.780829185702451412e+00 4.060032602682132132e-05
5.789770013488824141e+00 4.077849449399334133e-05
5.798710841275196870e+00 4.095771371699775509e-05
5.807651669061569599e+00 4.113678636437843975e-05
5.816592496847942328e+00 4.132258839427908865e-05
5.825533324634315058e+00 4.151644225096078782e-05
5.834474152420687787e+00 4.170911073787164820e-05
5.843414980207061404e+00 4.190822597911870404e-05
5.852355807993434134e+00 4.212198288902123611e-05
5.861296635779806863e+00 4.233701850493227825e-05
5.870237463566179592e+00 4.255494168494224939e-05
5.879178291352552321e+00 4.278600165697775051e-05
5.888119119138925051e+00 4.302447913518984350e-05
5.897059946925297780e+00 4.326323697760799011e-05
5.906000774711670509e+00 4.350822727277238336e-05
5.914941602498043238e+00 4.376331763090099289e-05
5.923882430284415967e+00 4.401789796499271649e-05
5.932823258070788697e+00 4.427282382281497793e-05
5.941764085857162314e+00 4.453441762692664327e-05
5.950704913643535043e+00 4.479556112979762985e-05
5.959645741429907773e+00 4.505607138505696754e-05
5.968586569216280502e+00 4.531616992410294380e-05
5.977527397002653231e+00 4.557583571917503895e-05
5.986468224789025960e+00 4.583504225992754259e-05
5.995409052575398690e+00 4.609336926028682457e-05
6.004349880361771419e+00 4.635078489301714592e-05
6.013290708148144148e+00 4.660741454244156839e-05
6.022231535934517765e+00 4.686431318960898265e-05
6.031172363720889606e+00 4.712289065320576271e-05
6.040113191507263224e+00 4.738165710788839888e-05
6.049054019293635953e+00 4.764004729914403049e-05
6.057994847080008682e+00 4.790339350559568772e-05
6.066935674866381412e+00 4.816904107480660710e-05
6.075876502652754141e+00 4.843434567455360130e-05
6.084817330439126870e+00 4.870356744355646892e-05
6.093758158225499599e+00 4.897696387143117661e-05
6.102698986011872329e+00 4.925119122288210610e-05
6.111639813798245058e+00 4.952668501472110767e-05
6.120580641584618675e+00 4.980552638939934911e-05
6.129521469370990516e+00 5.008622045370548988e-05
6.138462297157364134e+00 5.036702192019910929e-05
6.147403124943736863e+00 5.064891909034021852e-05
6.156343952730109592e+00 5.093186033953586397e-05
6.165284780516482321e+00 5.121453460996252876e-05
6.174225608302855051e+00 5.149693171865913049e-05
6.183166436089227780e+00 5.177883575223562399e-05
6.192107263875600509e+00 5.206045732941890224e-05
6.201048091661973238e+00 5.234178225000183363e-05
6.209988919448345968e+00 5.262256786496707727e-05
6.218929747234719585e+00 5.290298756651218542e-05
6.227870575021091426e+00 5.318334203298190213e-05
6.236811402807465043e+00 5.346551898892044680e-05
6.245752230593837773e+00 5.374995828661693903e-05
6.254693058380210502e+00 5.403388369238047029e-05
6.263633886166583231e+00 5.431941394828608934e-05
6.272574713952955960e+00 5.461514691287141295e-05
6.281515541739328690e+00 5.491067015514727146e-05
6.290456369525701419e+00 5.520589103010076741e-05
6.299397197312074148e+00 5.551652941320512361e-05
6.308338025098446877e+00 5.583008727875845867e-05
6.317278852884820495e+00 5.614375405864939836e-05
6.326219680671192336e+00 5.646888726913356710e-05
6.335160508457565953e+00 5.680301930187830393e-05
6.344101336243938682e+00 5.713899247855579470e-05
6.353042164030311412e+00 5.748061232878892956e-05
6.361982991816684141e+00 5.783398816191956637e-05
6.370923819603056870e+00 5.819181246538627470e-05
6.379864647389429599e+00 5.855115718240981078e-05
6.388805475175802329e+00 5.892183594748485922e-05
6.397746302962175946e+00 5.929939471585141689e-05
6.406687130748547787e+00 5.967719199643677964e-05
6.415627958534921405e+00 6.006235455254416589e-05
6.424568786321294134e+00 6.045551487719525086e-05
6.433509614107666863e+00 6.085050048812486330e-05
6.442450441894039592e+00 6.124937299182049038e-05
6.451391269680412321e+00 6.165519194921860989e-05
6.460332097466785051e+00 6.206484166451662688e-05
6.469272925253157780e+00 6.247612406578087214e-05
6.478213753039530509e+00 6.289276589267806157e-05
6.487154580825903238e+00 6.331524682646964938e-05
6.496095408612276856e+00 6.373771725837347989e-05
6.505036236398648697e+00 6.416182460156348881e-05
6.513977064185022314e+00 6.459162332427639569e-05
6.522917891971395044e+00 6.502071506605938136e-05
6.531858719757767773e+00 6.544886555690513546e-05
6.540799547544140502e+00 6.587646509460515340e-05
6.549740375330513231e+00 6.630210141154608823e-05
6.558681203116885960e+00 6.672487770241807622e-05
6.567622030903258690e+00 6.714070478798621615e-05
6.576562858689631419e+00 6.754933837290982390e-05
6.585503686476004148e+00 6.795296725930263099e-05
6.594444514262377766e+00 6.834662842232989272e-05
6.603385342048749607e+00 6.872221952098732237e-05
6.612326169835123224e+00 6.908902971917696412e-05
6.621266997621495953e+00 6.944643914654669459e-05
6.630207825407868683e+00 6.977102888586676841e-05
6.639148653194241412e+00 7.007937993030626856e-05
6.648089480980614141e+00 7.037316690954449313e-05
6.657030308766986870e+00 7.062776346508737387e-05
6.665971136553359599e+00 7.084941544733225577e-05
6.674911964339732329e+00 7.104805477107209216e-05
6.683852792126105058e+00 7.120628396788050978e-05
6.692793619912478675e+00 7.131219761367390306e-05
6.701734447698850516e+00 7.138081642976350065e-05
6.710675275485224134e+00 7.141255923421832759e-05
6.719616103271596863e+00 7.137926104870402459e-05
6.728556931057969592e+00 7.129212919144785787e-05
6.737497758844342322e+00 7.117255850144780973e-05
6.746438586630715051e+00 7.100992719144685406e-05
6.755379414417087780e+00 7.080413775279626603e-05
6.764320242203460509e+00 7.056810896636183219e-05
6.773261069989833238e+00 7.031026945610640362e-05
6.782201897776205968e+00 7.003976731835573019e-05
6.791142725562579585e+00 6.975970706736440974e-05
6.800083553348951426e+00 6.947830988207384629e-05
6.809024381135325044e+00 6.920806768193222137e-05
6.817965208921697773e+00 6.896540859662463497e-05
6.826906036708070502e+00 6.877107758297156437e-05
6.835846864494443231e+00 6.864376481159675792e-05
6.844787692280815961e+00 6.860034264965792893e-05
6.853728520067188690e+00 6.865562555346365595e-05
6.862669347853561419e+00 6.882004308664140034e-05
6.871610175639934148e+00 6.909854529786093734e-05
6.880551003426306877e+00 6.948937839005950464e-05
6.889491831212680495e+00 6.998488095344924042e-05
6.898432658999052336e+00 7.057398387152433476e-05
6.907373486785425953e+00 7.123972997182829103e-05
6.916314314571798683e+00 7.196295076107788542e-05
6.925255142358171412e+00 7.272585890618217227e-05
6.934195970144544141e+00 7.351205486106937885e-05
6.943136797930916870e+00 7.430616534419171048e-05
6.952077625717289600e+00 7.509600137460205229e-05
6.961018453503662329e+00 7.587258132757378757e-05
6.969959281290035946e+00 7.662862297541966265e-05
6.978900109076407787e+00 7.735831634718522349e-05
6.987840936862781405e+00 7.805834729745697782e-05
6.996781764649154134e+00 7.872674405475318547e-05
7.005722592435526863e+00 7.936257559386368607e-05
7.014663420221899592e+00 7.996536441435804846e-05
7.023604248008272322e+00 8.053561632941012957e-05
7.032545075794645051e+00 8.107388739751200061e-05
7.041485903581017780e+00 8.157956795157062001e-05
7.050426731367390509e+00 8.205413305658530547e-05
7.059367559153763239e+00 8.249842333784413156e-05
7.068308386940136856e+00 8.291251957371943845e-05
7.077249214726508697e+00 8.329647807443994994e-05
7.086190042512882314e+00 8.365005843254181878e-05
7.095130870299255044e+00 8.397295318808541619e-05
7.104071698085627773e+00 8.426475222558617371e-05
7.113012525872000502e+00 8.452442702222563687e-05
7.121953353658373231e+00 8.475137212045408188e-05
7.130894181444745961e+00 8.494417764606733597e-05
7.139835009231118690e+00 8.510014778633990986e-05
7.148775837017491419e+00 8.521949843130912326e-05
7.157716664803864148e+00 8.530158787368090302e-05
7.166657492590237766e+00 8.534596073118505370e-05
7.175598320376609607e+00 8.535397988277787203e-05
7.184539148162983224e+00 8.532903070518845531e-05
7.193479975949355953e+00 8.527713319835042427e-05
7.202420803735728683e+00 8.520793035389711103e-05
7.211361631522101412e+00 8.513605869844748954e-05
7.220302459308474141e+00 8.508095906114056803e-05
7.229243287094846870e+00 8.506408880602667091e-05
7.238184114881219600e+00 8.510769811941114012e-05
7.247124942667593217e+00 8.523413146302220801e-05
7.256065770453965058e+00 8.545884732247910158e-05
7.265006598240338676e+00 8.578881883786774944e-05
7.273947426026710517e+00 8.622171636263818142e-05
7.282888253813084134e+00 8.674594183058785459e-05
7.291829081599456863e+00 8.734344160043111581e-05
7.300769909385829592e+00 8.799358056939816214e-05
7.309710737172202322e+00 8.867599012377801084e-05
7.318651564958575051e+00 8.937189663290751051e-05
7.327592392744947780e+00 9.006579103967244444e-05
7.336533220531320509e+00 9.074555512360853876e-05
7.345474048317694127e+00 9.140515976680920807e-05
7.354414876104065968e+00 9.203987536433301216e-05
7.363355703890439585e+00 9.264705388010336404e-05
7.372296531676811426e+00 9.322696083458690696e-05
7.381237359463185044e+00 9.377948389218878093e-05
7.390178187249557773e+00 9.430523883966271392e-05
7.399119015035930502e+00 9.480716717423609921e-05
7.408059842822303231e+00 9.528732143881397238e-05
7.417000670608675961e+00 9.574723737858606995e-05
7.425941498395048690e+00 9.618859057440600998e-05
7.434882326181421419e+00 9.661210408482007054e-05
7.443823153967795037e+00 9.702087621916593880e-05
7.452763981754166878e+00 9.741593195301135992e-05
7.461704809540540495e+00 9.779870057436170752e-05
7.470645637326912336e+00 9.817079984196927175e-05
7.479586465113285954e+00 9.853197495899616788e-05
7.488527292899658683e+00 9.888324988805558251e-05
7.497468120686031412e+00 9.922416368770614126e-05
7.506408948472404141e+00 9.955462938596346090e-05
7.515349776258776870e+00 9.987726908216100518e-05
7.524290604045149600e+00 1.001931764338079468e-04
7.533231431831522329e+00 1.005008760532015427e-04
7.542172259617895946e+00 1.008027643121704535e-04
7.551113087404267787e+00 1.010990728463843631e-04
7.560053915190641405e+00 1.013895391307398223e-04
7.568994742977013246e+00 1.016756638778658123e-04
7.577935570763386863e+00 1.019555815251748927e-04
7.586876398549759593e+00 1.022296983517827061e-04
7.595817226336132322e+00 1.024999483233548299e-04
7.604758054122505051e+00 1.027664628530844442e-04
7.613698881908877780e+00 1.030269776503700015e-04
7.622639709695250509e+00 1.032845609422397836e-04
7.631580537481623239e+00 1.035356915655042076e-04
7.640521365267996856e+00 1.037823911093177466e-04
7.649462193054368697e+00 1.040261203518995852e-04
7.658403020840742315e+00 1.042650745709917075e-04
7.667343848627114156e+00 1.044999967769559410e-04
7.676284676413487773e+00 1.047300438402272470e-04
7.685225504199860502e+00 1.049545474399830598e-04
7.694166331986233232e+00 1.051754027166294482e-04
7.703107159772605961e+00 1.053941358127203373e-04
7.712047987558978690e+00 1.056045477308617926e-04
7.720988815345351419e+00 1.058131102623714834e-04
7.729929643131724148e+00 1.060147872202558522e-04
7.738870470918097766e+00 1.062113372925198182e-04
7.747811298704469607e+00 1.064049446977384863e-04
7.756752126490843224e+00 1.065939154029104427e-04
7.765692954277215065e+00 1.067765840546105652e-04
7.774633782063588683e+00 1.069544875321583950e-04
7.783574609849961412e+00 1.071259037388518358e-04
7.792515437636334141e+00 1.072920984172849303e-04
7.801456265422706871e+00 1.074560479679730816e-04
7.810397093209079600e+00 1.076105882980672924e-04
7.819337920995453217e+00 1.077616989789477204e-04
7.828278748781825058e+00 1.079051298736202042e-04
7.837219576568198676e+00 1.080421802526788108e-04
7.846160404354570517e+00 1.081751459765453320e-04
7.855101232140944134e+00 1.083041028520308592e-04
7.864042059927316863e+00 1.084225067328083018e-04
7.872982887713689593e+00 1.085369949862931510e-04
7.881923715500062322e+00 1.086427829680332980e-04
7.890864543286435051e+00 1.087417376412926328e-04
7.899805371072807780e+00 1.088384274134542154e-04
7.908746198859180510e+00 1.089252472147690600e-04
7.917687026645554127e+00 1.090054729377338199e-04
7.926627854431925968e+00 1.090781450099748682e-04
7.935568682218299585e+00 1.091431111249622273e-04
7.944509510004671426e+00 1.092022144216325650e-04
7.953450337791045044e+00 1.092596075231402122e-04
7.962391165577417773e+00 1.093010508579454754e-04
7.971331993363790502e+00 1.093602618169226036e-04
7.980272821150163232e+00 1.094199318964690399e-04
7.989213648936535961e+00 1.094713558066545483e-04
7.998154476722908690e+00 1.095195662524991607e-04
8.007095304509281419e+00 1.095596658563104635e-04
8.016036132295655037e+00 1.095817668356269324e-04
8.024976960082026878e+00 1.095709212942686672e-04
8.033917787868400495e+00 1.095522805679517491e-04
8.042858615654772336e+00 1.095257232820705132e-04
8.051799443441145954e+00 1.094982519267168882e-04
8.060740271227519571e+00 1.094554692132119193e-04
8.069681099013891412e+00 1.094101079246830228e-04
8.078621926800263253e+00 1.093589106073760081e-04
8.087562754586636871e+00 1.092995113773037277e-04
8.096503582373010488e+00 1.092355709501157925e-04
8.105444410159382329e+00 1.091666106102790867e-04
8.114385237945755946e+00 1.090855686963011951e-04
8.123326065732127788e+00 1.090029402054777744e-04
8.132266893518501405e+00 1.089129979196070731e-04
8.141207721304873246e+00 1.088145368780969843e-04
8.150148549091246863e+00 1.087151618468304307e-04
8.159089376877620481e+00 1.086042578905468953e-04
8.168030204663992322e+00 1.084770440416915702e-04
8.176971032450364163e+00 1.083424747511087060e-04
8.185911860236737780e+00 1.082005277393730360e-04
8.194852688023111398e+00 1.080532913837643701e-04
8.203793515809483239e+00 1.079047948744283247e-04
8.212734343595856856e+00 1.077261556605404384e-04
8.221675171382228697e+00 1.075066869969250024e-04
8.230615999168602315e+00 1.072816416693817915e-04
8.239556826954974156e+00 1.070493272057942633e-04
8.248497654741347773e+00 1.068157838714421345e-04
8.257438482527721391e+00 1.065750052491855012e-04
8.266379310314093232e+00 1.063277100939895634e-04
8.275320138100465073e+00 1.060787631512674504e-04
8.284260965886838690e+00 1.058242511186693787e-04
8.293201793673212308e+00 1.055638621446135591e-04
8.302142621459584149e+00 1.053050013983725293e-04
8.311083449245957766e+00 1.050327789111131055e-04
8.320024277032329607e+00 1.047606901564232014e-04
8.328965104818703225e+00 1.044853829347707933e-04
8.337905932605075066e+00 1.042041567298450518e-04
8.346846760391448683e+00 1.039210519518666333e-04
8.355787588177822300e+00 1.036348277303684361e-04
8.364728415964194141e+00 1.033323800857900639e-04
8.373669243750565983e+00 1.030281064562028518e-04
8.382610071536939600e+00 1.027204353907196043e-04
8.391550899323313217e+00 1.024061073132963057e-04
8.400491727109685058e+00 1.020940981725955974e-04
8.409432554896058676e+00 1.017502396707488301e-04
8.418373382682430517e+00 1.013606317811625336e-04
8.427314210468804134e+00 1.009701691439768642e-04
8.436255038255175975e+00 1.005756766234801639e-04
8.445195866041549593e+00 1.001791537355381252e-04
8.454136693827923210e+00 9.978366085271748228e-05
8.463077521614295051e+00 9.937930439256346721e-05
8.472018349400666892e+00 9.897717387059126227e-05
8.480959177187040510e+00 9.857289758374264681e-05
8.489900004973414127e+00 9.816409760853570584e-05
8.498840832759785968e+00 9.775767197564951471e-05
8.507781660546159586e+00 9.734657191684560065e-05
8.516722488332531427e+00 9.693325252368977256e-05
8.525663316118905044e+00 9.652115128598231033e-05
8.534604143905276885e+00 9.610678585495766393e-05
8.543544971691650503e+00 9.568987678223737415e-05
8.552485799478024120e+00 9.527780979676802914e-05
8.561426627264395961e+00 9.485387104214876330e-05
8.570367455050767802e+00 9.443325319149376712e-05
8.579308282837141419e+00 9.401304803537011102e-05
8.588249110623515037e+00 9.359003004034346658e-05
8.597189938409886878e+00 9.316888896672488487e-05
8.606130766196260495e+00 9.273238583013619749e-05
8.615071593982632336e+00 9.227015440781941198e-05
8.624012421769005954e+00 9.181116917846379212e-05
8.632953249555377795e+00 9.135290711952220009e-05
8.641894077341751412e+00 9.089214771030664256e-05
8.650834905128125030e+00 9.043745974142707207e-05
8.659775732914496871e+00 8.997815293535113524e-05
8.668716560700868712e+00 8.952193067408808732e-05
8.677657388487242329e+00 8.906860976038360545e-05
8.686598216273615947e+00 8.861533926269132247e-05
8.695539044059987788e+00 8.816405008192385604e-05
8.704479871846361405e+00 8.771668538272945086e-05
8.713420699632733246e+00 8.726728728039314872e-05
8.722361527419106864e+00 8.682268968300696987e-05
8.731302355205478705e+00 8.638077477239480980e-05
8.740243182991852322e+00 8.593874804516334509e-05
8.749184010778225939e+00 8.550265126833449106e-05
8.758124838564597781e+00 8.506687492719365769e-05
8.767065666350969622e+00 8.463415164320189140e-05
8.776006494137343239e+00 8.420616070819260304e-05
8.784947321923716856e+00 8.378069206459419092e-05
8.793888149710088697e+00 8.335778256249226008e-05
8.802828977496462315e+00 8.292847237666817976e-05
8.811769805282834156e+00 8.248290877072571878e-05
8.820710633069207773e+00 8.204326654094467079e-05
8.829651460855579614e+00 8.160863115347794655e-05
8.838592288641953232e+00 8.117676541032973190e-05
8.847533116428326849e+00 8.075053308080109768e-05
8.856473944214698690e+00 8.032777054514188525e-05
8.865414772001070531e+00 7.990877813253665762e-05
8.874355599787444149e+00 7.949554715367765519e-05
8.883296427573817766e+00 7.908714064691476579e-05
8.892237255360189607e+00 7.868233401524396065e-05
8.901178083146563225e+00 7.828446333623679382e-05
8.910118910932935066e+00 7.788939808399885593e-05
8.919059738719308683e+00 7.750007883051846110e-05
8.928000566505680524e+00 7.711653244176202432e-05
8.936941394292054142e+00 7.673754168490341495e-05
8.945882222078427759e+00 7.636367412377313420e-05
8.954823049864799600e+00 7.599549578854917868e-05
8.963763877651173217e+00 7.563189934454505150e-05
8.972704705437545059e+00 7.527363616382723313e-05
8.981645533223918676e+00 7.492099349871249162e-05
8.990586361010290517e+00 7.457293019750535663e-05
8.999527188796664134e+00 7.421830949409377804e-05
9.008468016583037752e+00 7.385659733574017596e-05
9.017408844369409593e+00 7.350035983377402175e-05
9.026349672155781434e+00 7.314971913926747731e-05
9.035290499942155051e+00 7.280419447634116185e-05
9.044231327728528669e+00 7.246373699638766536e-05
9.053172155514900510e+00 7.212611900575882705e-05
9.062112983301274127e+00 7.179344652373169475e-05
9.071053811087645968e+00 7.146584170664330258e-05
9.079994638874019586e+00 7.114345331702238105e-05
9.088935466660391427e+00 7.082612921302701295e-05
9.097876294446765044e+00 7.051354610122918625e-05
9.106817122233138662e+00 7.020583702496520427e-05
9.115757950019510503e+00 6.990307830013304472e-05
9.124698777805882344e+00 6.960497095970664527e-05
9.133639605592255961e+00 6.931130337168344758e-05
9.142580433378629579e+00 6.902251221446304146e-05
9.151521261165001420e+00 6.873786132803092852e-05
9.160462088951375037e+00 6.845793473318207681e-05
9.169402916737746878e+00 6.818213573228034698e-05
9.178343744524120495e+00 6.791054879892202917e-05
9.187284572310492337e+00 6.764336292310602614e-05
9.196225400096865954e+00 6.740278905029586205e-05
9.205166227883239571e+00 6.718370323040727995e-05
9.214107055669611412e+00 6.696867085913634941e-05
9.223047883455983253e+00 6.675674236958194100e-05
9.231988711242356871e+00 6.654810992219565451e-05
9.240929539028730488e+00 6.634431454475684558e-05
9.249870366815102329e+00 6.615109794462281428e-05
9.258811194601474170e+00 6.596150424938932843e-05
9.267752022387847788e+00 6.577496091613581634e-05
9.276692850174221405e+00 6.559123264570432602e-05
9.285633677960593246e+00 6.541060435588510536e-05
9.294574505746966864e+00 6.523284831102408915e-05
9.303515333533340481e+00 6.505754031891761624e-05
9.312456161319712322e+00 6.488554245087878433e-05
9.321396989106084163e+00 6.471580899481496499e-05
9.330337816892457781e+00 6.454844644995632859e-05
9.339278644678831398e+00 6.438433636583760719e-05
9.348219472465203239e+00 6.422201428841147375e-05
9.357160300251575080e+00 6.406223627629712260e-05
9.366101128037950474e+00 6.390499535789998745e-05
9.375041955824322315e+00 6.374977508816929495e-05
9.383982783610694156e+00 6.359656058540644273e-05
9.392923611397067774e+00 6.347553007549151436e-05
9.401864439183441391e+00 6.337389622202042948e-05
9.410805266969813232e+00 6.327482585116215945e-05
9.419746094756185073e+00 6.317727397991130373e-05
9.428686922542558690e+00 6.308116303657093941e-05
9.437627750328932308e+00 6.298943793536100589e-05
9.446568578115304149e+00 6.291318384372209145e-05
9.455509405901675990e+00 6.283839985733028128e-05
9.464450233688051384e+00 6.276550763688225007e-05
9.473391061474423225e+00 6.269376117843601420e-05
9.482331889260795066e+00 6.262313190025884930e-05
9.491272717047168683e+00 6.255472886195662682e-05
9.500213544833542301e+00 6.248686269636779091e-05
9.509154372619914142e+00 6.242083101329661671e-05
9.518095200406285983e+00 6.235597844447513546e-05
9.527036028192659600e+00 6.229207622675131677e-05
9.535976855979033218e+00 6.222966413115442539e-05
9.544917683765405059e+00 6.216837527485004583e-05
9.553858511551776900e+00 6.210791505386957067e-05
9.562799339338152294e+00 6.204907843088020036e-05
9.571740167124524135e+00 6.199102683352576790e-05
9.580680994910895976e+00 6.193367715170587434e-05
9.589621822697269593e+00 6.191148550185610880e-05
9.598562650483643210e+00 6.190557887917401783e-05
9.607503478270015052e+00 6.190081202952161371e-05
9.616444306056386893e+00 6.189707642840354374e-05
9.625385133842760510e+00 6.189397064253201954e-05
9.634325961629134127e+00 6.189639626905259727e-05
9.643266789415505968e+00 6.192013653942229586e-05
9.652207617201877810e+00 6.194412941898123025e-05
9.661148444988253203e+00 6.196949435967076937e-05
9.670089272774625044e+00 6.199556395323356408e-05
9.679030100560996885e+00 6.202201298862179864e-05
9.687970928347370503e+00 6.203975094578650441e-05
9.696911756133744120e+00 6.205367744830144600e-05
9.705852583920115961e+00 6.206827702257979138e-05
9.714793411706487802e+00 6.208385167822326153e-05
9.723734239492861420e+00 6.209993027521453022e-05
9.732675067279235037e+00 6.212664701367838710e-05
9.741615895065606878e+00 6.219157358787634807e-05
9.750556722851980496e+00 6.225655088843099079e-05
9.759497550638354113e+00 6.232273143716124972e-05
9.768438378424725954e+00 6.238957385430665898e-05
9.777379206211097795e+00 6.245679224948908858e-05
9.786320033997471413e+00 6.255645666300720218e-05
9.795260861783845030e+00 6.266846468532396924e-05
9.804201689570216871e+00 6.278103456359214896e-05
9.813142517356588712e+00 6.289473231913511304e-05
9.822083345142962330e+00 6.300911955437573698e-05
9.831024172929335947e+00 6.312505271685292638e-05
9.839965000715707788e+00 6.324627802096892848e-05
9.848905828502081405e+00 6.336771767585752224e-05
9.857846656288455023e+00 6.349016722949440245e-05
9.866787484074826864e+00 6.361349316187748051e-05
9.875728311861198705e+00 6.373736626033869781e-05
9.884669139647572322e+00 6.386207220128996981e-05
9.893609967433945940e+00 6.398786387746230417e-05
9.902550795220317781e+00 6.411401365788197098e-05
9.911491623006689622e+00 6.424125789658200305e-05
9.920432450793063239e+00 6.436930779646045852e-05
9.929373278579436857e+00 6.449773106456128046e-05
9.938314106365808698e+00 6.462744544583336626e-05
9.947254934152182315e+00 6.475766657338209297e-05
9.956195761938555933e+00 6.488865094316238866e-05
9.965136589724927774e+00 6.502052096214214303e-05
9.974077417511299615e+00 6.515299858341023153e-05
9.983018245297673232e+00 6.531521031048532924e-05
9.991959073084046850e+00 6.548666162542401980e-05
1.000089990087041869e+01 6.565856565691775013e-05
1.000984072865679053e+01 6.583172517054752620e-05
1.001878155644316415e+01 6.600584152674114288e-05
1.002772238422953777e+01 6.619145437667571996e-05
1.003666321201590961e+01 6.640353216980089646e-05
1.004560403980228322e+01 6.661678864754806478e-05
1.005454486758865684e+01 6.683106854074841901e-05
1.006348569537502868e+01 6.704661467572596253e-05
1.007242652316140052e+01 6.726329813203840767e-05
1.008136735094777414e+01 6.748086357974299166e-05
1.009030817873414776e+01 6.770007952675453152e-05
1.009924900652051960e+01 6.792010415889831705e-05
1.010818983430689144e+01 6.814139657403677647e-05
1.011713066209326506e+01 6.836391204420161881e-05
1.012607148987963868e+01 6.858738114431868786e-05
1.013501231766601052e+01 6.881200756967678286e-05
1.014395314545238413e+01 6.903799414870863697e-05
1.015289397323875775e+01 6.926491404402078996e-05
1.016183480102512959e+01 6.949301908144242003e-05
1.017077562881150143e+01 6.972235638564310445e-05
1.017971645659787505e+01 6.994073966995504406e-05
1.018865728438424867e+01 7.015815225918601433e-05
1.019759811217062051e+01 7.037647716177349098e-05
1.020653893995699235e+01 7.059589024064262151e-05
1.021547976774336597e+01 7.081633516323774743e-05
1.022442059552973959e+01 7.103096098628885211e-05
1.023336142331611143e+01 7.123446830933597448e-05
1.024230225110248504e+01 7.143898450735014451e-05
1.025124307888885866e+01 7.164424392627396219e-05
1.026018390667523050e+01 7.185041896449903759e-05
1.026912473446160234e+01 7.205752792879626485e-05
1.027806556224797596e+01 7.226540732373176420e-05
1.028700639003434958e+01 7.247412092964188111e-05
1.029594721782072142e+01 7.268371171131758808e-05
1.030488804560709326e+01 7.289422456999761809e-05
1.031382887339346688e+01 7.310550796679324748e-05
1.032276970117984050e+01 7.331759024356012625e-05
1.033171052896621234e+01 7.353057638738951353e-05
1.034065135675258595e+01 7.374434387333044948e-05
1.034959218453895957e+01 7.395889804654123714e-05
1.035853301232533141e+01 7.417428078993203470e-05
1.036747384011170325e+01 7.439058390675465089e-05
1.037641466789807687e+01 7.460983348742664979e-05
1.038535549568445049e+01 7.483002294919351681e-05
1.039429632347082233e+01 7.505122470059359143e-05
1.040323715125719417e+01 7.527323842808480710e-05
1.041217797904356779e+01 7.549595218620254694e-05
1.042111880682994141e+01 7.572141828062648676e-05
1.043005963461631325e+01 7.595051605940010423e-05
1.043900046240268686e+01 7.618023969794383171e-05
1.044794129018906048e+01 7.641086323621476409e-05
1.045688211797543232e+01 7.664242098057380830e-05
1.046582294576180416e+01 7.687484435286716139e-05
1.047476377354817778e+01 7.710801333289307919e-05
1.048370460133455140e+01 7.734209823537688375e-05
1.049264542912092324e+01 7.757705941112104852e-05
1.050158625690729508e+01 7.781293093852076283e-05
1.051052708469367047e+01 7.804961384691013544e-05
1.051946791248004232e+01 7.828720880495399035e-05
1.052840874026641416e+01 7.852584060699380056e-05
1.053734956805278777e+01 7.876519658020535641e-05
1.054629039583916139e+01 7.900545934644103135e-05
1.055523122362553323e+01 7.924697155411778956e-05
1.056417205141190507e+01 7.948932035811027616e-05
1.057311287919827869e+01 7.972651789624013669e-05
1.058205370698465231e+01 7.996464367049070936e-05
1.059099453477102415e+01 8.020376432707437386e-05
1.059993536255739599e+01 8.044377912421443375e-05
1.060887619034377138e+01 8.068488043980166042e-05
1.061781701813014323e+01 8.091944048638716809e-05
1.062675784591651507e+01 8.114616581770013192e-05
1.063569867370288868e+01 8.137386119063979141e-05
1.064463950148926230e+01 8.160283102126433070e-05
1.065358032927563414e+01 8.183289023535124157e-05
1.066252115706200598e+01 8.206401257383766096e-05
1.067146198484837960e+01 8.229628582297824062e-05
1.068040281263475322e+01 8.252966525386520131e-05
1.068934364042112506e+01 8.276473552782272604e-05
1.069828446820749690e+01 8.300075299115292180e-05
1.070722529599387229e+01 8.323819691930878575e-05
1.071616612378024413e+01 8.347728897445366020e-05
1.072510695156661598e+01 8.371744618974014216e-05
1.073404777935298959e+01 8.395908612294979579e-05
1.074298860713936321e+01 8.420282341505204882e-05
1.075192943492573505e+01 8.444776732091543829e-05
1.076087026271210689e+01 8.469421618457738670e-05
1.076981109049848051e+01 8.493634183933938841e-05
1.077875191828485413e+01 8.517980876044223520e-05
1.078769274607122597e+01 8.542564501660417737e-05
1.079663357385759781e+01 8.567292324212992505e-05
1.080557440164397320e+01 8.592231798443515113e-05
1.081451522943034504e+01 8.616010964120623136e-05
1.082345605721671689e+01 8.638717566517375730e-05
1.083239688500309050e+01 8.661606829793485197e-05
1.084133771278946412e+01 8.684790962441484377e-05
1.085027854057583596e+01 8.708099544263024801e-05
1.085921936836220780e+01 8.731638594301389142e-05
1.086816019614858142e+01 8.755438303560707973e-05
1.087710102393495504e+01 8.779396701768617305e-05
1.088604185172132688e+01 8.803633545208784206e-05
1.089498267950770050e+01 8.828118644962990925e-05
1.090392350729407411e+01 8.852831569990368189e-05
1.091286433508044595e+01 8.877794551482917217e-05
1.092180516286681780e+01 8.903013767832118348e-05
1.093074599065319141e+01 8.928426583379488538e-05
1.093968681843956503e+01 8.954266737435998935e-05
1.094862764622593687e+01 8.980276986037032333e-05
1.095756847401230871e+01 9.006616194150043973e-05
1.096650930179868233e+01 9.034089106669240257e-05
1.097545012958505595e+01 9.061781542377143667e-05
1.098439095737142779e+01 9.089771372383762026e-05
1.099333178515780141e+01 9.118153836300983207e-05
1.100227261294417502e+01 9.146784211129197764e-05
1.101121344073054686e+01 9.179231204526979598e-05
1.102015426851691871e+01 9.214602595417923042e-05
1.102909509630329232e+01 9.250260102006527577e-05
1.103803592408966594e+01 9.286392224446803078e-05
1.104697675187603778e+01 9.322833566410074484e-05
1.105591757966240962e+01 9.359650317448962636e-05
1.106485840744878324e+01 9.396877993525050356e-05
1.107379923523515686e+01 9.434449306600137502e-05
1.108274006302152870e+01 9.472384608883448632e-05
1.109168089080790232e+01 9.510786706071314069e-05
1.110062171859427593e+01 9.549526381976832456e-05
1.110956254638064777e+01 9.588633730447857471e-05
1.111850337416701962e+01 9.628174605730920152e-05
1.112744420195339323e+01 9.668090355283529707e-05
1.113638502973976685e+01 9.708399223005460821e-05
1.114532585752613869e+01 9.749082728499401218e-05
1.115426668531251053e+01 9.790183330560185931e-05
1.116320751309888415e+01 9.831544097301306556e-05
1.117214834088525777e+01 9.873273883777981851e-05
1.118108916867162961e+01 9.915407814752400797e-05
1.119002999645800323e+01 9.957946787056557640e-05
1.119897082424437684e+01 1.000085103196528909e-04
1.120791165203074868e+01 1.004239911051799789e-04
1.121685247981712052e+01 1.008336718202833932e-04
1.122579330760349414e+01 1.012470371581950472e-04
1.123473413538986776e+01 1.016634393461051295e-04
1.124367496317623960e+01 1.020834791232099836e-04
1.125261579096261144e+01 1.025073052237968931e-04
1.126155661874898506e+01 1.029342322916249687e-04
1.127049744653535868e+01 1.033641864504284422e-04
1.127943827432173052e+01 1.037984063269831799e-04
1.128837910210810414e+01 1.042348405383371933e-04
1.129731992989447775e+01 1.046747332277368216e-04
1.130626075768084959e+01 1.051179362608558075e-04
1.131520158546722143e+01 1.055643457224751918e-04
1.132414241325359505e+01 1.060138486661876345e-04
1.133308324103996867e+01 1.064663314888560249e-04
1.134202406882634051e+01 1.069213645455939087e-04
1.135096489661271235e+01 1.073801260708892071e-04
1.135990572439908597e+01 1.078415709488867336e-04
1.136884655218545959e+01 1.083047188607654817e-04
1.137778737997183143e+01 1.087727102706077451e-04
1.138672820775820504e+01 1.092418722283474162e-04
1.139566903554457866e+01 1.097136984814227638e-04
1.140460986333095050e+01 1.101893544726580387e-04
1.141355069111732234e+01 1.106672257152544191e-04
1.142249151890369596e+01 1.111473137348743546e-04
1.143143234669006958e+01 1.116311472711423592e-04
1.144037317447644142e+01 1.121161749065282886e-04
1.144931400226281326e+01 1.126046433421000194e-04
1.145825483004918688e+01 1.130956486620370889e-04
1.146719565783556050e+01 1.135883776471320828e-04
1.147613648562193234e+01 1.140851013136991458e-04
1.148507731340830595e+01 1.145833720485041980e-04
1.149401814119467957e+01 1.150839241878828209e-04
1.150295896898105141e+01 1.155880900091781082e-04
1.151189979676742325e+01 1.160946452696755456e-04
1.152084062455379687e+01 1.166027515645393011e-04
1.152978145234017049e+01 1.171153428695655634e-04
1.153872228012654233e+01 1.176287683269072027e-04
1.154766310791291417e+01 1.181453450304667909e-04
1.155660393569928779e+01 1.186647173235260187e-04
1.156554476348566141e+01 1.191870516425645558e-04
1.157448559127203325e+01 1.197122598395974923e-04
1.158342641905840686e+01 1.202400107128872837e-04
1.159236724684478048e+01 1.207703278642046686e-04
1.160130807463115232e+01 1.212894882560159915e-04
1.161024890241752416e+01 1.218065125398920171e-04
1.161918973020389778e+01 1.223251406202365162e-04
1.162813055799027140e+01 1.228484548078374416e-04
1.163707138577664324e+01 1.233736531689237864e-04
1.164601221356301508e+01 1.239010537300327031e-04
1.165495304134939047e+01 1.244305101039135900e-04
1.166389386913576232e+01 1.249630370356138770e-04
1.167283469692213416e+01 1.254984382700530721e-04
1.168177552470850777e+01 1.260376041085595493e-04
1.169071635249488139e+01 1.265797509080026436e-04
1.169965718028125323e+01 1.271258007329943284e-04
1.170859800806762507e+01 1.276752832401108629e-04
1.171753883585399869e+01 1.282277733249126146e-04
1.172647966364037231e+01 1.287851949896059989e-04
1.173542049142674415e+01 1.293457650079258517e-04
1.174436131921311599e+01 1.299098312077482124e-04
1.175330214699949138e+01 1.304787227976776740e-04
1.176224297478586323e+01 1.310516301379337245e-04
1.177118380257223507e+01 1.316280146162420350e-04
1.178012463035860868e+01 1.322091206370000851e-04
1.178906545814498230e+01 1.327947545792307403e-04
1.179800628593135414e+01 1.333844658142535253e-04
1.180694711371772598e+01 1.339783273298163929e-04
1.181588794150409960e+01 1.345774306074303374e-04
1.182482876929047322e+01 1.351811157341003145e-04
1.183376959707684506e+01 1.357890896066414534e-04
1.184271042486321690e+01 1.364019799260356039e-04
1.185165125264959229e+01 1.370199657958850493e-04
1.186059208043596414e+01 1.376427086580768759e-04
1.186953290822233598e+01 1.382700488093123209e-04
1.187847373600870959e+01 1.389027800747817806e-04
1.188741456379508321e+01 1.395407334065761746e-04
1.189635539158145505e+01 1.401832723999589493e-04
1.190529621936782689e+01 1.408309977661693197e-04
1.191423704715420051e+01 1.414843703926286665e-04
1.192317787494057413e+01 1.421426773924767148e-04
1.193211870272694597e+01 1.428058949159382012e-04
1.194105953051331781e+01 1.434744673339425291e-04
1.195000035829969320e+01 1.441486857733421142e-04
1.195894118608606504e+01 1.448277252932651045e-04
1.196788201387243689e+01 1.455112067309370259e-04
1.197682284165881050e+01 1.462014606663327896e-04
1.198576366944518412e+01 1.468960503179362438e-04
1.199470449723155596e+01 1.475450337810624583e-04
1.200364532501792780e+01 1.481916457327320333e-04
1.201258615280430142e+01 1.488427844756509385e-04
1.202152698059067504e+01 1.494977814671501681e-04
1.203046780837704688e+01 1.501578989286032862e-04
1.203940863616342050e+01 1.508138776875862861e-04
1.204834946394979411e+01 1.514609774718854863e-04
1.205729029173616595e+01 1.521121751897711472e-04
1.206623111952253780e+01 1.527666556242652260e-04
1.207517194730891141e+01 1.534261892421599110e-04
1.208411277509528503e+01 1.540887741232128852e-04
1.209305360288165687e+01 1.547544381343806123e-04
1.210199443066802871e+01 1.554247279577483426e-04
1.211093525845440233e+01 1.560987389017646121e-04
1.211987608624077595e+01 1.567739205594533437e-04
1.212881691402714779e+01 1.574546005718944217e-04
1.213775774181352141e+01 1.581366896155903456e-04
1.214669856959989502e+01 1.588216333329502280e-04
1.215563939738626686e+01 1.595100395826934826e-04
1.216458022517263871e+01 1.602004984151091159e-04
1.217352105295901232e+01 1.608935332308414866e-04
1.218246188074538594e+01 1.615890051036768813e-04
1.219140270853175778e+01 1.622680592459480443e-04
1.220034353631812962e+01 1.629488746659408301e-04
1.220928436410450324e+01 1.636326286348568242e-04
1.221822519189087686e+01 1.643127869915696042e-04
1.222716601967724870e+01 1.649988357906513636e-04
1.223610684746362232e+01 1.656794545733080695e-04
1.224504767524999593e+01 1.663546574504575328e-04
1.225398850303636777e+01 1.670326692426482064e-04
1.226292933082273962e+01 1.677103921780293417e-04
1.227187015860911323e+01 1.683868031217007589e-04
1.228081098639548685e+01 1.690659601654990378e-04
1.228975181418185869e+01 1.697423904525149809e-04
1.229869264196823053e+01 1.704197214422996680e-04
1.230763346975460415e+01 1.710987678477773389e-04
1.231657429754097777e+01 1.717719817946227389e-04
1.232551512532734961e+01 1.724487286667251431e-04
1.233445595311372323e+01 1.731232077931526550e-04
1.234339678090009684e+01 1.737950145932837199e-04
1.235233760868646868e+01 1.744681148122628029e-04
1.236127843647284053e+01 1.751406490512001353e-04
1.237021926425921414e+01 1.758066495069900788e-04
1.237916009204558776e+01 1.764762878459954750e-04
1.238810091983195960e+01 1.771142562052849050e-04
1.239704174761833144e+01 1.777495716149292675e-04
1.240598257540470506e+01 1.783854029536883275e-04
1.241492340319107868e+01 1.790152353954732210e-04
1.242386423097745052e+01 1.796437682898733722e-04
1.243280505876382414e+01 1.802606598943897950e-04
1.244174588655019775e+01 1.808623452595402271e-04
1.245068671433656959e+01 1.814628102726973454e-04
1.245962754212294143e+01 1.820630077391115383e-04
1.246856836990931505e+01 1.826513237352569280e-04
1.247750919769568867e+01 1.832429421123780923e-04
1.248645002548206051e+01 1.838279771947912177e-04
1.249539085326843235e+01 1.844084407052758482e-04
1.250433168105480597e+01 1.849882474889451615e-04
1.251327250884117959e+01 1.855622380184514210e-04
1.252221333662755143e+01 1.861305124029959915e-04
1.253115416441392505e+01 1.866977001683524059e-04
1.254009499220029866e+01 1.872576548252762236e-04
1.254903581998667050e+01 1.878146541224945745e-04
1.255797664777304234e+01 1.883711390120949153e-04
1.256691747555941596e+01 1.889139554878255505e-04
1.257585830334578958e+01 1.894584190550865715e-04
1.258479913113216142e+01 1.899787739922744227e-04
1.259373995891853326e+01 1.904925673095700400e-04
1.260268078670490688e+01 1.910046007399270041e-04
1.261162161449128050e+01 1.915122961168245477e-04
1.262056244227765234e+01 1.920099459111491969e-04
1.262950327006402595e+01 1.924979374857993010e-04
1.263844409785039957e+01 1.929694559769641420e-04
1.264738492563677141e+01 1.934354287710994568e-04
1.265632575342314325e+01 1.939004406829076426e-04
1.266526658120951687e+01 1.943548105001743432e-04
1.267420740899589049e+01 1.948060284739114658e-04
1.268314823678226233e+01 1.952440142875130566e-04
1.269208906456863417e+01 1.956748145350184107e-04
1.270102989235500779e+01 1.961022658061845720e-04
1.270997072014138141e+01 1.965276616710066654e-04
1.271891154792775325e+01 1.969398734970166675e-04
1.272785237571412686e+01 1.973440558895774575e-04
1.273679320350050048e+01 1.977346602177943900e-04
1.274573403128687232e+01 1.981190189647362128e-04
1.275467485907324416e+01 1.985013246651590581e-04
1.276361568685961778e+01 1.988764123077095514e-04
1.277255651464599140e+01 1.992457557664448632e-04
1.278149734243236324e+01 1.996118849998758838e-04
1.279043817021873508e+01 1.999710895489590550e-04
1.279937899800511047e+01 2.003265195464199572e-04
1.280831982579148232e+01 2.006812570781497820e-04
1.281726065357785416e+01 2.010220463331934405e-04
1.282620148136422777e+01 2.013639751309276142e-04
1.283514230915060139e+01 2.017002161835117083e-04
1.284408313693697323e+01 2.020303942583941495e-04
1.285302396472334507e+01 2.023584924498505132e-04
1.286196479250971869e+01 2.026821044265896443e-04
1.287090562029609231e+01 2.029980985392206439e-04
1.287984644808246415e+01 2.033127473453926642e-04
1.288878727586883599e+01 2.036217100776991349e-04
1.289772810365521138e+01 2.039262477505701665e-04
1.290666893144158323e+01 2.042300216408744914e-04
1.291560975922795507e+01 2.045246387763432984e-04
1.292455058701432868e+01 2.048179863503012815e-04
1.293349141480070230e+01 2.051078605432665822e-04
1.294243224258707414e+01 2.053924830829983149e-04
1.295137307037344598e+01 2.056748472963538838e-04
1.296031389815981960e+01 2.059559294566521218e-04
1.296925472594619322e+01 2.062285169092928534e-04
1.297819555373256506e+01 2.065005858502043455e-04
1.298713638151893690e+01 2.067694680385917007e-04
1.299607720930531229e+01 2.070341779706365564e-04
1.300501803709168414e+01 2.072977761931680662e-04
1.301395886487805598e+01 2.075568292126755640e-04
1.302289969266442959e+01 2.078130113952035172e-04
1.303184052045080321e+01 2.080673261603186819e-04
1.304078134823717505e+01 2.083180872546941723e-04
1.304972217602354689e+01 2.085670129360676873e-04
1.305866300380992051e+01 2.088160652131884610e-04
1.306760383159629413e+01 2.090576728154022832e-04
1.307654465938266597e+01 2.092997946036249533e-04
1.308548548716903781e+01 2.095400720102070721e-04
1.309442631495541320e+01 2.097774122868238970e-04
1.310336714274178505e+01 2.100138785356451621e-04
1.311230797052815689e+01 2.102343864122079562e-04
1.312124879831453050e+01 2.104347443366978124e-04
1.313018962610090412e+01 2.106347912360552617e-04
1.313913045388727596e+01 2.108351331256222709e-04
1.314807128167364780e+01 2.110372780389170773e-04
1.315701210946002142e+01 2.112391721966352888e-04
1.316595293724639504e+01 2.114407188367042401e-04
1.317489376503276688e+01 2.116436205264733239e-04
1.318383459281914050e+01 2.118469575752665211e-04
1.319277542060551411e+01 2.120500604206114980e-04
1.320171624839188596e+01 2.122537902457368516e-04
1.321065707617825780e+01 2.124587536400889790e-04
1.321959790396462964e+01 2.126634546648600215e-04
1.322853873175100503e+01 2.128678224614877429e-04
1.323747955953737687e+01 2.130736876185684869e-04
1.324642038732374871e+01 2.132801318295172099e-04
1.325536121511012411e+01 2.134863994143802951e-04
1.326430204289649595e+01 2.136932350034005982e-04
1.327324287068286779e+01 2.139006175140044982e-04
1.328218369846923963e+01 2.141083419389959886e-04
1.329112452625561502e+01 2.143161160119791159e-04
1.330006535404198686e+01 2.145246442007943876e-04
1.330900618182835871e+01 2.147343500830378434e-04
1.331794700961473055e+01 2.149434051433716966e-04
1.332688783740110594e+01 2.151525736603419967e-04
1.333582866518747778e+01 2.153633775130301591e-04
1.334476949297384962e+01 2.155742833544855794e-04
1.335371032076022502e+01 2.157849883010915242e-04
1.336265114854659686e+01 2.159966177031684919e-04
1.337159197633296870e+01 2.162089712038011520e-04
1.338053280411934054e+01 2.164210658278460295e-04
1.338947363190571593e+01 2.166331972409859792e-04
1.339841445969208777e+01 2.168472102419441265e-04
1.340735528747845962e+01 2.170613085262673876e-04
1.341629611526483146e+01 2.172747099465516002e-04
1.342523694305120685e+01 2.174892483858913541e-04
1.343417777083757869e+01 2.177045078670122402e-04
1.344311859862395053e+01 2.179197874883435080e-04
1.345205942641032593e+01 2.181354395959113465e-04
1.346100025419669777e+01 2.183519490759882470e-04
1.346994108198306961e+01 2.185686585212101487e-04
1.347888190976944145e+01 2.187851562747858501e-04
1.348782273755581684e+01 2.190024698519552092e-04
1.349676356534218868e+01 2.192210761689187680e-04
1.350570439312856053e+01 2.194395446471091623e-04
1.351464522091493592e+01 2.196577374460073910e-04
1.352358604870130776e+01 2.198769672430063177e-04
1.353252687648767960e+01 2.200968556897688804e-04
1.354146770427405144e+01 2.203165588935727481e-04
1.355040853206042684e+01 2.205366984283229248e-04
1.355934935984679868e+01 2.207584242989969682e-04
1.356829018763317052e+01 2.209794524878406260e-04
1.357723101541954236e+01 2.212002139255567765e-04
1.358617184320591775e+01 2.214229438789488589e-04
1.359511267099228959e+01 2.216459526435836705e-04
1.360405349877866144e+01 2.218687495693417197e-04
1.361299432656503683e+01 2.220918170652296008e-04
1.362193515435140867e+01 2.223158615517799525e-04
1.363087598213778051e+01 2.225400486328461434e-04
1.363981680992415235e+01 2.227641965991448113e-04
1.364875763771052775e+01 2.229896042080723709e-04
1.365769846549689959e+01 2.232156072584295459e-04
1.366663929328327143e+01 2.234408968638134827e-04
1.367558012106964327e+01 2.236669186615113060e-04
1.368452094885601866e+01 2.238939840707113312e-04
1.369346177664239050e+01 2.241213190708770916e-04
1.370240260442876234e+01 2.243487339051506823e-04
1.371134343221513774e+01 2.245763747500483074e-04
1.372028426000150958e+01 2.248050644182568480e-04
1.372922508778788142e+01 2.250335023127451894e-04
1.373816591557425326e+01 2.252620406929356468e-04
1.374710674336062866e+01 2.254926234004050708e-04
1.375604757114700050e+01 2.257228256775809178e-04
1.376498839893337234e+01 2.259522985371612404e-04
1.377392922671974418e+01 2.261831239291542915e-04
1.378287005450611957e+01 2.264148924269333547e-04
1.379181088229249141e+01 2.266464158800685807e-04
1.380075171007886325e+01 2.268781809387538804e-04
1.380969253786523865e+01 2.271109164505069936e-04
1.381863336565161049e+01 2.273437489035218739e-04
1.382757419343798233e+01 2.275763025948229008e-04
1.383651502122435417e+01 2.278102274452474259e-04
1.384545584901072957e+01 2.280448615696781234e-04
1.385439667679710141e+01 2.282791634589991989e-04
1.386333750458347325e+01 2.285134538116527655e-04
1.387227833236984509e+01 2.287487396657565675e-04
1.388121916015622048e+01 2.289846291309771339e-04
1.389015998794259232e+01 2.292203804512525373e-04
1.389910081572896416e+01 2.294567585921948724e-04
1.390804164351533956e+01 2.296939767537485458e-04
1.391698247130171140e+01 2.299308394731908200e-04
1.392592329908808324e+01 2.301678502969847935e-04
1.393486412687445508e+01 2.304062587123641430e-04
1.394380495466083048e+01 2.306451736940930695e-04
1.395274578244720232e+01 2.308834926445070350e-04
1.396168661023357416e+01 2.311219628594722868e-04
1.397062743801994600e+01 2.313621032803123471e-04
1.397956826580632139e+01 2.316019564139365809e-04
1.398850909359269323e+01 2.318415223121998573e-04
1.399744992137906507e+01 2.320832100894124268e-04
1.400639074916544047e+01 2.323242467946926536e-04
1.401533157695181231e+01 2.325650047433624481e-04
1.402427240473818415e+01 2.328066996177743106e-04
1.403321323252455599e+01 2.330493531132821693e-04
1.404215406031093138e+01 2.332921569317708164e-04
1.405109488809730323e+01 2.335346418321860901e-04
1.406003571588367507e+01 2.337777466713994413e-04
1.406897654367004691e+01 2.340217080075216436e-04
1.407791737145642230e+01 2.342653760268333086e-04
1.408685819924279414e+01 2.345097676195279329e-04
1.409579902702916598e+01 2.347553335972351067e-04
1.410473985481554138e+01 2.350001552692463735e-04
1.411368068260191322e+01 2.352450120281559252e-04
1.412262151038828506e+01 2.354907867993216144e-04
1.413156233817465690e+01 2.357376135404361717e-04
1.414050316596103229e+01 2.359841809727258280e-04
1.414944399374740414e+01 2.362302910005485072e-04
