5.217557035160964141e+00 3.901299903448324049e-43
5.226497862947336870e+00 6.508972154787950537e-41
5.235438690733709599e+00 9.273690041369200407e-39
5.244379518520082328e+00 1.128313604451789727e-36
5.253320346306455058e+00 1.172314560007461185e-34
5.262261174092827787e+00 1.040149055576797854e-32
5.271202001879201404e+00 7.881050042057974720e-31
5.280142829665574133e+00 5.099289598345134141e-29
5.289083657451946863e+00 2.817554691564349413e-27
5.298024485238319592e+00 1.329450337420145800e-25
5.306965313024692321e+00 5.356843617168339896e-24
5.315906140811065050e+00 1.843244317123681369e-22
5.324846968597437780e+00 5.416190423311222967e-21
5.333787796383810509e+00 1.359070645136375448e-19
5.342728624170183238e+00 2.912240419602017170e-18
5.351669451956555967e+00 5.329046431299289078e-17
5.360610279742928697e+00 8.327389318045428819e-16
5.369551107529302314e+00 1.111233485465850800e-14
5.378491935315675043e+00 1.266306559068639964e-13
5.387432763102047772e+00 1.232280224064537694e-12
5.396373590888420502e+00 1.024040627917456028e-11
5.405314418674793231e+00 7.267114140677467311e-11
5.414255246461165960e+00 4.403965028301170611e-10
5.423196074247538689e+00 2.279097095205407250e-09
5.432136902033911419e+00 1.007207334101853596e-08
5.441077729820284148e+00 3.801123823893800056e-08
5.450018557606656877e+00 1.225017353356028039e-07
5.458959385393030495e+00 3.371394316857726052e-07
5.467900213179403224e+00 7.923443141578667633e-07
5.476841040965775953e+00 1.590213467091959694e-06
5.485781868752148682e+00 2.725423486855106496e-06
5.494722696538521411e+00 3.988867838473658762e-06
5.503663524324894141e+00 4.985427284159423488e-06
5.512604352111266870e+00 5.320987160155654557e-06
5.521545179897639599e+00 4.849747430554592938e-06
5.530486007684012328e+00 3.774705884558878905e-06
5.539426835470385058e+00 2.508904905158914953e-06
5.548367663256758675e+00 1.424040591815610154e-06
5.557308491043131404e+00 6.902360261363440373e-07
5.566249318829504134e+00 2.856998176234660076e-07
5.575190146615876863e+00 1.009855858017356156e-07
5.584130974402249592e+00 3.048217141012146101e-08
5.593071802188622321e+00 7.857230586988885253e-09
5.602012629974995050e+00 1.729538293820226165e-09
5.610953457761367780e+00 3.251082210261110446e-10
5.619894285547740509e+00 5.218705708983634813e-11
5.628835113334113238e+00 7.153766295866139449e-12
5.637775941120485967e+00 8.374208608217653178e-13
5.646716768906859585e+00 8.371241833804332903e-14
5.655657596693232314e+00 7.146165783264401768e-15
5.664598424479605043e+00 5.209467966720094239e-16
5.673539252265977773e+00 3.243028329622329088e-17
5.682480080052350502e+00 1.724031509406023895e-18
5.691420907838723231e+00 7.826664927505005841e-20
5.700361735625095960e+00 3.034208143375257355e-21
5.709302563411468689e+00 1.004502642882361408e-22
5.718243391197841419e+00 2.839840076341799162e-24
5.727184218984214148e+00 6.856046739471502774e-26
5.736125046770586877e+00 1.413483494076906988e-27
5.745065874556960495e+00 2.488540992380218680e-29
5.754006702343333224e+00 3.741415512453437812e-31
5.762947530129705953e+00 4.803570532284494111e-33
5.771888357916078682e+00 5.266589721856886187e-35
5.780829185702451412e+00 4.930964642193500319e-37
5.789770013488824141e+00 3.942497035546366903e-39
5.798710841275196870e+00 2.691831979738670964e-41
5.807651669061569599e+00 1.569501037647298525e-43
5.816592496847942328e+00 7.814700748381698965e-46
5.825533324634315058e+00 3.322917578370922005e-48
5.834474152420687787e+00 6.088541996560607457e-50
5.843414980207061404e+00 1.369419563261653952e-47
5.852355807993434134e+00 3.273641130702971136e-45
5.861296635779806863e+00 6.669438052936360701e-43
5.870237463566179592e+00 1.158003480830074635e-40
5.879178291352552321e+00 1.713534819510054360e-38
5.888119119138925051e+00 2.160918811141543606e-36
5.897059946925297780e+00 2.322450218236144590e-34
5.906000774711670509e+00 2.127241634583501692e-32
5.914941602498043238e+00 1.660541303631092828e-30
5.923882430284415967e+00 1.104701612338790499e-28
5.932823258070788697e+00 6.263293169977476181e-27
5.941764085857162314e+00 3.026376391112134269e-25
5.950704913643535043e+00 1.246251194230313980e-23
5.959645741429907773e+00 4.373717031912109125e-22
5.968586569216280502e+00 1.308152042266246204e-20
5.977527397002653231e+00 3.334480734045228790e-19
5.986468224789025960e+00 7.243703221098071389e-18
5.995409052575398690e+00 1.341082613628959958e-16
6.004349880361771419e+00 2.115986355445913646e-15
6.013290708148144148e+00 2.845329986817270974e-14
6.022231535934517765e+00 3.260730202717562755e-13
6.031172363720889606e+00 3.184634082641687826e-12
6.040113191507263224e+00 2.650737111884043290e-11
6.049054019293635953e+00 1.880339310685632400e-10
6.057994847080008682e+00 1.136758577536194356e-09
6.066935674866381412e+00 5.856831120675719245e-09
6.075876502652754141e+00 2.571695887513680671e-08
6.084817330439126870e+00 9.623631089854226668e-08
6.093758158225499599e+00 3.069168766228331148e-07
6.102698986011872329e+00 8.341900791468379286e-07
6.111639813798245058e+00 1.932287384624414994e-06
6.120580641584618675e+00 3.814528496886531042e-06
6.129521469370990516e+00 6.417597214778785417e-06
6.138462297157364134e+00 9.201666648186210517e-06
6.147403124943736863e+00 1.124405555921288298e-05
6.156343952730109592e+00 1.170959615295715665e-05
6.165284780516482321e+00 1.039257814225638411e-05
6.174225608302855051e+00 7.860806890259085765e-06
6.183166436089227780e+00 5.067262509839442701e-06
6.192107263875600509e+00 2.783826257471261804e-06
6.201048091661973238e+00 1.303386737169274395e-06
6.209988919448345968e+00 5.200761227451606093e-07
6.218929747234719585e+00 1.768572958779137218e-07
6.227870575021091426e+00 5.125562018990645816e-08
6.236811402807465043e+00 1.265967196529309485e-08
6.245752230593837773e+00 2.664807606863924543e-09
6.254693058380210502e+00 4.780482289699385489e-10
6.263633886166583231e+00 7.308697968379751036e-11
6.272574713952955960e+00 9.522933767021648569e-12
6.281515541739328690e+00 1.057460027382702271e-12
6.290456369525701419e+00 1.000736184009289642e-13
6.299397197312074148e+00 8.071192278466618970e-15
6.308338025098446877e+00 5.547767235461586500e-16
6.317278852884820495e+00 3.249834287373134711e-17
6.326219680671192336e+00 1.622432542348071242e-18
6.335160508457565953e+00 6.902946830856925085e-20
6.344101336243938682e+00 2.503023085541258819e-21
6.353042164030311412e+00 7.734952111946692786e-23
6.361982991816684141e+00 2.037102354133249703e-24
6.370923819603056870e+00 4.572255798047273239e-26
6.379864647389429599e+00 8.746023405321382910e-28
6.388805475175802329e+00 1.425782232501111338e-29
6.397746302962175946e+00 1.980880190272642989e-31
6.406687130748547787e+00 2.345447231851421229e-33
6.415627958534921405e+00 2.366767361422631222e-35
6.424568786321294134e+00 2.035391346704083270e-37
6.433509614107666863e+00 1.491772934257450065e-39
6.442450441894039592e+00 9.317941298095903386e-42
6.451391269680412321e+00 4.960205438312685954e-44
6.460332097466785051e+00 2.250307177955298520e-46
6.469272925253157780e+00 8.700543727737232140e-49
6.478213753039530509e+00 2.866905843961987608e-51
6.487154580825903238e+00 8.050871835631135823e-54
6.496095408612276856e+00 1.926792039672868296e-56
6.505036236398648697e+00 3.929969872553182628e-59
6.513977064185022314e+00 6.831342280726202636e-62
6.522917891971395044e+00 1.012018437370338505e-64
6.531858719757767773e+00 7.576873961281180180e-67
6.540799547544140502e+00 4.679590841252406763e-64
6.549740375330513231e+00 2.967955060510854734e-61
6.558681203116885960e+00 1.607062166412730541e-58
6.567622030903258690e+00 7.429059274874688688e-56
6.576562858689631419e+00 2.931978357507823844e-53
6.585503686476004148e+00 9.879011413127511131e-51
6.594444514262377766e+00 2.841790148291337630e-48
6.603385342048749607e+00 6.979050032039286830e-46
6.612326169835123224e+00 1.463276538510453441e-43
6.621266997621495953e+00 2.619282234071351712e-41
6.630207825407868683e+00 4.002800776211921247e-39
6.639148653194241412e+00 5.222415763755415286e-37
6.648089480980614141e+00 5.817075521968672269e-35
6.657030308766986870e+00 5.531765366928835467e-33
6.665971136553359599e+00 4.491057236425295454e-31
6.674911964339732329e+00 3.112857350576839605e-29
6.683852792126105058e+00 1.842025502697594413e-27
6.692793619912478675e+00 9.305888579453181167e-26
6.701734447698850516e+00 4.013708685817095912e-24
6.710675275485224134e+00 1.477949648091236212e-22
6.719616103271596863e+00 4.646214103970064068e-21
6.728556931057969592e+00 1.246994647703904030e-19
6.737497758844342322e+00 2.857299401751376777e-18
6.746438586630715051e+00 5.589496664472549916e-17
6.755379414417087780e+00 9.335024081201529855e-16
6.764320242203460509e+00 1.331018139323209350e-14
6.773261069989833238e+00 1.620236068635457319e-13
6.782201897776205968e+00 1.683830640202563720e-12
6.791142725562579585e+00 1.493978372672198254e-11
6.800083553348951426e+00 1.131660100978246079e-10
6.809024381135325044e+00 7.318355319498443775e-10
6.817965208921697773e+00 4.040515538857032442e-09
6.826906036708070502e+00 1.904521619676875020e-08
6.835846864494443231e+00 7.664096972429498590e-08
6.844787692280815961e+00 2.633070476119292929e-07
6.853728520067188690e+00 7.723106651229682615e-07
6.862669347853561419e+00 1.933996409839968722e-06
6.871610175639934148e+00 4.134998553036384672e-06
6.880551003426306877e+00 7.549725072307796743e-06
6.889491831212680495e+00 1.177913152726882129e-05
6.898432658999052336e+00 1.574233120737006896e-05
6.907373486785425953e+00 1.817698861914204245e-05
6.916314314571798683e+00 1.866864590355476385e-05
6.925255142358171412e+00 1.857112602533035113e-05
6.934195970144544141e+00 2.105545825145479201e-05
6.943136797930916870e+00 2.989404488176997419e-05
6.952077625717289600e+00 4.714119866309404028e-05
6.961018453503662329e+00 7.066597450749592744e-05
6.969959281290035946e+00 9.345232453179927370e-05
6.978900109076407787e+00 1.063590846483976283e-04
6.987840936862781405e+00 1.034196344079361984e-04
6.996781764649154134e+00 8.573921543123577118e-05
7.005722592435526863e+00 6.056927642750755460e-05
7.014663420221899592e+00 3.645448497209772539e-05
7.023604248008272322e+00 1.869198321734511715e-05
7.032545075794645051e+00 8.165072337384013290e-06
7.041485903581017780e+00 3.038528754035140980e-06
7.050426731367390509e+00 9.633073574084264321e-07
7.059367559153763239e+00 2.601743573351523643e-07
7.068308386940136856e+00 5.986350678544365362e-08
7.077249214726508697e+00 1.173431812096215288e-08
7.086190042512882314e+00 1.959528565936050270e-09
7.095130870299255044e+00 2.787682935028268358e-10
7.104071698085627773e+00 3.378572091497988109e-11
7.113012525872000502e+00 3.488357929609415804e-12
7.121953353658373231e+00 3.068364335441939541e-13
7.130894181444745961e+00 2.299274634779495175e-14
7.139835009231118690e+00 1.467820018788183878e-15
7.148775837017491419e+00 7.982755006821226490e-17
7.157716664803864148e+00 3.698544354365063211e-18
7.166657492590237766e+00 1.459845508007472931e-19
7.175598320376609607e+00 4.908864017431436745e-21
7.184539148162983224e+00 1.406220754425306009e-22
7.193479975949355953e+00 3.432825229672341316e-24
7.202420803735728683e+00 7.970796478952259223e-26
7.211361631522101412e+00 6.717413359930171398e-26
7.220302459308474141e+00 4.975214378800054473e-25
7.229243287094846870e+00 3.594555943478314632e-24
7.238184114881219600e+00 2.486017017451719516e-23
7.247124942667593217e+00 1.645780044842340653e-22
7.256065770453965058e+00 1.042913532187547979e-21
7.265006598240338676e+00 6.326064686995528118e-21
7.273947426026710517e+00 3.673057860563342245e-20
7.282888253813084134e+00 2.041412296114690396e-19
7.291829081599456863e+00 1.086031690974855130e-18
7.300769909385829592e+00 5.530483307045818513e-18
7.309710737172202322e+00 2.695829917287824316e-17
7.318651564958575051e+00 1.257855366175414718e-16
7.327592392744947780e+00 5.617948329221517361e-16
7.336533220531320509e+00 2.401782020978897676e-15
7.345474048317694127e+00 9.828749213416733641e-15
7.354414876104065968e+00 3.850097553145991600e-14
7.363355703890439585e+00 1.443623785339517157e-13
7.372296531676811426e+00 5.181376362810106297e-13
7.381237359463185044e+00 1.780102727205293014e-12
7.390178187249557773e+00 5.854014677043988624e-12
7.399119015035930502e+00 1.842770977430714406e-11
7.408059842822303231e+00 5.552617224319632310e-11
7.417000670608675961e+00 1.601522053916504882e-10
7.425941498395048690e+00 4.421574292269531152e-10
7.434882326181421419e+00 1.168502766399161799e-09
7.443823153967795037e+00 2.955911170261826261e-09
7.452763981754166878e+00 7.157507765384095010e-09
7.461704809540540495e+00 1.658979778725373908e-08
7.470645637326912336e+00 3.680689416632032492e-08
7.479586465113285954e+00 7.816747218860417364e-08
7.488527292899658683e+00 1.589028836618445484e-07
7.497468120686031412e+00 3.092048552297833346e-07
7.506408948472404141e+00 5.759299269494404936e-07
7.515349776258776870e+00 1.026837695219130499e-06
7.524290604045149600e+00 1.752438458868050276e-06
7.533231431831522329e+00 2.862810249089930071e-06
7.542172259617895946e+00 4.476629646534543664e-06
7.551113087404267787e+00 6.700675478361233558e-06
7.560053915190641405e+00 9.600521377347272247e-06
7.568994742977013246e+00 1.316678876823114237e-05
7.577935570763386863e+00 1.728517309954461428e-05
7.586876398549759593e+00 2.172082983187388638e-05
7.595817226336132322e+00 2.612690154691329548e-05
7.604758054122505051e+00 3.008210478241495734e-05
7.613698881908877780e+00 3.315410785736031928e-05
7.622639709695250509e+00 3.497641455299425287e-05
7.631580537481623239e+00 3.532010978616313912e-05
7.640521365267996856e+00 3.414110846748566865e-05
7.649462193054368697e+00 3.158944568956160352e-05
7.658403020840742315e+00 2.797790612066891505e-05
7.667343848627114156e+00 2.371904654218493259e-05
7.676284676413487773e+00 1.924810864629045333e-05
7.685225504199860502e+00 1.495160141278077863e-05
7.694166331986233232e+00 1.111721937882658625e-05
7.703107159772605961e+00 7.912495136485478824e-06
7.712047987558978690e+00 5.390630345820098111e-06
7.720988815345351419e+00 3.515397688830511064e-06
7.729929643131724148e+00 2.194412100415540350e-06
7.738870470918097766e+00 1.311205407155568468e-06
7.747811298704469607e+00 7.499496219747203222e-07
7.756752126490843224e+00 4.105842406929967661e-07
7.765692954277215065e+00 2.151698201091912249e-07
7.774633782063588683e+00 1.079368733019381139e-07
7.783574609849961412e+00 5.182882163086964903e-08
7.792515437636334141e+00 2.382386176212688159e-08
7.801456265422706871e+00 1.048775812347813533e-08
7.810397093209079600e+00 4.435635380117006242e-09
7.819337920995453217e+00 1.843052924715984291e-09
7.828278748781825058e+00 8.644549169219179881e-10
7.837219576568198676e+00 7.280857105801586661e-10
7.846160404354570517e+00 1.300215946354515401e-09
7.855101232140944134e+00 2.984347812862718558e-09
7.864042059927316863e+00 6.904444711060828824e-09
7.872982887713689593e+00 1.539458612202353024e-08
7.881923715500062322e+00 3.286541711628706294e-08
7.890864543286435051e+00 6.711926768775125639e-08
7.899805371072807780e+00 1.311104513489470899e-07
7.908746198859180510e+00 2.449637544038994057e-07
7.917687026645554127e+00 4.377636531511685806e-07
7.926627854431925968e+00 7.482569784703940307e-07
7.935568682218299585e+00 1.223305805850834844e-06
7.944509510004671426e+00 1.912900938011609167e-06
7.953450337791045044e+00 2.861034567874864266e-06
7.962391165577417773e+00 4.092860210820328219e-06
7.971331993363790502e+00 5.600204681181282534e-06
7.980272821150163232e+00 7.329157767669929228e-06
7.989213648936535961e+00 9.174394740789269291e-06
7.998154476722908690e+00 1.098433971375956279e-05
8.007095304509281419e+00 1.257892915655411652e-05
8.016036132295655037e+00 1.377801230424482450e-05
8.024976960082026878e+00 1.443452998485923103e-05
8.033917787868400495e+00 1.446411637847849319e-05
8.042858615654772336e+00 1.386290827412527704e-05
8.051799443441145954e+00 1.270837359660270427e-05
8.060740271227519571e+00 1.114291401372309549e-05
8.069681099013891412e+00 9.345031434260824940e-06
8.078621926800263253e+00 7.496109736890371239e-06
8.087562754586636871e+00 5.751277017332761399e-06
8.096503582373010488e+00 4.220518603631759005e-06
8.105444410159382329e+00 2.962378405068165101e-06
8.114385237945755946e+00 1.988787717281286235e-06
8.123326065732127788e+00 1.277054720604811474e-06
8.132266893518501405e+00 7.843389205650913545e-07
8.141207721304873246e+00 4.607562205888059046e-07
8.150148549091246863e+00 2.588879461370015155e-07
8.159089376877620481e+00 1.391315535877248462e-07
8.168030204663992322e+00 7.151754878388030855e-08
8.176971032450364163e+00 3.516193678991357849e-08
8.185911860236737780e+00 1.653507383638352852e-08
8.194852688023111398e+00 7.437254959909350833e-09
8.203793515809483239e+00 3.199575651071435557e-09
8.212734343595856856e+00 1.316574011180554869e-09
8.221675171382228697e+00 5.181689132027895489e-10
8.230615999168602315e+00 1.950610747892550367e-10
8.239556826954974156e+00 7.023329645853704111e-11
8.248497654741347773e+00 2.418737147248169528e-11
8.257438482527721391e+00 7.967232263563522293e-12
8.266379310314093232e+00 2.510148778541736020e-12
8.275320138100465073e+00 7.564228336149028489e-13
8.284260965886838690e+00 2.180233350871126860e-13
8.293201793673212308e+00 6.010554079798040595e-14
8.302142621459584149e+00 1.584890350011282465e-14
8.311083449245957766e+00 3.997211377284045651e-15
8.320024277032329607e+00 9.642467646850972090e-16
8.328965104818703225e+00 2.224807539287425006e-16
8.337905932605075066e+00 4.909868792073673404e-17
8.346846760391448683e+00 1.036383540716150604e-17
8.355787588177822300e+00 2.092398063897866547e-18
8.364728415964194141e+00 4.040557519723881551e-19
8.373669243750565983e+00 7.462965936988238332e-20
8.382610071536939600e+00 1.318423109848680981e-20
8.391550899323313217e+00 2.227775052042581303e-21
8.400491727109685058e+00 3.600485341259436294e-22
8.409432554896058676e+00 5.565753137328103149e-23
8.418373382682430517e+00 8.229245415137265361e-24
8.427314210468804134e+00 1.163775661285679268e-24
8.436255038255175975e+00 1.574170277775769901e-25
8.445195866041549593e+00 2.036607448071875188e-26
8.454136693827923210e+00 2.520206509415216005e-27
8.463077521614295051e+00 2.982896001409089610e-28
8.472018349400666892e+00 3.376861718331355692e-29
8.480959177187040510e+00 3.656466779651312372e-30
8.489900004973414127e+00 3.786903546644181067e-31
8.498840832759785968e+00 3.752417613270925718e-32
8.507781660546159586e+00 3.687360602828512341e-33
8.516722488332531427e+00 1.793691081643183877e-33
8.525663316118905044e+00 1.558234138818742477e-32
8.534604143905276885e+00 1.572084760197066221e-31
8.543544971691650503e+00 1.519270428144509677e-30
8.552485799478024120e+00 1.403945641967666746e-29
8.561426627264395961e+00 1.240553061536064049e-28
8.570367455050767802e+00 1.048166291083265114e-27
8.579308282837141419e+00 8.468272491439964061e-27
8.588249110623515037e+00 6.541980593549230727e-26
8.597189938409886878e+00 4.832517888839403305e-25
8.606130766196260495e+00 3.413402332416204314e-24
8.615071593982632336e+00 2.305426511826891584e-23
8.624012421769005954e+00 1.488897761665213481e-22
8.632953249555377795e+00 9.194503079227178472e-22
8.641894077341751412e+00 5.429269999522875531e-21
8.650834905128125030e+00 3.065521798708811637e-20
8.659775732914496871e+00 1.655073058691138630e-19
8.668716560700868712e+00 8.544363606221503770e-19
8.677657388487242329e+00 4.217859077096209516e-18
8.686598216273615947e+00 1.990921795382252241e-17
8.695539044059987788e+00 8.985994082449740645e-17
8.704479871846361405e+00 3.878178971576277532e-16
8.713420699632733246e+00 1.600439854622496388e-15
8.722361527419106864e+00 6.315397051715395954e-15
8.731302355205478705e+00 2.382932573830897824e-14
8.740243182991852322e+00 8.597509008672002573e-14
8.749184010778225939e+00 2.966083116705432479e-13
8.758124838564597781e+00 9.784615987537198964e-13
8.767065666350969622e+00 3.086413048463852615e-12
8.776006494137343239e+00 9.309237250512724804e-12
8.784947321923716856e+00 2.684874206147602163e-11
8.793888149710088697e+00 7.404292694091925817e-11
8.802828977496462315e+00 1.952508825096142944e-10
8.811769805282834156e+00 4.923253796439639802e-10
8.820710633069207773e+00 1.187028742738886780e-09
8.829651460855579614e+00 2.736654914542020008e-09
8.838592288641953232e+00 6.032934794335370437e-09
8.847533116428326849e+00 1.271706868734021187e-08
8.856473944214698690e+00 2.563274955766993036e-08
8.865414772001070531e+00 4.940298191379745360e-08
8.874355599787444149e+00 9.104601123860507214e-08
8.883296427573817766e+00 1.604421511659622294e-07
8.892237255360189607e+00 2.703496553387167244e-07
8.901178083146563225e+00 4.355950700684513990e-07
8.910118910932935066e+00 6.711040863276760915e-07
8.919059738719308683e+00 9.886591776194197285e-07
8.928000566505680524e+00 1.392685689035227562e-06
8.936941394292054142e+00 1.875898841657358170e-06
8.945882222078427759e+00 2.416103359633847087e-06
8.954823049864799600e+00 2.975578382527453849e-06
8.963763877651173217e+00 3.504104685314264886e-06
8.972704705437545059e+00 3.945777039123819083e-06
8.981645533223918676e+00 4.248521319864010031e-06
8.990586361010290517e+00 4.374141765000733492e-06
8.999527188796664134e+00 4.306234721183646497e-06
9.008468016583037752e+00 4.053706805386745772e-06
9.017408844369409593e+00 3.648856309938669765e-06
9.026349672155781434e+00 3.140588097661850759e-06
9.035290499942155051e+00 2.584728854951608756e-06
9.044231327728528669e+00 2.034083577759482952e-06
9.053172155514900510e+00 1.530637635383035972e-06
9.062112983301274127e+00 1.101351057897881150e-06
9.071053811087645968e+00 7.577552442070468640e-07
9.079994638874019586e+00 4.985192348023157161e-07
9.088935466660391427e+00 3.136062291388905263e-07
9.097876294446765044e+00 1.886414964201234193e-07
9.106817122233138662e+00 1.085024580440174913e-07
9.115757950019510503e+00 5.967490175112623381e-08
9.124698777805882344e+00 3.138294097977153790e-08
9.133639605592255961e+00 1.578139387377924378e-08
9.142580433378629579e+00 7.588341544802273678e-09
9.151521261165001420e+00 3.488977528546425743e-09
9.160462088951375037e+00 1.533907837158160853e-09
9.169402916737746878e+00 6.448373018745045773e-10
9.178343744524120495e+00 2.592094494025689140e-10
9.187284572310492337e+00 9.963256212302662587e-11
9.196225400096865954e+00 3.661858508066305635e-11
9.205166227883239571e+00 1.286920182424922088e-11
9.214107055669611412e+00 4.324654887327208260e-12
9.223047883455983253e+00 1.389636112916926192e-12
9.231988711242356871e+00 4.269731044745931536e-13
9.240929539028730488e+00 1.254439550842366826e-13
9.249870366815102329e+00 3.524104265303716807e-14
9.258811194601474170e+00 9.466676846100187236e-15
9.267752022387847788e+00 2.431622568521415709e-15
9.276692850174221405e+00 5.972347011759273270e-16
9.285633677960593246e+00 1.402669761613325387e-16
9.294574505746966864e+00 3.152201735172190076e-17
9.303515333533340481e+00 6.892174706709256211e-18
9.312456161319712322e+00 2.062895083962667512e-18
9.321396989106084163e+00 3.666496198273241436e-18
9.330337816892457781e+00 1.643764101407022738e-17
9.339278644678831398e+00 7.588682827304300243e-17
9.348219472465203239e+00 3.369602149209838139e-16
9.357160300251575080e+00 1.435070871132209170e-15
9.366101128037950474e+00 5.861433533520528080e-15
9.375041955824322315e+00 2.295981083808159765e-14
9.383982783610694156e+00 8.625150122125834319e-14
9.392923611397067774e+00 3.107412534761844799e-13
9.401864439183441391e+00 1.073655756745256282e-12
9.410805266969813232e+00 3.557665351065771195e-12
9.419746094756185073e+00 1.130574080035181622e-11
9.428686922542558690e+00 3.445615782686275664e-11
9.437627750328932308e+00 1.007090652353306647e-10
9.446568578115304149e+00 2.822956429220548701e-10
9.455509405901675990e+00 7.588809981705584273e-10
9.464450233688051384e+00 1.956487489752012409e-09
9.473391061474423225e+00 4.837426342557289398e-09
9.482331889260795066e+00 1.147058449926932540e-08
9.491272717047168683e+00 2.608498702789243510e-08
9.500213544833542301e+00 5.688916965342586385e-08
9.509154372619914142e+00 1.189878063601830434e-07
9.518095200406285983e+00 2.386762547590195346e-07
9.527036028192659600e+00 4.591450050339155346e-07
9.535976855979033218e+00 8.470799591393716969e-07
9.544917683765405059e+00 1.498762586196807224e-06
9.553858511551776900e+00 2.543168716575163405e-06
9.562799339338152294e+00 4.138580388878184354e-06
9.571740167124524135e+00 6.458943886240521212e-06
9.580680994910895976e+00 9.667307230247494489e-06
9.589621822697269593e+00 1.387661130218359182e-05
9.598562650483643210e+00 1.910272040889541165e-05
9.607503478270015052e+00 2.521975762535187638e-05
9.616444306056386893e+00 3.193158607250739525e-05
9.625385133842760510e+00 3.877340723956341768e-05
9.634325961629134127e+00 4.515245158197688787e-05
9.643266789415505968e+00 5.042693799015526189e-05
9.652207617201877810e+00 5.401044473697849934e-05
9.661148444988253203e+00 5.547876722725926963e-05
9.670089272774625044e+00 5.465246368113395282e-05
9.679030100560996885e+00 5.163290730915799035e-05
9.687970928347370503e+00 4.678184097678703368e-05
9.696911756133744120e+00 4.065012919895989252e-05
9.705852583920115961e+00 3.387508904333332488e-05
9.714793411706487802e+00 2.707277999040855941e-05
9.723734239492861420e+00 2.075005038990350220e-05
9.732675067279235037e+00 1.525244089534963199e-05
9.741615895065606878e+00 1.075210356905804343e-05
9.750556722851980496e+00 7.269113008746907895e-06
9.759497550638354113e+00 4.713063547464162025e-06
9.768438378424725954e+00 2.930616993938986491e-06
9.777379206211097795e+00 1.747626916860428796e-06
9.786320033997471413e+00 9.994757922357684270e-07
9.795260861783845030e+00 5.481882565825721754e-07
9.804201689570216871e+00 2.883507391444215447e-07
9.813142517356588712e+00 1.454609111214829239e-07
9.822083345142962330e+00 7.037289725807744059e-08
9.831024172929335947e+00 3.265114776978267183e-08
9.839965000715707788e+00 1.452865351891054093e-08
9.848905828502081405e+00 6.199921267109986761e-09
9.857846656288455023e+00 2.537352908119874373e-09
9.866787484074826864e+00 9.958856385070996502e-10
9.875728311861198705e+00 3.748624652889292828e-10
9.884669139647572322e+00 1.353219781587584701e-10
9.893609967433945940e+00 4.684881516324367973e-11
9.902550795220317781e+00 1.555474081928598788e-11
9.911491623006689622e+00 4.952914598603398812e-12
9.920432450793063239e+00 1.512490980597427714e-12
9.929373278579436857e+00 4.429540130627467022e-13
9.938314106365808698e+00 1.244108854582666754e-13
9.947254934152182315e+00 3.351135702706670990e-14
9.956195761938555933e+00 8.656843009248341697e-15
9.965136589724927774e+00 2.144672395619080844e-15
9.974077417511299615e+00 5.095611105767048883e-16
9.983018245297673232e+00 1.161088924183293829e-16
9.991959073084046850e+00 2.537281087701661601e-17
1.000089990087041869e+01 5.317476456379626875e-18
1.000984072865679053e+01 1.068750823395431435e-18
1.001878155644316415e+01 2.060066511344784230e-19
1.002772238422953777e+01 3.808201461925207666e-20
1.003666321201590961e+01 6.751378896709708209e-21
1.004560403980228322e+01 1.147886482367354277e-21
1.005454486758865684e+01 1.871713163234801992e-22
1.006348569537502868e+01 2.926938120631810537e-23
1.007242652316140052e+01 4.389567013266378457e-24
1.008136735094777414e+01 6.313409072452366110e-25
1.009030817873414776e+01 8.708731478554282092e-26
1.009924900652051960e+01 1.154836287814882891e-26
1.010818983430689144e+01 1.714423376379737393e-27
1.011713066209326506e+01 2.329948007445689648e-27
1.012607148987963868e+01 1.754006594962423009e-26
1.013501231766601052e+01 1.364500893703313726e-25
1.014395314545238413e+01 1.016756036077104223e-24
1.015289397323875775e+01 7.248828819523307961e-24
1.016183480102512959e+01 4.944472928105670039e-23
1.017077562881150143e+01 3.226808077860823640e-22
1.017971645659787505e+01 2.014778179949920951e-21
1.018865728438424867e+01 1.203600372209872666e-20
1.019759811217062051e+01 6.879206704085769925e-20
1.020653893995699235e+01 3.761797177211564766e-19
1.021547976774336597e+01 1.968128111179794318e-18
1.022442059552973959e+01 9.851725987620283469e-18
1.023336142331611143e+01 4.718155550026110479e-17
1.024230225110248504e+01 2.161887830139366584e-16
1.025124307888885866e+01 9.477526992604008697e-16
1.026018390667523050e+01 3.975189846569635829e-15
1.026912473446160234e+01 1.595224055934911535e-14
1.027806556224797596e+01 6.124723356214056818e-14
1.028700639003434958e+01 2.249843115680002023e-13
1.029594721782072142e+01 7.907131559644515118e-13
1.030488804560709326e+01 2.658806092976320791e-12
1.031382887339346688e+01 8.553726054414870822e-12
1.032276970117984050e+01 2.632843109373119250e-11
1.033171052896621234e+01 7.753460785538623676e-11
1.034065135675258595e+01 2.184576111523629578e-10
1.034959218453895957e+01 5.888975359225518315e-10
1.035853301232533141e+01 1.518844333319234421e-09
1.036747384011170325e+01 3.747898013586488334e-09
1.037641466789807687e+01 8.848369193791552354e-09
1.038535549568445049e+01 1.998663479176594139e-08
1.039429632347082233e+01 4.319337002944718697e-08
1.040323715125719417e+01 8.930905090591922559e-08
1.041217797904356779e+01 1.766748900046305804e-07
1.042111880682994141e+01 3.343914437045554529e-07
1.043005963461631325e+01 6.055311012989017475e-07
1.043900046240268686e+01 1.049104436250739158e-06
1.044794129018906048e+01 1.739009537734304688e-06
1.045688211797543232e+01 2.757948648609760982e-06
1.046582294576180416e+01 4.184767734433297371e-06
1.047476377354817778e+01 6.075157095093425811e-06
1.048370460133455140e+01 8.438099419956103108e-06
1.049264542912092324e+01 1.121328175264696434e-05
1.050158625690729508e+01 1.425679164010296340e-05
1.051052708469367047e+01 1.734250552883813838e-05
1.051946791248004232e+01 2.018379618086323912e-05
1.052840874026641416e+01 2.247474813752993575e-05
1.053734956805278777e+01 2.394350835566784767e-05
1.054629039583916139e+01 2.440516287394862611e-05
1.055523122362553323e+01 2.379998074262043364e-05
1.056417205141190507e+01 2.220610925187292979e-05
1.057311287919827869e+01 1.982299675715301626e-05
1.058205370698465231e+01 1.693039610085872917e-05
1.059099453477102415e+01 1.383457745418811101e-05
1.059993536255739599e+01 1.081597439804997914e-05
1.060887619034377138e+01 8.090332546565641371e-06
1.061781701813014323e+01 5.789860062843759594e-06
1.062675784591651507e+01 3.964338520433107712e-06
1.063569867370288868e+01 2.597014466365415135e-06
1.064463950148926230e+01 1.627717289187390825e-06
1.065358032927563414e+01 9.760780699269579430e-07
1.066252115706200598e+01 5.600039695376795045e-07
1.067146198484837960e+01 3.073962936699066709e-07
1.068040281263475322e+01 1.614385021359558429e-07
1.068934364042112506e+01 8.111787837899653408e-08
1.069828446820749690e+01 3.899662464991502740e-08
1.070722529599387229e+01 1.793652985047099359e-08
1.071616612378024413e+01 7.893158106502052255e-09
1.072510695156661598e+01 3.323258704435596759e-09
1.073404777935298959e+01 1.338685227575194176e-09
1.074298860713936321e+01 5.159335407690666739e-10
1.075192943492573505e+01 1.902435864866914067e-10
1.076087026271210689e+01 6.711618437521396370e-11
1.076981109049848051e+01 2.265402958765933801e-11
1.077875191828485413e+01 7.315847426380018274e-12
1.078769274607122597e+01 2.260397337250109483e-12
1.079663357385759781e+01 6.681991297715267602e-13
1.080557440164397320e+01 1.889852874713637093e-13
1.081451522943034504e+01 5.113886169039506012e-14
1.082345605721671689e+01 1.323960685649716290e-14
1.083239688500309050e+01 3.279443044750467658e-15
1.084133771278946412e+01 7.771879664684423733e-16
1.085027854057583596e+01 1.762191141438896083e-16
1.085921936836220780e+01 3.822794311067754128e-17
1.086816019614858142e+01 7.934321964521739870e-18
1.087710102393495504e+01 1.575577170437860354e-18
1.088604185172132688e+01 2.993439674691002761e-19
1.089498267950770050e+01 5.441295512317028489e-20
1.090392350729407411e+01 9.463136100562092260e-21
1.091286433508044595e+01 1.574594865666428991e-21
1.092180516286681780e+01 2.506706845190536055e-22
1.093074599065319141e+01 3.818029100482006601e-23
1.093968681843956503e+01 5.563856144982247246e-24
1.094862764622593687e+01 7.757352424920036379e-25
1.095756847401230871e+01 1.034789762122685635e-25
1.096650930179868233e+01 1.320662041346085809e-26
1.097545012958505595e+01 1.612620732172581371e-27
1.098439095737142779e+01 1.883969005018934321e-28
1.099333178515780141e+01 2.105795723628932308e-29
1.100227261294417502e+01 2.251954940908207233e-30
1.101121344073054686e+01 2.304114860156243362e-31
1.102015426851691871e+01 2.255534760416262582e-32
1.102909509630329232e+01 2.112496000046428897e-33
1.103803592408966594e+01 1.892967847194874227e-34
1.104697675187603778e+01 1.622899216799771647e-35
1.105591757966240962e+01 1.331192417507662320e-36
1.106485840744878324e+01 1.044698788287648889e-37
1.107379923523515686e+01 7.844085485418799832e-39
1.108274006302152870e+01 5.635007731359784798e-40
1.109168089080790232e+01 3.873001683210596036e-41
1.110062171859427593e+01 2.546840963470726605e-42
1.110956254638064777e+01 1.602348353414363845e-43
1.111850337416701962e+01 9.645239623788718224e-45
1.112744420195339323e+01 5.554821094154309134e-46
1.113638502973976685e+01 3.060751716455853276e-47
1.114532585752613869e+01 1.613567354213208913e-48
1.115426668531251053e+01 8.138550577336444254e-50
1.116320751309888415e+01 3.927425957255530255e-51
1.117214834088525777e+01 1.813301065592168617e-52
1.118108916867162961e+01 8.010005211006329259e-54
1.119002999645800323e+01 3.385296028367134452e-55
1.119897082424437684e+01 1.368867700318243975e-56
1.120791165203074868e+01 5.295747521188992601e-58
1.121685247981712052e+01 1.960171355318023672e-59
1.122579330760349414e+01 6.941635036194326395e-61
1.123473413538986776e+01 2.351963002068769470e-62
1.124367496317623960e+01 7.624303330292156204e-64
1.125261579096261144e+01 2.364671504763658589e-65
1.126155661874898506e+01 7.016854011753064702e-67
1.127049744653535868e+01 1.992117887994687815e-68
1.127943827432173052e+01 5.411137885134231162e-70
1.128837910210810414e+01 1.406251948917627560e-71
1.129731992989447775e+01 3.496541162522154430e-73
1.130626075768084959e+01 8.317927380471237698e-75
1.131520158546722143e+01 1.893182907681998290e-76
1.132414241325359505e+01 4.122598078400102353e-78
1.133308324103996867e+01 8.589153996856305397e-80
1.134202406882634051e+01 1.712106410994610248e-81
1.135096489661271235e+01 3.265217300011357600e-83
1.135990572439908597e+01 5.957916268635768442e-85
1.136884655218545959e+01 1.040106171448151364e-86
1.137778737997183143e+01 1.737248407828242060e-88
1.138672820775820504e+01 2.776176940925640498e-90
1.139566903554457866e+01 4.244566422960836851e-92
1.140460986333095050e+01 6.208987736035853992e-94
1.141355069111732234e+01 8.722783955704411129e-96
1.142249151890369596e+01 2.508330249974913203e-96
1.143143234669006958e+01 1.660062923790975796e-94
1.144037317447644142e+01 1.103314673892434131e-92
1.144931400226281326e+01 7.022508840766088301e-91
1.145825483004918688e+01 4.280547822915524345e-89
1.146719565783556050e+01 2.498737128198519069e-87
1.147613648562193234e+01 1.396869851728678294e-85
1.148507731340830595e+01 7.478344646767483693e-84
1.149401814119467957e+01 3.834150586844389281e-82
1.150295896898105141e+01 1.882552139247968963e-80
1.151189979676742325e+01 8.851951350560364105e-79
1.152084062455379687e+01 3.986072387691344950e-77
1.152978145234017049e+01 1.718958935525765674e-75
1.153872228012654233e+01 7.099045834885905197e-74
1.154766310791291417e+01 2.807686515680345309e-72
1.155660393569928779e+01 1.063436126861403919e-70
1.156554476348566141e+01 3.857343913701912174e-69
1.157448559127203325e+01 1.339921854688031708e-67
1.158342641905840686e+01 4.457432113776615915e-66
1.159236724684478048e+01 1.420051720317319518e-64
1.160130807463115232e+01 4.332491752845144525e-63
1.161024890241752416e+01 1.265859440394533116e-61
1.161918973020389778e+01 3.541990423247888900e-60
1.162813055799027140e+01 9.491250552690749499e-59
1.163707138577664324e+01 2.435643105229106617e-57
1.164601221356301508e+01 5.985742395504434853e-56
1.165495304134939047e+01 1.408758505606959978e-54
1.166389386913576232e+01 3.175186487066167202e-53
1.167283469692213416e+01 6.853557832010550299e-52
1.168177552470850777e+01 1.416697357089672710e-50
1.169071635249488139e+01 2.804479329215262723e-49
1.169965718028125323e+01 5.316692717939575524e-48
1.170859800806762507e+01 9.652616140074410850e-47
1.171753883585399869e+01 1.678273235069075602e-45
1.172647966364037231e+01 2.794437875591676367e-44
1.173542049142674415e+01 4.455951008675419287e-43
1.174436131921311599e+01 6.804567291924171550e-42
1.175330214699949138e+01 9.951184468113382073e-41
1.176224297478586323e+01 1.393680419203380946e-39
1.177118380257223507e+01 1.869243062631726588e-38
1.178012463035860868e+01 2.400946674378434214e-37
1.178906545814498230e+01 2.953339737826916154e-36
1.179800628593135414e+01 3.479032303464561520e-35
1.180694711371772598e+01 3.924801269209912152e-34
1.181588794150409960e+01 4.240245862599315905e-33
1.182482876929047322e+01 4.387110411550586558e-32
1.183376959707684506e+01 4.346905988910206635e-31
1.184271042486321690e+01 4.124735349702769968e-30
1.185165125264959229e+01 3.748228748502210840e-29
1.186059208043596414e+01 3.261897002883812868e-28
1.186953290822233598e+01 2.718495120500862806e-27
1.187847373600870959e+01 2.169706697793434096e-26
1.188741456379508321e+01 1.658393776065284778e-25
1.189635539158145505e+01 1.213915471129532800e-24
1.190529621936782689e+01 8.509487241192625877e-24
1.191423704715420051e+01 5.712582619141892708e-23
1.192317787494057413e+01 3.672617967843511385e-22
1.193211870272694597e+01 2.261169781076179446e-21
1.194105953051331781e+01 1.333228990629349635e-20
1.195000035829969320e+01 7.528188454020513906e-20
1.195894118608606504e+01 4.070899431929865018e-19
1.196788201387243689e+01 2.108164144957000756e-18
1.197682284165881050e+01 1.045520684995792329e-17
1.198576366944518412e+01 4.965637292669031749e-17
1.199470449723155596e+01 2.258559396206027979e-16
1.200364532501792780e+01 9.837895298671134652e-16
1.201258615280430142e+01 4.103808001205261415e-15
1.202152698059067504e+01 1.639404146848875055e-14
1.203046780837704688e+01 6.271900825224419275e-14
1.203940863616342050e+01 2.297875492462950510e-13
1.204834946394979411e+01 8.062467219038306054e-13
1.205729029173616595e+01 2.709090966770452664e-12
1.206623111952253780e+01 8.717528426004440221e-12
1.207517194730891141e+01 2.686441043124492976e-11
1.208411277509528503e+01 7.928214898473161876e-11
1.209305360288165687e+01 2.240720413063015593e-10
1.210199443066802871e+01 6.064766511445276540e-10
1.211093525845440233e+01 1.572007660985048603e-09
1.211987608624077595e+01 3.902198777801838630e-09
1.212881691402714779e+01 9.276374569838720232e-09
1.213775774181352141e+01 2.111841512083093491e-08
1.214669856959989502e+01 4.604246069378761807e-08
1.215563939738626686e+01 9.613242267275211895e-08
1.216458022517263871e+01 1.922185984409179778e-07
1.217352105295901232e+01 3.680739509621340524e-07
1.218246188074538594e+01 6.749769114600244318e-07
1.219140270853175778e+01 1.185378127990752282e-06
1.220034353631812962e+01 1.993604748799737727e-06
1.220928436410450324e+01 3.210963487064927243e-06
1.221822519189087686e+01 4.952743451433787803e-06
1.222716601967724870e+01 7.315945397784089876e-06
1.223610684746362232e+01 1.034925853649424764e-05
1.224504767524999593e+01 1.402045716073752205e-05
1.225398850303636777e+01 1.818985641940206843e-05
1.226292933082273962e+01 2.260010854224925184e-05
1.227187015860911323e+01 2.689093708601828444e-05
1.228081098639548685e+01 3.064188695516277842e-05
1.228975181418185869e+01 3.343791836488781735e-05
1.229869264196823053e+01 3.494436218486407991e-05
1.230763346975460415e+01 3.497269984759201138e-05
1.231657429754097777e+01 3.351933244770433659e-05
1.232551512532734961e+01 3.076633176543953940e-05
1.233445595311372323e+01 2.704395686986582511e-05
1.234339678090009684e+01 2.276558989596229091e-05
1.235233760868646868e+01 1.835277495768795292e-05
1.236127843647284053e+01 1.416898459850574265e-05
1.237021926425921414e+01 1.047586455921829968e-05
1.237916009204558776e+01 7.417459423521580449e-06
1.238810091983195960e+01 5.029613827565850576e-06
1.239704174761833144e+01 3.266090851298425280e-06
1.240598257540470506e+01 2.031122133018210838e-06
1.241492340319107868e+01 1.209645109418254362e-06
1.242386423097745052e+01 6.899125845835240330e-07
1.243280505876382414e+01 3.768289998162282535e-07
1.244174588655019775e+01 1.971100309158403444e-07
1.245068671433656959e+01 9.873867437036505385e-08
1.245962754212294143e+01 4.736745120493208902e-08
1.246856836990931505e+01 2.176140345780986795e-08
1.247750919769568867e+01 9.574320674620879435e-09
1.248645002548206051e+01 4.034070305575672958e-09
1.249539085326843235e+01 1.627780525320467036e-09
1.250433168105480597e+01 6.290576521332584464e-10
1.251327250884117959e+01 2.329635640109771569e-10
1.252221333662755143e+01 8.318979820408807419e-11
1.253115416441392505e+01 3.044276807232158558e-11
1.254009499220029866e+01 1.735983913750754477e-11
1.254903581998667050e+01 2.965100836592657222e-11
1.255797664777304234e+01 8.452101645265524293e-11
1.256691747555941596e+01 2.511258034647008434e-10
1.257585830334578958e+01 7.229072920213033664e-10
1.258479913113216142e+01 2.001309239367832919e-09
1.259373995891853326e+01 5.324477023855560555e-09
1.260268078670490688e+01 1.361261281822008718e-08
1.261162161449128050e+01 3.344298414636563755e-08
1.262056244227765234e+01 7.895275471528970425e-08
1.262950327006402595e+01 1.791134754480785230e-07
1.263844409785039957e+01 3.904702413612560605e-07
1.264738492563677141e+01 8.179868600863765283e-07
1.265632575342314325e+01 1.646658044546381039e-06
1.266526658120951687e+01 3.185365114352748465e-06
1.267420740899589049e+01 5.921254462634627305e-06
1.268314823678226233e+01 1.057710795676812545e-05
1.269208906456863417e+01 1.815594487508875925e-05
1.270102989235500779e+01 2.994811418151649117e-05
1.270997072014138141e+01 4.746995406399724096e-05
1.271891154792775325e+01 7.230475336183509133e-05
1.272785237571412686e+01 1.058311689224139090e-04
1.273679320350050048e+01 1.488534974892128087e-04
1.274573403128687232e+01 2.011885219750984106e-04
1.275467485907324416e+01 2.613040032298197496e-04
1.276361568685961778e+01 3.261276588157526065e-04
1.277255651464599140e+01 3.911361068403542080e-04
1.278149734243236324e+01 4.507823372821440490e-04
1.279043817021873508e+01 4.992344882129939963e-04
1.279937899800511047e+01 5.313014177693701785e-04
1.280831982579148232e+01 5.433455021627120029e-04
1.281726065357785416e+01 5.339614259495745544e-04
1.282620148136422777e+01 5.042459264397445347e-04
1.283514230915060139e+01 4.575869382571853849e-04
1.284408313693697323e+01 3.990281605332425714e-04
1.285302396472334507e+01 3.343737528869220282e-04
1.286196479250971869e+01 2.692523605117803573e-04
1.287090562029609231e+01 2.083461912700469883e-04
1.287984644808246415e+01 1.549210094824337756e-04
1.288878727586883599e+01 1.106964713639417059e-04
1.289772810365521138e+01 7.600741152146984732e-05
1.290666893144158323e+01 5.015067865431408725e-05
1.291560975922795507e+01 3.179775015068599472e-05
1.292455058701432868e+01 1.937379397885971544e-05
1.293349141480070230e+01 1.134309757815579919e-05
1.294243224258707414e+01 6.381861361613499783e-06
1.295137307037344598e+01 3.450339016115185359e-06
1.296031389815981960e+01 1.792564862769107835e-06
1.296925472594619322e+01 8.949251141520153534e-07
1.297819555373256506e+01 4.293359139161886372e-07
1.298713638151893690e+01 1.979276407442662398e-07
1.299607720930531229e+01 8.768279472371397524e-08
1.300501803709168414e+01 3.732682286124300706e-08
1.301395886487805598e+01 1.526955477515991256e-08
1.302289969266442959e+01 6.002475955848076032e-09
1.303184052045080321e+01 2.267426355283288983e-09
1.304078134823717505e+01 8.230659927141039314e-10
1.304972217602354689e+01 2.871010838253608742e-10
1.305866300380992051e+01 9.623514663884943413e-11
1.306760383159629413e+01 3.099783050398034877e-11
1.307654465938266597e+01 9.594615879052332585e-12
1.308548548716903781e+01 2.853793812554628938e-12
1.309442631495541320e+01 8.156733967456724912e-13
1.310336714274178505e+01 2.240313058632964234e-13
1.311230797052815689e+01 5.912890400437384057e-14
1.312124879831453050e+01 1.499649110563283275e-14
1.313018962610090412e+01 3.654922612156036687e-15
1.313913045388727596e+01 8.559835600835299249e-16
1.314807128167364780e+01 1.926421728382463874e-16
1.315701210946002142e+01 4.166160709112062511e-17
1.316595293724639504e+01 8.658035773164888497e-18
1.317489376503276688e+01 1.729025663267922172e-18
1.318383459281914050e+01 3.318044522928317250e-19
1.319277542060551411e+01 6.118735578634852422e-20
1.320171624839188596e+01 1.084276058089634436e-20
1.321065707617825780e+01 1.846361591563075287e-21
1.321959790396462964e+01 3.021289578988814182e-22
1.322853873175100503e+01 4.750798979995478482e-23
1.323747955953737687e+01 7.178598474246538098e-24
1.324642038732374871e+01 1.042344652388388361e-24
1.325536121511012411e+01 1.454384819146841139e-25
1.326430204289649595e+01 1.949291478277000384e-26
1.327324287068286779e+01 2.441766828436454028e-27
1.328218369846923963e+01 -3.024007648780777822e-28
1.329112452625561502e+01 -5.047908261495882908e-27
1.330006535404198686e+01 -4.031416970519115406e-26
1.330900618182835871e+01 -3.058188745822209346e-25
1.331794700961473055e+01 -2.219060386496141376e-24
1.332688783740110594e+01 -1.540337388158782088e-23
1.333582866518747778e+01 -1.022833930990716137e-22
1.334476949297384962e+01 -6.497360124102054559e-22
1.335371032076022502e+01 -3.948310450856899426e-21
1.336265114854659686e+01 -2.295240458289487750e-20
1.337159197633296870e+01 -1.276402453906690894e-19
1.338053280411934054e+01 -6.790310174717976326e-19
1.338947363190571593e+01 -3.455684920567383751e-18
1.339841445969208777e+01 -1.682368799390460484e-17
1.340735528747845962e+01 -7.835213151918800312e-17
1.341629611526483146e+01 -3.490783933500964183e-16
1.342523694305120685e+01 -1.487776394555138998e-15
1.343417777083757869e+01 -6.065895185742999981e-15
1.344311859862395053e+01 -2.365890728169641205e-14
1.345205942641032593e+01 -8.827485348428113158e-14
1.346100025419669777e+01 -3.150807504010302625e-13
1.346994108198306961e+01 -1.075843943726633806e-12
1.347888190976944145e+01 -3.514141383077500869e-12
1.348782273755581684e+01 -1.098074291448535059e-11
1.349676356534218868e+01 -3.282364144228433360e-11
1.350570439312856053e+01 -9.386081880506498888e-11
1.351464522091493592e+01 -2.567582811984011668e-10
1.352358604870130776e+01 -6.719038406899146116e-10
1.353252687648767960e+01 -1.682024549005230270e-09
1.354146770427405144e+01 -4.028098473043469808e-09
1.355040853206042684e+01 -9.228059171308137648e-09
1.355934935984679868e+01 -2.022382063132232087e-08
1.356829018763317052e+01 -4.239928974690250001e-08
1.357723101541954236e+01 -8.503476207714240435e-08
1.358617184320591775e+01 -1.631462000768945060e-07
1.359511267099228959e+01 -2.994332109090959242e-07
1.360405349877866144e+01 -5.257333343518178948e-07
1.361299432656503683e+01 -8.830262297829330065e-07
1.362193515435140867e+01 -1.418809986109600226e-06
1.363087598213778051e+01 -2.180807898467565578e-06
1.363981680992415235e+01 -3.206661583663173243e-06
1.364875763771052775e+01 -4.510569604270632025e-06
1.365769846549689959e+01 -6.069489879814919705e-06
1.366663929328327143e+01 -7.812958848703771935e-06
1.367558012106964327e+01 -9.621026806343453987e-06
1.368452094885601866e+01 -1.133365152034478128e-05
1.369346177664239050e+01 -1.277205641317449836e-05
1.370240260442876234e+01 -1.376874458554208694e-05
1.371134343221513774e+01 -1.419941335192776005e-05
1.372028426000150958e+01 -1.400841511045268529e-05
1.372922508778788142e+01 -1.322056896865059773e-05
1.373816591557425326e+01 -1.193586319448772373e-05
1.374710674336062866e+01 -1.030860888119314574e-05
1.375604757114700050e+01 -8.517042999508874271e-06
1.376498839893337234e+01 -6.731629136057961488e-06
1.377392922671974418e+01 -5.089723157283080728e-06
1.378287005450611957e+01 -3.681383825564617451e-06
1.379181088229249141e+01 -2.547254973629207184e-06
1.380075171007886325e+01 -1.686104025060374530e-06
1.380969253786523865e+01 -1.067761934606691320e-06
1.381863336565161049e+01 -6.470884008878721898e-07
1.382757419343798233e+01 -3.757366763634477168e-07
1.383651502122435417e+01 -2.101629693617718157e-07
1.384545584901072957e+01 -1.158361451703068951e-07
1.385439667679710141e+01 -6.856810169046507910e-08
1.386333750458347325e+01 -5.423660715215313878e-08
1.387227833236984509e+01 -6.805080855435559831e-08
1.388121916015622048e+01 -1.141165452475615313e-07
1.389015998794259232e+01 -2.055552328145663708e-07
1.389910081572896416e+01 -3.649109742862488977e-07
1.390804164351533956e+01 -6.241083545962390974e-07
1.391698247130171140e+01 -1.022884987928495331e-06
1.392592329908808324e+01 -1.604561207810255254e-06
1.393486412687445508e+01 -2.408395065497483081e-06
1.394380495466083048e+01 -3.458706650014143124e-06
1.395274578244720232e+01 -4.752346238993636166e-06
1.396168661023357416e+01 -6.247544458981459640e-06
1.397062743801994600e+01 -7.858094595975341680e-06
1.397956826580632139e+01 -9.456527578223428542e-06
1.398850909359269323e+01 -1.088811405567433547e-05
1.399744992137906507e+01 -1.199444488574573794e-05
1.400639074916544047e+01 -1.264195288808010521e-05
1.401533157695181231e+01 -1.274837131227996208e-05
1.402427240473818415e+01 -1.229990518411374713e-05
1.403321323252455599e+01 -1.135416876913177394e-05
1.404215406031093138e+01 -1.002802595741192439e-05
1.405109488809730323e+01 -8.473875442548628266e-06
1.406003571588367507e+01 -6.851019837098321034e-06
1.406897654367004691e+01 -5.299499999523504832e-06
1.407791737145642230e+01 -3.922121925764712269e-06
1.408685819924279414e+01 -2.777242525539660632e-06
1.409579902702916598e+01 -1.881538223054884941e-06
1.410473985481554138e+01 -1.219603905747048350e-06
1.411368068260191322e+01 -7.563644182976008603e-07
1.412262151038828506e+01 -4.487969493007290875e-07
1.413156233817465690e+01 -2.547858028387631915e-07
1.414050316596103229e+01 -1.383907539938589773e-07
1.414944399374740414e+01 -7.191929952449294847e-08
