5.217557035160964141e+00 8.610131349720148315e-06
5.226497862947336870e+00 8.758551192226907703e-06
5.235438690733709599e+00 8.906980267435980680e-06
5.244379518520082328e+00 9.055387154126739354e-06
5.253320346306455058e+00 9.203717762353892402e-06
5.262261174092827787e+00 9.352001914389756652e-06
5.271202001879201404e+00 9.500302461464593174e-06
5.280142829665574133e+00 9.648544631327992164e-06
5.289083657451946863e+00 9.796700773031075834e-06
5.298024485238319592e+00 9.944872011386874327e-06
5.306965313024692321e+00 1.009301366084154139e-05
5.315906140811065050e+00 1.024106573479008574e-05
5.324846968597437780e+00 1.038907085834195836e-05
5.333787796383810509e+00 1.053707051849947614e-05
5.342728624170183238e+00 1.068501659919376551e-05
5.351669451956555967e+00 1.083285489391548913e-05
5.360610279742928697e+00 1.098069101695005776e-05
5.369551107529302314e+00 1.112853393101374882e-05
5.378491935315675043e+00 1.127623373380244598e-05
5.387432763102047772e+00 1.142391694174692758e-05
5.396373590888420502e+00 1.157158044643425081e-05
5.405314418674793231e+00 1.171915795729968811e-05
5.414255246461165960e+00 1.186666179155576989e-05
5.423196074247538689e+00 1.201413463878580301e-05
5.432136902033911419e+00 1.216155701601660829e-05
5.441077729820284148e+00 1.230887921681107386e-05
5.450018557606656877e+00 1.245616466869981566e-05
5.458959385393030495e+00 1.260075339575617272e-05
5.467900213179403224e+00 1.274075767878200120e-05
5.476841040965775953e+00 1.287843225914928240e-05
5.485781868752148682e+00 1.301578265750643088e-05
5.494722696538521411e+00 1.315279960486333868e-05
5.503663524324894141e+00 1.328947108794899393e-05
5.512604352111266870e+00 1.342580208730798871e-05
5.521545179897639599e+00 1.356180498364784074e-05
5.530486007684012328e+00 1.369747846751174476e-05
5.539426835470385058e+00 1.383130176963371108e-05
5.548367663256758675e+00 1.395990334117523344e-05
5.557308491043131404e+00 1.408430893119074619e-05
5.566249318829504134e+00 1.420758857060863550e-05
5.575190146615876863e+00 1.432676919330719274e-05
5.584130974402249592e+00 1.443849586729414517e-05
5.593071802188622321e+00 1.454945316098793912e-05
5.602012629974995050e+00 1.465839694564828805e-05
5.610953457761367780e+00 1.475543436440458098e-05
5.619894285547740509e+00 1.485114443283535853e-05
5.628835113334113238e+00 1.494575393628726349e-05
5.637775941120485967e+00 1.502900383049838756e-05
5.646716768906859585e+00 1.510679275628425867e-05
5.655657596693232314e+00 1.518341732468644559e-05
5.664598424479605043e+00 1.525248020368596407e-05
5.673539252265977773e+00 1.531187682544135498e-05
5.682480080052350502e+00 1.536919891757348826e-05
5.691420907838723231e+00 1.542333686886782391e-05
5.700361735625095960e+00 1.546663657278849743e-05
5.709302563411468689e+00 1.550661207741122643e-05
5.718243391197841419e+00 1.554552104107823795e-05
5.727184218984214148e+00 1.557755764648090257e-05
5.736125046770586877e+00 1.560578347675854800e-05
5.745065874556960495e+00 1.563279709534768565e-05
5.754006702343333224e+00 1.565826395546483080e-05
5.762947530129705953e+00 1.568215154236782336e-05
5.771888357916078682e+00 1.570493949166181858e-05
5.780829185702451412e+00 1.572832243875818778e-05
5.789770013488824141e+00 1.575427755242830133e-05
5.798710841275196870e+00 1.578146299015062979e-05
5.807651669061569599e+00 1.580867137081847868e-05
5.816592496847942328e+00 1.584185296310703240e-05
5.825533324634315058e+00 1.588194888839028889e-05
5.834474152420687787e+00 1.592124971658144371e-05
5.843414980207061404e+00 1.596593696617777479e-05
5.852355807993434134e+00 1.602277270866544161e-05
5.861296635779806863e+00 1.608098354841669013e-05
5.870237463566179592e+00 1.614166144458890672e-05
5.879178291352552321e+00 1.621306886484724424e-05
5.888119119138925051e+00 1.629065291750175345e-05
5.897059946925297780e+00 1.636848529615608455e-05
5.906000774711670509e+00 1.645135608899147970e-05
5.914941602498043238e+00 1.654262821374924509e-05
5.923882430284415967e+00 1.663353284770746003e-05
5.932823258070788697e+00 1.672466915936293136e-05
5.941764085857162314e+00 1.682109122942247465e-05
5.950704913643535043e+00 1.691720938934952864e-05
5.959645741429907773e+00 1.701294787774141145e-05
5.968586569216280502e+00 1.710831301541970191e-05
5.977527397002653231e+00 1.720334683908625450e-05
5.986468224789025960e+00 1.729802365182501491e-05
5.995409052575398690e+00 1.739194297243873332e-05
6.004349880361771419e+00 1.748512377392270035e-05
6.013290708148144148e+00 1.757788721890785657e-05
6.022231535934517765e+00 1.767086377018855224e-05
6.031172363720889606e+00 1.776512090866580389e-05
6.040113191507263224e+00 1.785953290414231233e-05
6.049054019293635953e+00 1.795365548319046735e-05
6.057994847080008682e+00 1.805183360354402187e-05
6.066935674866381412e+00 1.815189152911464833e-05
6.075876502652754141e+00 1.825167221911476895e-05
6.084817330439126870e+00 1.835454006059458688e-05
6.093758158225499599e+00 1.846067219737062431e-05
6.102698986011872329e+00 1.856747580183736607e-05
6.111639813798245058e+00 1.867546533531779437e-05
6.120580641584618675e+00 1.878604747585917745e-05
6.129521469370990516e+00 1.889806072277065089e-05
6.138462297157364134e+00 1.901015070835780031e-05
6.147403124943736863e+00 1.912305465554725895e-05
6.156343952730109592e+00 1.923690964852562614e-05
6.165284780516482321e+00 1.935061682198147465e-05
6.174225608302855051e+00 1.946408126523673960e-05
6.183166436089227780e+00 1.957711055841032278e-05
6.192107263875600509e+00 1.968991373679259329e-05
6.201048091661973238e+00 1.980254312605180420e-05
6.209988919448345968e+00 1.991488364886123566e-05
6.218929747234719585e+00 2.002694050879630545e-05
6.227870575021091426e+00 2.013896081514972796e-05
6.236811402807465043e+00 2.025237481962984066e-05
6.245752230593837773e+00 2.036753377723139611e-05
6.254693058380210502e+00 2.048247954752682867e-05
6.263633886166583231e+00 2.059875028503745242e-05
6.272574713952955960e+00 2.072292847548836648e-05
6.281515541739328690e+00 2.084692649974515937e-05
6.290456369525701419e+00 2.097073583720583166e-05
6.299397197312074148e+00 2.110654052189696997e-05
6.308338025098446877e+00 2.124475916743371568e-05
6.317278852884820495e+00 2.138308750468940930e-05
6.326219680671192336e+00 2.153029534993736678e-05
6.335160508457565953e+00 2.168440993113235482e-05
6.344101336243938682e+00 2.183992057257941414e-05
6.353042164030311412e+00 2.200003612890205455e-05
6.361982991816684141e+00 2.216924405960897954e-05
6.370923819603056870e+00 2.234178366684536339e-05
6.379864647389429599e+00 2.251559008423292482e-05
6.388805475175802329e+00 2.269809747102786339e-05
6.397746302962175946e+00 2.288588083380873261e-05
6.406687130748547787e+00 2.307403782610680944e-05
6.415627958534921405e+00 2.326788321409891557e-05
6.424568786321294134e+00 2.346782594515812030e-05
6.433509614107666863e+00 2.366908819922345424e-05
6.442450441894039592e+00 2.387336263480808698e-05
6.451391269680412321e+00 2.408320292683718863e-05
6.460332097466785051e+00 2.429593091528921452e-05
6.469272925253157780e+00 2.450990329849681834e-05
6.478213753039530509e+00 2.472803072607743840e-05
6.487154580825903238e+00 2.495057218679868784e-05
6.496095408612276856e+00 2.517310945231415308e-05
6.505036236398648697e+00 2.539712326616062944e-05
6.513977064185022314e+00 2.562553232354123050e-05
6.522917891971395044e+00 2.585328435869868157e-05
6.531858719757767773e+00 2.608024168421667758e-05
6.540799547544140502e+00 2.630693005659559655e-05
6.549740375330513231e+00 2.653224484878328006e-05
6.558681203116885960e+00 2.675530864886882320e-05
6.567622030903258690e+00 2.697316096150675154e-05
6.576562858689631419e+00 2.718550295801496616e-05
6.585503686476004148e+00 2.739390639645287157e-05
6.594444514262377766e+00 2.759476407612727281e-05
6.603385342048749607e+00 2.778211455414146425e-05
6.612326169835123224e+00 2.796270690840706627e-05
6.621266997621495953e+00 2.813601834708972981e-05
6.630207825407868683e+00 2.828436817609209742e-05
6.639148653194241412e+00 2.842035069233062925e-05
6.648089480980614141e+00 2.854544298724186484e-05
6.657030308766986870e+00 2.864069814917931012e-05
6.665971136553359599e+00 2.871092784760586377e-05
6.674911964339732329e+00 2.876368155959170515e-05
6.683852792126105058e+00 2.878562492100381274e-05
6.692793619912478675e+00 2.876794591498055053e-05
6.701734447698850516e+00 2.872236860153146276e-05
6.710675275485224134e+00 2.864879526001057203e-05
6.719616103271596863e+00 2.852588835110722305e-05
6.728556931057969592e+00 2.836247688243593199e-05
6.737497758844342322e+00 2.817473769290148333e-05
6.746438586630715051e+00 2.795489346482121857e-05
6.755379414417087780e+00 2.770285320321366331e-05
6.764320242203460509e+00 2.742852213780620278e-05
6.773261069989833238e+00 2.713810229268398048e-05
6.782201897776205968e+00 2.683858671701639769e-05
6.791142725562579585e+00 2.653286147862275802e-05
6.800083553348951426e+00 2.622690905287282235e-05
6.809024381135325044e+00 2.592989164873717013e-05
6.817965208921697773e+00 2.565441469750173300e-05
6.826906036708070502e+00 2.541599754608727790e-05
6.835846864494443231e+00 2.522849689126391661e-05
6.844787692280815961e+00 2.510487476515473748e-05
6.853728520067188690e+00 2.505597894380840810e-05
6.862669347853561419e+00 2.508941572720906960e-05
6.871610175639934148e+00 2.520865113144441660e-05
6.880551003426306877e+00 2.541250611539209881e-05
6.889491831212680495e+00 2.569541092880924037e-05
6.898432658999052336e+00 2.604893527376474466e-05
6.907373486785425953e+00 2.646015315176116788e-05
6.916314314571798683e+00 2.691483383742256105e-05
6.925255142358171412e+00 2.739957940886816393e-05
6.934195970144544141e+00 2.790189431689924551e-05
6.943136797930916870e+00 2.841071540515719367e-05
6.952077625717289600e+00 2.891677728178954982e-05
6.961018453503662329e+00 2.941286937046953378e-05
6.969959281290035946e+00 2.989348575171909100e-05
6.978900109076407787e+00 3.035461109031090268e-05
6.987840936862781405e+00 3.079368938078418273e-05
6.996781764649154134e+00 3.120917129648616999e-05
7.005722592435526863e+00 3.160022415982795642e-05
7.014663420221899592e+00 3.196658080828838476e-05
7.023604248008272322e+00 3.230841789366907399e-05
7.032545075794645051e+00 3.262609132774941541e-05
7.041485903581017780e+00 3.291995512279854069e-05
7.050426731367390509e+00 3.319051035872424768e-05
7.059367559153763239e+00 3.343818879189605750e-05
7.068308386940136856e+00 3.366322156293658288e-05
7.077249214726508697e+00 3.386572356956408272e-05
7.086190042512882314e+00 3.404566996577607720e-05
7.095130870299255044e+00 3.420282411153524144e-05
7.104071698085627773e+00 3.433670652554603311e-05
7.113012525872000502e+00 3.444665551847199116e-05
7.121953353658373231e+00 3.453192898715441993e-05
7.130894181444745961e+00 3.459156038719221095e-05
7.139835009231118690e+00 3.462449511007212793e-05
7.148775837017491419e+00 3.462996338089001922e-05
7.157716664803864148e+00 3.460741644228748317e-05
7.166657492590237766e+00 3.455682881529140822e-05
7.175598320376609607e+00 3.447925433061700473e-05
7.184539148162983224e+00 3.437731758988339404e-05
7.193479975949355953e+00 3.425565800877544069e-05
7.202420803735728683e+00 3.412154849012180471e-05
7.211361631522101412e+00 3.398567273265110100e-05
7.220302459308474141e+00 3.386253627280994737e-05
7.229243287094846870e+00 3.376854435808841721e-05
7.238184114881219600e+00 3.372100436728551597e-05
7.247124942667593217e+00 3.373574839671613523e-05
7.256065770453965058e+00 3.382439044666719213e-05
7.265006598240338676e+00 3.399226141606913950e-05
7.273947426026710517e+00 3.423754354748994683e-05
7.282888253813084134e+00 3.455177557371723649e-05
7.291829081599456863e+00 3.492158654307828738e-05
7.300769909385829592e+00 3.533131212298783327e-05
7.309710737172202322e+00 3.576533641333184407e-05
7.318651564958575051e+00 3.620963091395465732e-05
7.327592392744947780e+00 3.665282490257551473e-05
7.336533220531320509e+00 3.708654731782777498e-05
7.345474048317694127e+00 3.750519023191059461e-05
7.354414876104065968e+00 3.790532658894848182e-05
7.363355703890439585e+00 3.828526880938328480e-05
7.372296531676811426e+00 3.864475056230061596e-05
7.381237359463185044e+00 3.898420076329442159e-05
7.390178187249557773e+00 3.930450684050651022e-05
7.399119015035930502e+00 3.960705142350556547e-05
7.408059842822303231e+00 3.989325459454694776e-05
7.417000670608675961e+00 4.016449172863794141e-05
7.425941498395048690e+00 4.042214755485588017e-05
7.434882326181421419e+00 4.066756140478519047e-05
7.443823153967795037e+00 4.090196171417068870e-05
7.452763981754166878e+00 4.112638366935321757e-05
7.461704809540540495e+00 4.134186020359938705e-05
7.470645637326912336e+00 4.154933140281669287e-05
7.479586465113285954e+00 4.174951431888547753e-05
7.488527292899658683e+00 4.194312297192932598e-05
7.497468120686031412e+00 4.212846883320888917e-05
7.506408948472404141e+00 4.230517700273144394e-05
7.515349776258776870e+00 4.247600254292937947e-05
7.524290604045149600e+00 4.264220458304974283e-05
7.533231431831522329e+00 4.280323795276451756e-05
7.542172259617895946e+00 4.295973304950328033e-05
7.551113087404267787e+00 4.311258976726321400e-05
7.560053915190641405e+00 4.326065461933716028e-05
7.568994742977013246e+00 4.340530246230946598e-05
7.577935570763386863e+00 4.354634699967351491e-05
7.586876398549759593e+00 4.368358695146800800e-05
7.595817226336132322e+00 4.381773695409683174e-05
7.604758054122505051e+00 4.394901708883658717e-05
7.613698881908877780e+00 4.407550643098908451e-05
7.622639709695250509e+00 4.420013233143396143e-05
7.631580537481623239e+00 4.432079489611267338e-05
7.640521365267996856e+00 4.443808240861389256e-05
7.649462193054368697e+00 4.455326853662711713e-05
7.658403020840742315e+00 4.466420079412142659e-05
7.667343848627114156e+00 4.477176308399901999e-05
7.676284676413487773e+00 4.487684086371289600e-05
7.685225504199860502e+00 4.497797979083623251e-05
7.694166331986233232e+00 4.507589070985911156e-05
7.703107159772605961e+00 4.517234440340642899e-05
7.712047987558978690e+00 4.526138252891389875e-05
7.720988815345351419e+00 4.534932182893546535e-05
7.729929643131724148e+00 4.543311209897068711e-05
7.738870470918097766e+00 4.551266239790524478e-05
7.747811298704469607e+00 4.558984889942631227e-05
7.756752126490843224e+00 4.566266162982816565e-05
7.765692954277215065e+00 4.572972032029703695e-05
7.774633782063588683e+00 4.579494187906423989e-05
7.783574609849961412e+00 4.585496474211810006e-05
7.792515437636334141e+00 4.590998288880763302e-05
7.801456265422706871e+00 4.596385674000925199e-05
7.810397093209079600e+00 4.600868094985481621e-05
7.819337920995453217e+00 4.605091031903261214e-05
7.828278748781825058e+00 4.608886976010339280e-05
7.837219576568198676e+00 4.612111700092843056e-05
7.846160404354570517e+00 4.614970570647779414e-05
7.855101232140944134e+00 4.617466464204326781e-05
7.864042059927316863e+00 4.618973453619381979e-05
7.872982887713689593e+00 4.620411694381263882e-05
7.881923715500062322e+00 4.621118503712446605e-05
7.890864543286435051e+00 4.621202142357192530e-05
7.899805371072807780e+00 4.621143534044371579e-05
7.908746198859180510e+00 4.620138590200943788e-05
7.917687026645554127e+00 4.618595990501548563e-05
7.926627854431925968e+00 4.616697496503821221e-05
7.935568682218299585e+00 4.614107462950460677e-05
7.944509510004671426e+00 4.610966899615860924e-05
7.953450337791045044e+00 4.607700989092674085e-05
7.962391165577417773e+00 4.602966648233668893e-05
7.971331993363790502e+00 4.598231429628821520e-05
7.980272821150163232e+00 4.592845342291048988e-05
7.989213648936535961e+00 4.586736183924893873e-05
7.998154476722908690e+00 4.580378427313616153e-05
8.007095304509281419e+00 4.573259289419931417e-05
8.016036132295655037e+00 4.565275043203835108e-05
8.024976960082026878e+00 4.557043551281542593e-05
8.033917787868400495e+00 4.548111365451145500e-05
8.042858615654772336e+00 4.538446932914009732e-05
8.051799443441145954e+00 4.528798361692505377e-05
8.060740271227519571e+00 4.517736249757294524e-05
8.069681099013891412e+00 4.506493498878853490e-05
8.078621926800263253e+00 4.494765801895156436e-05
8.087562754586636871e+00 4.482339354166140432e-05
8.096503582373010488e+00 4.469556654464708410e-05
8.105444410159382329e+00 4.456351578677137997e-05
8.114385237945755946e+00 4.442072540271344082e-05
8.123326065732127788e+00 4.427778328887485901e-05
8.132266893518501405e+00 4.412841497135871615e-05
8.141207721304873246e+00 4.397164552542054844e-05
8.150148549091246863e+00 4.381536673563347895e-05
8.159089376877620481e+00 4.364893125919632339e-05
8.168030204663992322e+00 4.347860706210949036e-05
8.176971032450364163e+00 4.330569989767972213e-05
8.185911860236737780e+00 4.312706106080249402e-05
8.194852688023111398e+00 4.294424377600066829e-05
8.203793515809483239e+00 4.276111672034591226e-05
8.212734343595856856e+00 4.256595389241486191e-05
8.221675171382228697e+00 4.237113195078379347e-05
8.230615999168602315e+00 4.217187522557329013e-05
8.239556826954974156e+00 4.196702398555993699e-05
8.248497654741347773e+00 4.176220473284817172e-05
8.257438482527721391e+00 4.155161876085857278e-05
8.266379310314093232e+00 4.133612799568161812e-05
8.275320138100465073e+00 4.112041242340044335e-05
8.284260965886838690e+00 4.090080559939067477e-05
8.293201793673212308e+00 4.067671101186228286e-05
8.302142621459584149e+00 4.045525146322321458e-05
8.311083449245957766e+00 4.022308045276887483e-05
8.320024277032329607e+00 3.999219910715717965e-05
8.328965104818703225e+00 3.975950853358784231e-05
8.337905932605075066e+00 3.952290707695176400e-05
8.346846760391448683e+00 3.928598977835936432e-05
8.355787588177822300e+00 3.904733428462123847e-05
8.364728415964194141e+00 3.880294910395045978e-05
8.373669243750565983e+00 3.856029486455131081e-05
8.382610071536939600e+00 3.831568638038343309e-05
8.391550899323313217e+00 3.806635404732471956e-05
8.400491727109685058e+00 3.782074412218815060e-05
8.409432554896058676e+00 3.756824280474477869e-05
8.418373382682430517e+00 3.731518577742612126e-05
8.427314210468804134e+00 3.706255073437297409e-05
8.436255038255175975e+00 3.680771076651942714e-05
8.445195866041549593e+00 3.655222442991461944e-05
8.454136693827923210e+00 3.629865972273667605e-05
8.463077521614295051e+00 3.603895615589189892e-05
8.472018349400666892e+00 3.578251174907813559e-05
8.480959177187040510e+00 3.552531011954794407e-05
8.489900004973414127e+00 3.526555324238741715e-05
8.498840832759785968e+00 3.500922735614649253e-05
8.507781660546159586e+00 3.475028583611473046e-05
8.516722488332531427e+00 3.449077403535960796e-05
8.525663316118905044e+00 3.423367775991605685e-05
8.534604143905276885e+00 3.397625436787339814e-05
8.543544971691650503e+00 3.371792792803902960e-05
8.552485799478024120e+00 3.346487458699738416e-05
8.561426627264395961e+00 3.320548255969729776e-05
8.570367455050767802e+00 3.295034073265185899e-05
8.579308282837141419e+00 3.269683067124366349e-05
8.588249110623515037e+00 3.244264407665108823e-05
8.597189938409886878e+00 3.219154101696112039e-05
8.606130766196260495e+00 3.194129737431478653e-05
8.615071593982632336e+00 3.168989159633728178e-05
8.624012421769005954e+00 3.144256825707832326e-05
8.632953249555377795e+00 3.119705417716970810e-05
8.641894077341751412e+00 3.095081839658469288e-05
8.650834905128125030e+00 3.071076659328745439e-05
8.659775732914496871e+00 3.046862962151483737e-05
8.668716560700868712e+00 3.023018319100926777e-05
8.677657388487242329e+00 2.999531500387109131e-05
8.686598216273615947e+00 2.976195143066874863e-05
8.695539044059987788e+00 2.953151616264488858e-05
8.704479871846361405e+00 2.930535671676864676e-05
8.713420699632733246e+00 2.907916526954401569e-05
8.722361527419106864e+00 2.885811451139895644e-05
8.731302355205478705e+00 2.864034128999127355e-05
8.740243182991852322e+00 2.842385632574698454e-05
8.749184010778225939e+00 2.821322122935330016e-05
8.758124838564597781e+00 2.800433682466517611e-05
8.767065666350969622e+00 2.779896830602962091e-05
8.776006494137343239e+00 2.759838393917061973e-05
8.784947321923716856e+00 2.740115355189031302e-05
8.793888149710088697e+00 2.720702261168870777e-05
8.802828977496462315e+00 2.701855742408497318e-05
8.811769805282834156e+00 2.683095009115660936e-05
8.820710633069207773e+00 2.664859398934512973e-05
8.829651460855579614e+00 2.647078239562034626e-05
8.838592288641953232e+00 2.629608036329361605e-05
8.847533116428326849e+00 2.612638712507543850e-05
8.856473944214698690e+00 2.596064141970301839e-05
8.865414772001070531e+00 2.579852232879978978e-05
8.874355599787444149e+00 2.564137525045523833e-05
8.883296427573817766e+00 2.548849646424609428e-05
8.892237255360189607e+00 2.533898655100828569e-05
8.901178083146563225e+00 2.519504186878706811e-05
8.910118910932935066e+00 2.505401305429266713e-05
8.919059738719308683e+00 2.491762362969325426e-05
8.928000566505680524e+00 2.478582211515127225e-05
8.936941394292054142e+00 2.465786119377540869e-05
8.945882222078427759e+00 2.453406553296362723e-05
8.954823049864799600e+00 2.441468003981228375e-05
8.963763877651173217e+00 2.429894129870482805e-05
8.972704705437545059e+00 2.418742615502858734e-05
8.981645533223918676e+00 2.408005856292638245e-05
8.990586361010290517e+00 2.397619088456828251e-05
8.999527188796664134e+00 2.387627376868806448e-05
9.008468016583037752e+00 2.377963996407199426e-05
9.017408844369409593e+00 2.368676683997777464e-05
9.026349672155781434e+00 2.359769714300955087e-05
9.035290499942155051e+00 2.351215754442831333e-05
9.044231327728528669e+00 2.343005057710491362e-05
9.053172155514900510e+00 2.335148497582736080e-05
9.062112983301274127e+00 2.327618530910577322e-05
9.071053811087645968e+00 2.320414966633552146e-05
9.079994638874019586e+00 2.313538510828207743e-05
9.088935466660391427e+00 2.306977682027420230e-05
9.097876294446765044e+00 2.300714815160690354e-05
9.106817122233138662e+00 2.294751125980613011e-05
9.115757950019510503e+00 2.289081987375151035e-05
9.124698777805882344e+00 2.283689105353841511e-05
9.133639605592255961e+00 2.278560509401712114e-05
9.142580433378629579e+00 2.273709906225088412e-05
9.151521261165001420e+00 2.269100087736590531e-05
9.160462088951375037e+00 2.264756011519354371e-05
9.169402916737746878e+00 2.260642141717359449e-05
9.178343744524120495e+00 2.256757853603040149e-05
9.187284572310492337e+00 2.253109747066900237e-05
9.196225400096865954e+00 2.249725801832155034e-05
9.205166227883239571e+00 2.246598020908747756e-05
9.214107055669611412e+00 2.243691575031642443e-05
9.223047883455983253e+00 2.240959316111511664e-05
9.231988711242356871e+00 2.238408018210357267e-05
9.240929539028730488e+00 2.236075254398839064e-05
9.249870366815102329e+00 2.233904924072877425e-05
9.258811194601474170e+00 2.231923134834213642e-05
9.267752022387847788e+00 2.230101347535651732e-05
9.276692850174221405e+00 2.228425299089306514e-05
9.285633677960593246e+00 2.226904642118860913e-05
9.294574505746966864e+00 2.225531151613919804e-05
9.303515333533340481e+00 2.224282074913643125e-05
9.312456161319712322e+00 2.223189010314610123e-05
9.321396989106084163e+00 2.222208045400734616e-05
9.330337816892457781e+00 2.221341239968257852e-05
9.339278644678831398e+00 2.220622193342893403e-05
9.348219472465203239e+00 2.219990614055522129e-05
9.357160300251575080e+00 2.219475148901453528e-05
9.366101128037950474e+00 2.219072632678326321e-05
9.375041955824322315e+00 2.218758855234548351e-05
9.383982783610694156e+00 2.218533423282038073e-05
9.392923611397067774e+00 2.218506619985610498e-05
9.401864439183441391e+00 2.218592437554971894e-05
9.410805266969813232e+00 2.218790293519410856e-05
9.419746094756185073e+00 2.219059562640838995e-05
9.428686922542558690e+00 2.219396646077614340e-05
9.437627750328932308e+00 2.219834078148930399e-05
9.446568578115304149e+00 2.220370514582746484e-05
9.455509405901675990e+00 2.220975420995469990e-05
9.464450233688051384e+00 2.221662276214185199e-05
9.473391061474423225e+00 2.222395626669705361e-05
9.482331889260795066e+00 2.223181248277415897e-05
9.491272717047168683e+00 2.224059805776995398e-05
9.500213544833542301e+00 2.224962753102111780e-05
9.509154372619914142e+00 2.225938878506456185e-05
9.518095200406285983e+00 2.226965177805780808e-05
9.527036028192659600e+00 2.228030582908585168e-05
9.535976855979033218e+00 2.229152046401152606e-05
9.544917683765405059e+00 2.230321187018151433e-05
9.553858511551776900e+00 2.231524777150247518e-05
9.562799339338152294e+00 2.232786052951648469e-05
9.571740167124524135e+00 2.234078269668954110e-05
9.580680994910895976e+00 2.235398856461973864e-05
9.589621822697269593e+00 2.236887898753116456e-05
9.598562650483643210e+00 2.238437501758369955e-05
9.607503478270015052e+00 2.240030505812918099e-05
9.616444306056386893e+00 2.241663494700475742e-05
9.625385133842760510e+00 2.243319722400593928e-05
9.634325961629134127e+00 2.245019524156562129e-05
9.643266789415505968e+00 2.246827522846551916e-05
9.652207617201877810e+00 2.248645668967554233e-05
9.661148444988253203e+00 2.250509276968129594e-05
9.670089272774625044e+00 2.252398601452882567e-05
9.679030100560996885e+00 2.254303214180217705e-05
9.687970928347370503e+00 2.256224059018335364e-05
9.696911756133744120e+00 2.258145557071681444e-05
9.705852583920115961e+00 2.260092761296327604e-05
9.714793411706487802e+00 2.262074686018059023e-05
9.723734239492861420e+00 2.264067383254286074e-05
9.732675067279235037e+00 2.266108124953526619e-05
9.741615895065606878e+00 2.268309603197207728e-05
9.750556722851980496e+00 2.270507729185105422e-05
9.759497550638354113e+00 2.272742958209209474e-05
9.768438378424725954e+00 2.274999731611409098e-05
9.777379206211097795e+00 2.277266571136393820e-05
9.786320033997471413e+00 2.279657456040334060e-05
9.795260861783845030e+00 2.282104900693743488e-05
9.804201689570216871e+00 2.284566000272006782e-05
9.813142517356588712e+00 2.287054171917311327e-05
9.822083345142962330e+00 2.289557667934648434e-05
9.831024172929335947e+00 2.292071788172098825e-05
9.839965000715707788e+00 2.294644905621838826e-05
9.848905828502081405e+00 2.297215804067944016e-05
9.857846656288455023e+00 2.299812113347751862e-05
9.866787484074826864e+00 2.302430643730565723e-05
9.875728311861198705e+00 2.305058109866429220e-05
9.884669139647572322e+00 2.307704197241463499e-05
9.893609967433945940e+00 2.310380444927488265e-05
9.902550795220317781e+00 2.313060432431540976e-05
9.911491623006689622e+00 2.315766014015306059e-05
9.920432450793063239e+00 2.318490642226371051e-05
9.929373278579436857e+00 2.321221329500586139e-05
9.938314106365808698e+00 2.323986656345638726e-05
9.947254934152182315e+00 2.326758822783536038e-05
9.956195761938555933e+00 2.329549945268509815e-05
9.965136589724927774e+00 2.332363775010532655e-05
9.974077417511299615e+00 2.335184981181525834e-05
9.983018245297673232e+00 2.338107281807384172e-05
9.991959073084046850e+00 2.341087923160702989e-05
1.000089990087041869e+01 2.344067098002576512e-05
1.000984072865679053e+01 2.347073261710951253e-05
1.001878155644316415e+01 2.350099067584390244e-05
1.002772238422953777e+01 2.353164415818554471e-05
1.003666321201590961e+01 2.356326863888075771e-05
1.004560403980228322e+01 2.359507987157882672e-05
1.005454486758865684e+01 2.362703723056677670e-05
1.006348569537502868e+01 2.365917526501313997e-05
1.007242652316140052e+01 2.369147726037050341e-05
1.008136735094777414e+01 2.372388614556266960e-05
1.009030817873414776e+01 2.375663174062988509e-05
1.009924900652051960e+01 2.378942196352997303e-05
1.010818983430689144e+01 2.382242370974584756e-05
1.011713066209326506e+01 2.385562756944562348e-05
1.012607148987963868e+01 2.388893311825323422e-05
1.013501231766601052e+01 2.392241384762101386e-05
1.014395314545238413e+01 2.395614186513458484e-05
1.015289397323875775e+01 2.398996705579542777e-05
1.016183480102512959e+01 2.402396474559181450e-05
1.017077562881150143e+01 2.405815883066795351e-05
1.017971645659787505e+01 2.409213578979465690e-05
1.018865728438424867e+01 2.412627971893089519e-05
1.019759811217062051e+01 2.416053384646599806e-05
1.020653893995699235e+01 2.419497485890071585e-05
1.021547976774336597e+01 2.422959008292805788e-05
1.022442059552973959e+01 2.426411526578639737e-05
1.023336142331611143e+01 2.429848221333132807e-05
1.024230225110248504e+01 2.433305924223973083e-05
1.025124307888885866e+01 2.436772183099899771e-05
1.026018390667523050e+01 2.440254434687855471e-05
1.026912473446160234e+01 2.443754802212674932e-05
1.027806556224797596e+01 2.447267946807524106e-05
1.028700639003434958e+01 2.450793237270444143e-05
1.029594721782072142e+01 2.454334686795750891e-05
1.030488804560709326e+01 2.457893029842525020e-05
1.031382887339346688e+01 2.461460660396196188e-05
1.032276970117984050e+01 2.465042309685326060e-05
1.033171052896621234e+01 2.468640933470975078e-05
1.034065135675258595e+01 2.472250442288788047e-05
1.034959218453895957e+01 2.475872128677055449e-05
1.035853301232533141e+01 2.479507213597499784e-05
1.036747384011170325e+01 2.483157646706074227e-05
1.037641466789807687e+01 2.486825216455788734e-05
1.038535549568445049e+01 2.490502408146583169e-05
1.039429632347082233e+01 2.494196588265731358e-05
1.040323715125719417e+01 2.497902937828717942e-05
1.041217797904356779e+01 2.501617633807145974e-05
1.042111880682994141e+01 2.505351259963199033e-05
1.043005963461631325e+01 2.509109101449302147e-05
1.043900046240268686e+01 2.512870686454558237e-05
1.044794129018906048e+01 2.516646332164516867e-05
1.045688211797543232e+01 2.520436801613565366e-05
1.046582294576180416e+01 2.524239229972048966e-05
1.047476377354817778e+01 2.528051039314461684e-05
1.048370460133455140e+01 2.531877866125881700e-05
1.049264542912092324e+01 2.535716278602229007e-05
1.050158625690729508e+01 2.539568065892146485e-05
1.051052708469367047e+01 2.543431008925860277e-05
1.051946791248004232e+01 2.547308576883552361e-05
1.052840874026641416e+01 2.551204314880388180e-05
1.053734956805278777e+01 2.555106761667790195e-05
1.054629039583916139e+01 2.559025348415073698e-05
1.055523122362553323e+01 2.562966493235862260e-05
1.056417205141190507e+01 2.566917861439602384e-05
1.057311287919827869e+01 2.570869025776810699e-05
1.058205370698465231e+01 2.574842788951225216e-05
1.059099453477102415e+01 2.578833439566622488e-05
1.059993536255739599e+01 2.582840358227317192e-05
1.060887619034377138e+01 2.586869721146060669e-05
1.061781701813014323e+01 2.590904096346023967e-05
1.062675784591651507e+01 2.594934261797628234e-05
1.063569867370288868e+01 2.598988753684295752e-05
1.064463950148926230e+01 2.603073521064880363e-05
1.065358032927563414e+01 2.607182318545359431e-05
1.066252115706200598e+01 2.611318454905110900e-05
1.067146198484837960e+01 2.615485722265212910e-05
1.068040281263475322e+01 2.619677576875675007e-05
1.068934364042112506e+01 2.623919880503168249e-05
1.069828446820749690e+01 2.628184971259612358e-05
1.070722529599387229e+01 2.632490445942125185e-05
1.071616612378024413e+01 2.636842050583308484e-05
1.072510695156661598e+01 2.641222841785050853e-05
1.073404777935298959e+01 2.645650114884245835e-05
1.074298860713936321e+01 2.650140176310663531e-05
1.075192943492573505e+01 2.654662643204475238e-05
1.076087026271210689e+01 2.659237597238219673e-05
1.076981109049848051e+01 2.663862867616800353e-05
1.077875191828485413e+01 2.668523010184575280e-05
1.078769274607122597e+01 2.673270385031182932e-05
1.079663357385759781e+01 2.678067242614230557e-05
1.080557440164397320e+01 2.682930639441552222e-05
1.081451522943034504e+01 2.687832678685226696e-05
1.082345605721671689e+01 2.692767516052783558e-05
1.083239688500309050e+01 2.697768243365314899e-05
1.084133771278946412e+01 2.702884645956168995e-05
1.085027854057583596e+01 2.708048379455482398e-05
1.085921936836220780e+01 2.713306603687687342e-05
1.086816019614858142e+01 2.718670137846155229e-05
1.087710102393495504e+01 2.724092396067264753e-05
1.088604185172132688e+01 2.729636438153280103e-05
1.089498267950770050e+01 2.735283212123295018e-05
1.090392350729407411e+01 2.741017299908458105e-05
1.091286433508044595e+01 2.746863237282761388e-05
1.092180516286681780e+01 2.752824193194599168e-05
1.093074599065319141e+01 2.758862105940076672e-05
1.093968681843956503e+01 2.765087954679043246e-05
1.094862764622593687e+01 2.771393839916653256e-05
1.095756847401230871e+01 2.777825648664369548e-05
1.096650930179868233e+01 2.784429074080230307e-05
1.097545012958505595e+01 2.791136252720335337e-05
1.098439095737142779e+01 2.797987029189600108e-05
1.099333178515780141e+01 2.805008126986652221e-05
1.100227261294417502e+01 2.812144302791296020e-05
1.101121344073054686e+01 2.819511690536111075e-05
1.102015426851691871e+01 2.827114993707460457e-05
1.102909509630329232e+01 2.834830177225990125e-05
1.103803592408966594e+01 2.842758530024561497e-05
1.104697675187603778e+01 2.850826321584297687e-05
1.105591757966240962e+01 2.859053911829159694e-05
1.106485840744878324e+01 2.867462614546973244e-05
1.107379923523515686e+01 2.876033868763040681e-05
1.108274006302152870e+01 2.884769862328746915e-05
1.109168089080790232e+01 2.893716913011645109e-05
1.110062171859427593e+01 2.902820469837904646e-05
1.110956254638064777e+01 2.912104061448541901e-05
1.111850337416701962e+01 2.921593274173227116e-05
1.112744420195339323e+01 2.931250774292422609e-05
1.113638502973976685e+01 2.941108101818962431e-05
1.114532585752613869e+01 2.951154756070827794e-05
1.115426668531251053e+01 2.961394071134594382e-05
1.116320751309888415e+01 2.971822697664966320e-05
1.117214834088525777e+01 2.982446737116963950e-05
1.118108916867162961e+01 2.993265920638630989e-05
1.119002999645800323e+01 3.004284626897802519e-05
1.119897082424437684e+01 3.015500099805308920e-05
1.120791165203074868e+01 3.026870302102696469e-05
1.121685247981712052e+01 3.038417338033402827e-05
1.122579330760349414e+01 3.050171492111068935e-05
1.123473413538986776e+01 3.062108560758177757e-05
1.124367496317623960e+01 3.074239940521880985e-05
1.125261579096261144e+01 3.086581826167849734e-05
1.126155661874898506e+01 3.099112160004126326e-05
1.127049744653535868e+01 3.111820315251654024e-05
1.127943827432173052e+01 3.124767567361075819e-05
1.128837910210810414e+01 3.137841874509087885e-05
1.129731992989447775e+01 3.151131386762496861e-05
1.130626075768084959e+01 3.164619532969705287e-05
1.131520158546722143e+01 3.178277824142418666e-05
1.132414241325359505e+01 3.192135710347127281e-05
1.133308324103996867e+01 3.206182238484132745e-05
1.134202406882634051e+01 3.220367095862607126e-05
1.135096489661271235e+01 3.234776312523492001e-05
1.135990572439908597e+01 3.249368151712858134e-05
1.136884655218545959e+01 3.264065784944090244e-05
1.137778737997183143e+01 3.279034481907165492e-05
1.138672820775820504e+01 3.294092459617528401e-05
1.139566903554457866e+01 3.309331793986547155e-05
1.140460986333095050e+01 3.324781938124145465e-05
1.141355069111732234e+01 3.340376049207288516e-05
1.142249151890369596e+01 3.356123741141684618e-05
1.143143234669006958e+01 3.372099875656948194e-05
1.144037317447644142e+01 3.388140583652661915e-05
1.144931400226281326e+01 3.404404497423255750e-05
1.145825483004918688e+01 3.420842542276291689e-05
1.146719565783556050e+01 3.437377239610539260e-05
1.147613648562193234e+01 3.454154456984561816e-05
1.148507731340830595e+01 3.471047226173541944e-05
1.149401814119467957e+01 3.488082332351970368e-05
1.150295896898105141e+01 3.505334214926409195e-05
1.151189979676742325e+01 3.522745789968897756e-05
1.152084062455379687e+01 3.540266688436889854e-05
1.152978145234017049e+01 3.558069372273762890e-05
1.153872228012654233e+01 3.575904126646961936e-05
1.154766310791291417e+01 3.593962331826592162e-05
1.155660393569928779e+01 3.612220760479989174e-05
1.156554476348566141e+01 3.630619013380558538e-05
1.157448559127203325e+01 3.649223656747307168e-05
1.158342641905840686e+01 3.668013101415210401e-05
1.159236724684478048e+01 3.686944570683279871e-05
1.160130807463115232e+01 3.706083861102483471e-05
1.161024890241752416e+01 3.725422431564396703e-05
1.161918973020389778e+01 3.744876646965590323e-05
1.162813055799027140e+01 3.764631445659704452e-05
1.163707138577664324e+01 3.784520363045577364e-05
1.164601221356301508e+01 3.804631021526288913e-05
1.165495304134939047e+01 3.824992466764005634e-05
1.166389386913576232e+01 3.845560290439790501e-05
1.167283469692213416e+01 3.866348009280821284e-05
1.168177552470850777e+01 3.887406854279818098e-05
1.169071635249488139e+01 3.908663292689004833e-05
1.169965718028125323e+01 3.930197927161518208e-05
1.170859800806762507e+01 3.952000579047677565e-05
1.171753883585399869e+01 3.974021297728334715e-05
1.172647966364037231e+01 3.996362001074343326e-05
1.173542049142674415e+01 4.018957927313200271e-05
1.174436131921311599e+01 4.041830039413437005e-05
1.175330214699949138e+01 4.065021337975363016e-05
1.176224297478586323e+01 4.088512780515228388e-05
1.177118380257223507e+01 4.112289882053998618e-05
1.178012463035860868e+01 4.136412202237720043e-05
1.178906545814498230e+01 4.160841650183931653e-05
1.179800628593135414e+01 4.185605399182521196e-05
1.180694711371772598e+01 4.210712307447247673e-05
1.181588794150409960e+01 4.236168014348955300e-05
1.182482876929047322e+01 4.261982622783631728e-05
1.183376959707684506e+01 4.288154948041795155e-05
1.184271042486321690e+01 4.314695879125583837e-05
1.185165125264959229e+01 4.341621383696466814e-05
1.186059208043596414e+01 4.368930430242301674e-05
1.186953290822233598e+01 4.396617524114571041e-05
1.187847373600870959e+01 4.424715475607520154e-05
1.188741456379508321e+01 4.453209720120413027e-05
1.189635539158145505e+01 4.482107304790786806e-05
1.190529621936782689e+01 4.511423303396005748e-05
1.191423704715420051e+01 4.541158496150036339e-05
1.192317787494057413e+01 4.571313323607731647e-05
1.193211870272694597e+01 4.601894226745478224e-05
1.194105953051331781e+01 4.632895886510731055e-05
1.195000035829969320e+01 4.664344204606377559e-05
1.195894118608606504e+01 4.696228751852157997e-05
1.196788201387243689e+01 4.728509514459395727e-05
1.197682284165881050e+01 4.761278895758869694e-05
1.198576366944518412e+01 4.794450251638732109e-05
1.199470449723155596e+01 4.827963972474072680e-05
1.200364532501792780e+01 4.861930574333860213e-05
1.201258615280430142e+01 4.896319445755736166e-05
1.202152698059067504e+01 4.931111405594970545e-05
1.203046780837704688e+01 4.966388788546114656e-05
1.203940863616342050e+01 5.002008713920089666e-05
1.204834946394979411e+01 5.038051217781211347e-05
1.205729029173616595e+01 5.074546850564399847e-05
1.206623111952253780e+01 5.111361559055740749e-05
1.207517194730891141e+01 5.148654305515150788e-05
1.208411277509528503e+01 5.186312760492975719e-05
1.209305360288165687e+01 5.224319154450708354e-05
1.210199443066802871e+01 5.262769670530834999e-05
1.211093525845440233e+01 5.301613116517165541e-05
1.211987608624077595e+01 5.340663104232746562e-05
1.212881691402714779e+01 5.380265853385835537e-05
1.213775774181352141e+01 5.420010410886910468e-05
1.214669856959989502e+01 5.460123153168447809e-05
1.215563939738626686e+01 5.500653363298334356e-05
1.216458022517263871e+01 5.541356456098551201e-05
1.217352105295901232e+01 5.582377206553079457e-05
1.218246188074538594e+01 5.623731320848754443e-05
1.219140270853175778e+01 5.665182802240265454e-05
1.220034353631812962e+01 5.706970336518294253e-05
1.220928436410450324e+01 5.749136709132377155e-05
1.221822519189087686e+01 5.791087595830202064e-05
1.222716601967724870e+01 5.833593952248603763e-05
1.223610684746362232e+01 5.876069015051244281e-05
1.224504767524999593e+01 5.918684214375597417e-05
1.225398850303636777e+01 5.961614190737828372e-05
1.226292933082273962e+01 6.004572278875275072e-05
1.227187015860911323e+01 6.047505056540842730e-05
1.228081098639548685e+01 6.090790317328773670e-05
1.228975181418185869e+01 6.133876241659741283e-05
1.229869264196823053e+01 6.177090969693576781e-05
1.230763346975460415e+01 6.220585648988608560e-05
1.231657429754097777e+01 6.263602675840582233e-05
1.232551512532734961e+01 6.306945652498570419e-05
1.233445595311372323e+01 6.350177130978324196e-05
1.234339678090009684e+01 6.393256658277585104e-05
1.235233760868646868e+01 6.436470974924831474e-05
1.236127843647284053e+01 6.479663943558143708e-05
1.237021926425921414e+01 6.522330129827510245e-05
1.237916009204558776e+01 6.565417996506753891e-05
1.238810091983195960e+01 6.607875622250020153e-05
1.239704174761833144e+01 6.650237455423344847e-05
1.240598257540470506e+01 6.692764076179319823e-05
1.241492340319107868e+01 6.734684846623721220e-05
1.242386423097745052e+01 6.776527199386845376e-05
1.243280505876382414e+01 6.818248963592924642e-05
1.244174588655019775e+01 6.859494991386422985e-05
1.245068671433656959e+01 6.900638041154603713e-05
1.245962754212294143e+01 6.941814347133353294e-05
1.246856836990931505e+01 6.981898153693978063e-05
1.247750919769568867e+01 7.022332802431550947e-05
1.248645002548206051e+01 7.062101886839215986e-05
1.249539085326843235e+01 7.101508483306824711e-05
1.250433168105480597e+01 7.140896277850763919e-05
1.251327250884117959e+01 7.179678486605049000e-05
1.252221333662755143e+01 7.217917570955483106e-05
1.253115416441392505e+01 7.256124745894829652e-05
1.254009499220029866e+01 7.293611135148644312e-05
1.254903581998667050e+01 7.330746189426118255e-05
1.255797664777304234e+01 7.367909008847386867e-05
1.256691747555941596e+01 7.403742794306776489e-05
1.257585830334578958e+01 7.439681643878838556e-05
1.258479913113216142e+01 7.475003668248707267e-05
1.259373995891853326e+01 7.509723788573860340e-05
1.260268078670490688e+01 7.544233666276888440e-05
1.261162161449128050e+01 7.578270104203091808e-05
1.262056244227765234e+01 7.611308915167647345e-05
1.262950327006402595e+01 7.644417089692165672e-05
1.263844409785039957e+01 7.676616568863265776e-05
1.264738492563677141e+01 7.708237689812220039e-05
1.265632575342314325e+01 7.739829951802199058e-05
1.266526658120951687e+01 7.770269518598930947e-05
1.267420740899589049e+01 7.800399594307604826e-05
1.268314823678226233e+01 7.830085669318150195e-05
1.269208906456863417e+01 7.859035761386006544e-05
1.270102989235500779e+01 7.887594813969290349e-05
1.270997072014138141e+01 7.915902747529434346e-05
1.271891154792775325e+01 7.942861348375778482e-05
1.272785237571412686e+01 7.969914291095711318e-05
1.273679320350050048e+01 7.996087518731533289e-05
1.274573403128687232e+01 8.021653127877451963e-05
1.275467485907324416e+01 8.047048257007440237e-05
1.276361568685961778e+01 8.071571269148628664e-05
1.277255651464599140e+01 8.095454990491160257e-05
1.278149734243236324e+01 8.119081373455867194e-05
1.279043817021873508e+01 8.141947867947809563e-05
1.279937899800511047e+01 8.164301065888161844e-05
1.280831982579148232e+01 8.186604187158882950e-05
1.281726065357785416e+01 8.207441842020782470e-05
1.282620148136422777e+01 8.228306714159122149e-05
1.283514230915060139e+01 8.248547663371336711e-05
1.284408313693697323e+01 8.268158847857187894e-05
1.285302396472334507e+01 8.287503249732313271e-05
1.286196479250971869e+01 8.306289905924298643e-05
1.287090562029609231e+01 8.324230255278526136e-05
1.287984644808246415e+01 8.342076989862103607e-05
1.288878727586883599e+01 8.359242970459937201e-05
1.289772810365521138e+01 8.375825805621194475e-05
1.290666893144158323e+01 8.392361240455789432e-05
1.291560975922795507e+01 8.407869422674685289e-05
1.292455058701432868e+01 8.423148504724409659e-05
1.293349141480070230e+01 8.438046198054584767e-05
1.294243224258707414e+01 8.452384727479386696e-05
1.295137307037344598e+01 8.466402776668282084e-05
1.296031389815981960e+01 8.480166208244246310e-05
1.296925472594619322e+01 8.493028860281860628e-05
1.297819555373256506e+01 8.505893512061638256e-05
1.298713638151893690e+01 8.518199441834734551e-05
1.299607720930531229e+01 8.530057223356250936e-05
1.300501803709168414e+01 8.541814631466628936e-05
1.301395886487805598e+01 8.552959187064307302e-05
1.302289969266442959e+01 8.563744072779229453e-05
1.303184052045080321e+01 8.574336672391221913e-05
1.304078134823717505e+01 8.584507836684272114e-05
1.304972217602354689e+01 8.594367974197170796e-05
1.305866300380992051e+01 8.604186133484577174e-05
1.306760383159629413e+01 8.613205832363107555e-05
1.307654465938266597e+01 8.622231348218152667e-05
1.308548548716903781e+01 8.630950655983956959e-05
1.309442631495541320e+01 8.639339993386022370e-05
1.310336714274178505e+01 8.647605583860198844e-05
1.311230797052815689e+01 8.653988134472507176e-05
1.312124879831453050e+01 8.658073725145731293e-05
1.313018962610090412e+01 8.662149570115859696e-05
1.313913045388727596e+01 8.666219805187130800e-05
1.314807128167364780e+01 8.670306629766367493e-05
1.315701210946002142e+01 8.674385013581663523e-05
1.316595293724639504e+01 8.678450137932361213e-05
1.317489376503276688e+01 8.682529460560543724e-05
1.318383459281914050e+01 8.686608855714061581e-05
1.319277542060551411e+01 8.690677433036591074e-05
1.320171624839188596e+01 8.694744954577227720e-05
1.321065707617825780e+01 8.698821546574622557e-05
1.321959790396462964e+01 8.702893922383509318e-05
1.322853873175100503e+01 8.706953768860425545e-05
1.323747955953737687e+01 8.711023904275646634e-05
1.324642038732374871e+01 8.715099008282856574e-05
1.325536121511012411e+01 8.719162633186370551e-05
1.326430204289649595e+01 8.723225384078665498e-05
1.327324287068286779e+01 8.727294409717661677e-05
1.328218369846923963e+01 8.731361783229387959e-05
1.329112452625561502e+01 8.735420431210350826e-05
1.330006535404198686e+01 8.739480610515797685e-05
1.330900618182835871e+01 8.743552046383722197e-05
1.331794700961473055e+01 8.747611246237357516e-05
1.332688783740110594e+01 8.751663811589075533e-05
1.333582866518747778e+01 8.755733117859236449e-05
1.334476949297384962e+01 8.759796836698498278e-05
1.335371032076022502e+01 8.763848875840160677e-05
1.336265114854659686e+01 8.767907409828989398e-05
1.337159197633296870e+01 8.771974451016528794e-05
1.338053280411934054e+01 8.776030649892340937e-05
1.338947363190571593e+01 8.780078080714168664e-05
1.339841445969208777e+01 8.784144203944970961e-05
1.340735528747845962e+01 8.788206395594902660e-05
1.341629611526483146e+01 8.792254764502194459e-05
1.342523694305120685e+01 8.796312317680110007e-05
1.343417777083757869e+01 8.800374128825481012e-05
1.344311859862395053e+01 8.804428548206577512e-05
1.345205942641032593e+01 8.808479013258955700e-05
1.346100025419669777e+01 8.812536253993467851e-05
1.346994108198306961e+01 8.816596292447535213e-05
1.347888190976944145e+01 8.820643879966393779e-05
1.348782273755581684e+01 8.824693568924469483e-05
1.349676356534218868e+01 8.828758094519992229e-05
1.350570439312856053e+01 8.832811700480151676e-05
1.351464522091493592e+01 8.836857679690649349e-05
1.352358604870130776e+01 8.840914322645520500e-05
1.353252687648767960e+01 8.844973976291114527e-05
1.354146770427405144e+01 8.849021531601222723e-05
1.355040853206042684e+01 8.853066908137436491e-05
1.355934935984679868e+01 8.857132509033673322e-05
1.356829018763317052e+01 8.861185274268006682e-05
1.357723101541954236e+01 8.865224860712458282e-05
1.358617184320591775e+01 8.869287014402973013e-05
1.359511267099228959e+01 8.873345893270963042e-05
1.360405349877866144e+01 8.877392911885002521e-05
1.361299432656503683e+01 8.881443226979098698e-05
1.362193515435140867e+01 8.885502577715138461e-05
1.363087598213778051e+01 8.889556273135617757e-05
1.363981680992415235e+01 8.893600515799503356e-05
1.364875763771052775e+01 8.897656381944883479e-05
1.365769846549689959e+01 8.901717600278511865e-05
1.366663929328327143e+01 8.905764969350453246e-05
1.367558012106964327e+01 8.909815628583756301e-05
1.368452094885601866e+01 8.913875133591386683e-05
1.369346177664239050e+01 8.917930571661408714e-05
1.370240260442876234e+01 8.921978732947329245e-05
1.371134343221513774e+01 8.926031063393691733e-05
1.372028426000150958e+01 8.930093729667750325e-05
1.372922508778788142e+01 8.934143603859589307e-05
1.373816591557425326e+01 8.938187048893995350e-05
1.374710674336062866e+01 8.942255562321414395e-05
1.375604757114700050e+01 8.946313106548181202e-05
1.376498839893337234e+01 8.950357311058069424e-05
1.377392922671974418e+01 8.954415504656184754e-05
1.378287005450611957e+01 8.958480599775096452e-05
1.379181088229249141e+01 8.962532919526742343e-05
1.380075171007886325e+01 8.966581045326011551e-05
1.380969253786523865e+01 8.970647904593413084e-05
1.381863336565161049e+01 8.974707939269671488e-05
1.382757419343798233e+01 8.978754776705180944e-05
1.383651502122435417e+01 8.982817750115700982e-05
1.384545584901072957e+01 8.986883030892094365e-05
1.385439667679710141e+01 8.990938417731557972e-05
1.386333750458347325e+01 8.994993424401385843e-05
1.387227833236984509e+01 8.999057009001987988e-05
1.388121916015622048e+01 9.003120873011544601e-05
1.389015998794259232e+01 9.007174351089194508e-05
1.389910081572896416e+01 9.011232275900843771e-05
1.390804164351533956e+01 9.015304391086614291e-05
1.391698247130171140e+01 9.019363193166714580e-05
1.392592329908808324e+01 9.023418641217035804e-05
1.393486412687445508e+01 9.027487864423601926e-05
1.394380495466083048e+01 9.031556165365888943e-05
1.395274578244720232e+01 9.035612981786864042e-05
1.396168661023357416e+01 9.039672338654527876e-05
1.397062743801994600e+01 9.043749045856678713e-05
1.397956826580632139e+01 9.047812732537551363e-05
1.398850909359269323e+01 9.051865904739380992e-05
1.399744992137906507e+01 9.055945270260863363e-05
1.400639074916544047e+01 9.060016502905030066e-05
1.401533157695181231e+01 9.064076487421791688e-05
1.402427240473818415e+01 9.068145385932681107e-05
1.403321323252455599e+01 9.072221433900067998e-05
1.404215406031093138e+01 9.076290320560507054e-05
1.405109488809730323e+01 9.080353017674090645e-05
1.406003571588367507e+01 9.084428322938139469e-05
1.406897654367004691e+01 9.088505772702673959e-05
1.407791737145642230e+01 9.092570001876885001e-05
1.408685819924279414e+01 9.096643331758582913e-05
1.409579902702916598e+01 9.100724938265976392e-05
1.410473985481554138e+01 9.104798021543537455e-05
1.411368068260191322e+01 9.108867201988354032e-05
1.412262151038828506e+01 9.112944515473803716e-05
1.413156233817465690e+01 9.117027864588862622e-05
1.414050316596103229e+01 9.121099658734161102e-05
1.414944399374740414e+01 9.125168110313745622e-05
