5.217557035160964141e+00 8.836183289416929913e-44
5.226497862947336870e+00 1.538989237232299735e-41
5.235438690733709599e+00 2.286160441187777712e-39
5.244379518520082328e+00 2.896530359255426058e-37
5.253320346306455058e+00 3.130038793568165533e-35
5.262261174092827787e+00 2.884839207220162551e-33
5.271202001879201404e+00 2.267742606261485777e-31
5.280142829665574133e+00 1.520429066975980282e-29
5.289083657451946863e+00 8.694384128451998404e-28
5.298024485238319592e+00 4.240447985488178150e-26
5.306965313024692321e+00 1.763944485886743101e-24
5.315906140811065050e+00 6.258328304315783286e-23
5.324846968597437780e+00 1.893790907475524134e-21
5.333787796383810509e+00 4.887716056700210324e-20
5.342728624170183238e+00 1.075920459167790520e-18
5.351669451956555967e+00 2.020015117533992758e-17
5.360610279742928697e+00 3.234665150830135535e-16
5.369551107529302314e+00 4.417782146804603118e-15
5.378491935315675043e+00 5.146115367656626179e-14
5.387432763102047772e+00 5.112755172553548673e-13
5.396373590888420502e+00 4.332421791116098862e-12
5.405314418674793231e+00 3.131170542685257222e-11
5.414255246461165960e+00 1.930114039772486270e-10
5.423196074247538689e+00 1.014750965659219825e-09
5.432136902033911419e+00 4.550260211201260085e-09
5.441077729820284148e+00 1.740256436868973201e-08
5.450018557606656877e+00 5.676629122271091248e-08
5.458959385393030495e+00 1.579312414308803272e-07
5.467900213179403224e+00 3.747536174257035480e-07
5.476841040965775953e+00 7.584446189509148450e-07
5.485781868752148682e+00 1.309188468603615359e-06
5.494722696538521411e+00 1.927439364901390045e-06
5.503663524324894141e+00 2.420246127357784457e-06
5.512604352111266870e+00 2.592021499452015827e-06
5.521545179897639599e+00 2.367652281138744226e-06
5.530486007684012328e+00 1.844580016114204839e-06
5.539426835470385058e+00 1.225680660117026614e-06
5.548367663256758675e+00 6.946362186770358407e-07
5.557308491043131404e+00 3.357668145710015114e-07
5.566249318829504134e+00 1.384262243340525263e-07
5.575190146615876863e+00 4.867424597281883378e-08
5.584130974402249592e+00 1.459756264672974622e-08
5.593071802188622321e+00 3.733891716956895612e-09
5.602012629974995050e+00 8.145980140100089507e-10
5.610953457761367780e+00 1.515741811986054476e-10
5.619894285547740509e+00 2.405511131797532701e-11
5.628835113334113238e+00 3.256040268723574933e-12
5.637775941120485967e+00 3.759000815212624215e-13
5.646716768906859585e+00 3.701308875836251796e-14
5.655657596693232314e+00 3.108411404320058008e-15
5.664598424479605043e+00 2.226495977521383874e-16
5.673539252265977773e+00 1.360208837697048394e-17
5.682480080052350502e+00 7.087442130834566611e-19
5.691420907838723231e+00 3.149732819584608820e-20
5.700361735625095960e+00 1.193873085880933327e-21
5.709302563411468689e+00 3.859605032818595929e-23
5.718243391197841419e+00 1.064211193355012051e-24
5.727184218984214148e+00 2.502724454566189716e-26
5.736125046770586877e+00 5.019939789193267109e-28
5.745065874556960495e+00 8.587845748745749898e-30
5.754006702343333224e+00 1.253055244575680241e-31
5.762947530129705953e+00 1.559396151561859498e-33
5.771888357916078682e+00 1.655171325195168294e-35
5.780829185702451412e+00 1.498406698369804283e-37
5.789770013488824141e+00 1.156955657158920010e-39
5.798710841275196870e+00 7.619105345494692787e-42
5.807651669061569599e+00 4.279484906558810319e-44
5.816592496847942328e+00 2.050119968753493205e-46
5.825533324634315058e+00 8.376590988353146118e-49
5.834474152420687787e+00 2.920602398676930330e-51
5.843414980207061404e+00 6.643760401391099877e-52
5.852355807993434134e+00 2.485733965274846535e-49
5.861296635779806863e+00 7.942682867045460435e-47
5.870237463566179592e+00 2.139157333597792307e-44
5.879178291352552321e+00 4.856027349452935963e-42
5.888119119138925051e+00 9.291426830891758764e-40
5.897059946925297780e+00 1.498464951144038993e-37
5.906000774711670509e+00 2.036918526990349844e-35
5.914941602498043238e+00 2.333799907766539368e-33
5.923882430284415967e+00 2.253805681047333923e-31
5.932823258070788697e+00 1.834561229317888414e-29
5.941764085857162314e+00 1.258666994141726177e-27
5.950704913643535043e+00 7.278675661811294126e-26
5.959645741429907773e+00 3.547780826369383999e-24
5.968586569216280502e+00 1.457552101280150284e-22
5.977527397002653231e+00 5.047243813936432490e-21
5.986468224789025960e+00 1.473151362916979756e-19
5.995409052575398690e+00 3.624126516710733300e-18
6.004349880361771419e+00 7.514882935133672394e-17
6.013290708148144148e+00 1.313421072846131414e-15
6.022231535934517765e+00 1.934855922436295451e-14
6.031172363720889606e+00 2.402460042807192694e-13
6.040113191507263224e+00 2.514355063646232595e-12
6.049054019293635953e+00 2.217991770477280200e-11
6.057994847080008682e+00 1.649134758783091359e-10
6.066935674866381412e+00 1.033511352140658740e-09
6.075876502652754141e+00 5.459303617620378346e-09
6.084817330439126870e+00 2.430648368812281772e-08
6.093758158225499599e+00 9.121576706826057486e-08
6.102698986011872329e+00 2.885230963573338716e-07
6.111639813798245058e+00 7.692263361933376094e-07
6.120580641584618675e+00 1.728584428258100792e-06
6.129521469370990516e+00 3.274084914928760018e-06
6.138462297157364134e+00 5.226996054157001341e-06
6.147403124943736863e+00 7.033594010544775977e-06
6.156343952730109592e+00 7.977472428171830584e-06
6.165284780516482321e+00 7.626340962888909706e-06
6.174225608302855051e+00 6.145115007049704480e-06
6.183166436089227780e+00 4.173560402595858330e-06
6.192107263875600509e+00 2.389165761190400434e-06
6.201048091661973238e+00 1.152786155829854553e-06
6.209988919448345968e+00 4.688286172938730609e-07
6.218929747234719585e+00 1.607098016115644390e-07
6.227870575021091426e+00 4.643372315728811402e-08
6.236811402807465043e+00 1.130804534789834729e-08
6.245752230593837773e+00 2.321156730229902017e-09
6.254693058380210502e+00 4.015912869548730382e-10
6.263633886166583231e+00 5.856349515685709367e-11
6.272574713952955960e+00 7.198343807793581402e-12
6.281515541739328690e+00 7.457634144602945561e-13
6.290456369525701419e+00 6.512270826713325207e-14
6.299397197312074148e+00 4.793212945409441591e-15
6.308338025098446877e+00 2.973609152269681971e-16
6.317278852884820495e+00 1.554905275020423283e-17
6.326219680671192336e+00 6.853097016260271838e-19
6.335160508457565953e+00 2.545849427205229434e-20
6.344101336243938682e+00 7.971525485840841860e-22
6.353042164030311412e+00 2.103841679858125754e-23
6.361982991816684141e+00 4.680018411462621267e-25
6.370923819603056870e+00 8.774956240356095976e-27
6.379864647389429599e+00 1.386772586670245959e-28
6.388805475175802329e+00 1.847261707459846321e-30
6.397746302962175946e+00 2.074027441480393954e-32
6.406687130748547787e+00 1.962743102116884649e-34
6.415627958534921405e+00 1.565580171336359051e-36
6.424568786321294134e+00 1.052567740724502024e-38
6.433509614107666863e+00 5.964687426913945041e-41
6.442450441894039592e+00 2.848972223967305151e-43
6.451391269680412321e+00 1.146968871220728729e-45
6.460332097466785051e+00 3.892045765819730503e-48
6.469272925253157780e+00 1.113184463827731433e-50
6.478213753039530509e+00 2.683608912036816482e-53
6.487154580825903238e+00 5.452983773962794372e-56
6.496095408612276856e+00 9.339251616731248897e-59
6.505036236398648697e+00 1.348195390856854989e-61
6.513977064185022314e+00 1.640426028383321675e-64
6.522917891971395044e+00 2.257053374643801481e-67
6.531858719757767773e+00 4.633775697763169131e-65
6.540799547544140502e+00 3.183153785990992045e-62
6.549740375330513231e+00 1.862928194778817559e-59
6.558681203116885960e+00 9.288575779648922782e-57
6.567622030903258690e+00 3.945632750411050477e-54
6.576562858689631419e+00 1.427903010290483561e-51
6.585503686476004148e+00 4.402458561528344774e-49
6.594444514262377766e+00 1.156395419427081662e-46
6.603385342048749607e+00 2.587807497977478355e-44
6.612326169835123224e+00 4.933692628656246554e-42
6.621266997621495953e+00 8.013582823151364876e-40
6.630207825407868683e+00 1.108908950147604459e-37
6.639148653194241412e+00 1.307312957825134595e-35
6.648089480980614141e+00 1.313039409531355303e-33
6.657030308766986870e+00 1.123545008791113655e-31
6.665971136553359599e+00 8.190637522436572634e-30
6.674911964339732329e+00 5.086973282713719397e-28
6.683852792126105058e+00 2.691632261147160363e-26
6.692793619912478675e+00 1.213351165246193450e-24
6.701734447698850516e+00 4.659848705096088622e-23
6.710675275485224134e+00 1.524655200256148820e-21
6.719616103271596863e+00 4.249971137429374255e-20
6.728556931057969592e+00 1.009287373630142745e-18
6.737497758844342322e+00 2.042011661611803580e-17
6.746438586630715051e+00 3.519784820014016770e-16
6.755379414417087780e+00 5.168785720051507197e-15
6.764320242203460509e+00 6.466592000538807758e-14
6.773261069989833238e+00 6.892502168471426334e-13
6.782201897776205968e+00 6.258826034172492345e-12
6.791142725562579585e+00 4.841984196104053485e-11
6.800083553348951426e+00 3.191305444067279300e-10
6.809024381135325044e+00 1.791958290837463001e-09
6.817965208921697773e+00 8.572390365993396642e-09
6.826906036708070502e+00 3.493739364123982745e-08
6.835846864494443231e+00 1.213091607448713928e-07
6.844787692280815961e+00 3.588486156716381185e-07
6.853728520067188690e+00 9.043650614825004284e-07
6.862669347853561419e+00 1.941745216385170118e-06
6.871610175639934148e+00 3.551910793846640676e-06
6.880551003426306877e+00 5.535771915497164595e-06
6.889491831212680495e+00 7.352854020885525524e-06
6.898432658999052336e+00 8.333390823955434502e-06
6.907373486785425953e+00 8.102957649916551661e-06
6.916314314571798683e+00 6.921254430877363705e-06
6.925255142358171412e+00 5.683343761430593539e-06
6.934195970144544141e+00 5.615756858034055462e-06
6.943136797930916870e+00 7.833446279142258434e-06
6.952077625717289600e+00 1.279475650041366299e-05
6.961018453503662329e+00 1.971506286024870061e-05
6.969959281290035946e+00 2.639360853837046454e-05
6.978900109076407787e+00 3.004529926879734983e-05
6.987840936862781405e+00 2.893449425103643779e-05
6.996781764649154134e+00 2.354516027197736325e-05
7.005722592435526863e+00 1.618503794763665935e-05
7.014663420221899592e+00 9.397750792862035862e-06
7.023604248008272322e+00 4.609200376053189799e-06
7.032545075794645051e+00 1.909488835211981791e-06
7.041485903581017780e+00 6.681871902323188241e-07
7.050426731367390509e+00 1.975006649498019872e-07
7.059367559153763239e+00 4.930924472533664004e-08
7.068308386940136856e+00 1.039866302393782222e-08
7.077249214726508697e+00 1.852320033702916818e-09
7.086190042512882314e+00 2.787044526777852693e-10
7.095130870299255044e+00 3.542102747234119426e-11
7.104071698085627773e+00 3.802487250760427293e-12
7.113012525872000502e+00 3.447972096966025206e-13
7.121953353658373231e+00 2.640882524948040542e-14
7.130894181444745961e+00 1.708534635296606898e-15
7.139835009231118690e+00 9.336580710108506258e-17
7.148775837017491419e+00 4.309642929009718013e-18
7.157716664803864148e+00 1.680289392251418256e-19
7.166657492590237766e+00 5.533708200646535884e-21
7.175598320376609607e+00 1.539359571300760268e-22
7.184539148162983224e+00 3.623549207081004488e-24
7.193479975949355953e+00 1.220711416011865949e-25
7.202420803735728683e+00 3.710480643566607860e-25
7.211361631522101412e+00 2.605463415719542532e-24
7.220302459308474141e+00 1.757985245858539049e-23
7.229243287094846870e+00 1.136105104017482208e-22
7.238184114881219600e+00 7.032212876669085458e-22
7.247124942667593217e+00 4.169036671561908340e-21
7.256065770453965058e+00 2.367280002992436486e-20
7.265006598240338676e+00 1.287460020656467647e-19
7.273947426026710517e+00 6.706378829510190212e-19
7.282888253813084134e+00 3.345897408893019349e-18
7.291829081599456863e+00 1.598848696006518267e-17
7.300769909385829592e+00 7.317661593279262617e-17
7.309710737172202322e+00 3.207801485367520444e-16
7.318651564958575051e+00 1.346830227159965249e-15
7.327592392744947780e+00 5.416121938099091920e-15
7.336533220531320509e+00 2.086095663040896628e-14
7.345474048317694127e+00 7.695736957493770097e-14
7.354414876104065968e+00 2.719170361173418303e-13
7.363355703890439585e+00 9.202224594894292061e-13
7.372296531676811426e+00 2.982767810738996061e-12
7.381237359463185044e+00 9.260112750394128320e-12
7.390178187249557773e+00 2.753488770852474073e-11
7.399119015035930502e+00 7.841886510554651082e-11
7.408059842822303231e+00 2.139084811157528469e-10
7.417000670608675961e+00 5.588633930595651824e-10
7.425941498395048690e+00 1.398471211178642462e-09
7.434882326181421419e+00 3.351749905183072463e-09
7.443823153967795037e+00 7.694136542106765285e-09
7.452763981754166878e+00 1.691680645454643997e-08
7.461704809540540495e+00 3.562436075156206135e-08
7.470645637326912336e+00 7.185317903228001773e-08
7.479586465113285954e+00 1.388081938119500005e-07
7.488527292899658683e+00 2.568351302334038246e-07
7.497468120686031412e+00 4.551598634930982053e-07
7.506408948472404141e+00 7.725804216068498121e-07
7.515349776258776870e+00 1.256011587467588149e-06
7.524290604045149600e+00 1.955752084954285757e-06
7.533231431831522329e+00 2.916783306982821618e-06
7.542172259617895946e+00 4.166436217694829616e-06
7.551113087404267787e+00 5.700271191223168275e-06
7.560053915190641405e+00 7.469585553484012441e-06
7.568994742977013246e+00 9.374922840173651568e-06
7.577935570763386863e+00 1.126961568777910207e-05
7.586876398549759593e+00 1.297539890680522547e-05
7.595817226336132322e+00 1.430877776894684471e-05
7.604758054122505051e+00 1.511313518231387581e-05
7.613698881908877780e+00 1.528891983052718272e-05
7.622639709695250509e+00 1.481389451402278006e-05
7.631580537481623239e+00 1.374775868433549996e-05
7.640521365267996856e+00 1.221981865355623139e-05
7.649462193054368697e+00 1.040322111944247883e-05
7.658403020840742315e+00 8.482836690056164445e-06
7.667343848627114156e+00 6.624980294536798636e-06
7.676284676413487773e+00 4.955623270180841916e-06
7.685225504199860502e+00 3.550440054347201510e-06
7.694166331986233232e+00 2.436331011528987131e-06
7.703107159772605961e+00 1.601255410538515443e-06
7.712047987558978690e+00 1.007987473784780797e-06
7.720988815345351419e+00 6.077428641054020015e-07
7.729929643131724148e+00 3.509577275327202765e-07
7.738870470918097766e+00 1.941153854759737618e-07
7.747811298704469607e+00 1.028336657739520516e-07
7.756752126490843224e+00 5.217721526913503470e-08
7.765692954277215065e+00 2.535693633370951700e-08
7.774633782063588683e+00 1.180276148658361680e-08
7.783574609849961412e+00 5.261949504811475383e-09
7.792515437636334141e+00 2.247124219217873612e-09
7.801456265422706871e+00 9.199165925817486399e-10
7.810397093209079600e+00 3.631113735684989379e-10
7.819337920995453217e+00 1.443887632946451674e-10
7.828278748781825058e+00 7.487664428156486719e-11
7.837219576568198676e+00 8.776937165356463326e-11
7.846160404354570517e+00 1.888840282371475086e-10
7.855101232140944134e+00 4.544439713509612387e-10
7.864042059927316863e+00 1.069770312958463422e-09
7.872982887713689593e+00 2.416346250065569241e-09
7.881923715500062322e+00 5.223764885456719408e-09
7.890864543286435051e+00 1.080494263773561364e-08
7.899805371072807780e+00 2.138245527103070595e-08
7.908746198859180510e+00 4.048429834927074969e-08
7.917687026645554127e+00 7.333466301074269024e-08
7.926627854431925968e+00 1.270941572146807389e-07
7.935568682218299585e+00 2.107344153213204492e-07
7.944509510004671426e+00 3.343019755921428266e-07
7.953450337791045044e+00 5.073831203291046690e-07
7.962391165577417773e+00 7.367610908050759885e-07
7.971331993363790502e+00 1.023554435944458913e-06
7.980272821150163232e+00 1.360469477653925384e-06
7.989213648936535961e+00 1.730056378814841789e-06
7.998154476722908690e+00 2.104870128245618394e-06
8.007095304509281419e+00 2.450100781399718901e-06
8.016036132295655037e+00 2.728576838003349231e-06
8.024976960082026878e+00 2.907247615608344483e-06
8.033917787868400495e+00 2.963612740537032798e-06
8.042858615654772336e+00 2.890376906436327607e-06
8.051799443441145954e+00 2.697000950486090637e-06
8.060740271227519571e+00 2.407694139942726774e-06
8.069681099013891412e+00 2.056435665234149561e-06
8.078621926800263253e+00 1.680438156863279210e-06
8.087562754586636871e+00 1.313782693523716055e-06
8.096503582373010488e+00 9.826936150652769691e-07
8.105444410159382329e+00 7.032444725530880156e-07
8.114385237945755946e+00 4.814909357052378410e-07
8.123326065732127788e+00 3.154013148644395080e-07
8.132266893518501405e+00 1.976662297290078543e-07
8.141207721304873246e+00 1.185209306925075394e-07
8.150148549091246863e+00 6.799096778973617370e-08
8.159089376877620481e+00 3.731650727958377893e-08
8.168030204663992322e+00 1.959495853580037966e-08
8.176971032450364163e+00 9.844219863068892956e-09
8.185911860236737780e+00 4.731641760012938337e-09
8.194852688023111398e+00 2.175885323105815725e-09
8.203793515809483239e+00 9.573125332986696992e-10
8.212734343595856856e+00 4.029629175070659233e-10
8.221675171382228697e+00 1.622818742880528950e-10
8.230615999168602315e+00 6.252713692875202373e-11
8.239556826954974156e+00 2.304945529575946781e-11
8.248497654741347773e+00 8.129173363716825602e-12
8.257438482527721391e+00 2.742999318409521207e-12
8.266379310314093232e+00 8.855204788288341907e-13
8.275320138100465073e+00 2.735049017917905359e-13
8.284260965886838690e+00 8.082118514099967080e-14
8.293201793673212308e+00 2.284961622593777005e-14
8.302142621459584149e+00 6.180536865674826147e-15
8.311083449245957766e+00 1.599436813129101184e-15
8.320024277032329607e+00 3.960058206615187506e-16
8.328965104818703225e+00 9.380579027304075449e-17
8.337905932605075066e+00 2.125941545342786509e-17
8.346846760391448683e+00 4.609635514107976214e-18
8.355787588177822300e+00 9.562588117220610901e-19
8.364728415964194141e+00 1.897920027708763360e-19
8.373669243750565983e+00 3.603910213924611232e-20
8.382610071536939600e+00 6.547320669091105835e-21
8.391550899323313217e+00 1.138012039383572257e-21
8.400491727109685058e+00 1.892446874476644503e-22
8.409432554896058676e+00 3.010884750374499348e-23
8.418373382682430517e+00 4.583087647435571357e-24
8.427314210468804134e+00 6.674454686519371809e-25
8.436255038255175975e+00 9.299658706624859052e-26
8.445195866041549593e+00 1.239686372844273135e-26
8.454136693827923210e+00 1.581066873742319744e-27
8.463077521614295051e+00 1.929222183441016555e-28
8.472018349400666892e+00 2.252204645975702076e-29
8.480959177187040510e+00 2.515515797482981508e-30
8.489900004973414127e+00 2.688066009100992114e-31
8.498840832759785968e+00 2.748253214335963273e-32
8.507781660546159586e+00 2.695947087257304756e-33
8.516722488332531427e+00 3.399634132770593260e-34
8.525663316118905044e+00 9.756064127213687076e-34
8.534604143905276885e+00 9.828602412421464007e-33
8.543544971691650503e+00 9.689506980632500423e-32
8.552485799478024120e+00 9.137224386087592748e-31
8.561426627264395961e+00 8.240364964362482171e-30
8.570367455050767802e+00 7.107182362683372540e-29
8.579308282837141419e+00 5.862290300845487159e-28
8.588249110623515037e+00 4.624406812475306357e-27
8.597189938409886878e+00 3.488699743175927676e-26
8.606130766196260495e+00 2.517039342473602219e-25
8.615071593982632336e+00 1.736741827695546159e-24
8.624012421769005954e+00 1.146038938388607716e-23
8.632953249555377795e+00 7.232398259439344147e-23
8.641894077341751412e+00 4.364998933126618584e-22
8.650834905128125030e+00 2.519444526134809176e-21
8.659775732914496871e+00 1.390734756487508236e-20
8.668716560700868712e+00 7.341801969426237294e-20
8.677657388487242329e+00 3.706635435858205598e-19
8.686598216273615947e+00 1.789682247324867127e-18
8.695539044059987788e+00 8.264010047983384217e-18
8.704479871846361405e+00 3.649426258269686091e-17
8.713420699632733246e+00 1.541264580648460759e-16
8.722361527419106864e+00 6.225133268360166879e-16
8.731302355205478705e+00 2.404578491135971923e-15
8.740243182991852322e+00 8.882763766471259621e-15
8.749184010778225939e+00 3.138167470478026924e-14
8.758124838564597781e+00 1.060285860283321029e-13
8.767065666350969622e+00 3.426010367758517579e-13
8.776006494137343239e+00 1.058700761758836436e-12
8.784947321923716856e+00 3.128791534066573326e-12
8.793888149710088697e+00 8.842984823484758909e-12
8.802828977496462315e+00 2.390231585809769461e-11
8.811769805282834156e+00 6.178740164090499890e-11
8.820710633069207773e+00 1.527491255583056269e-10
8.829651460855579614e+00 3.611406562626249043e-10
8.838592288641953232e+00 8.165689891221246439e-10
8.847533116428326849e+00 1.765746003793122720e-09
8.856473944214698690e+00 3.651593547390120776e-09
8.865414772001070531e+00 7.221966665315596663e-09
8.874355599787444149e+00 1.365989552114948890e-08
8.883296427573817766e+00 2.470916817694509373e-08
8.892237255360189607e+00 4.274523633499504461e-08
8.901178083146563225e+00 7.071900953456730295e-08
8.910118910932935066e+00 1.118931411655311127e-07
8.919059738719308683e+00 1.693127298556126218e-07
8.928000566505680524e+00 2.450160914324600440e-07
8.936941394292054142e+00 3.390927097065151916e-07
8.945882222078427759e+00 4.488085766325028243e-07
8.954823049864799600e+00 5.680972565348551531e-07
8.963763877651173217e+00 6.877064315307208072e-07
8.972704705437545059e+00 7.961636209218605321e-07
8.981645533223918676e+00 8.814961557013397605e-07
8.990586361010290517e+00 9.333775812081784876e-07
8.999527188796664134e+00 9.451770276978589697e-07
9.008468016583037752e+00 9.153512934432218276e-07
9.017408844369409593e+00 8.477763381593947552e-07
9.026349672155781434e+00 7.509199319099810126e-07
9.035290499942155051e+00 6.360991609935428153e-07
9.044231327728528669e+00 5.153174665196880693e-07
9.053172155514900510e+00 3.992489225653673199e-07
9.062112983301274127e+00 2.958226970120584147e-07
9.071053811087645968e+00 2.096225893112461096e-07
9.079994638874019586e+00 1.420572881388083963e-07
9.088935466660391427e+00 9.206780896980327174e-08
9.097876294446765044e+00 5.706514770041119236e-08
9.106817122233138662e+00 3.382617824361154452e-08
9.115757950019510503e+00 1.917581229626870788e-08
9.124698777805882344e+00 1.039617200793953709e-08
9.133639605592255961e+00 5.390288280531556389e-09
9.142580433378629579e+00 2.672817943414684498e-09
9.151521261165001420e+00 1.267493128169820935e-09
9.160462088951375037e+00 5.748316845285979670e-10
9.169402916737746878e+00 2.493185731244643110e-10
9.178343744524120495e+00 1.034159240215545199e-10
9.187284572310492337e+00 4.102409888454605787e-11
9.196225400096865954e+00 1.556358111549875878e-11
9.205166227883239571e+00 5.646753975388958882e-12
9.214107055669611412e+00 1.959327565886921814e-12
9.223047883455983253e+00 6.501807102497608329e-13
9.231988711242356871e+00 2.063383541573724376e-13
9.240929539028730488e+00 6.262456081881074956e-14
9.249870366815102329e+00 1.817725391790111898e-14
9.258811194601474170e+00 5.045807806673208930e-15
9.267752022387847788e+00 1.339528592457479562e-15
9.276692850174221405e+00 3.400887126517321249e-16
9.285633677960593246e+00 8.257598932932845179e-17
9.294574505746966864e+00 1.917777799770854521e-17
9.303515333533340481e+00 4.275738586770568824e-18
9.312456161319712322e+00 1.000577713252664799e-18
9.321396989106084163e+00 6.890210057149617676e-19
9.330337816892457781e+00 2.577079380030440229e-18
9.339278644678831398e+00 1.224537427538724511e-17
9.348219472465203239e+00 5.643919560183838604e-17
9.357160300251575080e+00 2.492170270029810242e-16
9.366101128037950474e+00 1.053789240292479696e-15
9.375041955824322315e+00 4.266786450443700245e-15
9.383982783610694156e+00 1.654317420447040001e-14
9.392923611397067774e+00 6.141968081752293495e-14
9.401864439183441391e+00 2.183569620090636657e-13
9.410805266969813232e+00 7.433567810136854799e-13
9.419746094756185073e+00 2.423250703965050886e-12
9.428686922542558690e+00 7.564324715478555527e-12
9.437627750328932308e+00 2.261063481015088068e-11
9.446568578115304149e+00 6.471815437790314117e-11
9.455509405901675990e+00 1.773822941925701848e-10
9.464450233688051384e+00 4.655487742316669627e-10
9.473391061474423225e+00 1.170013528512024691e-09
9.482331889260795066e+00 2.815706317423680774e-09
9.491272717047168683e+00 6.488653798705946962e-09
9.500213544833542301e+00 1.431833854826383305e-08
9.509154372619914142e+00 3.025529742114149976e-08
9.518095200406285983e+00 6.121826292439782327e-08
9.527036028192659600e+00 1.186127442492517160e-07
9.535976855979033218e+00 2.200657628349852968e-07
9.544917683765405059e+00 3.909708560415061972e-07
9.553858511551776900e+00 6.651308087648108704e-07
9.562799339338152294e+00 1.083528952224270686e-06
9.571740167124524135e+00 1.690225898067628233e-06
9.580680994910895976e+00 2.524758013163784411e-06
9.589621822697269593e+00 3.611316421090875420e-06
9.598562650483643210e+00 4.946318777353888044e-06
9.607503478270015052e+00 6.487381491438385941e-06
9.616444306056386893e+00 8.147559650869985517e-06
9.625385133842760510e+00 9.798428684088044354e-06
9.634325961629134127e+00 1.128381869168187635e-05
9.643266789415505968e+00 1.244304118291914490e-05
9.652207617201877810e+00 1.313916461321195621e-05
9.661148444988253203e+00 1.328555632170880878e-05
9.670089272774625044e+00 1.286359955426574202e-05
9.679030100560996885e+00 1.192658355357827303e-05
9.687970928347370503e+00 1.058864465631339873e-05
9.696911756133744120e+00 9.001926633875331150e-06
9.705852583920115961e+00 7.328267943655280005e-06
9.714793411706487802e+00 5.712654870721131176e-06
9.723734239492861420e+00 4.264277019316778198e-06
9.732675067279235037e+00 3.048060681465237161e-06
9.741615895065606878e+00 2.086279946576108328e-06
9.750556722851980496e+00 1.367389795113273254e-06
9.759497550638354113e+00 8.581888371783032415e-07
9.768438378424725954e+00 5.157558514508103550e-07
9.777379206211097795e+00 2.968084374665810219e-07
9.786320033997471413e+00 1.635607514855556429e-07
9.795260861783845030e+00 8.630833287504781515e-08
9.804201689570216871e+00 4.361110938806383440e-08
9.813142517356588712e+00 2.110145086898553588e-08
9.822083345142962330e+00 9.776834768988334523e-09
9.831024172929335947e+00 4.337655030618702229e-09
9.839965000715707788e+00 1.842818317637556675e-09
9.848905828502081405e+00 7.496884274332810577e-10
9.857846656288455023e+00 2.920450632481351995e-10
9.866787484074826864e+00 1.089405861477707400e-10
9.875728311861198705e+00 3.891350247338689234e-11
9.884669139647572322e+00 1.331011207034292923e-11
9.893609967433945940e+00 4.359471857869656256e-12
9.902550795220317781e+00 1.367277983536204885e-12
9.911491623006689622e+00 4.106298711810453624e-13
9.920432450793063239e+00 1.180905194554320374e-13
9.929373278579436857e+00 3.251998248983800415e-14
9.938314106365808698e+00 8.575438746235548461e-15
9.947254934152182315e+00 2.165375263180540994e-15
9.956195761938555933e+00 5.235772517501219596e-16
9.965136589724927774e+00 1.212269400721854897e-16
9.974077417511299615e+00 2.687746426175610114e-17
9.983018245297673232e+00 5.706216154702500245e-18
9.991959073084046850e+00 1.160055909580363606e-18
1.000089990087041869e+01 2.258293573438243157e-19
1.000984072865679053e+01 4.209714588639183302e-20
1.001878155644316415e+01 7.514423753721509243e-21
1.002772238422953777e+01 1.284427182105142517e-21
1.003666321201590961e+01 2.102296995192536529e-22
1.004560403980228322e+01 3.294954541104900005e-23
1.005454486758865684e+01 4.945105495216760347e-24
1.006348569537502868e+01 7.106773572261806512e-25
1.007242652316140052e+01 9.780042393707280058e-26
1.008136735094777414e+01 1.288900881516173313e-26
1.009030817873414776e+01 1.637037255032252853e-27
1.009924900652051960e+01 2.883329465250342737e-28
1.010818983430689144e+01 7.720227797459030386e-28
1.011713066209326506e+01 5.861351357704590699e-27
1.012607148987963868e+01 4.390148390682408373e-26
1.013501231766601052e+01 3.152422638094230512e-25
1.014395314545238413e+01 2.169274938588013392e-24
1.015289397323875775e+01 1.430497656891725873e-23
1.016183480102512959e+01 9.039867341485683865e-23
1.017077562881150143e+01 5.474435182136307572e-22
1.017971645659787505e+01 3.177012568519531073e-21
1.018865728438424867e+01 1.766854968066588073e-20
1.019759811217062051e+01 9.416407080671018682e-20
1.020653893995699235e+01 4.809189637220724469e-19
1.021547976774336597e+01 2.353753258169521579e-18
1.022442059552973959e+01 1.103957412626359869e-17
1.023336142331611143e+01 4.961877748387048538e-17
1.024230225110248504e+01 2.137185179778501717e-16
1.025124307888885866e+01 8.821462701019141511e-16
1.026018390667523050e+01 3.489324859736174523e-15
1.026912473446160234e+01 1.322648857676824862e-14
1.027806556224797596e+01 4.804520734147257855e-14
1.028700639003434958e+01 1.672468461670812891e-13
1.029594721782072142e+01 5.579151516436080154e-13
1.030488804560709326e+01 1.783531274821870920e-12
1.031382887339346688e+01 5.463810855724454968e-12
1.032276970117984050e+01 1.604031668327884661e-11
1.033171052896621234e+01 4.512659590824795970e-11
1.034065135675258595e+01 1.216618914389653989e-10
1.034959218453895957e+01 3.143249883561792837e-10
1.035853301232533141e+01 7.782257674682940896e-10
1.036747384011170325e+01 1.846437700117439977e-09
1.037641466789807687e+01 4.198228432014208081e-09
1.038535549568445049e+01 9.147445408397736584e-09
1.039429632347082233e+01 1.910011320477524617e-08
1.040323715125719417e+01 3.821856798648382337e-08
1.041217797904356779e+01 7.328502388464039103e-08
1.042111880682994141e+01 1.346661397828237447e-07
1.043005963461631325e+01 2.371395234903532310e-07
1.043900046240268686e+01 4.001767277566177516e-07
1.044794129018906048e+01 6.471456982751095049e-07
1.045688211797543232e+01 1.002893145002692482e-06
1.046582294576180416e+01 1.489394038372666182e-06
1.047476377354817778e+01 2.119663461925097751e-06
1.048370460133455140e+01 2.890856740782142090e-06
1.049264542912092324e+01 3.778231644773284865e-06
1.050158625690729508e+01 4.732089457909342550e-06
1.051052708469367047e+01 5.679625041714458210e-06
1.051946791248004232e+01 6.532640193953228368e-06
1.052840874026641416e+01 7.200458741147281318e-06
1.053734956805278777e+01 7.605608178282366364e-06
1.054629039583916139e+01 7.698570368052331760e-06
1.055523122362553323e+01 7.467729421986451591e-06
1.056417205141190507e+01 6.941757177351498510e-06
1.057311287919827869e+01 6.183759867034604882e-06
1.058205370698465231e+01 5.278835989067119918e-06
1.059099453477102415e+01 4.318431902612107428e-06
1.059993536255739599e+01 3.385449473223219881e-06
1.060887619034377138e+01 2.543366528392870181e-06
1.061781701813014323e+01 1.831065671949270265e-06
1.062675784591651507e+01 1.263284722738271478e-06
1.063569867370288868e+01 8.352200699582000090e-07
1.064463950148926230e+01 5.291794290807584218e-07
1.065358032927563414e+01 3.212974947964235363e-07
1.066252115706200598e+01 1.869450969806978052e-07
1.067146198484837960e+01 1.042373048114637573e-07
1.068040281263475322e+01 5.569736147329880187e-08
1.068934364042112506e+01 2.851992798773015882e-08
1.069828446820749690e+01 1.399473184622713688e-08
1.070722529599387229e+01 6.580866674325399073e-09
1.071616612378024413e+01 2.965541168051383457e-09
1.072510695156661598e+01 1.280640336113936398e-09
1.073404777935298959e+01 5.299717863191724118e-10
1.074298860713936321e+01 2.101748168452084431e-10
1.075192943492573505e+01 7.987501622681341993e-11
1.076087026271210689e+01 2.908999156588443312e-11
1.076981109049848051e+01 1.015263061455993789e-11
1.077875191828485413e+01 3.395595346373882464e-12
1.078769274607122597e+01 1.088317538931044819e-12
1.079663357385759781e+01 3.342702150610173851e-13
1.080557440164397320e+01 9.838798982895779639e-14
1.081451522943034504e+01 2.775165248664166685e-14
1.082345605721671689e+01 7.501324683452490108e-15
1.083239688500309050e+01 1.943074413245342044e-15
1.084133771278946412e+01 4.823288686985264283e-16
1.085027854057583596e+01 1.147359283750711850e-16
1.085921936836220780e+01 2.615519521648488746e-17
1.086816019614858142e+01 5.713718655373027095e-18
1.087710102393495504e+01 1.196140215241331482e-18
1.088604185172132688e+01 2.399648805457352381e-19
1.089498267950770050e+01 4.613341824771490142e-20
1.090392350729407411e+01 8.499354378729841481e-21
1.091286433508044595e+01 1.500578066669795393e-21
1.092180516286681780e+01 2.538829905032174510e-22
1.093074599065319141e+01 4.116337451727665818e-23
1.093968681843956503e+01 6.395738369549145351e-24
1.094862764622593687e+01 9.522977610496360563e-25
1.095756847401230871e+01 1.358805171017624652e-25
1.096650930179868233e+01 1.857992569304927949e-26
1.097545012958505595e+01 2.434630782695278099e-27
1.098439095737142779e+01 3.057205266009910138e-28
1.099333178515780141e+01 3.678903899659914560e-29
1.100227261294417502e+01 4.242429576659926328e-30
1.101121344073054686e+01 4.688276256587176567e-31
1.102015426851691871e+01 4.964941107725372803e-32
1.102909509630329232e+01 5.038686783725536696e-33
1.103803592408966594e+01 4.900303486452847556e-34
1.104697675187603778e+01 4.566999321002780207e-35
1.105591757966240962e+01 4.078883211612578626e-36
1.106485840744878324e+01 3.491032953139731827e-37
1.107379923523515686e+01 2.863314022772019219e-38
1.108274006302152870e+01 2.250538082414377630e-39
1.109168089080790232e+01 1.695142086163463266e-40
1.110062171859427593e+01 1.223568254997364527e-41
1.110956254638064777e+01 8.463551660341816553e-43
1.111850337416701962e+01 5.610214317092801276e-44
1.112744420195339323e+01 3.563761313765634810e-45
1.113638502973976685e+01 2.169402419264857323e-46
1.114532585752613869e+01 1.265534489311935388e-47
1.115426668531251053e+01 7.074735452274092199e-49
1.116320751309888415e+01 3.790083502504945374e-50
1.117214834088525777e+01 1.945761948932295594e-51
1.118108916867162961e+01 9.572667804213643450e-53
1.119002999645800323e+01 4.513138112595186418e-54
1.119897082424437684e+01 2.039044079857566688e-55
1.120791165203074868e+01 8.828297480891193639e-57
1.121685247981712052e+01 3.662938756782399205e-58
1.122579330760349414e+01 1.456413548028305024e-59
1.123473413538986776e+01 5.549350004414827423e-61
1.124367496317623960e+01 2.026291293098755732e-62
1.125261579096261144e+01 7.090289917420491890e-64
1.126155661874898506e+01 2.377543452944673846e-65
1.127049744653535868e+01 7.640033918223632811e-67
1.127943827432173052e+01 2.352688688489117665e-68
1.128837910210810414e+01 6.942821447548897779e-70
1.129731992989447775e+01 1.963404954361261086e-71
1.130626075768084959e+01 5.320912569030442366e-73
1.131520158546722143e+01 1.381862136947631769e-74
1.132414241325359505e+01 3.439106824518810250e-76
1.133308324103996867e+01 8.202173823372013149e-78
1.134202406882634051e+01 1.874625955128449765e-79
1.135096489661271235e+01 4.105845819111451296e-81
1.135990572439908597e+01 8.617732362127842459e-83
1.136884655218545959e+01 1.733347832471414685e-84
1.137778737997183143e+01 3.341033231724954050e-86
1.138672820775820504e+01 6.171322228879146052e-88
1.139566903554457866e+01 1.092390728039177063e-89
1.140460986333095050e+01 1.853021326911552658e-91
1.141355069111732234e+01 3.019941641172923733e-93
1.142249151890369596e+01 5.337047035935972510e-94
1.143143234669006958e+01 2.937998088352270998e-92
1.144037317447644142e+01 1.700721887880086516e-90
1.144931400226281326e+01 9.443003033520838343e-89
1.145825483004918688e+01 5.028884329048484576e-87
1.146719565783556050e+01 2.568726404958610426e-85
1.147613648562193234e+01 1.258487018538960355e-83
1.148507731340830595e+01 5.913768458641723919e-82
1.149401814119467957e+01 2.665413417423893076e-80
1.150295896898105141e+01 1.152257461204132490e-78
1.151189979676742325e+01 4.777703175621209433e-77
1.152084062455379687e+01 1.900087002254566630e-75
1.152978145234017049e+01 7.247905059358592596e-74
1.153872228012654233e+01 2.651772063783955150e-72
1.154766310791291417e+01 9.305604117225310855e-71
1.155660393569928779e+01 3.132114576737153871e-69
1.156554476348566141e+01 1.011149555378038385e-67
1.157448559127203325e+01 3.130962284701077524e-66
1.158342641905840686e+01 9.298758389962586014e-65
1.159236724684478048e+01 2.648846412365245627e-63
1.160130807463115232e+01 7.237245046298300571e-62
1.161024890241752416e+01 1.896594402164948801e-60
1.161918973020389778e+01 4.767166686839213340e-59
1.162813055799027140e+01 1.149293358875901870e-57
1.163707138577664324e+01 2.657578754348291428e-56
1.164601221356301508e+01 5.894216389537692373e-55
1.165495304134939047e+01 1.253864754164786098e-53
1.166389386913576232e+01 2.558350243379311602e-52
1.167283469692213416e+01 5.006727926992793985e-51
1.168177552470850777e+01 9.397940045489837862e-50
1.169071635249488139e+01 1.691983154284085515e-48
1.169965718028125323e+01 2.921756951209194138e-47
1.170859800806762507e+01 4.839236236585015548e-46
1.171753883585399869e+01 7.687661414584881439e-45
1.172647966364037231e+01 1.171376098208276673e-43
1.173542049142674415e+01 1.711918775041490377e-42
1.174436131921311599e+01 2.399687218575159307e-41
1.175330214699949138e+01 3.226345019056131344e-40
1.176224297478586323e+01 4.160558802307620738e-39
1.177118380257223507e+01 5.146087982808666022e-38
1.178012463035860868e+01 6.105024852426050728e-37
1.178906545814498230e+01 6.946760909743317939e-36
1.179800628593135414e+01 7.581618962073411005e-35
1.180694711371772598e+01 7.936449228012793044e-34
1.181588794150409960e+01 7.968475050359379346e-33
1.182482876929047322e+01 7.673771771336038351e-32
1.183376959707684506e+01 7.088057407458754423e-31
1.184271042486321690e+01 6.279575126701217248e-30
1.185165125264959229e+01 5.336026543115388087e-29
1.186059208043596414e+01 4.349009820576654738e-28
1.186953290822233598e+01 3.399753909937103255e-27
1.187847373600870959e+01 2.549114022031343973e-26
1.188741456379508321e+01 1.833224819383395926e-25
1.189635539158145505e+01 1.264523431712148239e-24
1.190529621936782689e+01 8.366093627586786526e-24
1.191423704715420051e+01 5.308884126366070965e-23
1.192317787494057413e+01 3.231234361851686877e-22
1.193211870272694597e+01 1.886332977357937985e-21
1.194105953051331781e+01 1.056216487107233033e-20
1.195000035829969320e+01 5.672470081037483562e-20
1.195894118608606504e+01 2.921972820450660605e-19
1.196788201387243689e+01 1.443659643817667664e-18
1.197682284165881050e+01 6.841292312556829519e-18
1.198576366944518412e+01 3.109540119891088252e-17
1.199470449723155596e+01 1.355622811691014379e-16
1.200364532501792780e+01 5.668475299200849213e-16
1.201258615280430142e+01 2.273412979451996722e-15
1.202152698059067504e+01 8.745307774382350816e-15
1.203046780837704688e+01 3.226684833707855186e-14
1.203940863616342050e+01 1.141885830156691505e-13
1.204834946394979411e+01 3.875908412807312727e-13
1.205729029173616595e+01 1.261853727757427827e-12
1.206623111952253780e+01 3.940299289365320630e-12
1.207517194730891141e+01 1.180141525492345019e-11
1.208411277509528503e+01 3.390187047544532234e-11
1.209305360288165687e+01 9.341097710060636441e-11
1.210199443066802871e+01 2.468634851809931957e-10
1.211093525845440233e+01 6.257494600340364232e-10
1.211987608624077595e+01 1.521348804268638827e-09
1.212881691402714779e+01 3.547658419951483916e-09
1.213775774181352141e+01 7.934863948826801522e-09
1.214669856959989502e+01 1.702244180159054626e-08
1.215563939738626686e+01 3.502586889752757535e-08
1.216458022517263871e+01 6.912587854463771223e-08
1.217352105295901232e+01 1.308510152389739742e-07
1.218246188074538594e+01 2.375736202099410649e-07
1.219140270853175778e+01 4.137176233249020738e-07
1.220034353631812962e+01 6.910261988647491577e-07
1.220928436410450324e+01 1.107056258541365325e-06
1.221822519189087686e+01 1.701098870887808090e-06
1.222716601967724870e+01 2.507114147489816565e-06
1.223610684746362232e+01 3.544078602260011765e-06
1.224504767524999593e+01 4.805264185716279400e-06
1.225398850303636777e+01 6.249077058744516992e-06
1.226292933082273962e+01 7.794695912812172126e-06
1.227187015860911323e+01 9.325393371167363857e-06
1.228081098639548685e+01 1.070088829530384586e-05
1.228975181418185869e+01 1.177761048277361236e-05
1.229869264196823053e+01 1.243309436144752880e-05
1.230763346975460415e+01 1.258884710699773965e-05
1.231657429754097777e+01 1.222580247086460017e-05
1.232551512532734961e+01 1.138815781463711970e-05
1.233445595311372323e+01 1.017452786365793169e-05
1.234339678090009684e+01 8.718860729023438909e-06
1.235233760868646868e+01 7.166216127008807286e-06
1.236127843647284053e+01 5.649431535923259356e-06
1.237021926425921414e+01 4.271734814736294807e-06
1.237916009204558776e+01 3.098050588045732520e-06
1.238810091983195960e+01 2.155050305194801867e-06
1.239704174761833144e+01 1.437841472332037030e-06
1.240598257540470506e+01 9.201302022085156485e-07
1.241492340319107868e+01 5.647708236237529598e-07
1.242386423097745052e+01 3.324910088870012409e-07
1.243280505876382414e+01 1.877466710394833205e-07
1.244174588655019775e+01 1.016832154498155732e-07
1.245068671433656959e+01 5.282153083970782999e-08
1.245962754212294143e+01 2.631827269546827155e-08
1.246856836990931505e+01 1.257733040893290392e-08
1.247750919769568867e+01 5.765065736147306491e-09
1.248645002548206051e+01 2.534573745074158294e-09
1.249539085326843235e+01 1.068789282092583197e-09
1.250433168105480597e+01 4.322960583182549830e-10
1.251327250884117959e+01 1.677730664683541916e-10
1.252221333662755143e+01 6.268422866805340448e-11
1.253115416441392505e+01 2.326519210531314359e-11
1.254009499220029866e+01 1.093526244019355593e-11
1.254903581998667050e+01 1.308322016964098940e-11
1.255797664777304234e+01 3.327866825809004511e-11
1.256691747555941596e+01 9.616670899242987176e-11
1.257585830334578958e+01 2.723929013718757593e-10
1.258479913113216142e+01 7.433290469976349155e-10
1.259373995891853326e+01 1.950751114831444387e-09
1.260268078670490688e+01 4.922416970734329167e-09
1.261162161449128050e+01 1.194270192179959966e-08
1.262056244227765234e+01 2.785951933465903967e-08
1.262950327006402595e+01 6.248724747449841226e-08
1.263844409785039957e+01 1.347584201559439103e-07
1.264738492563677141e+01 2.794262271742750500e-07
1.265632575342314325e+01 5.570897434326041727e-07
1.266526658120951687e+01 1.067898307803262387e-06
1.267420740899589049e+01 1.968255046695438666e-06
1.268314823678226233e+01 3.488024997910261247e-06
1.269208906456863417e+01 5.943257452611309340e-06
1.270102989235500779e+01 9.736799749442221012e-06
1.270997072014138141e+01 1.533750342146202400e-05
1.271891154792775325e+01 2.322949918484732825e-05
1.272785237571412686e+01 3.382764471596661453e-05
1.273679320350050048e+01 4.736422268486625652e-05
1.274573403128687232e+01 6.376403738170387389e-05
1.275467485907324416e+01 8.253685965054973026e-05
1.276361568685961778e+01 1.027227917240963273e-04
1.277255651464599140e+01 1.229227949693122482e-04
1.278149734243236324e+01 1.414310543390662547e-04
1.279043817021873508e+01 1.564601964370987679e-04
1.279937899800511047e+01 1.664216038622986637e-04
1.280831982579148232e+01 1.702010656260970916e-04
1.281726065357785416e+01 1.673638225005689994e-04
1.282620148136422777e+01 1.582368531717943830e-04
1.283514230915060139e+01 1.438468740410790334e-04
1.284408313693697323e+01 1.257303021902096002e-04
1.285302396472334507e+01 1.056638011387243649e-04
1.286196479250971869e+01 8.538060742333844716e-05
1.287090562029609231e+01 6.633442825085009782e-05
1.287984644808246415e+01 4.955248971118675209e-05
1.288878727586883599e+01 3.559087863388134618e-05
1.289772810365521138e+01 2.457868699230081620e-05
1.290666893144158323e+01 1.632019666923674626e-05
1.291560975922795507e+01 1.041930705574840125e-05
1.292455058701432868e+01 6.395861127902480734e-06
1.293349141480070230e+01 3.774904367386967762e-06
1.294243224258707414e+01 2.142198061114942013e-06
1.295137307037344598e+01 1.168853360450911584e-06
1.296031389815981960e+01 6.132071038585677852e-07
1.296925472594619322e+01 3.093150594733972807e-07
1.297819555373256506e+01 1.500174199188081076e-07
1.298713638151893690e+01 6.995665878517090100e-08
1.299607720930531229e+01 3.136629087338705149e-08
1.300501803709168414e+01 1.352209590951209666e-08
1.301395886487805598e+01 5.604948134092793624e-09
1.302289969266442959e+01 2.233808422588831046e-09
1.303184052045080321e+01 8.559866467822906045e-10
1.304078134823717505e+01 3.153804694493439798e-10
1.304972217602354689e+01 1.117247368754857858e-10
1.305866300380992051e+01 3.805490354528248130e-11
1.306760383159629413e+01 1.246288679703602667e-11
1.307654465938266597e+01 3.924401334817543831e-12
1.308548548716903781e+01 1.188159976683744154e-12
1.309442631495541320e+01 3.458781783923743643e-13
1.310336714274178505e+01 9.680953783655811871e-14
1.311230797052815689e+01 2.605312783124682008e-14
1.312124879831453050e+01 6.741372633168525743e-15
1.313018962610090412e+01 1.677194913904839637e-15
1.313913045388727596e+01 4.012042081091281412e-16
1.314807128167364780e+01 9.227714773897280276e-17
1.315701210946002142e+01 2.040654985139695596e-17
1.316595293724639504e+01 4.339020945424158512e-18
1.317489376503276688e+01 8.870756301689908972e-19
1.318383459281914050e+01 1.743718157985199717e-19
1.319277542060551411e+01 3.295631698672109271e-20
1.320171624839188596e+01 5.988910081381846322e-21
1.321065707617825780e+01 1.046414269840778015e-21
1.321959790396462964e+01 1.757948929298694997e-22
1.322853873175100503e+01 2.839589715160930234e-23
1.323747955953737687e+01 4.410132874508932111e-24
1.324642038732374871e+01 6.585587044232185981e-25
1.325536121511012411e+01 9.455489908859753712e-26
1.326430204289649595e+01 1.305325920076728257e-26
1.327324287068286779e+01 1.732211867647703900e-27
1.328218369846923963e+01 2.173074263841783863e-28
1.329112452625561502e+01 -6.967580749132131386e-30
1.330006535404198686e+01 -2.884478274622918234e-28
1.330900618182835871e+01 -2.386267376060196144e-27
1.331794700961473055e+01 -1.868717377922632095e-26
1.332688783740110594e+01 -1.400034681789933757e-25
1.333582866518747778e+01 -1.003616933191397365e-24
1.334476949297384962e+01 -6.883860561499002366e-24
1.335371032076022502e+01 -4.517842225431433384e-23
1.336265114854659686e+01 -2.837036783681807666e-22
1.337159197633296870e+01 -1.704644353581918871e-21
1.338053280411934054e+01 -9.800258088498382753e-21
1.338947363190571593e+01 -5.391084669263446916e-20
1.339841445969208777e+01 -2.837590382233860090e-19
1.340735528747845962e+01 -1.429085344009936166e-18
1.341629611526483146e+01 -6.886547355787100147e-18
1.342523694305120685e+01 -3.175263873989451693e-17
1.343417777083757869e+01 -1.400854460793804361e-16
1.344311859862395053e+01 -5.913452648283374568e-16
1.345205942641032593e+01 -2.388493923837892682e-15
1.346100025419669777e+01 -9.230857977293291076e-15
1.346994108198306961e+01 -3.413460711187103374e-14
1.347888190976944145e+01 -1.207765609003833752e-13
1.348782273755581684e+01 -4.088888994861550487e-13
1.349676356534218868e+01 -1.324533335850353785e-12
1.350570439312856053e+01 -4.105399043252574766e-12
1.351464522091493592e+01 -1.217538692068989194e-11
1.352358604870130776e+01 -3.454976337669196838e-11
1.353252687648767960e+01 -9.380852216022163749e-11
1.354146770427405144e+01 -2.437106018564521649e-10
1.355040853206042684e+01 -6.058170072708234489e-10
1.355934935984679868e+01 -1.440931751621846664e-09
1.356829018763317052e+01 -3.279293381777965084e-09
1.357723101541954236e+01 -7.140885094302367355e-09
1.358617184320591775e+01 -1.487848557036926241e-08
1.359511267099228959e+01 -2.966199262113619393e-08
1.360405349877866144e+01 -5.658180895522834512e-08
1.361299432656503683e+01 -1.032733451441330009e-07
1.362193515435140867e+01 -1.803576517509594634e-07
1.363087598213778051e+01 -3.013809592714931186e-07
1.363981680992415235e+01 -4.818722985022131245e-07
1.364875763771052775e+01 -7.371960872338350955e-07
1.365769846549689959e+01 -1.079118140722843855e-06
1.366663929328327143e+01 -1.511436397327681518e-06
1.367558012106964327e+01 -2.025562603913534040e-06
1.368452094885601866e+01 -2.597385283660395148e-06
1.369346177664239050e+01 -3.186852710441386449e-06
1.370240260442876234e+01 -3.741299871649949271e-06
1.371134343221513774e+01 -4.202599044065582934e-06
1.372028426000150958e+01 -4.516981447737106970e-06
1.372922508778788142e+01 -4.645297868629471384e-06
1.373816591557425326e+01 -4.571026498274138116e-06
1.374710674336062866e+01 -4.303767697990658621e-06
1.375604757114700050e+01 -3.877205460358831767e-06
1.376498839893337234e+01 -3.342132949260177321e-06
1.377392922671974418e+01 -2.756535213230714343e-06
1.378287005450611957e+01 -2.175395880085589551e-06
1.379181088229249141e+01 -1.642661474777595059e-06
1.380075171007886325e+01 -1.186842805365473504e-06
1.380969253786523865e+01 -8.204936295590263852e-07
1.381863336565161049e+01 -5.427512094426535464e-07
1.382757419343798233e+01 -3.435574450403986906e-07
1.383651502122435417e+01 -2.081613247508790817e-07
1.384545584901072957e+01 -1.208840616650269233e-07
1.385439667679710141e+01 -6.766619987174886486e-08
1.386333750458347325e+01 -3.739643795883497977e-08
1.387227833236984509e+01 -2.232523804052678386e-08
1.388121916015622048e+01 -1.797369533048527146e-08
1.389015998794259232e+01 -2.290544775184933291e-08
1.389910081572896416e+01 -3.860065184427068739e-08
1.390804164351533956e+01 -6.950700014557187802e-08
1.391698247130171140e+01 -1.231734086643415840e-07
1.392592329908808324e+01 -2.102183253663846815e-07
1.393486412687445508e+01 -3.437765147961253993e-07
1.394380495466083048e+01 -5.380539071873892728e-07
1.395274578244720232e+01 -8.057557172586703738e-07
1.396168661023357416e+01 -1.154469873939269333e-06
1.397062743801994600e+01 -1.582549840414365601e-06
1.397956826580632139e+01 -2.075517504602257622e-06
1.398850909359269323e+01 -2.604289764610505693e-06
1.399744992137906507e+01 -3.126410754610536779e-06
1.400639074916544047e+01 -3.590844346123755035e-06
1.401533157695181231e+01 -3.945853277210536407e-06
1.402427240473818415e+01 -4.148385354511532494e-06
1.403321323252455599e+01 -4.172641370939039797e-06
1.404215406031093138e+01 -4.015474149151194599e-06
1.405109488809730323e+01 -3.697059297477714496e-06
1.406003571588367507e+01 -3.256640395659532438e-06
1.406897654367004691e+01 -2.744587001662213867e-06
1.407791737145642230e+01 -2.212982635067708039e-06
1.408685819924279414e+01 -1.707154461201285117e-06
1.409579902702916598e+01 -1.259973571920662513e-06
1.410473985481554138e+01 -8.897005553962996450e-07
1.411368068260191322e+01 -6.010631386245502787e-07
1.412262151038828506e+01 -3.884992057673568388e-07
1.413156233817465690e+01 -2.402447926624059217e-07
1.414050316596103229e+01 -1.421384705931414747e-07
1.414944399374740414e+01 -8.045686393168089011e-08
