5.217557035160964141e+00 1.509669178778929387e-05
5.226497862947336870e+00 1.572952280757200914e-05
5.235438690733709599e+00 1.619865679869576959e-05
5.244379518520082328e+00 1.646523831072803644e-05
5.253320346306455058e+00 1.650914515725452350e-05
5.262261174092827787e+00 1.633397518777733283e-05
5.271202001879201404e+00 1.596606450803497390e-05
5.280142829665574133e+00 1.544800355600181512e-05
5.289083657451946863e+00 1.482943373746453716e-05
5.298024485238319592e+00 1.415845336371591348e-05
5.306965313024692321e+00 1.347580685371226321e-05
5.315906140811065050e+00 1.281233910582121793e-05
5.324846968597437780e+00 1.218900888500464475e-05
5.333787796383810509e+00 1.161836533422384904e-05
5.342728624170183238e+00 1.110655035019996096e-05
5.351669451956555967e+00 1.065523951880951749e-05
5.360610279742928697e+00 1.026324982642855161e-05
5.369551107529302314e+00 9.927747791119189476e-06
5.378491935315675043e+00 9.645095764723499626e-06
5.387432763102047772e+00 9.411411574913756338e-06
5.396373590888420502e+00 9.222918966711814948e-06
5.405314418674793231e+00 9.076154120766415776e-06
5.414255246461165960e+00 8.968077917129033605e-06
5.423196074247538689e+00 8.896129436392963882e-06
5.432136902033911419e+00 8.858244981731465214e-06
5.441077729820284148e+00 8.852858686868438987e-06
5.450018557606656877e+00 8.878895016116614781e-06
5.458959385393030495e+00 8.935759528164090399e-06
5.467900213179403224e+00 9.023331596419977908e-06
5.476841040965775953e+00 9.141960893567237009e-06
5.485781868752148682e+00 9.292467987510826503e-06
5.494722696538521411e+00 9.476148050614443863e-06
5.503663524324894141e+00 9.694775165867916894e-06
5.512604352111266870e+00 9.950602718651429301e-06
5.521545179897639599e+00 1.024635253917063622e-05
5.530486007684012328e+00 1.058518138799985657e-05
5.539426835470385058e+00 1.097060757656272380e-05
5.548367663256758675e+00 1.140637252920012037e-05
5.557308491043131404e+00 1.189620171972795675e-05
5.566249318829504134e+00 1.244341721762521052e-05
5.575190146615876863e+00 1.305034239081033360e-05
5.584130974402249592e+00 1.371743392120581362e-05
5.593071802188622321e+00 1.444208875867757750e-05
5.602012629974995050e+00 1.521712331689749562e-05
5.610953457761367780e+00 1.602903490359100904e-05
5.619894285547740509e+00 1.685635234462841121e-05
5.628835113334113238e+00 1.766865194439489701e-05
5.637775941120485967e+00 1.842706425136433868e-05
5.646716768906859585e+00 1.908712012674507741e-05
5.655657596693232314e+00 1.960431571624508254e-05
5.664598424479605043e+00 1.994171055634682502e-05
5.673539252265977773e+00 2.007756857640582046e-05
5.682480080052350502e+00 2.001035338634517014e-05
5.691420907838723231e+00 1.975905856419818060e-05
5.700361735625095960e+00 1.935874858103369474e-05
5.709302563411468689e+00 1.885315470012857258e-05
5.718243391197841419e+00 1.828699976536920333e-05
5.727184218984214148e+00 1.770015617262065598e-05
5.736125046770586877e+00 1.712446980559985323e-05
5.745065874556960495e+00 1.658297481008090370e-05
5.754006702343333224e+00 1.609069209864263106e-05
5.762947530129705953e+00 1.565618174522870681e-05
5.771888357916078682e+00 1.528324887754943450e-05
5.780829185702451412e+00 1.497247008015623787e-05
5.789770013488824141e+00 1.472241039934422910e-05
5.798710841275196870e+00 1.453052109647146057e-05
5.807651669061569599e+00 1.439376380366330666e-05
5.816592496847942328e+00 1.430902298412139430e-05
5.825533324634315058e+00 1.427336533333822103e-05
5.834474152420687787e+00 1.428419410884123478e-05
5.843414980207061404e+00 1.433933459645848687e-05
5.852355807993434134e+00 1.443707665357092914e-05
5.861296635779806863e+00 1.457619226438729669e-05
5.870237463566179592e+00 1.475594020086151019e-05
5.879178291352552321e+00 1.497606581195552371e-05
5.888119119138925051e+00 1.523680123093372844e-05
5.897059946925297780e+00 1.553886952284286700e-05
5.906000774711670509e+00 1.588349520494974630e-05
5.914941602498043238e+00 1.627242295364583042e-05
5.923882430284415967e+00 1.670794601805584447e-05
5.932823258070788697e+00 1.719294579700390754e-05
5.941764085857162314e+00 1.773094414001933730e-05
5.950704913643535043e+00 1.832617016627367758e-05
5.959645741429907773e+00 1.898364373492750643e-05
5.968586569216280502e+00 1.970927813277392320e-05
5.977527397002653231e+00 2.051000506040370381e-05
5.986468224789025960e+00 2.139392558406198069e-05
5.995409052575398690e+00 2.237049135436972917e-05
6.004349880361771419e+00 2.345072103076405003e-05
6.013290708148144148e+00 2.464745740744410794e-05
6.022231535934517765e+00 2.597567105901167075e-05
6.031172363720889606e+00 2.745281614127995876e-05
6.040113191507263224e+00 2.909924283121019805e-05
6.049054019293635953e+00 3.093866799100323097e-05
6.057994847080008682e+00 3.299869971023173604e-05
6.066935674866381412e+00 3.531140033106966003e-05
6.075876502652754141e+00 3.791385307150646830e-05
6.084817330439126870e+00 4.084866425187919472e-05
6.093758158225499599e+00 4.416427858549755870e-05
6.102698986011872329e+00 4.791489777261878137e-05
6.111639813798245058e+00 5.215965783227733218e-05
6.120580641584618675e+00 5.696052141920404795e-05
6.129521469370990516e+00 6.237806618766350911e-05
6.138462297157364134e+00 6.846401153755209633e-05
6.147403124943736863e+00 7.524900173322164999e-05
6.156343952730109592e+00 8.272407256388556720e-05
6.165284780516482321e+00 9.081483796157780006e-05
6.174225608302855051e+00 9.934952420220930956e-05
6.183166436089227780e+00 1.080264570456497655e-04
6.192107263875600509e+00 1.163936252962583976e-04
6.201048091661973238e+00 1.238600700821620483e-04
6.209988919448345968e+00 1.297593180078367950e-04
6.218929747234719585e+00 1.334698815308919492e-04
6.227870575021091426e+00 1.345655486900099954e-04
6.236811402807465043e+00 1.329365239225955772e-04
6.245752230593837773e+00 1.288220156032344511e-04
6.254693058380210502e+00 1.227371190733777184e-04
6.263633886166583231e+00 1.153325719727379170e-04
6.272574713952955960e+00 1.072516925567899317e-04
6.281515541739328690e+00 9.903220561116444338e-05
6.290456369525701419e+00 9.106555105628496357e-05
6.299397197312074148e+00 8.360036273446448045e-05
6.308338025098446877e+00 7.676900615931345272e-05
6.317278852884820495e+00 7.062024204594442921e-05
6.326219680671192336e+00 6.514857311695738213e-05
6.335160508457565953e+00 6.031680957235652327e-05
6.344101336243938682e+00 5.607175943703027638e-05
6.353042164030311412e+00 5.235432209722717966e-05
6.361982991816684141e+00 4.910552443559501948e-05
6.370923819603056870e+00 4.626982953781136722e-05
6.379864647389429599e+00 4.379671469835977137e-05
6.388805475175802329e+00 4.164120721561797233e-05
6.397746302962175946e+00 3.976382817878603966e-05
6.406687130748547787e+00 3.813022641185146865e-05
6.415627958534921405e+00 3.671067274802112217e-05
6.424568786321294134e+00 3.547951304802635504e-05
6.433509614107666863e+00 3.441463380257218555e-05
6.442450441894039592e+00 3.349696725321209468e-05
6.451391269680412321e+00 3.271004722339048484e-05
6.460332097466785051e+00 3.203961800636202372e-05
6.469272925253157780e+00 3.147329398698984424e-05
6.478213753039530509e+00 3.100026547834106017e-05
6.487154580825903238e+00 3.061104548567389116e-05
6.496095408612276856e+00 3.029725213721111865e-05
6.505036236398648697e+00 3.005142196649931345e-05
6.513977064185022314e+00 2.986684987477922324e-05
6.522917891971395044e+00 2.973745231654155869e-05
6.531858719757767773e+00 2.965765096412349087e-05
6.540799547544140502e+00 2.962227477416364961e-05
6.549740375330513231e+00 2.962647897087897092e-05
6.558681203116885960e+00 2.966567995518776415e-05
6.567622030903258690e+00 2.973550552278060065e-05
6.576562858689631419e+00 2.983176000667897183e-05
6.585503686476004148e+00 2.995040403074918117e-05
6.594444514262377766e+00 3.008754845576128064e-05
6.603385342048749607e+00 3.023946181557003453e-05
6.612326169835123224e+00 3.040259009144421863e-05
6.621266997621495953e+00 3.057358709315135663e-05
6.630207825407868683e+00 3.074935306632871622e-05
6.639148653194241412e+00 3.092707850976155522e-05
6.648089480980614141e+00 3.110428966134319589e-05
6.657030308766986870e+00 3.127889179745046934e-05
6.665971136553359599e+00 3.144920647158732144e-05
6.674911964339732329e+00 3.161399914541636986e-05
6.683852792126105058e+00 3.177249434201457522e-05
6.692793619912478675e+00 3.192437642659168079e-05
6.701734447698850516e+00 3.206977529353787274e-05
6.710675275485224134e+00 3.220923747555668484e-05
6.719616103271596863e+00 3.234368434439028396e-05
6.728556931057969592e+00 3.247436001113373908e-05
6.737497758844342322e+00 3.260277216170280010e-05
6.746438586630715051e+00 3.273062933425156156e-05
6.755379414417087780e+00 3.285977806785039503e-05
6.764320242203460509e+00 3.299214297861456928e-05
6.773261069989833238e+00 3.312967223434732381e-05
6.782201897776205968e+00 3.327429019791996160e-05
6.791142725562579585e+00 3.342785828536240213e-05
6.800083553348951426e+00 3.359214441291972570e-05
6.809024381135325044e+00 3.376880084096057583e-05
6.817965208921697773e+00 3.395934978993547202e-05
6.826906036708070502e+00 3.416517591120404922e-05
6.835846864494443231e+00 3.438752453361305851e-05
6.844787692280815961e+00 3.462750455483345276e-05
6.853728520067188690e+00 3.488609487934392182e-05
6.862669347853561419e+00 3.516415339672558313e-05
6.871610175639934148e+00 3.546242762121986736e-05
6.880551003426306877e+00 3.578156625702698780e-05
6.889491831212680495e+00 3.612213109900446595e-05
6.898432658999052336e+00 3.648460881521760525e-05
6.907373486785425953e+00 3.686942228005748144e-05
6.916314314571798683e+00 3.727694123134987948e-05
6.925255142358171412e+00 3.770749211129370115e-05
6.934195970144544141e+00 3.816136701997462251e-05
6.943136797930916870e+00 3.863883176333396754e-05
6.952077625717289600e+00 3.914013301701984481e-05
6.961018453503662329e+00 3.966550465582926516e-05
6.969959281290035946e+00 4.021517331771397470e-05
6.978900109076407787e+00 4.078936328360553476e-05
6.987840936862781405e+00 4.138830076138007248e-05
6.996781764649154134e+00 4.201221766561248687e-05
7.005722592435526863e+00 4.266135498557113400e-05
7.014663420221899592e+00 4.333596583311116529e-05
7.023604248008272322e+00 4.403631826049451335e-05
7.032545075794645051e+00 4.476269793622062007e-05
7.041485903581017780e+00 4.551541076510797683e-05
7.050426731367390509e+00 4.629478553739380732e-05
7.059367559153763239e+00 4.710117669069393144e-05
7.068308386940136856e+00 4.793496726839861582e-05
7.077249214726508697e+00 4.879657215851126875e-05
7.086190042512882314e+00 4.968644169806961115e-05
7.095130870299255044e+00 5.060506573006941201e-05
7.104071698085627773e+00 5.155297820218794939e-05
7.113012525872000502e+00 5.253076239944413402e-05
7.121953353658373231e+00 5.353905690612694286e-05
7.130894181444745961e+00 5.457856239569735927e-05
7.139835009231118690e+00 5.565004935071979044e-05
7.148775837017491419e+00 5.675436681798011723e-05
7.157716664803864148e+00 5.789245230649499980e-05
7.166657492590237766e+00 5.906534293777637972e-05
7.175598320376609607e+00 6.027418795804561128e-05
7.184539148162983224e+00 6.152026272058159801e-05
7.193479975949355953e+00 6.280498424235802927e-05
7.202420803735728683e+00 6.412992843179847783e-05
7.211361631522101412e+00 6.549684907276558522e-05
7.220302459308474141e+00 6.690769863253783617e-05
7.229243287094846870e+00 6.836465093680642140e-05
7.238184114881219600e+00 6.987012572050058600e-05
7.247124942667593217e+00 7.142681501676989672e-05
7.256065770453965058e+00 7.303771128415554258e-05
7.265006598240338676e+00 7.470613708933047383e-05
7.273947426026710517e+00 7.643577605393244302e-05
7.282888253813084134e+00 7.823070463156871148e-05
7.291829081599456863e+00 8.009542409558112008e-05
7.300769909385829592e+00 8.203489187789545151e-05
7.309710737172202322e+00 8.405455108951816797e-05
7.318651564958575051e+00 8.616035665612745771e-05
7.327592392744947780e+00 8.835879599616084095e-05
7.336533220531320509e+00 9.065690152869903152e-05
7.345474048317694127e+00 9.306225149590810822e-05
7.354414876104065968e+00 9.558295458964358561e-05
7.363355703890439585e+00 9.822761265487615131e-05
7.372296531676811426e+00 1.010052542809168516e-04
7.381237359463185044e+00 1.039252303771849719e-04
7.390178187249557773e+00 1.069970608846538781e-04
7.399119015035930502e+00 1.102302196690172224e-04
7.408059842822303231e+00 1.136338425300953067e-04
7.417000670608675961e+00 1.172163414213024684e-04
7.425941498395048690e+00 1.209849068586434421e-04
7.434882326181421419e+00 1.249448808085118902e-04
7.443823153967795037e+00 1.290989850799585930e-04
7.452763981754166878e+00 1.334463967564129437e-04
7.461704809540540495e+00 1.379816741487636337e-04
7.470645637326912336e+00 1.426935559637763971e-04
7.479586465113285954e+00 1.475636844747107664e-04
7.488527292899658683e+00 1.525653411663051816e-04
7.497468120686031412e+00 1.576623293432711159e-04
7.506408948472404141e+00 1.628081879259908398e-04
7.515349776258776870e+00 1.679459647708159359e-04
7.524290604045149600e+00 1.730088016185736793e-04
7.533231431831522329e+00 1.779215672092214246e-04
7.542172259617895946e+00 1.826037010573063773e-04
7.551113087404267787e+00 1.869732861258983653e-04
7.560053915190641405e+00 1.909521596207451805e-04
7.568994742977013246e+00 1.944716281254229196e-04
7.577935570763386863e+00 1.974781329885892526e-04
7.586876398549759593e+00 1.999380848183044616e-04
7.595817226336132322e+00 2.018411122103903606e-04
7.604758054122505051e+00 2.032011708498748510e-04
7.613698881908877780e+00 2.040553002635541163e-04
7.622639709695250509e+00 2.044602119303539668e-04
7.631580537481623239e+00 2.044872387640149025e-04
7.640521365267996856e+00 2.042163861064612946e-04
7.649462193054368697e+00 2.037302617030670431e-04
7.658403020840742315e+00 2.031085460229128861e-04
7.667343848627114156e+00 2.024234533085155310e-04
7.676284676413487773e+00 2.017363978188000046e-04
7.685225504199860502e+00 2.010958757090310989e-04
7.694166331986233232e+00 2.005364322682055432e-04
7.703107159772605961e+00 2.000785129065723483e-04
7.712047987558978690e+00 1.997289829235911348e-04
7.720988815345351419e+00 1.994821263173317694e-04
7.729929643131724148e+00 1.993209779584578225e-04
7.738870470918097766e+00 1.992188904271927834e-04
7.747811298704469607e+00 1.991412760110738425e-04
7.756752126490843224e+00 1.990474900081367076e-04
7.765692954277215065e+00 1.988928317394198430e-04
7.774633782063588683e+00 1.986306356678213731e-04
7.783574609849961412e+00 1.982144100534672792e-04
7.792515437636334141e+00 1.975999595241313635e-04
7.801456265422706871e+00 1.967474066175488681e-04
7.810397093209079600e+00 1.956230117202413890e-04
7.819337920995453217e+00 1.942006860052670277e-04
7.828278748781825058e+00 1.924631012038456818e-04
7.837219576568198676e+00 1.904023238792919542e-04
7.846160404354570517e+00 1.880199378417291521e-04
7.855101232140944134e+00 1.853266613617506639e-04
7.864042059927316863e+00 1.823415092662813346e-04
7.872982887713689593e+00 1.790905871074944785e-04
7.881923715500062322e+00 1.756056300587412200e-04
7.890864543286435051e+00 1.719224101286206789e-04
7.899805371072807780e+00 1.680791316229752834e-04
7.908746198859180510e+00 1.641149189140466151e-04
7.917687026645554127e+00 1.600684764890587125e-04
7.926627854431925968e+00 1.559769734884486239e-04
7.935568682218299585e+00 1.518751776517647100e-04
7.944509510004671426e+00 1.477948398821817076e-04
7.953450337791045044e+00 1.437643123455774905e-04
7.962391165577417773e+00 1.398083707405281485e-04
7.971331993363790502e+00 1.359482047612584250e-04
7.980272821150163232e+00 1.322015388756180140e-04
7.989213648936535961e+00 1.285828471364075412e-04
7.998154476722908690e+00 1.251036296112897786e-04
8.007095304509281419e+00 1.217727230860319405e-04
8.016036132295655037e+00 1.185966241368329561e-04
8.024976960082026878e+00 1.155798079002240278e-04
8.033917787868400495e+00 1.127250305392675148e-04
8.042858615654772336e+00 1.100336073384869650e-04
8.051799443441145954e+00 1.075056615135663992e-04
8.060740271227519571e+00 1.051403412372603989e-04
8.069681099013891412e+00 1.029360041512088008e-04
8.078621926800263253e+00 1.008903698684565458e-04
8.087562754586636871e+00 9.900064179271254232e-05
8.096503582373010488e+00 9.726360010210817681e-05
8.105444410159382329e+00 9.567566807146023471e-05
8.114385237945755946e+00 9.423295412965567005e-05
8.123326065732127788e+00 9.293127224686376043e-05
8.132266893518501405e+00 9.176614348649630038e-05
8.141207721304873246e+00 9.073278189250791792e-05
8.150148549091246863e+00 8.982606835170515883e-05
8.159089376877620481e+00 8.904051669163513024e-05
8.168030204663992322e+00 8.837023703979707484e-05
8.176971032450364163e+00 8.780890233770471530e-05
8.185911860236737780e+00 8.734972478922518532e-05
8.194852688023111398e+00 8.698544979233383944e-05
8.203793515809483239e+00 8.670837537146958184e-05
8.212734343595856856e+00 8.651040506588149554e-05
8.221675171382228697e+00 8.638314139048830953e-05
8.230615999168602315e+00 8.631802514513236429e-05
8.239556826954974156e+00 8.630652286291082850e-05
8.248497654741347773e+00 8.634036056702918609e-05
8.257438482527721391e+00 8.641179697261386296e-05
8.266379310314093232e+00 8.651392380130279187e-05
8.275320138100465073e+00 8.664097568378950945e-05
8.284260965886838690e+00 8.678862806839103365e-05
8.293201793673212308e+00 8.695425948218758944e-05
8.302142621459584149e+00 8.713715504450796968e-05
8.311083449245957766e+00 8.733863154549928324e-05
8.320024277032329607e+00 8.756207038407159027e-05
8.328965104818703225e+00 8.781285239395669360e-05
8.337905932605075066e+00 8.809819687554788315e-05
8.346846760391448683e+00 8.842691466534903229e-05
8.355787588177822300e+00 8.880909064522667247e-05
8.364728415964194141e+00 8.925571395693640271e-05
8.373669243750565983e+00 8.977827411886704341e-05
8.382610071536939600e+00 9.038833855019582828e-05
8.391550899323313217e+00 9.109712241298034512e-05
8.400491727109685058e+00 9.191505613295797219e-05
8.409432554896058676e+00 9.285135044601944884e-05
8.418373382682430517e+00 9.391355423737956284e-05
8.427314210468804134e+00 9.510709753173012459e-05
8.436255038255175975e+00 9.643481132765225651e-05
8.445195866041549593e+00 9.789641798909659478e-05
8.454136693827923210e+00 9.948799095425751263e-05
8.463077521614295051e+00 1.012013908442942482e-04
8.472018349400666892e+00 1.030236967349588094e-04
8.480959177187040510e+00 1.049366661633787182e-04
8.489900004973414127e+00 1.069162745974593451e-04
8.498840832759785968e+00 1.089324029646981967e-04
8.507781660546159586e+00 1.109487576611888022e-04
8.516722488332531427e+00 1.129231172306293003e-04
8.525663316118905044e+00 1.148079985828389499e-04
8.534604143905276885e+00 1.165518179302252479e-04
8.543544971691650503e+00 1.181005834773590367e-04
8.552485799478024120e+00 1.194000974172575852e-04
8.561426627264395961e+00 1.203985683268695285e-04
8.570367455050767802e+00 1.210494524301828490e-04
8.579308282837141419e+00 1.213142700168593060e-04
8.588249110623515037e+00 1.211651007319615458e-04
8.597189938409886878e+00 1.205864647247746813e-04
8.606130766196260495e+00 1.195763529568691981e-04
8.615071593982632336e+00 1.181462732825493714e-04
8.624012421769005954e+00 1.163203099919709059e-04
8.632953249555377795e+00 1.141333258581831421e-04
8.641894077341751412e+00 1.116285398384474046e-04
8.650834905128125030e+00 1.088547711272147610e-04
8.659775732914496871e+00 1.058636450507283936e-04
8.668716560700868712e+00 1.027070153082865574e-04
8.677657388487242329e+00 9.943478629160609522e-05
8.686598216273615947e+00 9.609323759374340228e-05
8.695539044059987788e+00 9.272387681356588545e-05
8.704479871846361405e+00 8.936278714386097235e-05
8.713420699632733246e+00 8.604039740972974071e-05
8.722361527419106864e+00 8.278158342546437212e-05
8.731302355205478705e+00 7.960600681728940520e-05
8.740243182991852322e+00 7.652860566523360657e-05
8.749184010778225939e+00 7.356016552821558548e-05
8.758124838564597781e+00 7.070791572100249705e-05
8.767065666350969622e+00 6.797611145081635027e-05
8.776006494137343239e+00 6.536657608285367251e-05
8.784947321923716856e+00 6.287918875893212865e-05
8.793888149710088697e+00 6.051231080099553496e-05
8.802828977496462315e+00 5.826315008468168320e-05
8.811769805282834156e+00 5.612806630787697002e-05
8.820710633069207773e+00 5.410282227158071117e-05
8.829651460855579614e+00 5.218278736068976544e-05
8.838592288641953232e+00 5.036309971407132891e-05
8.847533116428326849e+00 4.863879338235298997e-05
8.856473944214698690e+00 4.700489629176492722e-05
8.865414772001070531e+00 4.545650420653752402e-05
8.874355599787444149e+00 4.398883520667264130e-05
8.883296427573817766e+00 4.259726853291348795e-05
8.892237255360189607e+00 4.127737103174294550e-05
8.901178083146563225e+00 4.002491387815125637e-05
8.910118910932935066e+00 3.883588176933441848e-05
8.919059738719308683e+00 3.770647636790028007e-05
8.928000566505680524e+00 3.663311542405812174e-05
8.936941394292054142e+00 3.561242871597792393e-05
8.945882222078427759e+00 3.464125170868334510e-05
8.954823049864799600e+00 3.371661763707729976e-05
8.963763877651173217e+00 3.283574856110509647e-05
8.972704705437545059e+00 3.199604581443360327e-05
8.981645533223918676e+00 3.119508016690864270e-05
8.990586361010290517e+00 3.043058194083848617e-05
8.999527188796664134e+00 2.970043125787179728e-05
9.008468016583037752e+00 2.900264854366114856e-05
9.017408844369409593e+00 2.833538537889933713e-05
9.026349672155781434e+00 2.769691575549783385e-05
9.035290499942155051e+00 2.708562777383545419e-05
9.044231327728528669e+00 2.650001579968241442e-05
9.053172155514900510e+00 2.593867308644120202e-05
9.062112983301274127e+00 2.540028485879042283e-05
9.071053811087645968e+00 2.488362184692655062e-05
9.079994638874019586e+00 2.438753425576841488e-05
9.088935466660391427e+00 2.391094615025700839e-05
9.097876294446765044e+00 2.345285023585867240e-05
9.106817122233138662e+00 2.301230301228508271e-05
9.115757950019510503e+00 2.258842027803092484e-05
9.124698777805882344e+00 2.218037296343168497e-05
9.133639605592255961e+00 2.178738327041037016e-05
9.142580433378629579e+00 2.140872109780792574e-05
9.151521261165001420e+00 2.104370073209090814e-05
9.160462088951375037e+00 2.069167778424267696e-05
9.169402916737746878e+00 2.035204635471593124e-05
9.178343744524120495e+00 2.002423640942109894e-05
9.187284572310492337e+00 1.970771135082476116e-05
9.196225400096865954e+00 1.940196576930384653e-05
9.205166227883239571e+00 1.910652336094792217e-05
9.214107055669611412e+00 1.882093499899385741e-05
9.223047883455983253e+00 1.854477694702937109e-05
9.231988711242356871e+00 1.827764920299407839e-05
9.240929539028730488e+00 1.801917396384788240e-05
9.249870366815102329e+00 1.776899420156078925e-05
9.258811194601474170e+00 1.752677234181052667e-05
9.267752022387847788e+00 1.729218903745445874e-05
9.276692850174221405e+00 1.706494202947040882e-05
9.285633677960593246e+00 1.684474508864418119e-05
9.294574505746966864e+00 1.663132703181898411e-05
9.303515333533340481e+00 1.642443080701775580e-05
9.312456161319712322e+00 1.622381264220476292e-05
9.321396989106084163e+00 1.602924125287327140e-05
9.330337816892457781e+00 1.584049710403250899e-05
9.339278644678831398e+00 1.565737172252048727e-05
9.348219472465203239e+00 1.547966705589581932e-05
9.357160300251575080e+00 1.530719487446009262e-05
9.366101128037950474e+00 1.513977621323733893e-05
9.375041955824322315e+00 1.497724085098837320e-05
9.383982783610694156e+00 1.481942682356828154e-05
9.392923611397067774e+00 1.466617996914934286e-05
9.401864439183441391e+00 1.451735350302388941e-05
9.410805266969813232e+00 1.437280761988162965e-05
9.419746094756185073e+00 1.423240912161926816e-05
9.428686922542558690e+00 1.409603106889135125e-05
9.437627750328932308e+00 1.396355245474876540e-05
9.446568578115304149e+00 1.383485789883862513e-05
9.455509405901675990e+00 1.370983736075610100e-05
9.464450233688051384e+00 1.358838587124584569e-05
9.473391061474423225e+00 1.347040328004957923e-05
9.482331889260795066e+00 1.335579401928609014e-05
9.491272717047168683e+00 1.324446688133547632e-05
9.500213544833542301e+00 1.313633481027433425e-05
9.509154372619914142e+00 1.303131470598048420e-05
9.518095200406285983e+00 1.292932724009113879e-05
9.527036028192659600e+00 1.283029668305839926e-05
9.535976855979033218e+00 1.273415074160178464e-05
9.544917683765405059e+00 1.264082040590855334e-05
9.553858511551776900e+00 1.255023980598042539e-05
9.562799339338152294e+00 1.246234607656887320e-05
9.571740167124524135e+00 1.237707923018200947e-05
9.580680994910895976e+00 1.229438203768311803e-05
9.589621822697269593e+00 1.221419991603666043e-05
9.598562650483643210e+00 1.213648082278916182e-05
9.607503478270015052e+00 1.206117515690245253e-05
9.616444306056386893e+00 1.198823566558507355e-05
9.625385133842760510e+00 1.191761735679328352e-05
9.634325961629134127e+00 1.184927741709734518e-05
9.643266789415505968e+00 1.178317513463131220e-05
9.652207617201877810e+00 1.171927182686573866e-05
9.661148444988253203e+00 1.165753077296251320e-05
9.670089272774625044e+00 1.159791715048929209e-05
9.679030100560996885e+00 1.154039797628842906e-05
9.687970928347370503e+00 1.148494205131210465e-05
9.696911756133744120e+00 1.143151990925019814e-05
9.705852583920115961e+00 1.138010376879245248e-05
9.714793411706487802e+00 1.133066748938014236e-05
9.723734239492861420e+00 1.128318653031608377e-05
9.732675067279235037e+00 1.123763791311382130e-05
9.741615895065606878e+00 1.119400018697956007e-05
9.750556722851980496e+00 1.115225339733166440e-05
9.759497550638354113e+00 1.111237905727423142e-05
9.768438378424725954e+00 1.107436012195194378e-05
9.777379206211097795e+00 1.103818096572430203e-05
9.786320033997471413e+00 1.100382736210807076e-05
9.795260861783845030e+00 1.097128646644717085e-05
9.804201689570216871e+00 1.094054680127957376e-05
9.813142517356588712e+00 1.091159824438160935e-05
9.822083345142962330e+00 1.088443201948041901e-05
9.831024172929335947e+00 1.085904068963624311e-05
9.839965000715707788e+00 1.083541815330708898e-05
9.848905828502081405e+00 1.081355964312001137e-05
9.857846656288455023e+00 1.079346172738477557e-05
9.866787484074826864e+00 1.077512231439824167e-05
9.875728311861198705e+00 1.075854065960048177e-05
9.884669139647572322e+00 1.074371737565787712e-05
9.893609967433945940e+00 1.073065444556244369e-05
9.902550795220317781e+00 1.071935523885262491e-05
9.911491623006689622e+00 1.070982453107741932e-05
9.920432450793063239e+00 1.070206852664385088e-05
9.929373278579436857e+00 1.069609488520729177e-05
9.938314106365808698e+00 1.069191275178553185e-05
9.947254934152182315e+00 1.068953279080094635e-05
9.956195761938555933e+00 1.068896722428045872e-05
9.965136589724927774e+00 1.069022987447118442e-05
9.974077417511299615e+00 1.069333621116076170e-05
9.983018245297673232e+00 1.069830340402548360e-05
9.991959073084046850e+00 1.070515038036754497e-05
1.000089990087041869e+01 1.071389788864492918e-05
1.000984072865679053e+01 1.072456856824462915e-05
1.001878155644316415e+01 1.073718702600248057e-05
1.002772238422953777e+01 1.075177992003187652e-05
1.003666321201590961e+01 1.076837605148956021e-05
1.004560403980228322e+01 1.078700646498106740e-05
1.005454486758865684e+01 1.080770455839182273e-05
1.006348569537502868e+01 1.083050620302407909e-05
1.007242652316140052e+01 1.085544987502647999e-05
1.008136735094777414e+01 1.088257679922332872e-05
1.009030817873414776e+01 1.091193110658718659e-05
1.009924900652051960e+01 1.094356000675360575e-05
1.010818983430689144e+01 1.097751397715297639e-05
1.011713066209326506e+01 1.101384697053548431e-05
1.012607148987963868e+01 1.105261664289423627e-05
1.013501231766601052e+01 1.109388460405376737e-05
1.014395314545238413e+01 1.113771669349089243e-05
1.015289397323875775e+01 1.118418328429849137e-05
1.016183480102512959e+01 1.123335961859763398e-05
1.017077562881150143e+01 1.128532617815702727e-05
1.017971645659787505e+01 1.134016909450128276e-05
1.018865728438424867e+01 1.139798060339156556e-05
1.019759811217062051e+01 1.145885954925791243e-05
1.020653893995699235e+01 1.152291194596583764e-05
1.021547976774336597e+01 1.159025160123005319e-05
1.022442059552973959e+01 1.166100081306536142e-05
1.023336142331611143e+01 1.173529114791403947e-05
1.024230225110248504e+01 1.181326431153791745e-05
1.025124307888885866e+01 1.189507312544559488e-05
1.026018390667523050e+01 1.198088262357887767e-05
1.026912473446160234e+01 1.207087128625003157e-05
1.027806556224797596e+01 1.216523243095353730e-05
1.028700639003434958e+01 1.226417578272791879e-05
1.029594721782072142e+01 1.236792925027606392e-05
1.030488804560709326e+01 1.247674093813307350e-05
1.031382887339346688e+01 1.259088142986682841e-05
1.032276970117984050e+01 1.271064638267825975e-05
1.033171052896621234e+01 1.283635947989178054e-05
1.034065135675258595e+01 1.296837579473338852e-05
1.034959218453895957e+01 1.310708562648422883e-05
1.035853301232533141e+01 1.325291887850748610e-05
1.036747384011170325e+01 1.340635005659712453e-05
1.037641466789807687e+01 1.356790397523407317e-05
1.038535549568445049e+01 1.373816226802241159e-05
1.039429632347082233e+01 1.391777080573983907e-05
1.040323715125719417e+01 1.410744812933424621e-05
1.041217797904356779e+01 1.430799500307908560e-05
1.042111880682994141e+01 1.452030518069813585e-05
1.043005963461631325e+01 1.474537744805362547e-05
1.043900046240268686e+01 1.498432895009391227e-05
1.044794129018906048e+01 1.523840971242350054e-05
1.045688211797543232e+01 1.550901810727245642e-05
1.046582294576180416e+01 1.579771675791941284e-05
1.047476377354817778e+01 1.610624797884566692e-05
1.048370460133455140e+01 1.643654724614897336e-05
1.049264542912092324e+01 1.679075229455311271e-05
1.050158625690729508e+01 1.717120412488355293e-05
1.051052708469367047e+01 1.758043433022790192e-05
1.051946791248004232e+01 1.802113054162426229e-05
1.052840874026641416e+01 1.849606830249455737e-05
1.053734956805278777e+01 1.900799325451224428e-05
1.054629039583916139e+01 1.955943238436403785e-05
1.055523122362553323e+01 2.015240807277746953e-05
1.056417205141190507e+01 2.078802576936001234e-05
1.057311287919827869e+01 2.146590911886628347e-05
1.058205370698465231e+01 2.218347170246073291e-05
1.059099453477102415e+01 2.293505124968330962e-05
1.059993536255739599e+01 2.371099963256723849e-05
1.060887619034377138e+01 2.449692321065280337e-05
1.061781701813014323e+01 2.527338685480876664e-05
1.062675784591651507e+01 2.601647981098761594e-05
1.063569867370288868e+01 2.669960211318954106e-05
1.064463950148926230e+01 2.729657159553273044e-05
1.065358032927563414e+01 2.778566126471066814e-05
1.066252115706200598e+01 2.815362053604888572e-05
1.067146198484837960e+01 2.839844214077306817e-05
1.068040281263475322e+01 2.852989802844167966e-05
1.068934364042112506e+01 2.856764945800701293e-05
1.069828446820749690e+01 2.853762745853361511e-05
1.070722529599387229e+01 2.846788440299262326e-05
1.071616612378024413e+01 2.838503352007956494e-05
1.072510695156661598e+01 2.831190493841282676e-05
1.073404777935298959e+01 2.826650075659354998e-05
1.074298860713936321e+01 2.826197192776798626e-05
1.075192943492573505e+01 2.830721864225398566e-05
1.076087026271210689e+01 2.840776036628355841e-05
1.076981109049848051e+01 2.856663331523727939e-05
1.077875191828485413e+01 2.878518397459889784e-05
1.078769274607122597e+01 2.906370839964085725e-05
1.079663357385759781e+01 2.940193524809131485e-05
1.080557440164397320e+01 2.979937356204015794e-05
1.081451522943034504e+01 3.025555369756044159e-05
1.082345605721671689e+01 3.077018897241455146e-05
1.083239688500309050e+01 3.134328134509389087e-05
1.084133771278946412e+01 3.197518937907916178e-05
1.085027854057583596e+01 3.266667211226317207e-05
1.085921936836220780e+01 3.341891868146639393e-05
1.086816019614858142e+01 3.423357069376040584e-05
1.087710102393495504e+01 3.511274227563250516e-05
1.088604185172132688e+01 3.605904130864921790e-05
1.089498267950770050e+01 3.707559442502746333e-05
1.090392350729407411e+01 3.816607776451926400e-05
1.091286433508044595e+01 3.933475519214595307e-05
1.092180516286681780e+01 4.058652557918170534e-05
1.093074599065319141e+01 4.192698081497737045e-05
1.093968681843956503e+01 4.336247642061805358e-05
1.094862764622593687e+01 4.490021696765818888e-05
1.095756847401230871e+01 4.654835896895435622e-05
1.096650930179868233e+01 4.831613451707009996e-05
1.097545012958505595e+01 5.021399972128772946e-05
1.098439095737142779e+01 5.225381296783280567e-05
1.099333178515780141e+01 5.444904923740231581e-05
1.100227261294417502e+01 5.681505820151318628e-05
1.101121344073054686e+01 5.936937562416191540e-05
1.102015426851691871e+01 6.213209974145326336e-05
1.102909509630329232e+01 6.512634676034079141e-05
1.103803592408966594e+01 6.837880229573466422e-05
1.104697675187603778e+01 7.192038815101999504e-05
1.105591757966240962e+01 7.578706567405183380e-05
1.106485840744878324e+01 8.002079664113270936e-05
1.107379923523515686e+01 8.467067764095261560e-05
1.108274006302152870e+01 8.979424941543665581e-05
1.109168089080790232e+01 9.545894978438008429e-05
1.110062171859427593e+01 1.017436120598087785e-04
1.110956254638064777e+01 1.087397833589932769e-04
1.111850337416701962e+01 1.165524042526453066e-04
1.112744420195339323e+01 1.252989826762476711e-04
1.113638502973976685e+01 1.351057122893864644e-04
1.114532585752613869e+01 1.460979194724014636e-04
1.115426668531251053e+01 1.583807395620022266e-04
1.116320751309888415e+01 1.720043094396290465e-04
1.117214834088525777e+01 1.869071843136432506e-04
1.118108916867162961e+01 2.028350773900988648e-04
1.119002999645800323e+01 2.192446097866980004e-04
1.119897082424437684e+01 2.352284420569272013e-04
1.120791165203074868e+01 2.495329576049674990e-04
1.121685247981712052e+01 2.607491953152631559e-04
1.122579330760349414e+01 2.676875859602167226e-04
1.123473413538986776e+01 2.697941166353294454e-04
1.124367496317623960e+01 2.673596221690052255e-04
1.125261579096261144e+01 2.613757857054975682e-04
1.126155661874898506e+01 2.531417309714084239e-04
1.127049744653535868e+01 2.438682363597083661e-04
1.127943827432173052e+01 2.344510096942893120e-04
1.128837910210810414e+01 2.254270182796979814e-04
1.129731992989447775e+01 2.170392955896522085e-04
1.130626075768084959e+01 2.093340473134725150e-04
1.131520158546722143e+01 2.022471524661002818e-04
1.132414241325359505e+01 1.956662245202423433e-04
1.133308324103996867e+01 1.894693650089172138e-04
1.134202406882634051e+01 1.835464989039594936e-04
1.135096489661271235e+01 1.778091904400046046e-04
1.135990572439908597e+01 1.721934208583826586e-04
1.136884655218545959e+01 1.666583635440789849e-04
1.137778737997183143e+01 1.611831042930713222e-04
1.138672820775820504e+01 1.557625232174408533e-04
1.139566903554457866e+01 1.504030811236043786e-04
1.140460986333095050e+01 1.451189449758148449e-04
1.141355069111732234e+01 1.399286820999405144e-04
1.142249151890369596e+01 1.348526146166931542e-04
1.143143234669006958e+01 1.299108338529608633e-04
1.144037317447644142e+01 1.251218171306620812e-04
1.144931400226281326e+01 1.205015580356593249e-04
1.145825483004918688e+01 1.160631092389021070e-04
1.146719565783556050e+01 1.118164382782097058e-04
1.147613648562193234e+01 1.077685063820315507e-04
1.148507731340830595e+01 1.039234944014637258e-04
1.149401814119467957e+01 1.002831152542141741e-04
1.150295896898105141e+01 9.684696701242029413e-05
1.151189979676742325e+01 9.361289375782771342e-05
1.152084062455379687e+01 9.057733208382110499e-05
1.152978145234017049e+01 8.773562957177725150e-05
1.153872228012654233e+01 8.508232789246552186e-05
1.154766310791291417e+01 8.261140769231047933e-05
1.155660393569928779e+01 8.031649546935916613e-05
1.156554476348566141e+01 7.819103456144482203e-05
1.157448559127203325e+01 7.622842345452814528e-05
1.158342641905840686e+01 7.442212511573405732e-05
1.159236724684478048e+01 7.276575115411742091e-05
1.160130807463115232e+01 7.125312445649727643e-05
1.161024890241752416e+01 6.987832364041727889e-05
1.161918973020389778e+01 6.863571228453798799e-05
1.162813055799027140e+01 6.751995548787477648e-05
1.163707138577664324e+01 6.652602590493827581e-05
1.164601221356301508e+01 6.564920102312802892e-05
1.165495304134939047e+01 6.488505310224222113e-05
1.166389386913576232e+01 6.422943288863852077e-05
1.167283469692213416e+01 6.367844794993602416e-05
1.168177552470850777e+01 6.322843624989919981e-05
1.169071635249488139e+01 6.287593539621630487e-05
1.169965718028125323e+01 6.261764784533316579e-05
1.170859800806762507e+01 6.245040223791523061e-05
1.171753883585399869e+01 6.237111096639703066e-05
1.172647966364037231e+01 6.237672404405473342e-05
1.173542049142674415e+01 6.246417935588503302e-05
1.174436131921311599e+01 6.263034942906191337e-05
1.175330214699949138e+01 6.287198496946314367e-05
1.176224297478586323e+01 6.318565557554874773e-05
1.177118380257223507e+01 6.356768826610870735e-05
1.178012463035860868e+01 6.401410474692947395e-05
1.178906545814498230e+01 6.452055869319154907e-05
1.179800628593135414e+01 6.508227473464831849e-05
1.180694711371772598e+01 6.569399128789197748e-05
1.181588794150409960e+01 6.634990986392917873e-05
1.182482876929047322e+01 6.704365395852883729e-05
1.183376959707684506e+01 6.776824106358737821e-05
1.184271042486321690e+01 6.851607166337246721e-05
1.185165125264959229e+01 6.927893923182405268e-05
1.186059208043596414e+01 7.004806515046028048e-05
1.186953290822233598e+01 7.081416204481929806e-05
1.187847373600870959e+01 7.156752822485907726e-05
1.188741456379508321e+01 7.229817466912965575e-05
1.189635539158145505e+01 7.299598431036844371e-05
1.190529621936782689e+01 7.365090131146720734e-05
1.191423704715420051e+01 7.425314567931596361e-05
1.192317787494057413e+01 7.479344613018205933e-05
1.193211870272694597e+01 7.526328183213051002e-05
1.194105953051331781e+01 7.565512178135215331e-05
1.195000035829969320e+01 7.596264939486499208e-05
1.195894118608606504e+01 7.618095965412674574e-05
1.196788201387243689e+01 7.630671695769275639e-05
1.197682284165881050e+01 7.633826375765836005e-05
1.198576366944518412e+01 7.627567294350743406e-05
1.199470449723155596e+01 7.612074054075887843e-05
1.200364532501792780e+01 7.587691924788017084e-05
1.201258615280430142e+01 7.554919722781883878e-05
1.202152698059067504e+01 7.514392999498382280e-05
1.203046780837704688e+01 7.466863586058651223e-05
1.203940863616342050e+01 7.413176700242274158e-05
1.204834946394979411e+01 7.354246873352249074e-05
1.205729029173616595e+01 7.291033901959324652e-05
1.206623111952253780e+01 7.224519891249880097e-05
1.207517194730891141e+01 7.155688257371398554e-05
1.208411277509528503e+01 7.085505323338984899e-05
1.209305360288165687e+01 7.014904903017150613e-05
1.210199443066802871e+01 6.944776042369555670e-05
1.211093525845440233e+01 6.875953892421539089e-05
1.211987608624077595e+01 6.809213533493092255e-05
1.212881691402714779e+01 6.745266458488727540e-05
1.213775774181352141e+01 6.684759352799363153e-05
1.214669856959989502e+01 6.628274774745103438e-05
1.215563939738626686e+01 6.576333336631385652e-05
1.216458022517263871e+01 6.529397004912383153e-05
1.217352105295901232e+01 6.487873171436050047e-05
1.218246188074538594e+01 6.452119189939727983e-05
1.219140270853175778e+01 6.422447117711825061e-05
1.220034353631812962e+01 6.399128447742458582e-05
1.220928436410450324e+01 6.382398659049167788e-05
1.221822519189087686e+01 6.372461450521350749e-05
1.222716601967724870e+01 6.369492555739727547e-05
1.223610684746362232e+01 6.373643062593679280e-05
1.224504767524999593e+01 6.385042182379649421e-05
1.225398850303636777e+01 6.403799428959058599e-05
1.226292933082273962e+01 6.430006180206072008e-05
1.227187015860911323e+01 6.463736602202448209e-05
1.228081098639548685e+01 6.505047922310683089e-05
1.228975181418185869e+01 6.553980041260681010e-05
1.229869264196823053e+01 6.610554477616077858e-05
1.230763346975460415e+01 6.674772641341961295e-05
1.231657429754097777e+01 6.746613437596610469e-05
1.232551512532734961e+01 6.826030208250984512e-05
1.233445595311372323e+01 6.912947027972085438e-05
1.234339678090009684e+01 7.007254384979384233e-05
1.235233760868646868e+01 7.108804294795917529e-05
1.236127843647284053e+01 7.217404919429045015e-05
1.237021926425921414e+01 7.332814795291882370e-05
1.237916009204558776e+01 7.454736811482149219e-05
1.238810091983195960e+01 7.582812126095721456e-05
1.239704174761833144e+01 7.716614261893487694e-05
1.240598257540470506e+01 7.855643682969123249e-05
1.241492340319107868e+01 7.999323219250055580e-05
1.242386423097745052e+01 8.146994772705520188e-05
1.243280505876382414e+01 8.297917803688683452e-05
1.244174588655019775e+01 8.451270152111984722e-05
1.245068671433656959e+01 8.606151788990941192e-05
1.245962754212294143e+01 8.761592111034463537e-05
1.246856836990931505e+01 8.916561375661212030e-05
1.247750919769568867e+01 9.069986817692928004e-05
1.248645002548206051e+01 9.220773885162063905e-05
1.249539085326843235e+01 9.367832876132315767e-05
1.250433168105480597e+01 9.510111051086107858e-05
1.251327250884117959e+01 9.646630040759302839e-05
1.252221333662755143e+01 9.776528075735949617e-05
1.253115416441392505e+01 9.899106241575274343e-05
1.254009499220029866e+01 1.001387761781979768e-04
1.254903581998667050e+01 1.012061778409938909e-04
1.255797664777304234e+01 1.021941473794884734e-04
1.256691747555941596e+01 1.031071568616154401e-04
1.257585830334578958e+01 1.039536728967703261e-04
1.258479913113216142e+01 1.047464449816365700e-04
1.259373995891853326e+01 1.055026069677422149e-04
1.260268078670490688e+01 1.062434792801551201e-04
1.261162161449128050e+01 1.069938973781927070e-04
1.262056244227765234e+01 1.077808009103640454e-04
1.262950327006402595e+01 1.086306985354058374e-04
1.263844409785039957e+01 1.095654970467197675e-04
1.264738492563677141e+01 1.105961209978653285e-04
1.265632575342314325e+01 1.117135134332223489e-04
1.266526658120951687e+01 1.128772914006315946e-04
1.267420740899589049e+01 1.140039002734935839e-04
1.268314823678226233e+01 1.149586988549478761e-04
1.269208906456863417e+01 1.155591744528773515e-04
1.270102989235500779e+01 1.155968484172881070e-04
1.270997072014138141e+01 1.148797790091063089e-04
1.271891154792775325e+01 1.132852577297307833e-04
1.272785237571412686e+01 1.108005077170562055e-04
1.273679320350050048e+01 1.075300641697458606e-04
1.274573403128687232e+01 1.036656789171487954e-04
1.275467485907324416e+01 9.943519226396109868e-05
1.276361568685961778e+01 9.505419784984431113e-05
1.277255651464599140e+01 9.069595566812181187e-05
1.278149734243236324e+01 8.648165007280906051e-05
1.279043817021873508e+01 8.248473008387645702e-05
1.279937899800511047e+01 7.874157952765951430e-05
1.280831982579148232e+01 7.526301628278924544e-05
1.281726065357785416e+01 7.204393356903915997e-05
1.282620148136422777e+01 6.907035119377596575e-05
1.283514230915060139e+01 6.632411492164279657e-05
1.284408313693697323e+01 6.378580036082526303e-05
1.285302396472334507e+01 6.143637612067087629e-05
1.286196479250971869e+01 5.925806647499678618e-05
1.287090562029609231e+01 5.723472558318112483e-05
1.287984644808246415e+01 5.535192962792325090e-05
1.288878727586883599e+01 5.359691674244396051e-05
1.289772810365521138e+01 5.195845316818164980e-05
1.290666893144158323e+01 5.042667111910090650e-05
1.291560975922795507e+01 4.899290343879658682e-05
1.292455058701432868e+01 4.764952790411013935e-05
1.293349141480070230e+01 4.638982691457361844e-05
1.294243224258707414e+01 4.520786432216417658e-05
1.295137307037344598e+01 4.409837904115873397e-05
1.296031389815981960e+01 4.305669405430699652e-05
1.296925472594619322e+01 4.207863902612295074e-05
1.297819555373256506e+01 4.116048466466136279e-05
1.298713638151893690e+01 4.029888707443576374e-05
1.299607720930531229e+01 3.949084052060240156e-05
1.300501803709168414e+01 3.873363722578971620e-05
1.301395886487805598e+01 3.802483301840132914e-05
1.302289969266442959e+01 3.736221783158665026e-05
1.303184052045080321e+01 3.674379021007198202e-05
1.304078134823717505e+01 3.616773511682445621e-05
1.304972217602354689e+01 3.563240444436157380e-05
1.305866300380992051e+01 3.513629972872299179e-05
1.306760383159629413e+01 3.467805664030200908e-05
1.307654465938266597e+01 3.425643088746917013e-05
1.308548548716903781e+01 3.387028521859268706e-05
1.309442631495541320e+01 3.351857724780376961e-05
1.310336714274178505e+01 3.320034786154658218e-05
1.311230797052815689e+01 3.291470998825878758e-05
1.312124879831453050e+01 3.266083753392692553e-05
1.313018962610090412e+01 3.243795430310974164e-05
1.313913045388727596e+01 3.224532273960338037e-05
1.314807128167364780e+01 3.208223233448542679e-05
1.315701210946002142e+01 3.194798756309433452e-05
1.316595293724639504e+01 3.184189522788143155e-05
1.317489376503276688e+01 3.176325110243467646e-05
1.318383459281914050e+01 3.171132579478959238e-05
1.319277542060551411e+01 3.168534977701523234e-05
1.320171624839188596e+01 3.168449756462306526e-05
1.321065707617825780e+01 3.170787107526624565e-05
1.321959790396462964e+01 3.175448225301979993e-05
1.322853873175100503e+01 3.182323511359285730e-05
1.323747955953737687e+01 3.191290744798025203e-05
1.324642038732374871e+01 3.202213251748655320e-05
1.325536121511012411e+01 3.214938118084854994e-05
1.326430204289649595e+01 3.229294501204686192e-05
1.327324287068286779e+01 3.245092109119507930e-05
1.328218369846923963e+01 3.262119927426334850e-05
1.329112452625561502e+01 3.280145286149412017e-05
1.330006535404198686e+01 3.298913367767504788e-05
1.330900618182835871e+01 3.318147263599604109e-05
1.331794700961473055e+01 3.337548686514983773e-05
1.332688783740110594e+01 3.356799441996593993e-05
1.333582866518747778e+01 3.375563745338411612e-05
1.334476949297384962e+01 3.393491448930703808e-05
1.335371032076022502e+01 3.410222209498810469e-05
1.336265114854659686e+01 3.425390581004296540e-05
1.337159197633296870e+01 3.438631966018516851e-05
1.338053280411934054e+01 3.449589299381192664e-05
1.338947363190571593e+01 3.457920276847315676e-05
1.339841445969208777e+01 3.463304883362082080e-05
1.340735528747845962e+01 3.465452926505766066e-05
1.341629611526483146e+01 3.464111246562557369e-05
1.342523694305120685e+01 3.459070260957684839e-05
1.343417777083757869e+01 3.450169511309347591e-05
1.344311859862395053e+01 3.437301917599954463e-05
1.345205942641032593e+01 3.420416504740321414e-05
1.346100025419669777e+01 3.399519447938058650e-05
1.346994108198306961e+01 3.374673378098029845e-05
1.347888190976944145e+01 3.345994988519209525e-05
1.348782273755581684e+01 3.313651080270102933e-05
1.349676356534218868e+01 3.277853267219301298e-05
1.350570439312856053e+01 3.238851625807792904e-05
1.351464522091493592e+01 3.196927614782948225e-05
1.352358604870130776e+01 3.152386604640988234e-05
1.353252687648767960e+01 3.105550346628419976e-05
1.354146770427405144e+01 3.056749680369045841e-05
1.355040853206042684e+01 3.006317732670053746e-05
1.355934935984679868e+01 2.954583803760667200e-05
1.356829018763317052e+01 2.901868077039053894e-05
1.357723101541954236e+01 2.848477229579840519e-05
1.358617184320591775e+01 2.794700967299374136e-05
1.359511267099228959e+01 2.740809463591506698e-05
1.360405349877866144e+01 2.687051644925303110e-05
1.361299432656503683e+01 2.633654241685872950e-05
1.362193515435140867e+01 2.580821506886079268e-05
1.363087598213778051e+01 2.528735498114569855e-05
1.363981680992415235e+01 2.477556817704134419e-05
1.364875763771052775e+01 2.427425710972746153e-05
1.365769846549689959e+01 2.378463430941112940e-05
1.366663929328327143e+01 2.330773788761205452e-05
1.367558012106964327e+01 2.284444821038480235e-05
1.368452094885601866e+01 2.239550517381577843e-05
1.369346177664239050e+01 2.196152563205998470e-05
1.370240260442876234e+01 2.154302063605253228e-05
1.371134343221513774e+01 2.114041223721239467e-05
1.372028426000150958e+01 2.075404969370392631e-05
1.372922508778788142e+01 2.038422498691854393e-05
1.373816591557425326e+01 2.003118761322729327e-05
1.374710674336062866e+01 1.969515866149270021e-05
1.375604757114700050e+01 1.937634422118811553e-05
1.376498839893337234e+01 1.907494818993517890e-05
1.377392922671974418e+01 1.879118456314948584e-05
1.378287005450611957e+01 1.852528929194712060e-05
1.379181088229249141e+01 1.827753178732771295e-05
1.380075171007886325e+01 1.804822612644998663e-05
1.380969253786523865e+01 1.783774197646451046e-05
1.381863336565161049e+01 1.764651518646353812e-05
1.382757419343798233e+01 1.747505789925040459e-05
1.383651502122435417e+01 1.732396788836756407e-05
1.384545584901072957e+01 1.719393661351467455e-05
1.385439667679710141e+01 1.708575518407902481e-05
1.386333750458347325e+01 1.700031699352031012e-05
1.387227833236984509e+01 1.693861519700562163e-05
1.388121916015622048e+01 1.690173240639033345e-05
1.389015998794259232e+01 1.689081892886844274e-05
1.389910081572896416e+01 1.690705455776217347e-05
1.390804164351533956e+01 1.695158737176023629e-05
1.391698247130171140e+01 1.702544136818976906e-05
1.392592329908808324e+01 1.712938342604641452e-05
1.393486412687445508e+01 1.726373981841582267e-05
1.394380495466083048e+01 1.742815457581981558e-05
1.395274578244720232e+01 1.762128842401130757e-05
1.396168661023357416e+01 1.784047031991703358e-05
1.397062743801994600e+01 1.808133614591640509e-05
1.397956826580632139e+01 1.833752124159700455e-05
1.398850909359269323e+01 1.860051031235433947e-05
1.399744992137906507e+01 1.885977615416896776e-05
1.400639074916544047e+01 1.910333392595919011e-05
1.401533157695181231e+01 1.931877363644899447e-05
1.402427240473818415e+01 1.949469884655936376e-05
1.403321323252455599e+01 1.962232290561659225e-05
1.404215406031093138e+01 1.969683236077494928e-05
1.405109488809730323e+01 1.971811444210949237e-05
1.406003571588367507e+01 1.969060591234713384e-05
1.406897654367004691e+01 1.962229802609425738e-05
1.407791737145642230e+01 1.952319335253393753e-05
1.408685819924279414e+01 1.940363283755925226e-05
1.409579902702916598e+01 1.927286399043984534e-05
1.410473985481554138e+01 1.913806495417123482e-05
1.411368068260191322e+01 1.900386891485764538e-05
1.412262151038828506e+01 1.887231497891899310e-05
1.413156233817465690e+01 1.874310233511318548e-05
1.414050316596103229e+01 1.861402690771287593e-05
1.414944399374740414e+01 1.848150648739500484e-05
