5.217557035160964141e+00 3.910283065828736552e-06
5.226497862947336870e+00 4.022598675791480072e-06
5.235438690733709599e+00 4.134775050497890745e-06
5.244379518520082328e+00 4.246811993107346529e-06
5.253320346306455058e+00 4.358709301144372581e-06
5.262261174092827787e+00 4.470466766308276532e-06
5.271202001879201404e+00 4.582084174275314626e-06
5.280142829665574133e+00 4.693561304493069387e-06
5.289083657451946863e+00 4.804897929966759304e-06
5.298024485238319592e+00 4.916093817036959594e-06
5.306965313024692321e+00 5.027148725148490958e-06
5.315906140811065050e+00 5.138062406610012997e-06
5.324846968597437780e+00 5.248834524397099975e-06
5.333787796383810509e+00 5.359464873370619317e-06
5.342728624170183238e+00 5.469953197817574503e-06
5.351669451956555967e+00 5.580299218358643156e-06
5.360610279742928697e+00 5.690502647091738699e-06
5.369551107529302314e+00 5.800563187284414574e-06
5.378491935315675043e+00 5.910480533053360532e-06
5.387432763102047772e+00 6.020254369030492073e-06
5.396373590888420502e+00 6.129884370014791113e-06
5.405314418674793231e+00 6.239370200609375232e-06
5.414255246461165960e+00 6.348711514843021329e-06
5.423196074247538689e+00 6.457907955775350867e-06
5.432136902033911419e+00 6.566959155084940611e-06
5.441077729820284148e+00 6.675864732639444096e-06
5.450018557606656877e+00 6.784624296046883545e-06
5.458959385393030495e+00 6.890576452624439741e-06
5.467900213179403224e+00 6.991886775581006068e-06
5.476841040965775953e+00 7.090789160846889381e-06
5.485781868752148682e+00 7.189274403426821105e-06
5.494722696538521411e+00 7.287343156843773503e-06
5.503663524324894141e+00 7.384996059269324943e-06
5.512604352111266870e+00 7.482233733015036940e-06
5.521545179897639599e+00 7.579056784000370927e-06
5.530486007684012328e+00 7.675465801195885225e-06
5.539426835470385058e+00 7.769965934851306679e-06
5.548367663256758675e+00 7.859156510661275305e-06
5.557308491043131404e+00 7.944057182881231684e-06
5.566249318829504134e+00 8.027781454581296150e-06
5.575190146615876863e+00 8.107338054845459634e-06
5.584130974402249592e+00 8.179350122485936134e-06
5.593071802188622321e+00 8.250524664161072350e-06
5.602012629974995050e+00 8.319641589793731623e-06
5.610953457761367780e+00 8.376747353929167109e-06
5.619894285547740509e+00 8.432457587360138649e-06
5.628835113334113238e+00 8.487037003300184124e-06
5.637775941120485967e+00 8.530147108782799970e-06
5.646716768906859585e+00 8.567731458580258775e-06
5.655657596693232314e+00 8.604111122437998861e-06
5.664598424479605043e+00 8.632858315489728670e-06
5.673539252265977773e+00 8.651855180837457831e-06
5.682480080052350502e+00 8.668734543022432984e-06
5.691420907838723231e+00 8.682380604271504158e-06
5.700361735625095960e+00 8.685089571998434624e-06
5.709302563411468689e+00 8.684428810063632849e-06
5.718243391197841419e+00 8.682654126067145713e-06
5.727184218984214148e+00 8.673932556330075203e-06
5.736125046770586877e+00 8.661345864006619473e-06
5.745065874556960495e+00 8.647496192350464494e-06
5.754006702343333224e+00 8.632039327060078078e-06
5.762947530129705953e+00 8.614945714358254183e-06
5.771888357916078682e+00 8.596705819069744094e-06
5.780829185702451412e+00 8.579005190427811697e-06
5.789770013488824141e+00 8.563816487792306413e-06
5.798710841275196870e+00 8.549799772417458800e-06
5.807651669061569599e+00 8.535762148963308541e-06
5.816592496847942328e+00 8.527655181307288782e-06
5.825533324634315058e+00 8.526402574098075011e-06
5.834474152420687787e+00 8.524304239180886093e-06
5.843414980207061404e+00 8.527558197477284616e-06
5.852355807993434134e+00 8.542912281354731423e-06
5.861296635779806863e+00 8.559570055898043465e-06
5.870237463566179592e+00 8.578674424697019279e-06
5.879178291352552321e+00 8.608472631074793187e-06
5.888119119138925051e+00 8.644365895587190595e-06
5.897059946925297780e+00 8.680478984702729177e-06
5.906000774711670509e+00 8.721610162995473647e-06
5.914941602498043238e+00 8.771086363171278058e-06
5.923882430284415967e+00 8.820134300561872492e-06
5.932823258070788697e+00 8.869402934575805375e-06
5.941764085857162314e+00 8.923926179427801197e-06
5.950704913643535043e+00 8.978061559814604778e-06
5.959645741429907773e+00 9.031807551175922435e-06
5.968586569216280502e+00 9.085158002642777488e-06
5.977527397002653231e+00 9.138115841628345967e-06
5.986468224789025960e+00 9.190681238541352168e-06
5.995409052575398690e+00 9.242470750860377115e-06
6.004349880361771419e+00 9.293487756631212438e-06
6.013290708148144148e+00 9.344040527379618116e-06
6.022231535934517765e+00 9.394779709431534711e-06
6.031172363720889606e+00 9.446788792477926397e-06
6.040113191507263224e+00 9.498897965856301122e-06
6.049054019293635953e+00 9.550679243545144557e-06
6.057994847080008682e+00 9.606510003406757315e-06
6.066935674866381412e+00 9.664192379376237779e-06
6.075876502652754141e+00 9.721555117547268777e-06
6.084817330439126870e+00 9.781980170088878707e-06
6.093758158225499599e+00 9.845659123697167065e-06
6.102698986011872329e+00 9.909979047082364531e-06
6.111639813798245058e+00 9.975440402035899847e-06
6.120580641584618675e+00 1.004349345701666447e-05
6.129521469370990516e+00 1.011296352809644681e-05
6.138462297157364134e+00 1.018245563332585169e-05
6.147403124943736863e+00 1.025274891299290269e-05
6.156343952730109592e+00 1.032399634612532852e-05
6.165284780516482321e+00 1.039506459780334809e-05
6.174225608302855051e+00 1.046585093493022951e-05
6.183166436089227780e+00 1.053620346566365983e-05
6.192107263875600509e+00 1.060633165379900950e-05
6.201048091661973238e+00 1.067622300990423847e-05
6.209988919448345968e+00 1.074582591520714421e-05
6.218929747234719585e+00 1.081515662773403761e-05
6.227870575021091426e+00 1.088441080663454536e-05
6.236811402807465043e+00 1.095503702403023207e-05
6.245752230593837773e+00 1.102741049446068156e-05
6.254693058380210502e+00 1.109956549537931859e-05
6.263633886166583231e+00 1.117301721906098499e-05
6.272574713952955960e+00 1.125436435559409087e-05
6.281515541739328690e+00 1.133554045355487205e-05
6.290456369525701419e+00 1.141650528631753295e-05
6.299397197312074148e+00 1.150944411456853869e-05
6.308338025098446877e+00 1.160480475774878014e-05
6.317278852884820495e+00 1.170027294708993948e-05
6.326219680671192336e+00 1.180460207882920009e-05
6.335160508457565953e+00 1.191582538310377316e-05
6.344101336243938682e+00 1.202845019722289734e-05
6.353042164030311412e+00 1.214568594800201581e-05
6.361982991816684141e+00 1.227198684134881452e-05
6.370923819603056870e+00 1.240161791517097599e-05
6.379864647389429599e+00 1.253254167994569277e-05
6.388805475175802329e+00 1.267213718377869864e-05
6.397746302962175946e+00 1.281700265035534931e-05
6.406687130748547787e+00 1.296226319430193810e-05
6.415627958534921405e+00 1.311320953505646877e-05
6.424568786321294134e+00 1.327023586350173550e-05
6.433509614107666863e+00 1.342858785602631948e-05
6.442450441894039592e+00 1.358997306867425817e-05
6.451391269680412321e+00 1.375690683781656991e-05
6.460332097466785051e+00 1.392672816505232673e-05
6.469272925253157780e+00 1.409781748759951081e-05
6.478213753039530509e+00 1.427305769104645608e-05
6.487154580825903238e+00 1.445270686349286194e-05
6.496095408612276856e+00 1.463236183414996646e-05
6.505036236398648697e+00 1.481351071753610276e-05
6.513977064185022314e+00 1.499905863017853184e-05
6.522917891971395044e+00 1.518394500102677522e-05
6.531858719757767773e+00 1.536804586027505276e-05
6.540799547544140502e+00 1.555190739227108680e-05
6.549740375330513231e+00 1.573438949918465381e-05
6.558681203116885960e+00 1.591461987549416945e-05
6.567622030903258690e+00 1.608967358537003532e-05
6.576562858689631419e+00 1.625922551975466320e-05
6.585503686476004148e+00 1.642483181843602786e-05
6.594444514262377766e+00 1.658290937091671833e-05
6.603385342048749607e+00 1.672751688237143536e-05
6.612326169835123224e+00 1.686536239740657348e-05
6.621266997621495953e+00 1.699592574560680242e-05
6.630207825407868683e+00 1.710157050494126327e-05
6.639148653194241412e+00 1.719485591635961977e-05
6.648089480980614141e+00 1.727725685358334209e-05
6.657030308766986870e+00 1.732984412680970066e-05
6.665971136553359599e+00 1.735743130534120392e-05
6.674911964339732329e+00 1.736755308903806475e-05
6.683852792126105058e+00 1.734687065941645335e-05
6.692793619912478675e+00 1.728659473832693606e-05
6.701734447698850516e+00 1.719845777867554573e-05
6.710675275485224134e+00 1.708232364797324576e-05
6.719616103271596863e+00 1.691687189807832185e-05
6.728556931057969592e+00 1.671095964106590614e-05
6.737497758844342322e+00 1.648073175420817975e-05
6.746438586630715051e+00 1.621840691850422888e-05
6.755379414417087780e+00 1.592392018398657079e-05
6.764320242203460509e+00 1.560718756133295883e-05
6.773261069989833238e+00 1.527436418169066327e-05
6.782201897776205968e+00 1.493244777444303321e-05
6.791142725562579585e+00 1.458440040596736261e-05
6.800083553348951426e+00 1.423613709349043858e-05
6.809024381135325044e+00 1.389680835196588182e-05
6.817965208921697773e+00 1.357906765724699568e-05
6.826906036708070502e+00 1.329842152732735311e-05
6.835846864494443231e+00 1.306870131111086657e-05
6.844787692280815961e+00 1.290288545958414488e-05
6.853728520067188690e+00 1.281184418702107522e-05
6.862669347853561419e+00 1.280316785488644978e-05
6.871610175639934148e+00 1.288028917928287595e-05
6.880551003426306877e+00 1.304207311680326625e-05
6.889491831212680495e+00 1.328296336286084594e-05
6.898432658999052336e+00 1.359448674048998548e-05
6.907373486785425953e+00 1.396372117134862824e-05
6.916314314571798683e+00 1.437646994757667682e-05
6.925255142358171412e+00 1.481932472793553704e-05
6.934195970144544141e+00 1.527975130300723099e-05
6.943136797930916870e+00 1.574671593539676997e-05
6.952077625717289600e+00 1.621101257082987286e-05
6.961018453503662329e+00 1.666533858516853925e-05
6.969959281290035946e+00 1.710418870910859564e-05
6.978900109076407787e+00 1.752363813388329143e-05
6.987840936862781405e+00 1.792107442947724348e-05
6.996781764649154134e+00 1.829492143992722273e-05
7.005722592435526863e+00 1.864438213969665269e-05
7.014663420221899592e+00 1.896921432830593802e-05
7.023604248008272322e+00 1.926954380464654108e-05
7.032545075794645051e+00 1.954571394629733513e-05
7.041485903581017780e+00 1.979816760905681066e-05
7.050426731367390509e+00 2.002735610254861910e-05
7.059367559153763239e+00 2.023366998764773923e-05
7.068308386940136856e+00 2.041738708648975479e-05
7.077249214726508697e+00 2.057863409332017052e-05
7.086190042512882314e+00 2.071735937392864453e-05
7.095130870299255044e+00 2.083331590501218676e-05
7.104071698085627773e+00 2.092605487544084693e-05
7.113012525872000502e+00 2.099493234743365891e-05
7.121953353658373231e+00 2.103913368453323401e-05
7.130894181444745961e+00 2.105772331002327737e-05
7.139835009231118690e+00 2.104973078771001373e-05
7.148775837017491419e+00 2.101428799947289839e-05
7.157716664803864148e+00 2.095083561142577796e-05
7.166657492590237766e+00 2.085941844973228035e-05
7.175598320376609607e+00 2.074108581518424008e-05
7.184539148162983224e+00 2.059839932247985251e-05
7.193479975949355953e+00 2.043602125100789667e-05
7.202420803735728683e+00 2.026130501184890569e-05
7.211361631522101412e+00 2.008484239507202587e-05
7.220302459308474141e+00 1.992112337668436518e-05
7.229243287094846870e+00 1.978663986114573379e-05
7.238184114881219600e+00 1.969867634976169230e-05
7.247124942667593217e+00 1.967301189313188154e-05
7.256065770453965058e+00 1.972128910490606420e-05
7.265006598240338676e+00 1.984887256420633789e-05
7.273947426026710517e+00 2.005391165421635053e-05
7.282888253813084134e+00 2.032791459052670923e-05
7.291829081599456863e+00 2.065758169458596139e-05
7.300769909385829592e+00 2.102724737184744633e-05
7.309710737172202322e+00 2.142121610704575849e-05
7.318651564958575051e+00 2.182549706181796353e-05
7.327592392744947780e+00 2.222876360062081902e-05
7.336533220531320509e+00 2.262262390987915524e-05
7.345474048317694127e+00 2.300141688296796443e-05
7.354414876104065968e+00 2.336175930550839062e-05
7.363355703890439585e+00 2.370201853235872366e-05
7.372296531676811426e+00 2.402181714121684927e-05
7.381237359463185044e+00 2.432161942376114385e-05
7.390178187249557773e+00 2.460241229944230785e-05
7.399119015035930502e+00 2.486547325300710878e-05
7.408059842822303231e+00 2.511220979294864455e-05
7.417000670608675961e+00 2.534405360846038317e-05
7.425941498395048690e+00 2.556239447728473734e-05
7.434882326181421419e+00 2.576854192607224567e-05
7.443823153967795037e+00 2.596370559714405912e-05
7.452763981754166878e+00 2.614898779008181727e-05
7.461704809540540495e+00 2.632538361381163474e-05
7.470645637326912336e+00 2.649378564498785338e-05
7.479586465113285954e+00 2.665499103389525680e-05
7.488527292899658683e+00 2.680970972785971427e-05
7.497468120686031412e+00 2.695619742501587405e-05
7.506408948472404141e+00 2.709408609570324782e-05
7.515349776258776870e+00 2.722617208355025288e-05
7.524290604045149600e+00 2.735371156948706965e-05
7.533231431831522329e+00 2.747611392575520170e-05
7.542172259617895946e+00 2.759403815136651666e-05
7.551113087404267787e+00 2.770845145900259712e-05
7.560053915190641405e+00 2.781807872883701807e-05
7.568994742977013246e+00 2.792432460905998459e-05
7.577935570763386863e+00 2.802708638566350947e-05
7.586876398549759593e+00 2.812611787772444896e-05
7.595817226336132322e+00 2.822208001035032655e-05
7.604758054122505051e+00 2.831523231339504534e-05
7.613698881908877780e+00 2.840369592654567841e-05
7.622639709695250509e+00 2.849032803934316985e-05
7.631580537481623239e+00 2.857306606324291497e-05
7.640521365267996856e+00 2.865252893067271126e-05
7.649462193054368697e+00 2.872994648902968466e-05
7.658403020840742315e+00 2.880314589522071109e-05
7.667343848627114156e+00 2.887303858643307984e-05
7.676284676413487773e+00 2.894054824229657632e-05
7.685225504199860502e+00 2.900418869537986995e-05
7.694166331986233232e+00 2.906463539499730655e-05
7.703107159772605961e+00 2.912369749781036919e-05
7.712047987558978690e+00 2.917544356336159239e-05
7.720988815345351419e+00 2.922611757769604437e-05
7.729929643131724148e+00 2.927273189733856933e-05
7.738870470918097766e+00 2.931520733001043231e-05
7.747811298704469607e+00 2.935536848297827731e-05
7.756752126490843224e+00 2.939118546789119791e-05
7.765692954277215065e+00 2.942132637178767024e-05
7.774633782063588683e+00 2.944976407052646907e-05
7.783574609849961412e+00 2.947303104762195956e-05
7.792515437636334141e+00 2.949134762122348951e-05
7.801456265422706871e+00 2.950864484942479656e-05
7.810397093209079600e+00 2.951691820043446797e-05
7.819337920995453217e+00 2.952265929208174671e-05
7.828278748781825058e+00 2.952425451925546116e-05
7.837219576568198676e+00 2.952020290560530385e-05
7.846160404354570517e+00 2.951254151399935663e-05
7.855101232140944134e+00 2.950131261207903616e-05
7.864042059927316863e+00 2.948027096056898692e-05
7.872982887713689593e+00 2.945864400578077948e-05
7.881923715500062322e+00 2.942977614823710669e-05
7.890864543286435051e+00 2.939474222334263873e-05
7.899805371072807780e+00 2.935836914724005082e-05
7.908746198859180510e+00 2.931258737255441343e-05
7.917687026645554127e+00 2.926148949693425800e-05
7.926627854431925968e+00 2.920695928565840682e-05
7.935568682218299585e+00 2.914559740260808473e-05
7.944509510004671426e+00 2.907876784972248681e-05
7.953450337791045044e+00 2.901072888043772086e-05
7.962391165577417773e+00 2.892814251030170414e-05
7.971331993363790502e+00 2.884530270482106403e-05
7.980272821150163232e+00 2.875587994192516011e-05
7.989213648936535961e+00 2.865932829799706179e-05
7.998154476722908690e+00 2.856035489894399434e-05
8.007095304509281419e+00 2.845380904579346732e-05
8.016036132295655037e+00 2.833881014826210038e-05
8.024976960082026878e+00 2.822187700852262057e-05
8.033917787868400495e+00 2.809798892755611559e-05
8.042858615654772336e+00 2.796683735237813289e-05
8.051799443441145954e+00 2.783593144376729706e-05
8.060740271227519571e+00 2.769095453342473854e-05
8.069681099013891412e+00 2.754423959620360440e-05
8.078621926800263253e+00 2.739273613361685683e-05
8.087562754586636871e+00 2.723431456992739529e-05
8.096503582373010488e+00 2.707240601449609300e-05
8.105444410159382329e+00 2.690633558971606347e-05
8.114385237945755946e+00 2.672957460731898897e-05
8.123326065732127788e+00 2.655276172723541829e-05
8.132266893518501405e+00 2.636959391407732952e-05
8.141207721304873246e+00 2.617905193013806098e-05
8.150148549091246863e+00 2.598910892206000200e-05
8.159089376877620481e+00 2.578908126039732994e-05
8.168030204663992322e+00 2.558538107176760955e-05
8.176971032450364163e+00 2.537922431788608630e-05
8.185911860236737780e+00 2.516743726156530573e-05
8.194852688023111398e+00 2.495152321508871222e-05
8.203793515809483239e+00 2.473533594194258841e-05
8.212734343595856856e+00 2.450747628170856532e-05
8.221675171382228697e+00 2.428067746209560554e-05
8.230615999168602315e+00 2.404948883604790695e-05
8.239556826954974156e+00 2.381278350006817425e-05
8.248497654741347773e+00 2.357619463193179660e-05
8.257438482527721391e+00 2.333390601710189004e-05
8.266379310314093232e+00 2.308677243123432004e-05
8.275320138100465073e+00 2.283948779794838226e-05
8.284260965886838690e+00 2.258840232496975105e-05
8.293201793673212308e+00 2.233289137165300503e-05
8.302142621459584149e+00 2.208006578135492375e-05
8.311083449245957766e+00 2.181663369226256272e-05
8.320024277032329607e+00 2.155456921391972984e-05
8.328965104818703225e+00 2.129073398571785795e-05
8.337905932605075066e+00 2.102306512928938412e-05
8.346846760391448683e+00 2.075517990465780143e-05
8.355787588177822300e+00 2.048561418483471264e-05
8.364728415964194141e+00 2.021048924613366523e-05
8.373669243750565983e+00 1.993725246490694362e-05
8.382610071536939600e+00 1.966215020630595632e-05
8.391550899323313217e+00 1.938233601795952868e-05
8.400491727109685058e+00 1.910634290523213576e-05
8.409432554896058676e+00 1.882394291529198096e-05
8.418373382682430517e+00 1.854179667789360514e-05
8.427314210468804134e+00 1.826013004513557728e-05
8.436255038255175975e+00 1.797635495733500443e-05
8.445195866041549593e+00 1.769202279654417576e-05
8.454136693827923210e+00 1.740964926939189762e-05
8.463077521614295051e+00 1.712121400883116174e-05
8.472018349400666892e+00 1.683616171428851856e-05
8.480959177187040510e+00 1.655039878396718150e-05
8.489900004973414127e+00 1.626213147541941985e-05
8.498840832759785968e+00 1.597739549800495439e-05
8.507781660546159586e+00 1.569012949683635375e-05
8.516722488332531427e+00 1.540233980579905804e-05
8.525663316118905044e+00 1.511702582021706609e-05
8.534604143905276885e+00 1.483150606851024057e-05
8.543544971691650503e+00 1.454514546559306785e-05
8.552485799478024120e+00 1.426407431538688023e-05
8.561426627264395961e+00 1.397683960135810322e-05
8.570367455050767802e+00 1.369394109284674905e-05
8.579308282837141419e+00 1.341270117247563774e-05
8.588249110623515037e+00 1.313086008393610193e-05
8.597189938409886878e+00 1.285221070665448292e-05
8.606130766196260495e+00 1.257477098435711170e-05
8.615071593982632336e+00 1.229663028466789595e-05
8.624012421769005954e+00 1.202266715514755448e-05
8.632953249555377795e+00 1.175064545548668398e-05
8.641894077341751412e+00 1.147791376272873166e-05
8.650834905128125030e+00 1.121143431289445227e-05
8.659775732914496871e+00 1.094299174243552909e-05
8.668716560700868712e+00 1.067830011794143414e-05
8.677657388487242329e+00 1.041722460689313153e-05
8.686598216273615947e+00 1.015774041791563302e-05
8.695539044059987788e+00 9.901298066791309978e-06
8.704479871846361405e+00 9.649162616247394396e-06
8.713420699632733246e+00 9.397036003294861734e-06
8.722361527419106864e+00 9.150208306214309002e-06
8.731302355205478705e+00 8.906700862655659139e-06
8.740243182991852322e+00 8.664506367143364268e-06
8.749184010778225939e+00 8.428272107529457410e-06
8.758124838564597781e+00 8.193884361874947698e-06
8.767065666350969622e+00 7.963045501855445279e-06
8.776006494137343239e+00 7.737039435963814866e-06
8.784947321923716856e+00 7.514518576614465071e-06
8.793888149710088697e+00 7.295160234361032977e-06
8.802828977496462315e+00 7.081753151498889380e-06
8.811769805282834156e+00 6.869656245609232733e-06
8.820710633069207773e+00 6.662904027958532635e-06
8.829651460855579614e+00 6.460728961329677247e-06
8.838592288641953232e+00 6.261723183163935222e-06
8.847533116428326849e+00 6.067827947151811601e-06
8.856473944214698690e+00 5.877977691122566466e-06
8.865414772001070531e+00 5.691777392054011498e-06
8.874355599787444149e+00 5.510618292813587096e-06
8.883296427573817766e+00 5.333874802344367755e-06
8.892237255360189607e+00 5.160512483979941356e-06
8.901178083146563225e+00 4.992754975922832779e-06
8.910118910932935066e+00 4.828048183169908202e-06
8.919059738719308683e+00 4.668044351749943149e-06
8.928000566505680524e+00 4.512648212328482532e-06
8.936941394292054142e+00 4.361170093123736791e-06
8.945882222078427759e+00 4.213984180158304966e-06
8.954823049864799600e+00 4.071232450810498571e-06
8.963763877651173217e+00 3.932139558523457615e-06
8.972704705437545059e+00 3.797448732687905539e-06
8.981645533223918676e+00 3.666941682267778242e-06
8.990586361010290517e+00 3.539949885153803598e-06
8.999527188796664134e+00 3.417298969295594434e-06
9.008468016583037752e+00 3.298305846973447180e-06
9.017408844369409593e+00 3.183111378522858664e-06
9.026349672155781434e+00 3.071762826788163316e-06
9.035290499942155051e+00 2.964051722748479944e-06
9.044231327728528669e+00 2.859851961222054394e-06
9.053172155514900510e+00 2.759272584374599541e-06
9.062112983301274127e+00 2.662049816975063630e-06
9.071053811087645968e+00 2.568189936302324008e-06
9.079994638874019586e+00 2.477635646859622535e-06
9.088935466660391427e+00 2.390283031982786676e-06
9.097876294446765044e+00 2.306003128924984060e-06
9.106817122233138662e+00 2.224799275510138173e-06
9.115757950019510503e+00 2.146560066241930080e-06
9.124698777805882344e+00 2.071133714891943128e-06
9.133639605592255961e+00 1.998497869752083314e-06
9.142580433378629579e+00 1.928654707558733826e-06
9.151521261165001420e+00 1.861242596985221081e-06
9.160462088951375037e+00 1.796618901634621159e-06
9.169402916737746878e+00 1.734358468312505158e-06
9.178343744524120495e+00 1.674406381733469940e-06
9.187284572310492337e+00 1.616883846607819817e-06
9.196225400096865954e+00 1.561522959037992772e-06
9.205166227883239571e+00 1.508279450677999284e-06
9.214107055669611412e+00 1.457259701859975440e-06
9.223047883455983253e+00 1.408124171767725280e-06
9.231988711242356871e+00 1.360840730573263113e-06
9.240929539028730488e+00 1.315739649884974622e-06
9.249870366815102329e+00 1.272126893949193276e-06
9.258811194601474170e+00 1.230478449827525967e-06
9.267752022387847788e+00 1.190467430098607221e-06
9.276692850174221405e+00 1.151946656151602574e-06
9.285633677960593246e+00 1.115063300382570464e-06
9.294574505746966864e+00 1.079727372912225887e-06
9.303515333533340481e+00 1.045646127824463042e-06
9.312456161319712322e+00 1.013191905410398114e-06
9.321396989106084163e+00 9.819493357981777790e-07
9.330337816892457781e+00 9.518777865630346982e-07
9.339278644678831398e+00 9.233164916999240916e-07
9.348219472465203239e+00 8.957087050481437437e-07
9.357160300251575080e+00 8.693356366980355898e-07
9.366101128037950474e+00 8.441063378741250907e-07
9.375041955824322315e+00 8.198027512873921337e-07
9.383982783610694156e+00 7.965056848953524619e-07
9.392923611397067774e+00 7.743692605574628037e-07
9.401864439183441391e+00 7.528624576694521709e-07
9.410805266969813232e+00 7.325718001556527523e-07
9.419746094756185073e+00 7.130436021284310277e-07
9.428686922542558690e+00 6.942067097930090207e-07
9.437627750328932308e+00 6.763621286277737502e-07
9.446568578115304149e+00 6.591885821884944305e-07
9.455509405901675990e+00 6.427203752416296059e-07
9.464450233688051384e+00 6.270775192286714474e-07
9.473391061474423225e+00 6.120110478307358996e-07
9.482331889260795066e+00 5.975022790589057469e-07
9.491272717047168683e+00 5.839339449436080721e-07
9.500213544833542301e+00 5.706711283676589683e-07
9.509154372619914142e+00 5.582021900771945715e-07
9.518095200406285983e+00 5.462640790561630448e-07
9.527036028192659600e+00 5.347418487522312358e-07
9.535976855979033218e+00 5.238451515610108405e-07
9.544917683765405059e+00 5.134852906470016053e-07
9.553858511551776900e+00 5.034756791327983565e-07
9.562799339338152294e+00 4.940955359080167387e-07
9.571740167124524135e+00 4.850949934123621795e-07
9.580680994910895976e+00 4.763989130876306722e-07
9.589621822697269593e+00 4.684267253225585617e-07
9.598562650483643210e+00 4.606393207054367746e-07
9.607503478270015052e+00 4.533329105368141892e-07
9.616444306056386893e+00 4.464391078747489862e-07
9.625385133842760510e+00 4.398109728056643323e-07
9.634325961629134127e+00 4.335524789095050717e-07
9.643266789415505968e+00 4.277877975734644898e-07
9.652207617201877810e+00 4.221429616883892756e-07
9.661148444988253203e+00 4.170154585317844890e-07
9.670089272774625044e+00 4.121763831507047214e-07
9.679030100560996885e+00 4.075014308832449974e-07
9.687970928347370503e+00 4.033296622964442110e-07
9.696911756133744120e+00 3.993513519542527763e-07
9.705852583920115961e+00 3.956437460071535613e-07
9.714793411706487802e+00 3.922863327981648732e-07
9.723734239492861420e+00 3.891263589396520442e-07
9.732675067279235037e+00 3.861555219661438484e-07
9.741615895065606878e+00 3.836863172463514831e-07
9.750556722851980496e+00 3.812313171723916322e-07
9.759497550638354113e+00 3.791861309931128713e-07
9.768438378424725954e+00 3.773674233389254300e-07
9.777379206211097795e+00 3.756670373938318070e-07
9.786320033997471413e+00 3.743105915818029973e-07
9.795260861783845030e+00 3.731943924198540279e-07
9.804201689570216871e+00 3.722122915343720378e-07
9.813142517356588712e+00 3.715471923265955691e-07
9.822083345142962330e+00 3.710635238404190593e-07
9.831024172929335947e+00 3.706556561833344350e-07
9.839965000715707788e+00 3.707524047232407694e-07
9.848905828502081405e+00 3.708597993701768360e-07
9.857846656288455023e+00 3.712399591541009071e-07
9.866787484074826864e+00 3.718471642380273428e-07
9.875728311861198705e+00 3.725708559616774123e-07
9.884669139647572322e+00 3.735200742729349558e-07
9.893609967433945940e+00 3.747683242226558668e-07
9.902550795220317781e+00 3.760710197341751202e-07
9.911491623006689622e+00 3.776687156698909522e-07
9.920432450793063239e+00 3.794661088183687826e-07
9.929373278579436857e+00 3.813276196458357085e-07
9.938314106365808698e+00 3.835638463908917853e-07
9.947254934152182315e+00 3.859016193749429237e-07
9.956195761938555933e+00 3.884220105907795060e-07
9.965136589724927774e+00 3.911722346866111859e-07
9.974077417511299615e+00 3.940613136265309162e-07
9.983018245297673232e+00 3.970920895703094788e-07
9.991959073084046850e+00 4.004674792067867348e-07
1.000089990087041869e+01 4.038700134327919842e-07
1.000984072865679053e+01 4.075564879937513818e-07
1.001878155644316415e+01 4.114278972859319262e-07
1.002772238422953777e+01 4.153886383900056783e-07
1.003666321201590961e+01 4.196228564570618688e-07
1.004560403980228322e+01 4.240344985577949958e-07
1.005454486758865684e+01 4.285770684502350116e-07
1.006348569537502868e+01 4.333425700861970835e-07
1.007242652316140052e+01 4.382738072374869806e-07
1.008136735094777414e+01 4.432979241693257961e-07
1.009030817873414776e+01 4.486730884299576680e-07
1.009924900652051960e+01 4.541117398201717223e-07
1.010818983430689144e+01 4.597573536462652430e-07
1.011713066209326506e+01 4.655928590931736476e-07
1.012607148987963868e+01 4.715529536221499636e-07
1.013501231766601052e+01 4.777077494324513423e-07
1.014395314545238413e+01 4.840765128963148899e-07
1.015289397323875775e+01 4.905570565518902274e-07
1.016183480102512959e+01 4.972365451522233463e-07
1.017077562881150143e+01 5.040936735065414708e-07
1.017971645659787505e+01 5.110573526299323161e-07
1.018865728438424867e+01 5.182705933223932617e-07
1.019759811217062051e+01 5.256081540445450723e-07
1.020653893995699235e+01 5.331027621708047128e-07
1.021547976774336597e+01 5.407694399148156678e-07
1.022442059552973959e+01 5.485804441238026817e-07
1.023336142331611143e+01 5.565369961767540059e-07
1.024230225110248504e+01 5.646864040940088926e-07
1.025124307888885866e+01 5.729549864065972418e-07
1.026018390667523050e+01 5.813846917026495161e-07
1.026912473446160234e+01 5.899688857375040301e-07
1.027806556224797596e+01 5.986821860048207293e-07
1.028700639003434958e+01 6.075498952501360824e-07
1.029594721782072142e+01 6.165592278717522920e-07
1.030488804560709326e+01 6.257015874184690415e-07
1.031382887339346688e+01 6.349802532382732302e-07
1.032276970117984050e+01 6.443959869548448600e-07
1.033171052896621234e+01 6.539455227420793823e-07
1.034065135675258595e+01 6.636113925806958429e-07
1.034959218453895957e+01 6.734177961517045040e-07
1.035853301232533141e+01 6.833403568567287721e-07
1.036747384011170325e+01 6.933830019915170343e-07
1.037641466789807687e+01 7.035623665763588984e-07
1.038535549568445049e+01 7.138467109553840054e-07
1.039429632347082233e+01 7.242400221145597296e-07
1.040323715125719417e+01 7.347669060836241292e-07
1.041217797904356779e+01 7.453968540144902065e-07
1.042111880682994141e+01 7.561367574847725018e-07
1.043005963461631325e+01 7.670258686769404197e-07
1.043900046240268686e+01 7.779618723138050346e-07
1.044794129018906048e+01 7.890428326957896355e-07
1.045688211797543232e+01 8.002337770702519623e-07
1.046582294576180416e+01 8.115256459507074966e-07
1.047476377354817778e+01 8.229471768481007583e-07
1.048370460133455140e+01 8.344838453498604639e-07
1.049264542912092324e+01 8.460980378253206463e-07
1.050158625690729508e+01 8.578648704734264251e-07
1.051052708469367047e+01 8.697404613139048344e-07
1.051946791248004232e+01 8.817218629721031469e-07
1.052840874026641416e+01 8.938641768206632161e-07
1.053734956805278777e+01 9.061012632413151566e-07
1.054629039583916139e+01 9.184799778398244576e-07
1.055523122362553323e+01 9.310093558705587708e-07
1.056417205141190507e+01 9.436801924971488347e-07
1.057311287919827869e+01 9.565023408974211242e-07
1.058205370698465231e+01 9.694931832200235182e-07
1.059099453477102415e+01 9.826453856595865834e-07
1.059993536255739599e+01 9.959727335489713226e-07
1.060887619034377138e+01 1.009497582446753284e-06
1.061781701813014323e+01 1.023222492766806712e-06
1.062675784591651507e+01 1.037134845073917888e-06
1.063569867370288868e+01 1.051298425114291957e-06
1.064463950148926230e+01 1.065700678541562524e-06
1.065358032927563414e+01 1.080330009896236846e-06
1.066252115706200598e+01 1.095242423633459685e-06
1.067146198484837960e+01 1.110437028454775644e-06
1.068040281263475322e+01 1.125838828240231791e-06
1.068934364042112506e+01 1.141735096650408493e-06
1.069828446820749690e+01 1.157859773842256783e-06
1.070722529599387229e+01 1.174350469910631077e-06
1.071616612378024413e+01 1.191252393984210914e-06
1.072510695156661598e+01 1.208470310501142630e-06
1.073404777935298959e+01 1.226132225836796031e-06
1.074298860713936321e+01 1.244349105854426305e-06
1.075192943492573505e+01 1.262892976913425028e-06
1.076087026271210689e+01 1.281968336502715626e-06
1.076981109049848051e+01 1.301650344693538973e-06
1.077875191828485413e+01 1.321630389769408087e-06
1.078769274607122597e+01 1.342502217056066123e-06
1.079663357385759781e+01 1.363854054795124401e-06
1.080557440164397320e+01 1.385779114957111206e-06
1.081451522943034504e+01 1.408440585865949822e-06
1.082345605721671689e+01 1.431727410301418260e-06
1.083239688500309050e+01 1.455609970197715535e-06
1.084133771278946412e+01 1.480621322812887260e-06
1.085027854057583596e+01 1.506102645408717146e-06
1.085921936836220780e+01 1.532503223369350712e-06
1.086816019614858142e+01 1.559906465643689491e-06
1.087710102393495504e+01 1.587871278526521683e-06
1.088604185172132688e+01 1.617056779916296278e-06
1.089498267950770050e+01 1.647220443490229445e-06
1.090392350729407411e+01 1.678200948526169591e-06
1.091286433508044595e+01 1.710300676179420080e-06
1.092180516286681780e+01 1.743532349864075085e-06
1.093074599065319141e+01 1.777473707182748782e-06
1.093968681843956503e+01 1.813257290060234566e-06
1.094862764622593687e+01 1.849844759024005871e-06
1.095756847401230871e+01 1.887648673470621454e-06
1.096650930179868233e+01 1.926887944822666798e-06
1.097545012958505595e+01 1.967178579362528299e-06
1.098439095737142779e+01 2.008900127288047616e-06
1.099333178515780141e+01 2.052226754539703432e-06
1.100227261294417502e+01 2.096683622414874052e-06
1.101121344073054686e+01 2.142620858241440065e-06
1.102015426851691871e+01 2.190270070360362624e-06
1.102909509630329232e+01 2.238972269742370343e-06
1.103803592408966594e+01 2.289788778029755241e-06
1.104697675187603778e+01 2.341982905066201039e-06
1.105591757966240962e+01 2.395693706643574817e-06
1.106485840744878324e+01 2.451172892147014275e-06
1.107379923523515686e+01 2.508268722863294308e-06
1.108274006302152870e+01 2.566957426371778521e-06
1.109168089080790232e+01 2.627693196343827766e-06
1.110062171859427593e+01 2.689962815579633091e-06
1.110956254638064777e+01 2.754010787391893423e-06
1.111850337416701962e+01 2.820057914278175273e-06
1.112744420195339323e+01 2.887710954037859019e-06
1.113638502973976685e+01 2.957357103828900704e-06
1.114532585752613869e+01 3.028873568235257223e-06
1.115426668531251053e+01 3.102196683567715849e-06
1.116320751309888415e+01 3.177423761943306677e-06
1.117214834088525777e+01 3.254598027432737992e-06
1.118108916867162961e+01 3.333638890176314972e-06
1.119002999645800323e+01 3.414603237315781168e-06
1.119897082424437684e+01 3.497525968727579428e-06
1.120791165203074868e+01 3.582346166834602271e-06
1.121685247981712052e+01 3.669044370872038797e-06
1.122579330760349414e+01 3.757782090975225330e-06
1.123473413538986776e+01 3.848341828420366115e-06
1.124367496317623960e+01 3.940755219651015871e-06
1.125261579096261144e+01 4.035212322897336056e-06
1.126155661874898506e+01 4.131532583202283635e-06
1.127049744653535868e+01 4.229587743379600597e-06
1.127943827432173052e+01 4.329957727783921914e-06
1.128837910210810414e+01 4.431538552452137642e-06
1.129731992989447775e+01 4.535258239680076227e-06
1.130626075768084959e+01 4.640911709107034388e-06
1.131520158546722143e+01 4.748149292606422217e-06
1.132414241325359505e+01 4.857374997940079628e-06
1.133308324103996867e+01 4.968459987158644786e-06
1.134202406882634051e+01 5.080823875809301036e-06
1.135096489661271235e+01 5.195372405207567974e-06
1.135990572439908597e+01 5.311740880361687686e-06
1.136884655218545959e+01 5.429111918264096896e-06
1.137778737997183143e+01 5.549060856171585411e-06
1.138672820775820504e+01 5.669894230212813801e-06
1.139566903554457866e+01 5.792533807862534863e-06
1.140460986333095050e+01 5.917137413907737830e-06
1.141355069111732234e+01 6.043137253032280567e-06
1.142249151890369596e+01 6.170659395503147990e-06
1.143143234669006958e+01 6.300388795347075107e-06
1.144037317447644142e+01 6.430674768862895395e-06
1.144931400226281326e+01 6.563151416746809526e-06
1.145825483004918688e+01 6.697343217653894810e-06
1.146719565783556050e+01 6.832408321574697473e-06
1.147613648562193234e+01 6.969805318680790638e-06
1.148507731340830595e+01 7.108350314372052832e-06
1.149401814119467957e+01 7.248252705385933181e-06
1.150295896898105141e+01 7.390213195922338936e-06
1.151189979676742325e+01 7.533728071588358661e-06
1.152084062455379687e+01 7.678309566433764730e-06
1.152978145234017049e+01 7.825621689703301929e-06
1.153872228012654233e+01 7.973143290339127496e-06
1.154766310791291417e+01 8.122891085545982546e-06
1.155660393569928779e+01 8.274626564948576690e-06
1.156554476348566141e+01 8.427553646081007888e-06
1.157448559127203325e+01 8.582536942464713569e-06
1.158342641905840686e+01 8.739360663644539401e-06
1.159236724684478048e+01 8.897475358037651162e-06
1.160130807463115232e+01 9.057873856461717821e-06
1.161024890241752416e+01 9.220343471116463941e-06
1.161918973020389778e+01 9.383917073224344775e-06
1.162813055799027140e+01 9.550366626642878450e-06
1.163707138577664324e+01 9.718100340898182021e-06
1.164601221356301508e+01 9.888057716077220356e-06
1.165495304134939047e+01 1.006043413460872341e-05
1.166389386913576232e+01 1.023478024407320879e-05
1.167283469692213416e+01 1.041130004471064233e-05
1.168177552470850777e+01 1.059047005965984501e-05
1.169071635249488139e+01 1.077150766494553353e-05
1.169965718028125323e+01 1.095524734942975431e-05
1.170859800806762507e+01 1.114164766990224276e-05
1.171753883585399869e+01 1.133015768884239141e-05
1.172647966364037231e+01 1.152170262149171473e-05
1.173542049142674415e+01 1.171579281929897300e-05
1.174436131921311599e+01 1.191261666373322737e-05
1.175330214699949138e+01 1.211246487645267953e-05
1.176224297478586323e+01 1.231525015759968069e-05
1.177118380257223507e+01 1.252088313840589086e-05
1.178012463035860868e+01 1.272987467700832403e-05
1.178906545814498230e+01 1.294178495850476830e-05
1.179800628593135414e+01 1.315702000152841262e-05
1.180694711371772598e+01 1.337567390214063721e-05
1.181588794150409960e+01 1.359761797639073125e-05
1.182482876929047322e+01 1.382309567018244710e-05
1.183376959707684506e+01 1.405213593615940188e-05
1.184271042486321690e+01 1.428474946769945162e-05
1.185165125264959229e+01 1.452109717240068395e-05
1.186059208043596414e+01 1.476122951141810671e-05
1.186953290822233598e+01 1.500509671567747195e-05
1.187847373600870959e+01 1.525295254955704618e-05
1.188741456379508321e+01 1.550465427691829777e-05
1.189635539158145505e+01 1.576038308884149375e-05
1.190529621936782689e+01 1.602020362894669101e-05
1.191423704715420051e+01 1.628405922619088542e-05
1.192317787494057413e+01 1.655207218131138041e-05
1.193211870272694597e+01 1.682430876810785995e-05
1.194105953051331781e+01 1.710062281716652867e-05
1.195000035829969320e+01 1.738127801063573083e-05
1.195894118608606504e+01 1.766628500784642487e-05
1.196788201387243689e+01 1.795520938154373977e-05
1.197682284165881050e+01 1.824877976072901409e-05
1.198576366944518412e+01 1.854635884886338980e-05
1.199470449723155596e+01 1.884822010548896311e-05
1.200364532501792780e+01 1.915457551552684324e-05
1.201258615280430142e+01 1.946506296098013622e-05
1.202152698059067504e+01 1.977955357208332606e-05
1.203046780837704688e+01 2.009881523776057869e-05
1.203940863616342050e+01 2.042149764047238177e-05
1.204834946394979411e+01 2.074856596229574139e-05
1.205729029173616595e+01 2.108014930363471376e-05
1.206623111952253780e+01 2.141477129892820433e-05
1.207517194730891141e+01 2.175405073048481075e-05
1.208411277509528503e+01 2.209696509495054985e-05
1.209305360288165687e+01 2.244327756653078309e-05
1.210199443066802871e+01 2.279389290075568687e-05
1.211093525845440233e+01 2.314835197569411397e-05
1.211987608624077595e+01 2.350484593120367045e-05
1.212881691402714779e+01 2.386676844050956633e-05
1.213775774181352141e+01 2.422992589794512795e-05
1.214669856959989502e+01 2.459676014834324696e-05
1.215563939738626686e+01 2.496772857858224108e-05
1.216458022517263871e+01 2.534019758987900983e-05
1.217352105295901232e+01 2.571579333342190180e-05
1.218246188074538594e+01 2.609470146777762340e-05
1.219140270853175778e+01 2.647473604471379960e-05
1.220034353631812962e+01 2.685800885487501670e-05
1.220928436410450324e+01 2.724503830288559355e-05
1.221822519189087686e+01 2.762986520646234164e-05
1.222716601967724870e+01 2.802005585271801540e-05
1.223610684746362232e+01 2.840992233730770051e-05
1.224504767524999593e+01 2.880125835061757571e-05
1.225398850303636777e+01 2.919560605197470926e-05
1.226292933082273962e+01 2.959010964863167576e-05
1.227187015860911323e+01 2.998430020074515869e-05
1.228081098639548685e+01 3.038194974473455083e-05
1.228975181418185869e+01 3.077747588056170932e-05
1.229869264196823053e+01 3.117415897895651502e-05
1.230763346975460415e+01 3.157362000209368937e-05
1.231657429754097777e+01 3.196821224039067056e-05
1.232551512532734961e+01 3.236585821412601884e-05
1.233445595311372323e+01 3.276235683361431524e-05
1.234339678090009684e+01 3.315729541304045296e-05
1.235233760868646868e+01 3.355341132726322032e-05
1.236127843647284053e+01 3.394918678550137571e-05
1.237021926425921414e+01 3.433967571592402840e-05
1.237916009204558776e+01 3.473430167035795440e-05
1.238810091983195960e+01 3.512280849874464480e-05
1.239704174761833144e+01 3.551034146435046493e-05
1.240598257540470506e+01 3.589948491241586802e-05
1.241492340319107868e+01 3.628236928999290894e-05
1.242386423097745052e+01 3.666437992384004166e-05
1.243280505876382414e+01 3.704528827223236046e-05
1.244174588655019775e+01 3.742148722875569291e-05
1.245068671433656959e+01 3.779651475995443122e-05
1.245962754212294143e+01 3.817178848826655187e-05
1.246856836990931505e+01 3.853608695330565842e-05
1.247750919769568867e+01 3.890376382826800692e-05
1.248645002548206051e+01 3.926461793123173894e-05
1.249539085326843235e+01 3.962181314823099912e-05
1.250433168105480597e+01 3.997873540899254166e-05
1.251327250884117959e+01 4.032943542939413306e-05
1.252221333662755143e+01 4.067460823992099172e-05
1.253115416441392505e+01 4.101942090764657450e-05
1.254009499220029866e+01 4.135691158804760968e-05
1.254903581998667050e+01 4.169069053097336009e-05
1.255797664777304234e+01 4.202472132001201051e-05
1.256691747555941596e+01 4.234543887808602224e-05
1.257585830334578958e+01 4.266692586460929233e-05
1.258479913113216142e+01 4.298247172029839831e-05
1.259373995891853326e+01 4.329197236423699643e-05
1.260268078670490688e+01 4.359921085339427474e-05
1.261162161449128050e+01 4.390156760212630949e-05
1.262056244227765234e+01 4.419389519707901708e-05
1.262950327006402595e+01 4.448700041799480420e-05
1.263844409785039957e+01 4.477096599521171168e-05
1.264738492563677141e+01 4.504904002100218658e-05
1.265632575342314325e+01 4.532678357091391612e-05
1.266526658120951687e+01 4.559285784387031345e-05
1.267420740899589049e+01 4.585570057803358801e-05
1.268314823678226233e+01 4.611416184941497979e-05
1.269208906456863417e+01 4.636518707757578248e-05
1.270102989235500779e+01 4.661216456780038661e-05
1.270997072014138141e+01 4.685648389083190411e-05
1.271891154792775325e+01 4.708725933904176272e-05
1.272785237571412686e+01 4.731905272821506958e-05
1.273679320350050048e+01 4.754188803982460263e-05
1.274573403128687232e+01 4.775860232456031058e-05
1.275467485907324416e+01 4.797359147110122568e-05
1.276361568685961778e+01 4.817964624925076902e-05
1.277255651464599140e+01 4.837917486407894468e-05
1.278149734243236324e+01 4.857610853589719251e-05
1.279043817021873508e+01 4.876534819157191374e-05
1.279937899800511047e+01 4.894923525240238562e-05
1.280831982579148232e+01 4.913255504405245028e-05
1.281726065357785416e+01 4.930119949349800925e-05
1.282620148136422777e+01 4.946989340321914473e-05
1.283514230915060139e+01 4.963223207693339691e-05
1.284408313693697323e+01 4.978822947138949995e-05
1.285302396472334507e+01 4.994144042134697020e-05
1.286196479250971869e+01 5.008891435785833434e-05
1.287090562029609231e+01 5.022781926384107886e-05
1.287984644808246415e+01 5.036573836669728182e-05
1.288878727586883599e+01 5.049672082737331448e-05
1.289772810365521138e+01 5.062167270407372179e-05
1.290666893144158323e+01 5.074610553564111719e-05
1.291560975922795507e+01 5.086019277287374512e-05
1.292455058701432868e+01 5.097178138043303059e-05
1.293349141480070230e+01 5.107945492029532589e-05
1.294243224258707414e+01 5.118150119786525040e-05
1.295137307037344598e+01 5.128020601118632416e-05
1.296031389815981960e+01 5.137615182661536421e-05
1.296925472594619322e+01 5.146304410841013292e-05
1.297819555373256506e+01 5.154995432439471329e-05
1.298713638151893690e+01 5.163096343641378991e-05
1.299607720930531229e+01 5.170740994717730390e-05
1.300501803709168414e+01 5.178284162066957251e-05
1.301395886487805598e+01 5.185196534214866777e-05
1.302289969266442959e+01 5.191733156099762210e-05
1.303184052045080321e+01 5.198070965943632509e-05
1.304078134823717505e+01 5.203980097729410154e-05
1.304972217602354689e+01 5.209559827573353514e-05
1.305866300380992051e+01 5.215082278377331719e-05
1.306760383159629413e+01 5.219804526481508001e-05
1.307654465938266597e+01 5.224517962565737133e-05
1.308548548716903781e+01 5.228904846939268431e-05
1.309442631495541320e+01 5.232955688269162574e-05
1.310336714274178505e+01 5.236875754191558754e-05
1.311230797052815689e+01 5.238895090200845441e-05
1.312124879831453050e+01 5.238601527338066020e-05
1.313018962610090412e+01 5.238294847131149437e-05
1.313913045388727596e+01 5.237975049658845361e-05
1.314807128167364780e+01 5.237642134999395921e-05
1.315701210946002142e+01 5.237296103230539089e-05
1.316595293724639504e+01 5.236936954429495810e-05
1.317489376503276688e+01 5.236564688672992361e-05
1.318383459281914050e+01 5.236179306037256964e-05
1.319277542060551411e+01 5.235780806598024529e-05
1.320171624839188596e+01 5.235369190144234096e-05
1.321065707617825780e+01 5.234944456726189259e-05
1.321959790396462964e+01 5.234506606735657663e-05
1.322853873175100503e+01 5.234055640246372510e-05
1.323747955953737687e+01 5.233591557331596729e-05
1.324642038732374871e+01 5.233114358064118232e-05
1.325536121511012411e+01 5.232624042516257370e-05
1.326430204289649595e+01 5.232120610759883196e-05
1.327324287068286779e+01 5.231604062866391098e-05
1.328218369846923963e+01 5.231074398906734657e-05
1.329112452625561502e+01 5.230531618951410729e-05
1.330006535404198686e+01 5.229975723070466229e-05
1.330900618182835871e+01 5.229406711333508292e-05
1.331794700961473055e+01 5.228824583809702918e-05
1.332688783740110594e+01 5.228229340567772939e-05
1.333582866518747778e+01 5.227620981676016994e-05
1.334476949297384962e+01 5.226999507202295973e-05
1.335371032076022502e+01 5.226364917214043864e-05
1.336265114854659686e+01 5.225717211778275882e-05
1.337159197633296870e+01 5.225056390961582367e-05
1.338053280411934054e+01 5.224382454830138955e-05
1.338947363190571593e+01 5.223695403449703185e-05
1.339841445969208777e+01 5.222995236885625344e-05
1.340735528747845962e+01 5.222281955202851851e-05
1.341629611526483146e+01 5.221555558465913743e-05
1.342523694305120685e+01 5.220816046738953776e-05
1.343417777083757869e+01 5.220063420085704740e-05
1.344311859862395053e+01 5.219297678569511149e-05
1.345205942641032593e+01 5.218518822253326523e-05
1.346100025419669777e+01 5.217726851199707295e-05
1.346994108198306961e+01 5.216921765470831782e-05
1.347888190976944145e+01 5.216103565128492732e-05
1.348782273755581684e+01 5.215272250234098678e-05
1.349676356534218868e+01 5.214427820848688169e-05
1.350570439312856053e+01 5.213570277032915541e-05
1.351464522091493592e+01 5.212699618736868869e-05
1.352358604870130776e+01 5.211815845745825301e-05
1.353252687648767960e+01 5.210918958509574918e-05
1.354146770427405144e+01 5.210008957087252138e-05
1.355040853206042684e+01 5.209085841537641726e-05
1.355934935984679868e+01 5.208149611919154397e-05
1.356829018763317052e+01 5.207200268289865439e-05
1.357723101541954236e+01 5.206237810707486257e-05
1.358617184320591775e+01 5.205262239229379277e-05
1.359511267099228959e+01 5.204273553912564047e-05
1.360405349877866144e+01 5.203271754813718590e-05
1.361299432656503683e+01 5.202256841989169920e-05
1.362193515435140867e+01 5.201228815494915046e-05
1.363087598213778051e+01 5.200187675386608099e-05
1.363981680992415235e+01 5.199133421719575915e-05
1.364875763771052775e+01 5.198066054548805841e-05
1.365769846549689959e+01 5.196985573928964705e-05
1.366663929328327143e+01 5.195891979914385943e-05
1.367558012106964327e+01 5.194785272559083154e-05
1.368452094885601866e+01 5.193665451916745351e-05
1.369346177664239050e+01 5.192532518040743063e-05
1.370240260442876234e+01 5.191386470984131723e-05
1.371134343221513774e+01 5.190227310799647604e-05
1.372028426000150958e+01 5.189055037539720011e-05
1.372922508778788142e+01 5.187869651256463833e-05
1.373816591557425326e+01 5.186671152001687669e-05
1.374710674336062866e+01 5.185459539826895868e-05
1.375604757114700050e+01 5.184234814783285811e-05
1.376498839893337234e+01 5.182996976921761467e-05
1.377392922671974418e+01 5.181746026292916453e-05
1.378287005450611957e+01 5.180481962947055717e-05
1.379181088229249141e+01 5.179204786934188761e-05
1.380075171007886325e+01 5.177914498304032355e-05
1.380969253786523865e+01 5.176611097106009854e-05
1.381863336565161049e+01 5.175294583389257978e-05
1.382757419343798233e+01 5.173964957202629522e-05
1.383651502122435417e+01 5.172622218195645970e-05
1.384545584901072957e+01 5.171266366806196926e-05
1.385439667679710141e+01 5.169897403096046680e-05
1.386333750458347325e+01 5.168515327112885218e-05
1.387227833236984509e+01 5.167120138904120636e-05
1.388121916015622048e+01 5.165711838516894722e-05
1.389015998794259232e+01 5.164290425998070759e-05
1.389910081572896416e+01 5.162855901394250468e-05
1.390804164351533956e+01 5.161408264751758419e-05
1.391698247130171140e+01 5.159947516116656941e-05
1.392592329908808324e+01 5.158473655534752899e-05
1.393486412687445508e+01 5.156986683051573974e-05
1.394380495466083048e+01 5.155486598712401871e-05
1.395274578244720232e+01 5.153973402562253342e-05
1.396168661023357416e+01 5.152447094645889672e-05
1.397062743801994600e+01 5.150907675007820749e-05
1.397956826580632139e+01 5.149355143692296253e-05
1.398850909359269323e+01 5.147789500743322593e-05
1.399744992137906507e+01 5.146210746204651394e-05
1.400639074916544047e+01 5.144618880119787623e-05
1.401533157695181231e+01 5.143013902531992979e-05
1.402427240473818415e+01 5.141395813484281151e-05
1.403321323252455599e+01 5.139764613019425947e-05
1.404215406031093138e+01 5.138120301179960618e-05
1.405109488809730323e+01 5.136462878008175826e-05
1.406003571588367507e+01 5.134792343546129128e-05
1.406897654367004691e+01 5.133108697835639557e-05
1.407791737145642230e+01 5.131411940918293043e-05
1.408685819924279414e+01 5.129702072835443089e-05
1.409579902702916598e+01 5.127979093628209418e-05
1.410473985481554138e+01 5.126243003337490169e-05
1.411368068260191322e+01 5.124493802003944956e-05
1.412262151038828506e+01 5.122731489668017231e-05
1.413156233817465690e+01 5.120956066369919375e-05
1.414050316596103229e+01 5.119167532149642862e-05
1.414944399374740414e+01 5.117365886800855887e-05
